0.0
0.0
0.0
0.0
0.0
0.0
0.0
0.0
0.0
0.0
0.0
0.0
0.0
1.851852360346129e-08
0.0
1.1111110325146e-05
0.0
0.0
0.0
0.0
0.0
0.0
0.0
0.0
0.0
0.0
0.0
0.0
0.0
0.0
0.0
0.0
0.0
0.0
0.0
0.0
0.0
1.1111110325146e-05
0.0
0.0
0.0
0.0
2.2222218831302598e-05
0.0
1.4814811777341674e-07
0.0
0.0
0.0
0.0
0.0
0.0
0.0
0.0
0.0
0.0
0.0
0.0
1.4814811777341674e-07
0.0
0.0
0.0
0.0
2.2222218831302598e-05
0.0
0.0
0.0
0.0
0.0
0.0
0.0
0.0
0.0
0.0
0.0
0.0
0.0
3.70370436542089e-08
0.0
0.0
0.0
0.0
0.0
0.0
1.851852360346129e-08
0.0
0.0
0.0
0.0
0.0
0.0
1.1111110325146e-05
0.0
0.0
0.0
0.0
0.0
0.0
0.0
0.0
0.0
0.0
0.0
0.0
0.0
0.0
0.0
0.0
0.0
0.0
0.0
3.70370436542089e-08
0.0
0.0
0.0
0.0
0.0
0.0
0.0
0.0
0.0
0.0
0.0
0.0
0.0
0.0
0.0
0.0
0.0
0.0
0.0
0.0
0.0
0.0
3.70370436542089e-08
3.70370436542089e-08
1.1111110325146e-05
0.0
0.0
0.0
0.0
0.0
0.0
0.0
2.2222218831302598e-05
0.0
0.0
0.0
0.0
0.0
0.0
0.0
0.0
0.0
0.0
0.0
0.0
0.0
1.1111110325146e-05
2.2222218831302598e-05
0.0
1.1111110325146e-05
0.0
0.0
0.0
0.0
0.0
0.0
0.0
0.0
0.0
0.0
0.0
0.0
0.0
0.0
0.0
0.0
0.0
0.0
0.0
2.2222218831302598e-05
0.0
7.407407309756309e-08
0.0
0.0
0.0
7.407408020299044e-10
1.4814811777341674e-07
0.0
0.0
0.0
0.0
0.0
0.0
0.0
0.0
1.1111110325146e-05
2.2222218831302598e-05
0.0
0.0
