12
25
39
50
66
75
86
101
116
132
148
162
177
191
200
216
227
241
256
270
286
302
315
327
341
350
372
389
404
415
423
434
449
461
476
490
509
519
530
540
555
568
581
598
610
629
646
659
672
687
703
713
726
740
754
765
780
792
807
820
834
847
866
875
888
901
916
925
937
946
957
970
980
993
1005
1016
1028
1042
1053
1064
1077
1091
1107
1117
1126
1133
1149
1160
1174
1190
1201
1211
1220
1231
1243
1258
1270
1282
1292
1303
1316
1330
1343
1359
1371
1384
1394
1404
1420
1432
1444
1457
1471
1483
1493
1507
1522
1538
1552
1567
1583
1595
1608
1622
1637
1651
1666
1676
1689
1699
1714
1729
1743
1757
1772
1785
1802
1812
1825
1839
1852
1863
1874
1886
1902
1913
1926
1939
1956
1970
1981
1994
2008
2021
2031
2041
2051
2063
2074
2086
2100
2113
2122
2134
2147
2157
2167
2184
2192
2204
2218
2235
2244
2256
2269
2281
2291
2301
2311
2324
2333
2344
2356
2369
2383
2396
2411
2425
2444
2457
2468
2482
2492
2506
2520
2532
2543
2560
2573
2589
2604
2620
2635
2645
2656
2670
2683
2694
2704
2719
2730
2743
2754
2768
2780
2791
2802
2814
2824
2838
2851
2865
2880
2894
2909
2921
2931
2945
2962
2977
2990
2999
6014
6025
6035
6038
6049
6063
6076
6089
6102
6112
6125
6135
6151
6163
6176
6190
6202
6211
6228
6240
6257
6271
6285
6299
6311
6325
6337
6348
6361
6376
6391
6405
6416
6430
6448
6462
6477
6494
6505
6517
6528
6541
6555
6568
6582
6598
6608
6619
6636
6647
6660
6673
6686
6701
6714
6730
6742
6750
6760
6775
6779
6792
6808
6823
6832
6845
6855
6871
6886
6899
6914
6924
6938
6947
6958
6970
6984
7000
7012
7023
7033
7051
7062
7072
7084
7098
7115
7132
7146
7158
7171
7183
7194
7206
7219
7231
7242
7252
7267
7278
7292
7301
7316
7331
7342
7351
7364
7374
7386
7397
7412
7425
7445
7460
7473
7491
7502
7517
7529
7539
7553
7571
7586
7599
7612
7624
7643
7654
7666
7678
7690
7705
7717
7729
7743
7756
7770
7782
7793
7808
7824
7834
7846
7861
7872
7885
7899
7911
7921
7932
7944
7957
7967
7982
7990
8001
8015
8028
8040
8051
8063
8074
8082
8094
8106
8119
8131
8143
8157
8170
8180
8195
8210
8224
8235
8246
8263
8272
8280
8292
8305
8315
8324
8338
8350
8358
8372
8390
8405
8416
8428
8441
8455
8465
8477
8492
8507
8522
8535
8551
8560
8572
8590
8605
8617
8631
8644
8658
8676
8689
8702
8720
8730
8741
8759
8772
8783
8799
8808
8819
8832
8846
8861
8878
8891
8904
8914
8929
8941
8951
8966
8975
8991
