0.015625003945055775
0.0020106191786879463
0.0020106191786879463
0.0020106191786879463
0.002010619246882458
0.003432341843805727
0.003432341843805727
0.003432341843805727
0.003432341843805727
0.003432341843805727
0.003432341843805727
0.015624998143485527
0.015624998143485527
0.015624998143485527
0.015624998143485527
0.015624998143485527
0.015624998143485527
0.015624998143485527
0.015624998143485527
0.015624998143485527
0.015624998143485527
0.015624998143485527
0.015624998143485527
0.015624998143485527
0.015624998143485527
0.015624998143485527
0.015624998143485527
0.015624998143485527
