26
52
81
112
141
162
191
218
253
280
307
330
356
389
415
446
475
500
534
562
590
618
643
674
704
733
764
789
817
848
876
902
932
959
985
1017
1050
1077
1105
1131
1157
1185
1208
1232
1261
1290
1314
1345
1377
1404
1430
1463
1493
1515
1538
1565
1593
1621
1650
1676
1707
1739
1765
1798
1829
1861
1890
1916
1953
1983
2014
2047
2076
2110
2140
2168
2196
2221
2255
2282
2315
2343
2368
2396
2426
2448
2478
2508
2539
2572
2600
2622
2653
2686
2713
2746
2767
2794
2819
2839
2869
2901
2937
2965
2990
3024
3059
3091
3119
3151
3181
3209
3235
3267
3297
3324
3349
3385
3416
3440
3473
3505
3531
3565
3593
3617
3647
3676
3705
3735
3761
3793
3822
3848
3872
3905
3936
3970
4003
4030
4066
4092
4124
4154
4182
4206
4234
4264
4294
4318
4347
4373
4397
4417
4445
4480
4506
4544
4567
4590
4612
4645
4674
4701
4727
4753
4776
4804
4833
4859
4889
4921
4952
4974
5004
5038
5070
5101
5126
5152
5180
5211
5242
5269
5293
5325
5356
5393
5422
5448
5482
5506
5539
5573
5607
5632
5665
5687
5715
5745
5765
5793
5820
5844
5876
5911
5943
5964
5987
6024
6055
6081
6110
6133
6159
6188
6215
6247
6280
6314
6341
6370
6403
6434
6456
6484
6511
6531
6554
6587
6612
6642
6669
6701
6730
6756
6782
6810
6837
6865
6892
6918
6948
6977
7002
7028
7052
7074
7100
7125
7147
7172
7199
7229
7257
7290
7326
7360
7395
7427
7455
7485
7512
7539
7563
7590
7617
7649
7675
7700
7728
7754
7783
7812
7839
7869
7899
7926
7952
7983
8013
8045
8071
8091
8122
8142
8173
8202
8228
8258
8295
8334
8357
8382
8411
8444
8477
8508
8541
8565
8587
8615
8638
8664
8690
8724
8756
8777
8799
8822
8849
8880
8905
8933
8964
8991
9012
9048
9077
9106
9137
9160
9187
9214
9241
9263
9288
9312
9338
9368
9397
9429
9456
9485
9510
9539
9562
9588
9620
9639
9663
9693
9729
9757
9783
9817
9846
9870
9898
9932
9955
9983
10015
10049
10074
10104
10135
10164
10189
10213
10246
10279
10304
10331
10353
10381
10406
10428
10459
10488
10514
10547
10577
10608
10638
10661
10685
10714
10749
10777
10806
10836
10860
10883
10912
10944
10970
10995
11024
11045
11075
11107
11134
11162
11189
11213
11236
11262
11286
11312
11335
11364
11390
11417
11447
11474
11501
11527
11561
11593
11619
11646
11674
11705
11735
11759
11788
11816
11844
11874
11899
11930
11966
11995
12027
12054
12086
12112
12135
12168
12191
12225
12250
12278
12305
12337
12360
12388
12416
12439
12464
12486
12510
12542
12570
12595
12628
12654
12675
12701
12726
12751
12776
12811
12845
12876
12907
12931
12955
12980
12996
13023
13046
13069
13095
13124
13152
13184
13208
13238
13268
13302
13333
13363
13392
13422
13455
13482
13508
13539
13564
13592
13623
13652
13679
13705
13742
13766
13791
13815
13840
13867
13893
13928
13957
13988
14019
14042
14074
14105
14130
14155
14185
14206
14230
14255
14283
14312
14342
14373
14400
14429
14454
14477
14496
14526
14552
14588
14614
14642
14662
14685
14711
14734
14760
14797
14824
14849
14874
14902
14931
14959
14984
15008
15034
15057
15083
15110
15135
15162
15185
15202
15230
15257
15279
15304
15332
15361
15388
15413
15433
15459
15477
15503
15532
15559
15586
15614
15638
15668
15694
15721
15752
15779
15809
15838
15866
15888
15917
15942
15971
15999
16031
16059
16081
16110
16133
16164
16195
16221
16245
16269
16291
16322
16345
16378
16408
16434
16455
16484
16509
16536
16558
16580
16607
16636
16662
16693
16720
16746
16778
16807
16827
16856
16881
16900
16928
16949
16975
17007
17032
17053
17078
17104
17128
17152
17175
17202
17226
17259
17283
17310
17334
17356
17383
17416
17440
17472
17497
17530
17556
17579
17606
17630
17659
17685
17707
17737
17764
17788
17818
17843
17868
17896
17914
17937
17960
17983
18006
18032
18059
18079
18101
18128
18153
18176
18204
18224
18248
18275
18298
18329
18356
18384
18404
18430
18454
18480
18502
18531
18558
18579
18613
18635
18657
18684
18707
18730
18752
18776
18799
18822
18847
18870
18889
18915
18942
18965
18990
19015
19040
19060
19081
19103
19132
19156
19182
19207
19235
19256
19283
19314
19336
19359
19387
19410
19437
19456
19480
19503
19530
19560
19584
19605
19627
19648
19674
19697
19721
19750
19775
19794
19813
19838
19859
19884
19911
19936
19961
19983
20012
20036
20059
20084
20109
20131
20161
20191
20209
20235
20257
20278
20299
20323
20349
20380
20406
20432
20457
20487
20516
20543
20575
20601
20622
20652
20680
20699
20723
20742
20771
20797
20826
20848
20871
20895
20919
20942
20960
20985
21009
21027
21053
21077
21101
21124
21145
21167
21192
21209
21239
21266
21290
21315
21340
21360
21388
21410
21433
21456
21479
21502
21527
21550
21578
21607
21633
21654
21676
21704
21728
21748
21768
21795
21823
21854
21877
21905
21929
21954
21975
21998
22027
22053
22078
22105
22133
22157
22183
22209
22231
22257
22281
22304
22332
22358
22379
22403
22423
22444
22463
22482
22505
22530
22551
22577
22600
22628
22653
22673
22692
22713
22732
22753
22777
22800
22821
22843
22867
22889
22916
22941
22968
22991
23009
23035
23060
23088
23110
23135
23156
23180
23208
23234
23260
23284
23309
23332
23361
23387
23408
23428
23449
23470
23496
23522
23547
23573
23603
23627
23645
23666
23685
23710
23738
23766
23788
23807
23831
23852
23870
23893
23921
23943
23963
23981
24006
24030
24058
24078
24095
24118
24143
24162
24183
24200
24220
24239
24261
24282
24302
24320
24339
24357
24376
24400
24420
24442
24465
24488
24512
24535
24556
24584
24608
24626
24646
24671
24689
24708
24734
24760
24782
24804
24827
24855
24879
24899
24927
24953
24973
24997
25019
25043
25070
25092
25109
25131
25155
25176
25197
25221
25242
25263
25283
25304
25327
25348
25369
25387
25406
25424
25454
25474
25496
25516
25545
25562
25584
25606
25629
25647
25675
25702
25723
25743
25766
25785
25806
25828
25849
25876
25896
25919
25942
25964
25985
26005
26027
26046
26068
26087
26108
26132
26157
26178
26196
26219
26244
26265
26291
26311
26331
26353
26382
26405
26423
26444
26464
26483
26506
26529
26550
26570
26593
26614
26634
26650
26674
26693
26711
26733
26753
26773
26792
26816
26835
26859
26880
26900
26922
26940
26962
26979
26997
27020
27042
27067
27091
27111
27133
27153
27178
27200
27222
27243
27266
27286
27307
27329
27349
27367
27389
27414
27434
27454
27474
27499
27518
27539
27561
27583
27602
27626
27649
27670
27691
27711
27729
27747
27768
27790
27808
27833
27849
27867
27893
27921
27942
27963
27987
28005
28026
28049
28068
28090
28113
28137
28154
28170
28197
28219
28237
28256
28275
28295
28318
28341
28360
28377
28395
28414
28436
28462
28480
28505
28525
28546
28563
28580
28599
28618
28634
28659
28684
28704
28723
28738
28755
28772
28788
28804
28820
28841
28859
28877
28895
28920
28938
28958
28982
29004
29021
29043
29062
29083
29102
29130
29148
29167
29184
29204
29225
29248
29273
29294
29312
29330
29356
29373
29395
29418
29436
29454
29474
29497
29517
29536
29558
29576
29594
29613
29633
29650
29670
29689
29708
29727
29748
29766
29789
29809
29829
29847
29867
29888
29910
29931
29951
29971
29990
30011
30035
30055
30075
30097
30117
30139
30158
30180
30199
30221
30240
30258
30280
30300
30324
30343
30362
30379
30400
30425
30454
30474
30496
30516
30533
30556
30578
30596
30614
30637
30659
30679
30699
30720
30743
30761
30780
30796
30813
30833
30853
30872
30892
30911
30929
30953
30973
30994
31015
31033
31055
31074
31094
31114
31136
31156
31173
31192
31217
31236
31256
31274
31297
31313
31337
31360
31383
31402
31427
31450
31472
31495
31516
31533
31552
31573
31592
31611
31632
31653
31674
31695
31713
31732
31750
31769
31789
31808
31832
31852
31872
31895
31914
31932
31953
31975
31994
32011
32032
32052
32073
32094
32116
32135
32157
32174
32191
32212
32229
32251
32271
32295
32311
32337
32359
32379
32398
32415
32432
32455
32473
32491
32509
32534
32555
32577
32598
32613
32634
32652
32669
32688
32708
32727
32745
32761
32781
32802
32824
32845
32864
32886
32905
32926
32944
32962
32982
32998
33020
33040
33056
33074
33098
33119
33137
33157
33179
33198
33216
33233
33252
33272
33292
33308
33324
33341
33362
33382
33402
33424
33445
33460
33478
33494
33511
33530
33549
33574
33591
33607
33624
33646
33662
33680
33697
33714
33735
33755
33772
33791
33809
33828
33846
33864
33881
33900
33918
33937
33956
33974
33996
34015
34033
34050
34066
34083
34103
34121
34141
34159
34174
34191
34208
34227
34244
34261
34281
34298
34316
34331
34350
34372
34387
34408
34429
34447
34465
34482
34499
34518
34537
34554
34575
34597
34614
34633
34651
34669
34687
34705
34725
34746
34765
34781
34797
34814
34831
34846
34866
34885
34903
34923
34940
34957
34972
34988
35005
35021
35038
35055
35075
35097
35113
35129
35148
35165
35186
35207
35225
35244
35261
35285
35304
35324
35344
35361
35378
35395
35414
35429
35447
35465
35489
35506
35524
35542
35559
35577
35594
35612
35632
35653
35673
35692
35713
35731
35749
35767
35788
35807
35826
35847
35866
35883
35899
35917
35933
35952
35972
35993
36011
36029
36046
36064
36086
36104
36124
36143
36162
36180
36199
36221
36237
36257
36275
36296
36314
36334
36355
36372
36390
36411
36429
36445
36462
36484
36506
36523
36544
36560
36579
36596
36618
36636
36653
36675
36695
36711
36734
36757
36779
36801
36817
36841
36860
36879
36897
36914
36935
36951
36969
36985
37001
37017
37038
37055
37073
37093
37110
37126
37146
37163
37183
37199
37215
37238
37254
37273
37293
37310
37326
37342
37360
37378
37395
37415
37430
37447
37466
37482
37499
37517
37533
37549
37567
37582
37599
37615
37630
37645
37662
37680
37699
37715
37734
37749
37769
37786
37803
37821
37836
37853
37870
37886
37906
37921
37936
37955
37972
37990
38010
38028
38045
38062
38080
38098
38114
38132
38149
38167
38189
38206
38225
38244
38261
38277
38294
38310
38328
38346
38361
38383
38401
38419
38442
38467
38484
38502
38517
38537
38553
38572
38589
38605
38622
38638
38656
38673
38691
38707
38725
38744
38762
38780
38798
38815
38835
38852
38869
38886
38901
38917
38936
38955
38973
38989
39007
39026
39041
39056
39072
39090
39114
39132
39150
39166
39189
39205
39223
39240
39255
39272
39289
39305
39324
39341
39361
39377
39393
39411
39426
39445
39463
39479
39495
39513
39531
39548
39565
39583
39602
39620
39636
39654
39673
39691
39708
39726
39741
39762
39777
39795
39810
39829
39847
39863
39882
39899
39917
39933
39952
39967
39985
40004
40020
40035
40052
40067
40087
40102
40117
40132
40150
40169
40185
40201
40219
40235
40254
40271
40289
40305
40321
40339
40357
40372
40389
40407
40423
40440
40457
40472
40489
40506
40523
40540
40559
40576
40593
40611
40630
40645
40663
40684
40700
40719
40736
40753
40768
40787
40806
40823
40841
40858
40875
40892
40911
40927
40945
40961
40978
40994
41011
41027
41045
41063
41080
41096
41111
41131
41146
41165
41185
41203
41220
41237
41257
41275
41297
41316
41335
41352
41370
41386
41401
41420
41438
41455
41471
41489
41505
41524
41541
41558
41574
41590
41606
41622
41641
41658
41674
41690
41706
41723
41739
41754
41771
41787
41806
41821
41837
41853
41871
41888
41905
41923
41940
41959
41979
41994
42014
42029
42046
42065
42083
42098
42113
42130
42147
42164
42181
42198
42215
42234
42252
42271
42286
42308
42329
42348
42369
42387
42408
42427
42445
42465
42482
42499
42515
42532
42547
42562
42578
42596
42613
42629
42644
42661
42678
42694
42711
42729
42747
42764
42780
42796
42814
42832
42847
42862
42878
42897
42912
42932
42948
42964
42980
42997
43015
43032
43048
43067
43084
43101
43117
43133
43150
43167
43185
43204
43224
43241
43258
43276
43293
43311
43329
43345
43364
43385
43402
43420
43437
43453
43470
43488
43504
43521
43537
43552
43567
43583
43598
43613
43631
43648
43667
43682
43698
43714
43729
43745
43764
43779
43795
43812
43829
43847
43862
43880
43900
43917
43933
43953
43968
43985
44002
44017
44034
44051
44066
44084
44100
44116
44134
44151
44166
44184
44201
44219
44240
44257
44275
44290
44306
44325
44341
44358
44376
44391
44407
44423
44440
44459
44478
44494
44512
44528
44544
44560
44575
44592
44608
44625
44644
44663
44682
44699
44715
44734
44753
44771
44790
44805
44821
44836
44853
44869
44886
44903
44919
44935
44950
44965
44982
44999
45015
45031
45048
45064
45080
45097
45115
45133
45148
45163
45179
45196
45211
45228
45244
45260
45279
45294
45311
45327
45344
45360
45377
45394
45410
45426
45442
45461
45478
45495
45511
45528
45544
45560
45576
45593
45608
45626
45645
45660
45676
45694
45712
45727
45742
45757
45776
45793
45809
45826
45844
45861
45876
45891
45907
45923
45939
45955
45972
45990
46005
46022
46040
46055
46072
46088
46107
46123
46142
46158
46173
46188
46204
46222
46238
46255
46273
46292
46310
46328
46343
46359
46378
46393
46409
46424
46440
46457
46474
46489
46506
46523
46538
46556
46573
46591
46607
46622
46638
46654
46670
46687
46705
46722
46739
46757
46773
46789
46804
46822
46839
46855
46872
46888
46904
46923
46942
46958
46975
46990
47005
47023
47039
47057
47074
47090
47107
47123
47139
47154
47170
47187
47202
47220
47235
47252
47268
47284
47302
47318
47333
47349
47365
47384
47399
47415
47433
47448
47465
47482
47498
47516
47531
47549
47564
47582
47598
47615
47631
47648
47666
47682
47698
47715
47731
47748
47765
47783
47799
47817
47833
47849
47866
47884
47902
47917
47934
47953
47968
47984
47999
48016
48033
48050
48065
48080
48097
48113
48128
48144
48160
48179
48195
48213
48229
48245
48260
48279
48294
48311
48329
48344
48360
48376
48391
48408
48423
48438
48455
48471
48487
48503
48520
48536
48552
48567
48583
48603
48618
48634
48649
48666
48682
48697
48714
48731
48748
48764
48780
48797
48815
48831
48846
48864
48880
48897
48916
48933
48950
48967
48984
49000
49017
49033
49048
49064
49082
49097
49117
49133
49154
49170
49189
49204
49222
49239
49255
49273
49289
49309
49326
49341
49359
49375
49391
49407
49423
49438
49454
49469
49485
49502
49518
49534
49550
49566
49583
49599
49616
49633
49648
49665
49682
49699
49715
49730
49745
49761
49776
49793
49811
49826
49842
49858
49874
49889
49904
49919
49934
49949
49965
49981
49997
50012
50029
50046
50062
50082
50098
50113
50128
50145
50160
50175
50191
50209
50226
50243
50260
50275
50293
50312
50328
50345
50361
50376
50394
50409
50426
50443
50459
50475
50491
50506
50523
50538
50553
50568
50584
50599
50615
50631
50648
50663
50679
50695
50711
50728
50743
50759
50776
50792
50809
50824
50841
50857
50874
50892
50908
50924
50939
50956
50971
50986
51003
51019
51034
51052
51069
51086
51105
51122
51137
51153
51170
51189
51206
51221
51239
51254
51269
51285
51301
51316
51331
51348
51363
51380
51398
51415
51433
51450
51465
51480
51495
51511
51526
51541
51558
51574
51589
51607
51622
51641
51659
51674
51689
51707
51723
51742
51761
51780
51795
51811
51829
51846
51863
51878
51896
51916
51932
51947
51963
51978
51994
52010
52027
52043
52059
52074
52094
52111
52127
52145
52161
52176
52192
52209
52226
52241
52256
52271
52287
52305
52320
52336
52351
52368
52384
52399
52414
52431
52447
52462
52478
52495
52511
52526
52542
52557
52574
52589
52606
52622
52637
52654
52671
52687
52705
52720
52735
52751
52767
52782
52797
52812
52829
52844
52861
52876
52892
52908
52923
52939
52956
52973
52990
53006
53022
53039
53054
53071
53086
53103
53118
53134
53149
53165
53180
53197
53213
53230
53247
53265
53280
53295
53311
53330
53347
53363
53380
53395
53410
53425
53442
53459
53475
53490
53506
53522
53538
53555
53571
53586
53602
53618
53636
53651
53667
53683
53699
53717
53734
53753
53769
53787
53802
53817
53833
53850
53866
53881
53897
53914
53933
53948
53964
53979
53995
54014
54030
54046
54061
54077
54094
54110
54130
54145
54160
54175
54192
54209
54226
54242
54258
54275
54291
54307
54323
54338
54355
54371
54386
54402
54418
54435
54450
54465
54481
54496
54511
54526
54543
54558
54573
54588
54604
54620
54636
54653
54669
54685
54701
54717
54732
54747
54763
54779
54794
54809
54824
54840
54855
54871
54887
54907
54922
54938
54958
54973
54989
55006
55021
55036
55052
55068
55083
55100
55115
55131
55147
55162
55177
55195
55210
55226
55244
55259
55278
55294
55311
55327
55342
55357
55375
55390
55407
55423
55438
55453
55470
55485
55501
55518
55533
55549
55565
55581
55596
55612
55627
55643
55661
55677
55693
55709
55727
55743
55758
55773
55788
55805
55823
55839
55854
55869
55885
55900
55916
55931
55946
55961
55978
55993
56010
56025
56040
56058
56075
56092
56107
56124
56140
56157
56173
56188
56203
56219
56238
56255
56271
56286
56302
56318
56333
56348
56364
56379
56395
56412
56429
56444
56459
56474
56489
56504
56520
56536
56551
56568
56586
56602
56617
56632
56648
56664
56682
56697
56713
56730
56746
56761
56777
56793
56813
56829
56845
56863
56879
56898
56915
56930
56945
56960
56975
56992
57009
57024
57040
57058
57075
57090
57105
57122
57137
57152
57169
57185
57202
57217
57233
57250
57265
57280
57295
57310
57327
57343
57358
57376
57392
57408
57424
57439
57455
57470
57485
57501
57518
57535
57550
57566
57582
57597
57612
57627
57642
57658
57673
57688
57705
57720
57736
57751
57766
57782
57797
57813
57829
57844
57859
57874
57889
57905
57921
57937
57952
57971
57986
58004
58019
58034
58050
58066
58081
58097
58113
58129
58146
58165
58180
58195
58210
58225
58240
58257
58274
58291
58307
58324
58340
58355
58370
58385
58401
58416
58432
58447
58462
58477
58493
58510
58526
58542
58558
58573
58588
58603
58618
58633
58648
58664
58680
58696
58713
58729
58744
58759
58776
58791
58806
58821
58838
58853
58870
58886
58902
58919
58934
58949
58965
58980
58996
59011
59027
59043
59059
59075
59091
59106
59122
59137
59152
59167
59182
59197
59213
59228
59244
59261
59277
59294
59309
59326
59343
59358
59374
59389
59404
59422
59437
59452
59468
59483
59500
59517
59533
59549
59564
59579
59595
59610
59625
59642
59657
59673
59688
59703
59720
59736
59753
59769
59784
59801
59819
59835
59850
59865
59880
59895
59912
59927
59942
59959
59974
59989
60005
60020
60036
60051
60066
60081
60097
60114
60129
60145
60161
60176
60192
60208
60223
60238
60254
60269
60284
60299
60314
60329
60344
60360
60377
60392
60408
60423
60438
60453
60469
60486
60502
60517
60533
60549
60565
60580
60596
60612
60627
60643
60659
60675
60691
60706
60721
60737
60752
60767
60783
60798
60813
60829
60844
60859
60874
60892
60907
60922
60937
60953
60968
60983
60998
61013
61028
61043
61058
61073
61088
61104
61121
61136
61151
61166
61181
61198
61213
61230
61245
61260
61275
61291
61307
61323
61340
61355
61371
61386
61401
61416
61431
61447
61462
61479
61495
61510
61527
61543
61558
61573
61588
61604
61620
61635
61650
61665
61682
61698
61715
61730
61745
61761
61778
61795
61810
61827
61842
61858
61873
61888
61903
61918
61933
61949
61965
61980
61996
62013
62029
62044
62059
62075
62090
62106
62123
62138
62153
62169
62184
62200
62216
62231
62246
62262
62278
62294
62309
62324
62339
62354
62370
62386
62401
62417
62433
62450
62465
62480
62496
62511
62526
62541
62556
62571
62587
62602
62617
62632
62648
62663
62679
62695
62711
62726
62742
62757
62773
62789
62806
62823
62838
62854
62870
62885
62900
62916
62931
62946
62961
62976
62992
63008
63023
63038
63054
63069
63084
63100
63116
63132
63150
63165
63182
63200
63215
63231
63246
63263
63280
63295
63311
63326
63341
63356
63371
63386
63402
63418
63433
63449
63464
63480
63495
63510
63526
63542
63558
63574
63590
63605
63620
63637
63652
63670
63686
63701
63716
63732
63750
63766
63782
63798
63816
63831
63846
63861
63877
63896
63912
63927
63942
63957
63972
63987
64002
64018
64033
64048
64063
64079
64094
64110
64128
64143
64159
64174
64189
64205
64220
64235
64250
64265
64280
64297
64313
64328
64343
64358
64375
64391
64406
64421
64436
64452
64468
64483
64498
64514
64529
64544
64559
64574
64590
64605
64620
64635
64650
64665
64680
64695
64711
64726
64742
64759
64775
64790
64805
64820
64835
64851
64867
64882
64897
64912
64927
64942
64957
64972
64987
65002
65017
65032
65048
65063
65079
65095
65110
65127
65142
65158
65174
65190
65206
65221
65237
65252
65268
65284
65301
65318
65333
65348
65363
65378
65397
65413
65429
65444
65459
65477
65494
65510
65525
65540
65555
65570
65585
65601
65617
65633
65648
65663
65679
65696
65711
65726
65741
65756
65771
65786
65802
65818
65835
65851
65866
65881
65896
65912
65927
65942
65957
65973
65991
66007
66022
66037
66052
66067
66082
66097
66114
66129
66144
66159
66174
66189
66205
66221
66237
66253
66269
66284
66299
66315
66331
66346
66361
66376
66392
66407
66422
66439
66454
66469
66486
66501
66516
66531
66548
66564
66580
66595
66611
66626
66642
66660
66676
66692
66707
66723
66738
66753
66769
66786
66802
66817
66833
66849
66864
66879
66894
66909
66924
66941
66956
66972
66987
67003
67019
67034
67051
67067
67082
67097
67113
67129
67145
67160
67175
67190
67206
67222
67237
67252
67267
67282
67297
67312
67327
67343
67359
67374
67389
67405
67420
67435
67450
67465
67481
67496
67512
67527
67542
67560
67576
67591
67606
67621
67636
67652
67668
67684
67699
67714
67729
67744
67759
67775
67790
67806
67821
67836
67852
67868
67883
67898
67913
67929
67947
67962
67977
67992
68007
68023
68039
68055
68070
68086
68101
68116
68133
68149
68164
68180
68195
68210
68225
68241
68256
68271
68287
68303
68318
68333
68349
68364
68379
68394
68411
68426
68441
68456
68471
68487
68502
68518
68533
68550
68565
68580
68596
68612
68627
68643
68658
68673
68688
68703
68719
68735
68751
68767
68782
68797
68812
68827
68842
68857
68872
68887
68902
68920
68936
68953
68968
68984
68999
69014
69029
69044
69059
69075
69090
69105
69120
69135
69150
69165
69181
69196
69211
69227
69243
69258
69273
69288
69305
69320
69335
69351
69366
69381
69398
69413
69429
69447
69462
69477
69492
69507
69523
69538
69554
69569
69584
69599
69614
69629
69644
69660
69675
69690
69706
69722
69737
69753
69771
69786
69801
69817
69833
69849
69865
69881
69896
69911
69926
69941
69957
69973
69988
70003
70018
70034
70049
70064
70079
70094
70109
70124
70139
70155
70170
70187
70204
70220
70235
70250
70267
70283
70298
70313
70330
70345
70360
70375
70391
70406
70421
70436
70452
70469
70485
70500
70515
70530
70546
70562
70577
70592
70607
70622
70638
70653
70668
70683
70698
70714
70730
70747
70763
70778
70793
70808
70823
70838
70853
70868
70883
70899
70914
70929
70944
70959
70975
70990
71005
71020
71035
71051
71067
71082
71097
71113
71128
71143
71158
71173
71189
71204
71219
71234
71249
71264
71279
71294
71310
71325
71340
71355
71372
71387
71402
71417
71432
71448
71464
71479
71496
71512
71527
71543
71558
71573
71589
71606
71621
71636
71651
71668
71685
71702
71717
71732
71747
71762
71777
71793
71809
71825
71840
71855
71870
71887
71904
71920
71935
71950
71966
71981
71996
72011
72026
72043
72058
72073
72088
72103
72118
72133
72148
72164
72179
72194
72209
72225
72241
72256
72271
72286
72301
72316
72333
72348
72364
72379
72397
72413
72428
72443
72458
72474
72489
72504
72520
72536
72551
72566
72581
72597
72612
72628
72643
72659
72676
72691
72706
72721
72737
72752
72767
72782
72797
72812
72827
72842
72859
72874
72889
72904
72920
72936
72951
72966
72981
72996
73011
73026
73042
73057
73072
73088
73103
73118
73133
73149
73165
73180
73197
73214
73229
73245
73260
73276
73291
73306
73321
73338
73353
73369
73384
73399
73415
73430
73445
73461
73476
73493
73509
73524
73539
73555
73570
73585
73600
73615
73631
73647
73662
73678
73693
73710
73725
73740
73755
73771
73786
73801
73816
73832
73847
73862
73877
73893
73908
73924
73939
73955
73970
73985
74001
74016
74032
74047
74063
74079
74094
74110
74125
74140
74155
74170
74186
74201
74216
74231
74246
74261
74276
74292
74307
74322
74339
74356
74372
74387
74403
74418
74433
74448
74463
74478
74493
74508
74524
74539
74554
74569
74585
74600
74615
74632
74647
74662
74677
74692
74709
74724
74739
74754
74770
74785
74800
74816
74832
74847
74862
74877
74893
74908
74923
74938
74953
74969
74985
75000
75015
75031
75046
75062
75077
75092
75108
75123
75138
75153
75168
75183
75198
75213
75229
75246
75262
75277
75292
75307
75322
75337
75352
75367
75384
75400
75415
75430
75446
75461
75476
75492
75507
75522
75537
75553
75568
75584
75599
75614
75630
75645
75660
75675
75690
75705
75721
75737
75752
75767
75782
75797
75812
75827
75842
75858
75873
75888
75903
75919
75934
75949
75965
75980
75996
76012
76027
76043
76059
76075
76090
76105
76120
76135
76150
76166
76181
76197
76213
76228
76243
76258
76274
76290
76305
76320
76335
76351
76366
76381
76397
76412
76427
76442
76457
76473
76488
76503
76518
76533
76548
76563
76578
76593
76608
76623
76639
76654
76669
76684
76699
76715
76731
76746
76762
76778
76793
76808
76824
76839
76854
76870
76886
76902
76917
76932
76947
76963
76979
76995
77010
77025
77041
77056
77072
77089
77104
77120
77136
77152
77167
77182
77197
77212
77227
77242
77257
77272
77289
77304
77319
77334
77349
77364
77379
77395
77410
77425
77442
77458
77473
77488
77503
77518
77534
77549
77564
77579
77594
77610
77625
77640
77655
77670
77685
77700
77716
77731
77747
77762
77778
77794
77810
77825
77842
77857
77872
77887
77902
77917
77932
77947
77963
77978
77993
78008
78023
78039
78054
78070
78085
78100
78115
78130
78145
78160
78175
78190
78205
78220
78235
78250
78265
78280
78295
78310
78326
78341
78356
78371
78386
78401
78416
78432
78448
78463
78478
78495
78510
78525
78540
78556
78571
78586
78602
78617
78632
78647
78662
78677
78693
78708
78723
78738
78753
78768
78783
78800
78815
78830
78845
78860
78875
78890
78905
78920
78935
78950
78965
78980
78995
79011
79026
79041
79056
79072
79088
79104
79119
79134
79149
79164
79179
79194
79209
79224
79239
79255
79270
79285
79301
79318
79333
79348
79364
79379
79394
79409
79424
79439
79454
79469
79484
79499
79514
79530
79545
79560
79575
79590
79605
79620
79635
79650
79665
79680
79695
79712
79727
79742
79757
79772
79788
79803
79818
79834
79851
79866
79881
79896
79911
79927
79942
79957
79972
79987
80002
80019
80035
80050
80065
80080
80095
80111
80126
80141
80156
80171
80186
80201
80217
80232
80247
80263
80279
80295
80311
80326
80341
80356
80371
80386
80401
80416
80431
80446
80462
80477
80492
80507
80523
80539
80554
80570
80586
80601
80616
80631
80646
80663
80679
80695
80712
80727
80742
80757
80772
80791
80806
80822
80837
80854
80869
80885
80901
80918
80933
80948
80963
80979
80994
81009
81024
81039
81055
81070
81085
81100
81115
81130
81145
81161
81177
81192
81207
81222
81237
81252
81267
81282
81298
81313
81330
81345
81360
81377
81392
81407
81422
81437
81454
81469
81484
81499
81514
81529
81544
81560
81575
81590
81605
81620
81635
81650
81665
81680
81695
81710
81725
81740
81755
81770
81785
81800
81815
81830
81846
81862
81877
81892
81908
81925
81942
81957
81972
81987
82003
82018
82033
82048
82063
82078
82093
82108
82123
82138
82155
82172
82187
82203
82220
82235
82250
82267
82282
82298
82313
82328
82343
82358
82374
82389
82404
82419
82434
82449
82464
82479
82496
82512
82528
82543
82559
82575
82590
82605
82622
82638
82653
82668
82683
82698
82714
82729
82744
82759
82774
82789
82804
82819
82834
82849
82864
82879
82894
82910
82926
82941
82956
82971
82986
83001
83016
83031
83046
83061
83076
83091
83108
83123
83138
83153
83168
83184
83200
83215
83230
83245
83260
83275
83290
83305
83320
83335
83350
83366
83381
83396
83411
83426
83441
83456
83471
83486
83501
83516
83531
83546
83561
83576
83591
83606
83621
83637
83652
83667
83682
83697
83714
83729
83744
83759
83774
83789
83805
83820
83836
83851
83866
83881
83897
83912
83927
83942
83957
83972
83989
84004
84022
84037
84052
84067
84082
84098
84113
84128
84143
84158
84173
84188
84203
84218
84233
84249
84264
84279
84294
84309
84325
84340
84355
84371
84386
84401
84416
84431
84446
84461
84476
84491
84506
84521
84536
84551
84566
84581
84596
84611
84627
84642
84657
84672
84687
84702
84717
84733
84748
84764
84779
84794
84809
84824
84840
84855
84870
84885
84901
84916
84931
84946
84961
84976
84991
85006
85022
85038
85053
85068
85083
85098
85113
85129
85144
85159
85174
85189
85204
85220
85235
85250
85265
85280
85295
85311
85326
85341
85357
85372
85387
85402
85417
85432
85447
85462
85478
85493
85509
85524
85539
85554
85570
85585
85600
85616
85631
85646
85661
85676
85691
85706
85721
85736
85751
85766
85782
85797
85812
85828
85843
85859
85874
85889
85905
85921
85937
85952
85968
85983
85998
86013
86028
86044
86059
86074
86089
86104
86120
86135
86150
86165
86180
86195
86210
86225
86240
86255
86270
86285
86300
86315
86330
86346
86362
86377
86394
86409
86424
86439
86454
86469
86484
86500
86516
86532
86547
86563
86579
86594
86610
86625
86641
86656
86671
86686
86702
86717
86732
86747
86764
86779
86794
86809
86824
86839
86854
86869
86884
86899
86914
86929
86944
86959
86974
86989
87004
87020
87035
87050
87065
87081
87096
87111
87126
87141
87156
87172
87187
87202
87217
87232
87247
87263
87278
87293
87309
87325
87340
87355
87371
87386
87401
87416
87431
87446
87461
87476
87491
87506
87521
87536
87551
87567
87582
87597
87612
87627
87643
87660
87675
87692
87707
87723
87738
87754
87769
87784
87800
87815
87830
87845
87860
87875
87890
87906
87921
87936
87951
87966
87981
87996
88011
88026
88041
88057
88072
88087
88102
88117
88132
88147
88163
88178
88193
88208
88223
88238
88253
88269
88285
88300
88316
88331
88347
88363
88378
88393
88408
88423
88438
88453
88468
88484
88499
88514
88529
88544
88559
88574
88589
88604
88620
88635
88650
88665
88680
88695
88710
88725
88740
88755
88770
88786
88801
88816
88831
88846
88861
88877
88892
88907
88922
88937
88952
88967
88982
88998
89013
89028
89043
89058
89073
89088
89103
89118
89133
89148
89163
89178
89194
89209
89224
89239
89254
89269
89284
89299
89314
89329
89344
89360
89375
89390
89405
89420
89435
89451
89466
89481
89496
89512
89527
89542
89557
89572
89587
89602
89617
89632
89647
89664
89679
89694
89709
89724
89739
89754
89769
89784
89799
89814
89829
89844
89860
89875
89890
89905
89920
89935
89950
89965
89980
89995
90011
90026
90041
90056
90071
90087
90102
90117
90132
90147
90163
90178
90193
90208
90223
90238
90253
90268
90283
90298
90314
90329
90344
90359
90375
90390
90405
90420
90435
90451
90466
90481
90497
90513
90528
90543
90558
90573
90588
90603
90618
90633
90649
90665
90681
90697
90712
90729
90744
90759
90774
90789
90804
90819
90834
90849
90864
90879
90895
90910
90926
90941
90956
90971
90986
91001
91016
91031
91046
91061
91076
91092
91107
91122
91137
91152
91167
91183
91198
91213
91228
91243
91258
91273
91288
91304
91319
91335
91350
91365
91380
91395
91410
91425
91440
91455
91470
91485
91500
91515
91531
91547
91562
91577
91592
91608
91623
91638
91653
91668
91683
91699
91715
91730
91745
91760
91775
91790
91805
91820
91835
91850
91865
91880
91895
91910
91925
91940
91955
91970
91985
92000
92015
92031
92047
92062
92077
92092
92107
92122
92138
92153
92169
92184
92199
92214
92229
92244
92259
92275
92290
92306
92321
92336
92351
92367
92383
92398
92413
92428
92443
92458
92473
92488
92503
92518
92533
92548
92563
92579
92594
92609
92624
92639
92654
92669
92684
92699
92714
92729
92744
92759
92774
92789
92805
92820
92835
92851
92866
92881
92896
92911
92926
92941
92956
92971
92986
93001
93017
93032
93047
93062
93078
93093
93108
93123
93139
93154
93169
93184
93199
93214
93229
93244
93259
93274
93290
93305
93320
93335
93350
93365
93380
93396
93411
93426
93441
93456
93471
93486
93501
93517
93532
93547
93562
93577
93592
93607
93622
93637
93652
93668
93683
93698
93713
93728
93743
93759
93774
93789
93804
93820
93836
93851
93866
93881
93896
93911
93926
93942
93957
93972
93987
94002
94017
94032
94047
94062
94077
94092
94107
94122
94137
94152
94168
94183
94198
94213
94228
94243
94258
94273
94288
94303
94318
94333
94348
94365
94380
94395
94410
94425
94440
94455
94470
94485
94500
94515
94530
94546
94562
94577
94592
94607
94622
94637
94652
94667
94682
94697
94712
94727
94742
94757
94772
94787
94802
94818
94833
94849
94864
94879
94894
94910
94925
94940
94955
94970
94985
95000
95015
95030
95045
95060
95075
95090
95105
95120
95135
95150
95165
95180
95195
95210
95225
95241
95256
95271
95286
95302
95318
95334
95349
95364
95379
95394
95409
95424
95439
95454
95469
95484
95499
95514
95529
95544
95560
95575
95590
95605
95620
95635
95650
95665
95680
95696
95712
95727
95742
95757
95772
95787
95803
95818
95833
95848
95864
95879
95894
95909
95924
95939
95954
95970
95985
96000
96015
96030
96045
96060
96075
96090
96105
96120
96135
96150
96166
96182
96197
96212
96227
96243
96259
96274
96289
96304
96319
96334
96349
96364
96379
96394
96409
96424
96439
96454
96469
96484
96500
96515
96531
96546
96561
96576
96591
96606
96622
96637
96652
96668
96683
96698
96713
96728
96744
96759
96774
96789
96804
96819
96834
96849
96864
96880
96895
96910
96925
96941
96956
96971
96986
97001
97016
97031
97047
97062
97078
97093
97108
97124
97139
97154
97170
97185
97200
97215
97230
97246
97261
97277
97293
97308
97323
97338
97353
97368
97383
97398
97413
97428
97443
97458
97473
97489
97504
97519
97534
97549
97564
97579
97594
97609
97624
97639
97656
97671
97686
97702
97717
97732
97747
97763
97778
97793
97808
97824
97839
97854
97869
97884
97899
97915
97930
97946
97961
97976
97991
98006
98022
98037
98053
98068
98083
98098
98114
98129
98145
98160
98175
98190
98205
98220
98235
98250
98265
98280
98295
98310
98325
98341
98356
98372
98387
98402
98417
98433
98448
98463
98478
98493
98508
98523
98539
98554
98569
98584
98599
98614
98629
98645
98660
98675
98690
98705
98720
98735
98750
98766
98781
98796
98811
98826
98841
98856
98871
98886
98901
98916
98931
98946
98961
98977
98993
99008
99023
99038
99053
99068
99083
99098
99113
99128
99143
99158
99173
99188
99204
99219
99234
99249
99264
99279
99294
99309
99324
99339
99354
99369
99384
99399
99414
99429
99444
99460
99475
99491
99506
99521
99536
99551
99566
99581
99596
99611
99626
99641
99656
99671
99686
99701
99718
99733
99748
99763
99778
99793
99808
99823
99838
99853
99869
99884
99899
99915
99930
99945
99960
99975
99990
100005
100020
100036
100052
100067
100082
100097
100114
100129
100144
100159
100175
100190
100206
100221
100237
100252
100267
100282
100297
100312
100327
100342
100357
100372
100387
100402
100417
100432
100447
100462
100477
100492
100507
100523
100538
100553
100568
100583
100598
100613
100628
100643
100658
100673
100689
100704
100719
100734
100749
100765
100780
100795
100810
100825
100841
100856
100872
100887
100902
100917
100933
100948
100964
100979
100994
101010
101025
101040
101055
101070
101085
101100
101115
101130
101145
101160
101175
101190
101205
101220
101235
101250
101265
101280
101296
101311
101326
101341
101356
101373
101388
101403
101418
101434
101449
101464
101479
101495
101510
101526
101541
101556
101571
101586
101601
101617
101632
101648
101663
101679
101694
101709
101724
101739
101754
101769
101784
101799
101814
101829
101844
101859
101874
101889
101905
101920
101935
101950
101965
101980
101995
102010
102025
102040
102055
102070
102085
102100
102115
102130
102145
102160
102175
102190
102205
102220
102235
102250
102265
102280
102296
102311
102327
102342
102358
102374
102389
102405
102420
102435
102450
102466
102481
102496
102511
102526
102541
102556
102572
102587
102602
102617
102633
102648
102663
102678
102693
102709
102724
102740
102756
102771
102786
102801
102816
102831
102846
102861
102876
102892
102908
102923
102938
102953
102968
102984
102999
103014
103030
103046
103061
103076
103091
103107
103122
103137
103153
103168
103183
103200
103215
103230
103245
103260
103275
103290
103307
103322
103337
103352
103367
103382
103397
103413
103428
103443
103459
103474
103490
103505
103520
103535
103550
103566
103582
103597
103612
103627
103643
103658
103673
103689
103704
103719
103734
103750
103765
103780
103795
103810
103825
103840
103855
103870
103885
103900
103915
103930
103946
103961
103976
103992
104007
104022
104038
104053
104069
104084
104099
104114
104130
104146
104162
104177
104192
104207
104222
104237
104252
104267
104282
104297
104312
104327
104342
104357
104372
104387
104402
104417
104432
104448
104463
104478
104493
104509
104525
104540
104555
104570
104585
104600
104615
104630
104645
104660
104675
104690
104705
104720
104735
104750
104766
104782
104797
104812
104827
104842
104858
104873
104888
104903
104918
104933
104948
104963
104978
104993
105008
105024
105039
105054
105070
105085
105100
105115
105132
105147
105164
105179
105194
105209
105224
105239
105254
105269
105284
105299
105314
105329
105344
105359
105374
105389
105404
105419
105434
105449
105464
105479
105494
105509
105524
105540
105556
105572
105588
105603
105618
105633
105648
105664
105679
105694
105709
105725
105740
105756
105771
105786
105801
105816
105832
105847
105863
105878
105893
105909
105924
105940
105956
105971
105986
106001
106016
106031
106046
106061
106076
106092
106107
106122
106137
106152
106167
106182
106197
106213
106228
106243
106258
106273
106288
106303
106318
106333
106348
106363
106378
106393
106408
106423
106438
106453
106468
106483
106498
106513
106528
106543
106559
106574
106589
106604
106619
106634
106650
106665
106680
106695
106710
106725
106740
106756
106772
106787
106803
106818
106833
106848
106863
106879
106894
106909
106925
106940
106955
106970
106985
107000
107015
107030
107045
107060
107075
107092
107107
107122
107138
107154
107170
107185
107201
107216
107231
107246
107261
107276
107291
107306
107322
107337
107352
107367
107382
107397
107412
107427
107442
107457
107472
107487
107502
107517
107532
107547
107563
107578
107593
107608
107623
107638
107653
107668
107684
107701
107716
107731
107746
107761
107776
107791
107806
107821
107837
107852
107867
107882
107897
107912
107927
107942
107958
107973
107988
108003
108018
108033
108048
108063
108078
108093
108108
108123
108138
108153
108169
108184
108200
108215
108230
108245
108260
108275
108290
108305
108320
108335
108352
108367
108382
108397
108412
108427
108442
108457
108472
108487
108502
108518
108533
108548
108563
108578
108593
108608
108623
108638
108653
108668
108683
108698
108713
108729
108744
108759
108774
108789
108804
108819
108834
108849
108864
108879
108896
108911
108926
108941
108956
108972
108987
109002
109018
109033
109050
109065
109080
109095
109110
109125
109140
109155
109170
109185
109200
109215
109230
109245
109260
109275
109291
109306
109321
109336
109352
109367
109382
109397
109413
109428
109443
109458
109473
109488
109504
109519
109534
109549
109564
109579
109594
109610
109625
109640
109655
109670
109686
109701
109716
109731
109746
109761
109777
109792
109807
109822
109837
109852
109867
109882
109898
109913
109929
109944
109960
109977
109993
110008
110023
110038
110054
110070
110085
110100
110115
110130
110145
110161
110176
110193
110208
110223
110238
110253
110269
110284
110299
110314
110329
110344
110359
110374
110390
110406
110421
110437
110452
110468
110483
110498
110513
110528
110544
110559
110574
110589
110604
110619
110634
110650
110665
110681
110697
110712
110727
110742
110757
110772
110787
110802
110817
110832
110847
110862
110877
110893
110909
110926
110941
110956
110971
110986
111001
111016
111031
111046
111061
111076
111091
111106
111122
111137
111152
111167
111182
111198
111213
111228
111244
111259
111274
111289
111304
111319
111334
111349
111364
111379
111394
111409
111424
111439
111454
111469
111484
111500
111515
111530
111545
111561
111576
111591
111606
111621
111636
111652
111667
111682
111698
111713
111728
111744
111759
111774
111789
111804
111819
111834
111850
111865
111880
111896
111911
111926
111941
111956
111971
111987
112003
112018
112033
112048
112063
112078
112093
112108
112124
112139
112154
112169
112184
112199
112214
112230
112245
112260
112275
112290
112305
112321
112336
112351
112366
112382
112397
112412
112427
112442
112457
112472
112487
112502
112517
112532
112548
112565
112580
112595
112611
112627
112642
112657
112672
112687
112703
112718
112733
112748
112763
112778
112793
112809
112825
112840
112856
112871
112886
112901
112916
112931
112946
112961
112976
112991
113006
113021
113036
113051
113066
113081
113096
113111
113126
113142
113157
113172
113187
113202
113217
113232
113247
113262
113277
113292
113307
113322
113337
113352
113367
113382
113397
113412
113427
113442
113457
113473
113488
113503
113518
113533
113548
113563
113578
113593
113608
113623
113638
113653
113668
113683
113698
113714
113729
113744
113759
113775
113790
113805
113820
113835
113850
113865
113880
113895
113910
113925
113940
113955
113971
113986
114002
114017
114032
114047
114063
114078
114093
114109
114124
114139
114154
114169
114184
114199
114217
114232
114247
114262
114278
114294
114309
114324
114339
114355
114370
114385
114400
114415
114430
114445
114460
114475
114490
114505
114520
114535
114550
114565
114580
114595
114610
114625
114640
114655
114670
114685
114700
114715
114730
114745
114760
114775
114790
114805
114820
114835
114850
114865
114880
114895
114910
114925
114940
114956
114971
114986
115001
115016
115031
115046
115062
115077
115092
115108
115123
115139
115154
115169
115184
115199
115214
115229
115244
115260
115276
115291
115306
115321
115337
115352
115367
115382
115397
115413
115428
115443
115458
115473
115488
115503
115519
115534
115551
115566
115581
115597
115612
115629
115644
115659
115674
115689
115704
115719
115734
115749
115764
115779
115794
115810
115826
115841
115856
115871
115886
115901
115918
115933
115948
115963
115978
115993
116008
116023
116038
116053
116068
116084
116099
116114
116129
116144
116160
116175
116191
116206
116221
116237
116252
116267
116282
116297
116312
116327
116342
116357
116373
116388
116403
116418
116433
116448
116463
116478
116493
116508
116523
116538
116553
116568
116583
116598
116614
116629
116644
116660
116675
116690
116707
116722
116737
116752
116767
116782
116797
116812
116827
116842
116857
116872
116887
116902
116918
116933
116948
116963
116978
116994
117009
117024
117039
117054
117069
117084
117099
117114
117129
117144
117161
117177
117192
117208
117223
117238
117253
117268
117283
117298
117313
117328
117344
117359
117374
117389
117404
117419
117434
117449
117464
117479
117494
117510
117525
117540
117555
117570
117585
117600
117615
117630
117645
117661
117676
117692
117707
117722
117737
117752
117767
117782
117798
117814
117829
117844
117859
117874
117889
117904
117919
117934
117950
117966
117982
117997
118012
118027
118042
118057
118072
118087
118102
118117
118132
118147
118163
118178
118194
118209
118224
118239
118254
118270
118285
118300
118315
118330
118345
118360
118375
118390
118405
118421
118438
118453
118468
118483
118498
118513
118528
118543
118558
118573
118589
118604
118619
118634
118649
118664
118679
118695
118711
118727
118742
118757
118772
118787
118802
118817
118832
118847
118862
118877
118892
118907
118922
118938
118953
118969
118984
118999
119014
119029
119044
119059
119074
119089
119104
119119
119134
119149
119164
119179
119194
119209
119224
119239
119254
119269
119284
119299
119315
119331
119347
119362
119377
119392
119407
119422
119437
119452
119467
119482
119497
119514
119529
119544
119560
119575
119590
119606
119621
119636
119651
119666
119681
119696
119711
119727
119742
119757
119772
119787
119802
119817
119832
119848
119863
119878
119893
119908
119923
119938
119955
119970
119986
120001
120016
120031
120046
120061
120076
120091
120107
120122
120137
120152
120168
120183
120198
120213
120228
120243
120258
120274
120290
120305
120320
120335
120351
120367
120382
120397
120412
120427
120442
120457
120472
120487
120502
120518
120533
120548
120564
120579
120594
120609
120624
120639
120654
120670
120685
120700
120715
120730
120745
120760
120775
120790
120806
120821
120836
120851
120866
120881
120896
120911
120926
120941
120956
120971
120986
121001
121016
121031
121046
121061
121077
121092
121107
121122
121138
121153
121168
121184
121200
121215
121230
121245
121260
121275
121290
121305
121320
121335
121350
121365
121380
121395
121410
121425
121441
121456
121471
121486
121501
121516
121531
121546
121562
121577
121592
121607
121624
121639
121654
121669
121684
121699
121714
121730
121745
121760
121775
121790
121805
121820
121835
121850
121865
121880
121895
121910
121925
121940
121955
121971
121986
122002
122017
122034
122049
122065
122080
122095
122110
122125
122140
122155
122170
122186
122202
122217
122232
122247
122262
122277
122293
122309
122324
122339
122354
122369
122384
122399
122414
122430
122445
122460
122475
122490
122505
122520
122535
122550
122566
122581
122596
122611
122626
122641
122656
122672
122687
122702
122717
122733
122748
122763
122778
122794
122809
122824
122839
122854
122869
122884
122899
122915
122930
122945
122961
122976
122991
123006
123021
123037
123052
123067
123082
123097
123112
123127
123142
123157
123172
123187
123202
123217
123233
123248
123263
123278
123293
123308
123323
123340
123356
123371
123386
123401
123416
123431
123446
123461
123476
123491
123506
123521
123536
123554
123570
123585
123600
123615
123630
123645
123660
123675
123690
123705
123720
123735
123750
123765
123780
123795
123810
123825
123841
123856
123871
123887
123902
123917
123932
123947
123963
123978
123993
124009
124024
124039
124054
124070
124085
124101
124116
124131
124146
124161
124177
124192
124207
124223
124238
124253
124268
124283
124299
124314
124329
124344
124359
124374
124389
124404
124420
124435
124450
124465
124480
124496
124511
124526
124541
124556
124571
124586
124601
124616
124631
124646
124661
124676
124691
124707
124722
124737
124753
124768
124783
124798
124813
124828
124845
124860
124876
124891
124906
124922
124937
124952
124967
124982
124998
125013
125028
125043
125058
125073
125088
125103
125118
125134
125149
125164
125179
125194
125209
125224
125241
125256
125272
125287
125302
125317
125332
125347
125362
125377
125393
125408
125423
125438
125453
125468
125483
125500
125515
125530
125545
125560
125575
125591
125606
125621
125636
125651
125666
125681
125696
125711
125726
125741
125756
125771
125786
125801
125816
125831
125846
125861
125876
125891
125907
125922
125937
125952
125967
125982
125997
126012
126028
126043
126058
126073
126088
126103
126118
126133
126148
126164
126179
126194
126209
126224
126239
126254
126269
126284
126299
126314
126329
126344
126359
126375
126390
126405
126420
126435
126450
126465
126480
126495
126510
126525
126540
126555
126570
126585
126600
126615
126630
126645
126660
126676
126691
126706
126721
126736
126751
126766
126781
126797
126813
126828
126843
126858
126873
126889
126904
126920
126935
126950
126965
126980
126996
127012
127027
127042
127057
127072
127087
127102
127118
127133
127149
127164
127180
127195
127210
127225
127240
127255
127270
127286
127301
127317
127333
127348
127363
127378
127393
127408
127423
127438
127453
127469
127484
127499
127514
127529
127545
127560
127575
127590
127605
127620
127636
127651
127667
127682
127697
127712
127727
127742
127757
127772
127788
127803
127819
127835
127850
127866
127881
127896
127911
127926
127941
127956
127971
127986
128001
128016
128031
128047
128063
128079
128094
128109
128124
128139
128154
128169
128184
128199
128214
128229
128244
128259
128274
128290
128306
128322
128337
128352
128367
128382
128397
128413
128428
128443
128458
128473
128488
128503
128518
128533
128548
128563
128578
128593
128608
128623
128638
128654
128671
128686
128702
128717
128732
128747
128762
128777
128792
128807
128822
128837
128853
128868
128884
128899
128914
128929
128944
128959
128974
128990
129005
129020
129036
129051
129066
129081
129096
129111
129126
129141
129156
129171
129186
129201
129216
129231
129246
129261
129276
129291
129307
129322
129337
129352
129368
129383
129398
129413
129429
129444
129459
129474
129489
129504
129519
129535
129550
129565
129580
129596
129613
129628
129643
129658
129673
129688
129703
129718
129733
129748
129763
129778
129794
129809
129824
129839
129854
129869
129884
129899
129914
129929
129944
129959
129974
129989
130004
130019
130034
130049
130064
130079
130094
130109
130124
130139
130154
130169
130185
130200
130216
130231
130246
130261
130276
130291
130306
130322
130337
130352
130367
130382
130397
130412
130427
130443
130458
130473
130488
130503
130518
130533
130548
130564
130579
130594
130609
130624
130639
130654
130669
130684
130699
130715
130730
130745
130760
130775
130790
130806
130821
130836
130851
130866
130881
130896
130912
130927
130942
130957
130972
130987
131002
131017
131032
131048
131063
131078
131093
131108
131124
131139
131154
131171
131186
131201
131216
131231
131246
131261
131276
131291
131306
131321
131336
131351
131366
131381
131397
131412
131427
131442
131457
131472
131487
131502
131517
131532
131548
131564
131579
131594
131609
131624
131639
131654
131669
131684
131700
131715
131730
131745
131760
131776
131791
131806
131821
131837
131852
131867
131882
131897
131912
131927
131942
131957
131972
131987
132002
132017
132033
132048
132064
132080
132095
132110
132125
132140
132155
132170
132185
132200
132215
132230
132245
132260
132275
132291
132306
132321
132336
132351
132366
132382
132398
132413
132428
132444
132459
132474
132489
132504
132519
132534
132549
132564
132579
132594
132609
132624
132639
132654
132669
132685
132700
132715
132730
132745
132760
132775
132790
132806
132821
132836
132851
132866
132881
132896
132911
132926
132941
132956
132972
132987
133002
133017
133032
133047
133062
133078
133093
133108
133123
133139
133154
133169
133184
133199
133214
133230
133245
133260
133275
133290
133305
133320
133335
133350
133365
133380
133395
133410
133425
133440
133455
133470
133485
133501
133516
133531
133547
133562
133577
133592
133608
133623
133638
133654
133669
133684
133699
133714
133729
133744
133759
133774
133789
133804
133819
133834
133849
133864
133879
133894
133909
133925
133940
133955
133971
133986
134001
134018
134033
134048
134063
134078
134093
134108
134123
134138
134153
134168
134184
134199
134214
134229
134244
134259
134274
134289
134304
134319
134334
134349
134364
134380
134395
134410
134425
134441
134456
134471
134486
134501
134516
134531
134546
134562
134577
134592
134608
134623
134638
134654
134669
134684
134699
134714
134729
134744
134759
134774
134789
134805
134820
134835
134851
134866
134881
134896
134911
134927
134942
134958
134974
134990
135005
135020
135035
135050
135065
135080
135095
135110
135125
135140
135156
135171
135186
135201
135216
135231
135246
135261
135276
135291
135306
135321
135336
135351
135366
135381
135396
135411
135426
135441
135456
135472
135487
135502
135517
135534
135549
135564
135579
135594
135609
135625
135640
135656
135671
135687
135703
135718
135733
135748
135763
135778
135793
135808
135823
135838
135853
135869
135885
135901
135916
135931
135946
135962
135977
135992
136008
136023
136039
136054
136069
136085
136100
136115
136130
136145
136160
136175
136190
136205
136220
136235
136250
136265
136281
136296
136311
136326
136341
136356
136371
136386
136401
136416
136431
136446
136461
136476
136491
136506
136521
136536
136551
136566
136582
136597
136614
136629
136644
136659
136674
136690
136705
136722
136737
136752
136767
136782
136797
136812
136827
136842
136857
136872
136887
136902
136919
136934
136949
136964
136979
136994
137009
137024
137039
137054
137071
137086
137101
137116
137131
137147
137162
137177
137192
137207
137222
137237
137252
137267
137282
137297
137312
137327
137342
137357
137372
137387
137402
137418
137433
137448
137463
137478
137493
137508
137523
137538
137554
137569
137585
137600
137615
137630
137645
137661
137677
137692
137707
137722
137737
137752
137767
137782
137797
137812
137828
137843
137858
137873
137888
137903
137919
137934
137949
137964
137979
137994
138009
138024
138039
138054
138069
138084
138099
138114
138129
138144
138159
138174
138189
138204
138219
138234
138249
138264
138279
138294
138309
138324
138339
138354
138369
138384
138399
138414
138430
138446
138461
138476
138491
138506
138521
138536
138552
138567
138583
138598
138613
138628
138643
138658
138673
138688
138703
138718
138733
138749
138764
138779
138794
138809
138825
138840
138855
138871
138886
138901
138916
138931
138946
138961
138976
138991
139006
139022
139037
139052
139067
139082
139097
139112
139127
139142
139157
139173
139188
139203
139218
139233
139248
139263
139279
139294
139309
139325
139340
139355
139371
139386
139401
139416
139431
139446
139461
139477
139492
139507
139522
139537
139552
139568
139583
139598
139613
139628
139643
139658
139673
139688
139703
139718
139733
139748
139763
139778
139793
139808
139824
139839
139854
139869
139884
139899
139914
139929
139944
139960
139975
139990
140005
140020
140035
140051
140066
140081
140096
140111
140126
140141
140156
140171
140186
140201
140216
140231
140246
140261
140276
140291
140306
140321
140336
140351
140367
140382
140397
140412
140427
140442
140457
140473
140489
140504
140519
140534
140549
140564
140579
140594
140609
140624
140639
140654
140669
140684
140699
140714
140729
140744
140759
140774
140789
140804
140819
140834
140849
140864
140879
140894
140909
140924
140939
140954
140969
140984
140999
141014
141029
141044
141059
141074
141090
141105
141120
141135
141150
141165
141180
141195
141211
141226
141241
141257
141272
141287
141302
141317
141332
141347
141362
141377
141392
141407
141422
141437
141452
141468
141484
141499
141514
141529
141544
141560
141576
141591
141606
141621
141636
141651
141666
141681
141696
141711
141726
141741
141756
141771
141786
141801
141816
141831
141846
141861
141876
141891
141906
141921
141936
141951
141966
141981
141996
142011
142026
142042
142057
142072
142089
142104
142119
142135
142150
142165
142180
142195
142210
142225
142240
142255
142270
142285
142300
142315
142331
142346
142362
142377
142392
142408
142423
142438
142453
142468
142483
142498
142513
142528
142543
142558
142573
142588
142604
142619
142634
142649
142664
142680
142695
142710
142725
142741
142756
142771
142786
142801
142816
142831
142846
142861
142876
142892
142907
142922
142937
142952
142967
142982
142997
143012
143027
143042
143057
143072
143087
143103
143118
143133
143149
143164
143179
143194
143209
143224
143239
143254
143269
143284
143299
143314
143329
143344
143359
143375
143390
143405
143420
143435
143450
143465
143480
143495
143510
143526
143541
143557
143572
143587
143602
143617
143632
143647
143662
143677
143692
143707
143722
143737
143752
143767
143782
143798
143813
143828
143843
143858
143873
143888
143903
143918
143933
143948
143963
143978
143993
144008
144023
144038
144053
144068
144083
144098
144113
144128
144143
144158
144173
144188
144203
144218
144233
144248
144263
144278
144293
144308
144324
144340
144355
144370
144385
144400
144415
144430
144445
144460
144475
144490
144506
144521
144536
144551
144568
144583
144598
144613
144628
144643
144658
144673
144688
144703
144718
144733
144749
144764
144779
144794
144809
144824
144839
144855
144871
144886
144901
144916
144931
144946
144961
144976
144991
145006
145021
145036
145051
145066
145081
145096
145111
145126
145142
145157
145172
145187
145202
145218
145233
145248
145263
145278
145293
145308
145323
145338
145353
145368
145383
145398
145413
145428
145443
145458
145473
145488
145503
145518
145533
145548
145563
145578
145594
145609
145624
145639
145654
145669
145684
145699
145714
145729
145744
145759
145774
145790
145805
145820
145835
145850
145866
145881
145897
145912
145927
145942
145957
145973
145988
146003
146018
146033
146048
146063
146078
146094
146109
146124
146139
146154
146169
146184
146199
146215
146230
146245
146260
146275
146290
146305
146320
146335
146350
146365
146380
146395
146410
146425
146440
146455
146470
146485
146501
146516
146531
146546
146561
146576
146591
146606
146621
146636
146651
146666
146681
146696
146711
146726
146741
146756
146771
146786
146801
146816
146831
146847
146862
146877
146892
146907
146922
146937
146952
146967
146982
146998
147013
147028
147043
147058
147073
147088
147103
147118
147133
147148
147163
147178
147193
147208
147223
147238
147253
147268
147283
147298
147313
147328
147343
147358
147373
147388
147403
147418
147433
147448
147464
147479
147494
147509
147525
147540
147555
147570
147585
147600
147615
147630
147645
147660
147675
147690
147705
147720
147735
147750
147765
147780
147795
147810
147825
147840
147855
147871
147887
147902
147917
147932
147947
147962
147978
147993
148008
148023
148038
148053
148068
148083
148098
148113
148128
148143
148158
148173
148189
148204
148219
148235
148250
148265
148280
148295
148310
148325
148340
148356
148371
148386
148401
148416
148432
148447
148462
148477
148492
148507
148522
148537
148552
148567
148582
148597
148612
148627
148642
148657
148672
148687
148702
148718
148733
148748
148763
148779
148794
148809
148824
148839
148855
148870
148885
148900
148915
148930
148945
148961
148976
148991
149006
149021
149036
149051
149066
149081
149096
149111
149126
149142
149157
149172
149187
149202
149217
149233
149249
149264
149279
149294
149309
149324
149339
149354
149369
149384
149399
149414
149429
149444
149459
149474
149489
149504
149519
149534
149549
149564
149579
149594
149609
149624
149640
149655
149670
149685
149700
149715
149730
149745
149760
149775
149790
149805
149820
149835
149850
149866
149881
149896
149911
149926
149941
149957
149972
149987
150002
150017
150032
150047
150063
150078
150093
150108
150123
150138
150154
150169
150184
150199
150214
150229
150244
150259
150274
150289
150304
150319
150334
150349
150364
150379
150394
150409
150425
150440
150455
150470
150485
150500
150515
150530
150545
150560
150576
150591
150606
150622
150637
150652
150667
150682
150697
150712
150727
150742
150757
150773
150788
150803
150818
150833
150848
150863
150879
150894
150910
150925
150940
150955
150970
150985
151000
151015
151030
151045
151060
151075
151090
151105
151120
151135
151150
151165
151180
151195
151210
151225
151241
151256
151271
151286
151301
151316
151331
151347
151362
151377
151392
151407
151422
151437
151452
151467
151482
151497
151513
151528
151543
151559
151574
151589
151604
151619
151634
151649
151664
151679
151694
151709
151724
151739
151754
151769
151785
151800
151816
151831
151846
151861
151876
151891
151906
151921
151936
151951
151966
151981
151996
152012
152027
152042
152057
152072
152087
152102
152117
152132
152147
152162
152178
152193
152209
152224
152239
152254
152269
152285
152300
152315
152331
152347
152363
152378
152393
152409
152425
152440
152455
152470
152485
152500
152515
152530
152545
152560
152575
152590
152605
152620
152635
152650
152665
152680
152696
152711
152726
152741
152756
152771
152786
152801
152816
152831
152846
152861
152876
152891
152906
152921
152936
152951
152966
152983
152998
153013
153028
153043
153058
153073
153088
153103
153118
153133
153148
153163
153178
153193
153208
153223
153238
153254
153270
153285
153300
153315
153330
153345
153360
153375
153390
153405
153420
153435
153450
153465
153480
153495
153510
153525
153540
153555
153571
153586
153601
153616
153631
153646
153661
153676
153692
153707
153722
153738
153753
153768
153784
153799
153814
153829
153844
153859
153874
153889
153904
153919
153934
153949
153964
153979
153994
154009
154024
154040
154055
154070
154085
154100
154115
154130
154145
154160
154175
154190
154205
154220
154235
154250
154265
154280
154296
154312
154327
154342
154357
154372
154387
154402
154418
154433
154448
154463
154478
154493
154508
154523
154538
154553
154570
154585
154600
154615
154630
154645
154660
154675
154690
154705
154720
154735
154750
154765
154780
154795
154810
154825
154840
154855
154870
154886
154902
154917
154932
154947
154962
154977
154992
155007
155022
155037
155052
155067
155082
155097
155112
155127
155142
155157
155172
155187
155202
155217
155232
155247
155262
155277
155292
155307
155322
155337
155352
155367
155382
155397
155413
155428
155443
155458
155473
155488
155503
155518
155533
155548
155563
155578
155593
155608
155623
155638
155653
155668
155683
155698
155714
155729
155744
155759
155774
155789
155804
155819
155834
155849
155864
155879
155894
155909
155924
155939
155954
155969
155984
155999
156014
156029
156046
156061
156076
156091
156106
156121
156136
156151
156167
156182
156197
156212
156227
156242
156257
156272
156287
156303
156318
156333
156348
156363
156378
156393
156408
156423
156438
156453
156468
156483
156498
156513
156528
156543
156558
156573
156588
156603
156618
156633
156649
156664
156679
156694
156709
156724
156739
156754
156769
156784
156799
156815
156830
156845
156860
156875
156890
156905
156920
156935
156950
156965
156980
156995
157010
157025
157040
157056
157071
157086
157102
157117
157132
157147
157162
157177
157192
157207
157222
157238
157253
157268
157283
157298
157313
157328
157343
157358
157373
157388
157403
157418
157433
157448
157463
157478
157493
157508
157523
157538
157553
157568
157583
157598
157614
157629
157644
157659
157674
157689
157704
157719
157734
157749
157765
157780
157796
157811
157826
157841
157856
157871
157886
157902
157917
157932
157947
157963
157978
157993
158009
158024
158039
158054
158070
158085
158100
158115
158130
158145
158160
158175
158190
158205
158220
158235
158250
158265
158280
158295
158310
158325
158340
158355
158370
158385
158400
158415
158430
158446
158461
158476
158491
158506
158521
158536
158551
158566
158581
158596
158611
158626
158641
158656
158672
158687
158702
158717
158732
158747
158762
158777
158792
158808
158823
158839
158854
158869
158884
158899
158914
158929
158944
158960
158975
158990
159005
159020
159035
159050
159065
159080
159096
159111
159126
159141
159156
159171
159186
159201
159216
159231
159246
159261
159276
159291
159306
159321
159336
159351
159366
159381
159396
159411
159427
159443
159458
159473
159488
159503
159518
159533
159548
159563
159578
159594
159609
159624
159639
159654
159669
159684
159699
159714
159729
159744
159759
159774
159789
159804
159819
159834
159849
159864
159879
159894
159909
159924
159939
159954
159969
159984
159999
160014
160029
160044
160059
160074
160089
160104
160119
160134
160149
160164
160179
160194
160209
160224
160239
160254
160269
160284
160299
160314
160329
160344
160359
160374
160389
160404
160419
160434
160449
160464
160479
160494
160509
160524
160539
160554
160569
160584
160600
160615
160630
160645
160660
160675
160690
160706
160721
160736
160752
160767
160782
160797
160812
160827
160842
160857
160872
160887
160902
160917
160932
160947
160962
160977
160992
161007
161022
161037
161052
161067
161082
161097
161112
161127
161142
161157
161172
161187
161202
161217
161232
161247
161263
161278
161293
161308
161323
161338
161353
161368
161383
161398
161413
161428
161443
161458
161473
161488
161503
161518
161533
161548
161563
161578
161593
161608
161623
161638
161653
161668
161683
161698
161713
161728
161744
161759
161774
161789
161804
161819
161834
161849
161864
161879
161894
161909
161924
161939
161954
161970
161985
162000
162015
162030
162045
162061
162076
162091
162106
162121
162136
162151
162166
162182
162197
162212
162227
162242
162257
162272
162287
162302
162317
162333
162348
162363
162378
162393
162408
162423
162438
162453
162468
162483
162498
162513
162528
162543
162558
162573
162588
162603
162618
162633
162648
162663
162678
162693
162708
162723
162738
162753
162768
162784
162799
162814
162829
162844
162859
162874
162889
162904
162919
162934
162949
162964
162979
162994
163009
163024
163040
163055
163070
163085
163100
163115
163130
163145
163162
163177
163192
163207
163222
163237
163252
163267
163282
163297
163312
163327
163342
163357
163372
163387
163402
163417
163432
163447
163462
163477
163492
163507
163522
163537
163552
163567
163582
163597
163612
163627
163642
163657
163672
163687
163702
163717
163732
163747
163762
163777
163792
163807
163822
163837
163852
163867
163883
163898
163914
163930
163946
163961
163977
163993
164008
164023
164038
164053
164068
164083
164098
164113
164128
164143
164158
164173
164188
164204
164219
164234
164249
164264
164279
164294
164309
164324
164339
164354
164369
164384
164400
164415
164430
164445
164460
164475
164490
164505
164520
164535
164550
164565
164581
164596
164611
164626
164642
164657
164672
164687
164702
164717
164732
164747
164762
164777
164792
164807
164822
164837
164852
164867
164882
164897
164912
164927
164942
164957
164972
164987
165002
165017
165032
165047
165062
165077
165092
165107
165122
165137
165152
165167
165182
165197
165212
165227
165242
165257
165272
165287
165302
165317
165332
165348
165363
165378
165393
165408
165423
165438
165453
165468
165483
165498
165513
165528
165544
165559
165574
165589
165604
165620
165635
165650
165665
165680
165695
165710
165725
165740
165755
165770
165785
165800
165815
165830
165845
165860
165876
165891
165906
165921
165937
165952
165967
165982
165998
166014
166029
166044
166059
166074
166089
166104
166119
166134
166149
166164
166179
166194
166209
166224
166239
166254
166269
166284
166299
166314
166329
166344
166359
166374
166389
166404
166419
166435
166450
166465
166480
166495
166510
166525
166540
166555
166570
166585
166600
166615
166630
166645
166660
166675
166690
166705
166720
166735
166750
166765
166780
166796
166812
166827
166842
166857
166872
166887
166902
166917
166932
166948
166963
166978
166993
167008
167023
167038
167053
167068
167083
167098
167113
167129
167144
167159
167174
167189
167204
167219
167235
167250
167265
167280
167295
167310
167325
167341
167356
167371
167386
167401
167416
167431
167446
167461
167476
167491
167506
167521
167536
167551
167566
167581
167596
167612
167627
167642
167657
167673
167688
167703
167718
167733
167748
167763
167778
167793
167808
167823
167838
167853
167868
167883
167898
167913
167928
167943
167958
167973
167988
168003
168018
168033
168048
168063
168078
168093
168108
168123
168138
168153
168168
168183
168198
168213
168228
168243
168258
168273
168288
168303
168318
168333
168350
168365
168380
168395
168410
168426
168441
168456
168471
168486
168501
168516
168531
168546
168561
168576
168591
168606
168621
168636
168651
168666
168681
168696
168711
168726
168741
168756
168771
168786
168801
168816
168831
168846
168861
168876
168891
168906
168921
168936
168951
168966
168981
168996
169011
169026
169041
169056
169071
169086
169101
169116
169131
169146
169161
169176
169191
169207
169222
169237
169252
169267
169282
169297
169312
169327
169342
169357
169372
169387
169402
169417
169432
169447
169462
169479
169494
169509
169524
169539
169554
169569
169584
169599
169615
169630
169645
169660
169675
169690
169705
169720
169737
169753
169768
169783
169798
169813
169828
169843
169858
169873
169889
169904
169920
169935
169950
169965
169980
169995
170010
170025
170040
170055
170070
170086
170101
170116
170131
170146
170161
170176
170191
170206
170221
170236
170251
170266
170281
170296
170311
170326
170341
170357
170372
170387
170402
170417
170432
170448
170463
170478
170493
170508
170524
170539
170554
170569
170584
170599
170615
170630
170645
170661
170676
170691
170706
170721
170736
170752
170767
170782
170797
170812
170827
170842
170857
170872
170887
170902
170917
170932
170947
170962
170977
170992
171007
171022
171037
171052
171067
171082
171097
171112
171127
171142
171157
171172
171187
171202
171217
171232
171248
171263
171278
171293
171308
171323
171338
171353
171368
171383
171398
171413
171428
171443
171458
171473
171488
171503
171518
171533
171548
171563
171578
171594
171609
171624
171639
171654
171669
171685
171700
171715
171730
171745
171760
171775
171790
171805
171820
171835
171850
171865
171881
171896
171911
171926
171941
171956
171971
171987
172002
172017
172032
172047
172062
172077
172092
172107
172122
172137
172152
172167
172182
172198
172213
172228
172243
172258
172273
172288
172303
172318
172333
172348
172363
172378
172394
172409
172424
172439
172454
172469
172484
172499
172514
172529
172544
172559
172574
172589
172605
172620
172635
172650
172665
172680
172695
172710
172725
172740
172755
172770
172785
172800
172815
172830
172845
172860
172875
172890
172905
172920
172935
172950
172966
172982
172997
173012
173027
173042
173057
173072
173087
173102
173117
173132
173147
173162
173177
173192
173207
173222
173237
173252
173267
173282
173297
173312
173327
173342
173357
173372
173387
173402
173417
173432
173447
173463
173479
173495
173510
173525
173540
173556
173571
173587
173602
173617
173632
173648
173663
173678
173693
173708
173723
173738
173753
173768
173784
173800
173815
173830
173845
173861
173877
173892
173909
173925
173940
173955
173970
173985
174000
174015
174030
174045
174060
174075
174090
174105
174120
174135
174151
174166
174181
174196
174211
174226
174241
174256
174271
174286
174302
174317
174332
174348
174363
174379
174394
174409
174424
174439
174454
174469
174484
174499
174514
174529
174544
174559
174575
174590
174605
174620
174635
174650
174665
174680
174695
174710
174725
174740
174755
174770
174785
174800
174815
174830
174845
174861
174876
174891
174906
174921
174936
174951
174966
174981
174997
175012
175027
175042
175057
175072
175087
175102
175117
175132
175147
175162
175177
175192
175207
175222
175237
175252
175267
175282
175297
175312
175327
175342
175357
175372
175387
175402
175417
175432
175447
175463
175478
175494
175509
175524
175540
175556
175571
175586
175601
175617
175632
175647
175662
175677
175692
175707
175722
175737
175752
175767
175782
175797
175812
175827
175842
175857
175872
175887
175902
175917
175932
175947
175962
175977
175993
176008
176023
176038
176054
176069
176084
176099
176114
176129
176144
176159
176174
176189
176204
176219
176234
176249
176264
176279
176294
176309
176326
176341
176356
176371
176386
176401
176416
176431
176446
176461
176476
176491
176506
176521
176536
176551
176566
176581
176596
176611
176626
176641
176656
176671
176686
176701
176716
176731
176746
176761
176776
176791
176806
176821
176836
176851
176867
176882
176897
176912
176927
176942
176957
176972
176987
177002
177017
177032
177047
177062
177078
177093
177109
177125
177140
177155
177170
177185
177200
177215
177230
177245
177260
177275
177290
177305
177320
177335
177350
177365
177380
177395
177410
177425
177440
177455
177470
177485
177500
177515
177530
177545
177560
177575
177590
177605
177621
177636
177651
177666
177682
177697
177712
177727
177742
177757
177772
177787
177802
177817
177833
177848
177863
177878
177893
177909
177924
177939
177954
177969
177984
177999
178014
178029
178044
178059
178074
178089
178105
178120
178135
178150
178165
178180
178195
178210
178225
178240
178255
178270
178285
178300
178315
178330
178345
178360
178375
178390
178405
178420
178435
178450
178465
178480
178495
178510
178525
178541
178556
178571
178586
178601
178616
178632
178648
178663
178678
178693
178708
178723
178738
178753
178768
178783
178798
178813
178828
178843
178858
178874
178889
178904
178919
178934
178949
178964
178980
178995
179010
179025
179040
179055
179070
179085
179100
179115
179130
179145
179160
179175
179190
179205
179220
179235
179250
179265
179280
179295
179310
179325
179340
179355
179370
179385
179400
179415
179430
179445
179460
179475
179490
179505
179520
179535
179550
179565
179580
179595
179610
179625
179641
179656
179671
179686
179701
179716
179731
179746
179761
179776
179792
179807
179822
179837
179852
179867
179882
179897
179912
179927
179942
179957
179972
179987
180002
180017
180032
180047
180062
180077
180092
180107
180122
180137
180152
180167
180182
180197
180212
