0.24999977648258206
0.24999983608722684
0.24999975040554995
0.49999949336051935
0.1874997701857079
0.2133880257606506
0.4999995231628417
0.12499990995387075
0.21338796615600583
0.036611604983658445
0.03661162778735161
0.12499989569187162
0.12499990314245223
0.21338807418942446
0.12499982118606562
0.10669399797916411
0.21338801586084874
0.12499986898651791
0.12499988824129102
0.4267759062349795
0.12499988079071042
0.28661126922816027
2.980232238793034e-08
0.09374980940130938
0.12499979225782919
0.06249993108212945
0.4267759472131728
3.7252903033978315e-09
0.03661157935857772
0.2133879512548446
0.0678615504875779
0.10983484610915183
0.12499990314245223
-3.725290297509984e-08
0.2667350992560386
0.07322315871715544
0.03661159798502922
0.036611612886190414
0.18749972432851789
0.06249993853271007
0.036611603187198576
0.2133879587054252
0.07322324067354201
0.18749974295496938
0.062499856576323495
0.42677602916955937
0.027458693832159035
0.2499996125698089
0.03661162964999675
0.2683053724467754
0.12499988079071042
0.12499984353780745
0.06249993992969392
0.18749975040554998
0.03661159053444862
0.12499990314245223
0.031249945051968094
0.10669402778148651
0.2499996572732925
0.24999974668025968
0.21338807046413416
0.12499991804361342
0.3955262154340744
0.03661159053444862
0.07322317361831664
-1.862645148754992e-08
0.03661160171031951
0.010723266750574107
0.12499984243474668
0.24999964180498943
0.12499986402690408
0.12499989569187162
0.06249989196658133
0.036611635237932205
0.12499981648180644
0.2133880704641342
0.062499916149903356
0.12499988079071042
0.03661158680915832
7.450580606795661e-09
0.12499982118606565
0.24999971868573928
0.18213817104697222
0.06249989421498545
0.499999484775655
0.036611612886190414
0.18749979510903353
0.03661159425973892
0.21338815987110132
0.24999966099858278
0.12499984244669538
0.03661159425973892
-1.4519901647559767e-17
0.499999314546585
0.24999960948367222
0.12499990314245223
-2.2351738238057802e-08
0.12499983236193656
-1.1175870900380414e-08
0.12499991059303281
0.2499997062692074
0.06249991990625857
0.24999962747097013
0.213388055562973
0.04576450586318969
0.01830580271780491
0.09374989382922647
0.018305780366063118
0.12499982118606565
0.0
0.0937498416751623
0.03661161474883556
0.06249992921948388
0.031249981373548487
0.2133880078395487
0.4999994635581969
3.725290298491292e-09
0.12499982863664626
0.12499988050713949
0.06249991059303282
0.21338796056807036
0.3642762824892998
0.10669393432965045
-9.037861399538083e-17
0.2133878450840711
0.4633876271545886
0.3749993965029716
0.249999850988388
0.3749993741512298
0.49999940395355214
0.2133880406618118
0.036611594259738915
0.03661159798502922
0.062499932479113327
0.2133879736065864
0.06249994039535521
0.2133880648761987
0.12499986588954923
0.062499947845935794
0.0732232508050948
0.18749968622490204
0.0624998654375961
0.03661157563328743
0.036611620336771004
0.18749970570206548
0.24999964982271192
0.03661160916090011
0.031249989755451672
0.24999979883432383
0.036611616611480706
0.12499982118606565
0.0366116315126419
0.0
0.18749979138374326
0.18749980442225928
0.07322319969534873
0.12499988079071042
0.4999991357326507
0.21338808536529538
0.07322315871715546
0.21338814496994016
5.215406417887809e-08
0.2133880797773599
0.12499983608722684
0.12499987334012984
-1.639127731139907e-07
0.0366116240620613
0.42677620798349375
0.03661161077640251
0.2133880797773599
0.2499997168779373
0.062499895691871615
0.21338801486835063
0.10669410973787306
0.21338811516761777
0.03661162033677101
0.10669403988867995
0.853551998734474
0.0732232630252838
0.03661160729825496
0.12499983608722684
0.036611620336771004
0.010723296552896496
0.21338807046413416
-2.2351741781134675e-08
0.07322318106889723
0.12499979883432387
0.07322327047586441
0.036611594259738915
0.062499918043613406
0.12499981373548506
0.21338808845266663
0.1249998152785503
0.21338807904312523
0.12499991059303281
0.09374978393316269
0.21338798907488948
0.2133880257606506
0.018305785953998562
0.32008207216858864
0.18749982118606565
0.03661157377064227
-5.960464477586068e-08
0.12499987334012984
3.725290303397831e-09
0.12499970493053733
0.12499977617957823
3.95126646982418e-09
0.49999964982271183
0.10669398121535777
0.18749973922967908
0.12499988079071042
0.036611635237932205
0.2499997168779373
0.24999980628490445
-1.490116118415209e-08
-2.2351741790947753e-08
0.2133879847824573
0.062499931082129465
0.12499988079071042
0.12499984554223806
0.010723290964961048
0.2316939532756805
0.12499985098838803
0.3749996721744536
0.18749970942735672
0.24999972517923025
0.21338803406194448
0.06249991618096826
0.10715401917696
0.036611568182706826
0.12499987334012984
0.07322322763502596
0.10669403709471224
7.450580606795661e-09
0.12499975785613057
0.42677632719278324
-3.7252902980006384e-08
0.0107233040034771
0.4267761707305907
-1.862644616323905e-08
0.24999957531690595
0.42677632719278324
0.21338797270268012
-2.182222402780098e-09
0.12499987334012984
0.21338809409420983
0.21338815614581105
0.49999939650297154
0.10669404859016263
0.03661161288619041
0.21338809554365717
7.450578820566987e-09
0.21338810399174685
0.06249989382922648
0.12499985098838803
7.450580606795661e-09
0.18749971129000184
0.18749970011413095
0.24999982118606562
0.010723281651735302
0.12499977275729177
0.12499977031031939
-1.1175870890567336e-08
0.49999950081109995
0.15624980395659802
0.12499988387683379
0.1249998889696524
0.1562498118728399
0.23169388994574544
0.062499867752194384
0.21338813006877894
0.18749966472387308
0.07165285549410336
0.0624998994171597
0.12499981001019475
0.12499987942259459
0.187499588355422
0.1249998062461357
0.8535526692867278
0.1249998770654201
0.10669401101768014
0.12499986588954923
0.12499986588954923
0.2499997168779373
0.036611601710319505
0.24999962864412237
0.21338810026645655
0.03661163151264191
0.4999994486570357
0.07322320342063904
0.062499962747096995
0.24999962747097013
0.036611597985029214
0.12499985857134276
0.1066940203309059
0.14644645154476166
0.2133881896734237
