26
57
80
105
134
158
180
214
243
269
300
329
356
383
411
444
469
495
527
547
574
601
622
651
682
713
745
768
794
817
836
862
892
919
945
976
1008
1040
1074
1102
1134
1164
1193
1219
1241
1273
1299
1322
1353
1381
1403
1422
1450
1479
1505
1534
1565
1588
1615
1643
1671
1705
1733
1755
1776
1802
1828
1853
1879
1906
1932
1958
1988
2019
2050
2075
2101
2131
2159
2189
2218
2249
2279
2298
2328
2356
2387
2417
2439
2465
2489
2519
2543
2571
2603
2626
2650
2683
2713
2753
2782
2805
2830
2859
2888
2916
2944
2974
3002
3029
3057
3087
3113
3140
3173
3200
3235
3257
3283
3316
3350
3377
3402
3426
3461
3483
3510
3538
3568
3594
3634
3660
3687
3721
3745
3769
3798
3824
3860
3888
3914
3939
3964
3984
4013
4048
4073
4099
4121
4156
4193
4229
4270
4300
4327
4357
4385
4414
4438
4465
4491
4514
4545
4575
4608
4634
4668
4695
4723
4750
4778
4802
4831
4852
4874
4904
4935
4965
4994
5023
5055
5079
5099
5127
5153
5175
5199
5227
5255
5276
5312
5341
5372
5395
5421
5450
5479
5509
5539
5572
5599
5627
5652
5680
5710
5732
5752
5782
5809
5837
5865
5890
5917
5953
5980
6006
6033
6063
6091
6122
6148
6175
6199
6234
6261
6285
6311
6338
6359
6379
6404
6429
6451
6475
6504
6534
6564
6590
6618
6642
6664
6691
6714
6750
6772
6800
6825
6861
6892
6923
6947
6985
7011
7039
7070
7100
7129
7157
7184
7211
7232
7264
7294
7318
7350
7379
7413
7437
7461
7487
7521
7554
7579
7607
7634
7660
7684
7708
7740
7772
7806
7830
7862
7884
7914
7952
7986
8013
8040
8061
8091
8115
8144
8173
8198
8218
8240
8264
8298
8321
8351
8378
8404
8425
8449
8479
8502
8525
8554
8581
8610
8637
8660
8684
8714
8734
8760
8793
8821
8846
8878
8907
8933
8956
8980
9002
9023
9052
9077
9103
9123
9155
9176
9199
9227
9249
9275
9301
9327
9353
9374
9403
9432
9460
9488
9515
9543
9567
9595
9615
9640
9669
9689
9710
9740
9777
9806
9840
9868
9895
9924
9949
9981
10008
10035
10060
10093
10121
10149
10174
10198
10222
10252
10276
10303
10331
10358
10381
10408
10437
10464
10484
10504
10526
10554
10581
10604
10633
10649
10673
10699
10730
10755
10776
10804
10825
10846
10872
10898
10919
10944
10968
10992
11018
11044
11069
11100
11125
11150
11170
11197
11228
11250
11280
11308
11341
11370
11397
11419
11447
11467
11487
11511
11533
11559
11584
11607
11635
11656
11686
11712
11736
11757
11783
11807
11830
11855
11878
11899
11925
11951
11979
12000
12030
12059
12085
12107
12134
12162
12194
12224
12248
12269
12297
12321
12351
12373
12392
12414
12435
12455
12485
12507
12530
12556
12577
12600
12629
12653
12679
12708
12730
12763
12790
12822
12843
12869
12899
12920
12947
12968
12992
13013
13031
13050
13070
13088
13108
13130
13152
13179
13208
13234
13258
13284
13307
13332
13351
13378
13395
13418
13436
13464
13489
13515
13543
13568
13590
13616
13645
13672
13701
13726
13751
13777
13800
13821
13847
13865
13892
13911
13935
13957
13982
14003
14022
14051
14070
14096
14124
14150
14176
14201
14222
14248
14272
14298
14320
14342
14365
14391
14415
14435
14458
14487
14506
14525
14546
14576
14603
14628
14654
14675
14699
14722
14747
14769
14789
14809
14832
14856
14878
14898
14920
14944
14963
14983
15005
15027
15056
15073
15096
15118
15139
15164
15184
15205
15228
15256
15277
15296
15318
15339
15362
15386
15409
15431
15456
15476
15501
15525
15547
15566
15588
15614
15639
15659
15678
15699
15724
15750
15768
15796
15823
15842
15867
15888
15913
15933
15956
15980
16000
16025
16046
16065
16088
16110
16139
16160
16182
16204
16234
16256
16278
16296
16325
16348
16373
16398
16421
16441
16463
16486
16512
16538
16561
16581
16603
16625
16649
16670
16692
16711
16732
16753
16774
16791
16812
16835
16859
16880
16901
16926
16950
16970
16988
17011
17033
17052
17074
17097
17116
17139
17161
17181
17200
17220
17242
17262
17282
17304
17327
17354
17373
17394
17417
17439
17459
17482
17502
17519
17544
17566
17582
17606
17631
17655
17682
17701
17727
17751
17781
17803
17822
17841
17858
17880
17909
17930
17947
17978
17998
18017
18035
18054
18081
18099
18127
18151
18170
18193
18213
18237
18259
18283
18303
18325
18354
18376
18394
18417
18441
18466
18488
18507
18527
18549
18567
18590
18614
18631
18648
18669
18691
18715
18735
18756
18777
18798
18816
18838
18860
18881
18904
18929
18952
18976
18995
19013
19034
19059
19078
19093
19112
19137
19157
19182
19202
19223
19242
19265
19285
19303
19320
19343
19365
19390
19414
19436
19456
19473
19491
19517
19538
19557
19580
19600
19620
19640
19658
19684
19708
19727
19747
19764
19785
19806
19827
19849
19868
19891
19909
19932
19954
19980
20000
20021
20040
20059
20075
20095
20117
20136
20155
20176
20198
20214
20235
20255
20278
20296
20316
20337
20358
20379
20398
20418
20437
20460
20482
20501
20518
20540
20557
20576
20598
20620
20641
20668
20692
20715
20736
20757
20777
20798
20821
20845
20863
20884
20906
20924
20942
20962
20983
21008
21027
21046
21063
21086
21106
21124
21140
21160
21181
21199
21217
21236
21256
21283
21302
21323
21344
21367
21389
21409
21429
21448
21471
21493
21511
21530
21552
21570
21594
21618
21638
21659
21677
21697
21717
21736
21755
21779
21798
21822
21841
21865
21888
21912
21933
21955
21974
21994
22012
22029
22050
22067
22085
22104
22122
22148
22171
22190
22214
22230
22252
22271
22291
22313
22335
22355
22379
22401
22420
22437
22463
22479
22502
22523
22542
22564
22583
22603
22626
22645
22661
22683
22704
22725
22742
22762
22783
22801
22820
22839
22861
22879
22896
22914
22934
22953
22972
22992
23014
23033
23052
23071
23090
23112
23133
23152
23171
23189
23210
23235
23253
23271
23289
23314
23334
23357
23375
23395
23413
23433
23451
23474
23497
23517
23537
23555
23575
23596
23613
23631
23653
23673
23694
23713
23731
23746
23764
23791
23813
23832
23854
23879
23896
23915
23932
23951
23974
23989
24008
24031
24053
24073
24092
24111
24127
24145
24166
24186
24204
24223
24242
24262
24285
24302
24323
24342
24364
24385
24404
24422
24441
24460
24480
24499
24517
24536
24551
24573
24594
24611
24630
24646
24662
24691
24709
24730
24750
24770
24790
24809
24828
24847
24867
24890
24912
24934
24959
24980
25001
25021
25041
25059
25079
25103
25122
25141
25160
25183
25201
25218
25239
25258
25277
25296
25315
25335
25354
25376
25393
25413
25434
25452
25469
25487
25504
25527
25545
25564
25583
25603
25621
25641
25661
25680
25701
25721
25737
25756
25775
25795
25813
25829
25849
25873
25892
25910
25928
25943
25964
25984
26002
26020
26041
26061
26078
26099
26122
26140
26161
26180
26196
26213
26233
26251
26269
26293
26313
26332
26354
26376
26394
26413
26435
26454
26473
26495
26516
26535
26554
26571
26590
26608
26624
26641
26659
26677
26698
26723
26742
26762
26784
26801
26819
26837
26854
26873
26893
26912
26931
26948
26966
26986
27007
27030
27052
27070
27093
27114
27130
27150
27170
27189
27210
27232
27256
27274
27295
27316
27341
27362
27380
27397
27417
27435
27455
27475
27494
27513
27533
27552
27573
27592
27611
27629
27648
27668
27687
27711
27729
27749
27768
27787
27804
27822
27840
27864
27882
27899
27917
27933
27953
27969
27985
28008
28026
28045
28061
28079
28102
28121
28145
28166
28189
28212
28230
28251
28266
28284
28301
28322
28342
28360
28383
28401
28420
28438
28457
28473
28494
28515
28536
28558
28576
28597
28616
28638
28655
28674
28692
28711
28733
28750
28768
28788
28807
28823
28841
28859
28875
28895
28912
28932
28951
28967
28983
29007
29022
29040
29058
29076
29092
29108
29125
29144
29166
29186
29204
29223
29241
29258
29276
29295
29315
29332
29347
29370
29387
29406
29426
29447
29464
29480
29499
29519
29537
29555
29573
29592
29615
29635
29653
29671
29689
29707
29724
29743
29759
29777
29794
29815
29832
29850
29869
29888
29906
29921
29939
29959
29976
29997
30014
30030
30047
30066
30086
30106
30123
30142
30160
30176
30194
30213
30232
30252
30271
30289
30309
30327
30343
30363
30384
30400
30418
30436
30458
30477
30493
30511
30531
30550
30571
30593
30612
30634
30653
30676
30695
30712
30729
30748
30768
30787
30805
30824
30843
30861
30880
30898
30915
30934
30954
30972
30990
31008
31025
31045
31063
31082
31099
31118
31136
31153
31168
31188
31205
31222
31238
31261
31278
31296
31314
31333
31352
31373
31389
31405
31421
31441
31460
31475
31496
31514
31535
31556
31573
31592
31607
31626
31644
31660
31682
31705
31725
31746
31765
31782
31801
31818
31841
31860
31877
31895
31914
31933
31950
31970
31991
32007
32026
32047
32065
32082
32099
32116
32133
32156
32172
32190
32208
32231
32248
32264
32282
32299
32316
32334
32351
32370
32389
32404
32421
32441
32459
32477
32496
32513
32534
32556
32576
32596
32616
32635
32652
32674
32692
32709
32733
32751
32771
32790
32811
32828
32846
32866
32886
32902
32920
32937
32958
32976
32993
33009
33025
33043
33059
33075
33094
33111
33130
33148
33166
33185
33202
33219
33235
33252
33270
33287
33304
33320
33339
33354
33374
33394
33411
33427
33447
33462
33477
33496
33513
33534
33552
33571
33589
33608
33626
33643
33659
33677
33692
33710
33725
33744
33760
33776
33794
33813
33829
33848
33865
33881
33901
33920
33935
33955
33976
33994
34015
34032
34053
34070
34087
34106
34124
34144
34159
34178
34194
34213
34232
34250
34266
34286
34307
34325
34342
34360
34378
34395
34411
34428
34444
34461
34479
34497
34516
34533
34552
34569
34587
34602
34617
34635
34653
34670
34687
34704
34723
34746
34762
34781
34797
34816
34832
34851
34873
34890
34905
34921
34938
34955
34978
34994
35011
35029
35047
35063
35079
35097
35113
35133
35149
35164
35179
35194
35212
35229
35246
35268
35285
35305
35321
35340
35356
35375
35392
35408
35427
35443
35459
35475
35490
35505
35523
35539
35554
35572
35588
35604
35622
35643
35659
35676
35693
35710
35728
35745
35764
35784
35800
35818
35834
35851
35868
35887
35905
35921
35938
35958
35977
35995
36013
36030
36049
36064
36079
36098
36113
36131
36148
36163
36181
36199
36216
36234
36252
36269
36286
36304
36323
36340
36358
36374
36391
36410
36428
36445
36465
36483
36505
36522
36538
36555
36572
36590
36606
36623
36643
36661
36681
36699
36716
36732
36752
36774
36791
36809
36825
36844
36862
36879
36897
36915
36933
36953
36968
36984
37000
37016
37032
37047
37065
37083
37098
37113
37131
37149
37166
37185
37201
37219
37238
37259
37276
37293
37308
37327
37347
37368
37386
37406
37422
37442
37458
37475
37492
37508
37524
37541
37557
37573
37589
37605
37621
37637
37653
37672
37690
37705
37723
37739
37755
37772
37787
37806
37824
37842
37860
37875
37892
37914
37933
37949
37967
37985
38004
38019
38034
38050
38066
38083
38098
38116
38135
38151
38166
38183
38202
38219
38240
38256
38275
38291
38309
38330
38347
38363
38380
38395
38410
38427
38445
38463
38484
38500
38517
38536
38554
38572
38590
38607
38623
38641
38657
38674
38693
38708
38724
38742
38760
38781
38797
38817
38832
38849
38869
38886
38902
38918
38933
38950
38968
38985
39001
39018
39035
39050
39068
39090
39107
39127
39143
39159
39175
39193
39208
39223
39239
39257
39274
39294
39311
39326
39342
39359
39375
39394
39411
39428
39444
39462
39477
39493
39511
39528
39545
39560
39576
39591
39610
39626
39644
39660
39675
39692
39708
39725
39743
39763
39780
39797
39814
39830
39847
39863
39880
39896
39912
39930
39950
39967
39983
40002
40019
40036
40053
40071
40087
40103
40119
40136
40152
40167
40185
40202
40218
40238
40255
40272
40291
40311
40328
40345
40362
40378
40398
40415
40432
40448
40463
40478
40494
40511
40530
40549
40567
40584
40602
40618
40635
40650
40667
40683
40700
40716
40734
40750
40769
40787
40803
40820
40836
40854
40871
40889
40907
40923
40939
40955
40971
40987
41002
41019
41034
41050
41065
41081
41098
41113
41128
41145
41162
41178
41194
41211
41226
41243
41261
41276
41291
41307
41324
41339
41355
41373
41391
41408
41424
41442
41458
41474
41490
41509
41524
41540
41555
41570
41586
41601
41617
41633
41652
41670
41687
41705
41721
41736
41755
41771
41787
41802
41818
41835
41851
41867
41883
41898
41914
41930
41945
41962
41979
41994
42010
42029
42045
42062
42079
42094
42109
42125
42142
42160
42178
42195
42211
42228
42246
42264
42279
42295
42310
42325
42342
42358
42376
42392
42410
42427
42443
42461
42478
42494
42509
42524
42540
42556
42571
42588
42605
42624
42641
42657
42673
42689
42704
42720
42736
42754
42771
42786
42804
42819
42835
42852
42867
42883
42900
42916
42931
42947
42962
42979
42995
43010
43026
43042
43059
43075
43092
43108
43124
43141
43156
43173
43189
43207
43222
43238
43254
43269
43286
43301
43317
43334
43351
43366
43384
43402
43418
43436
43453
43471
43487
43504
43521
43538
43556
43573
43589
43605
43625
43643
43658
43675
43691
43707
43725
43741
43758
43774
43790
43807
43823
43839
43855
43870
43886
43904
43919
43936
43952
43968
43986
44003
44020
44036
44056
44072
44088
44105
44121
44137
44154
44170
44186
44204
44221
44237
44253
44268
44284
44299
44316
44332
44347
44365
44383
44398
44415
44430
44446
44462
44477
44493
44508
44525
44542
44558
44575
44591
44608
44625
44641
44657
44675
44691
44707
44723
44738
44753
44768
44785
44803
44818
44833
44849
44864
44882
44899
44918
44935
44950
44967
44984
44999
45015
45030
45046
45062
45080
45097
45112
45127
45144
45161
45177
45193
45209
45225
45243
45258
45275
45292
45307
45323
45340
45359
45374
45389
45406
45421
45441
45456
45471
45487
45502
45517
45536
45552
45568
45584
45601
45618
45636
45653
45668
45684
45701
45716
45733
45748
45764
45782
45798
45815
45832
45848
45865
45881
45899
45914
45930
45945
45961
45978
45994
46009
46024
46040
46059
46074
46091
46106
46121
46138
46153
46169
46186
46203
46218
46234
46249
46265
46281
46299
46315
46333
46350
46368
46384
46402
46418
46435
46451
46467
46485
46502
46518
46538
46553
46571
46587
46606
46622
46641
46658
46674
46690
46705
46721
46737
46752
46767
46783
46798
46815
46830
46845
46861
46878
46893
46909
46925
46942
46957
46973
46989
47005
47021
47037
47053
47069
47086
47101
47116
47132
47147
47162
47178
47193
47209
47225
47240
47255
47271
47290
47307
47323
47338
47354
47370
47387
47402
47419
47436
47451
47466
47482
47497
47515
47530
47548
47564
47580
47597
47614
47629
47646
47661
47676
47693
47708
47724
47742
47759
47777
47793
47810
47825
47840
47856
47874
47890
47905
47921
47938
47954
47969
47985
48001
48016
48032
48049
48066
48083
48099
48116
48132
48147
48162
48178
48194
48209
48225
48240
48256
48273
48288
48303
48318
48337
48353
48369
48386
48401
48417
48432
48449
48464
48480
48496
48513
48528
48544
48561
48579
48594
48610
48626
48641
48656
48673
48688
48704
48720
48735
48751
48766
48782
48800
48816
48832
48849
48866
48881
48899
48918
48933
48949
48964
48980
48998
49013
49028
49046
49061
49078
49095
49110
49125
49140
49156
49171
49187
49203
49218
49233
49249
49264
49282
49299
49314
49332
49347
49364
49380
49396
49412
49429
49444
49460
49476
49493
49508
49523
49539
49555
49570
49586
49602
49617
49632
49647
49664
49681
49696
49711
49728
49743
49758
49774
49789
49805
49822
49838
49855
49870
49886
49903
49919
49934
49950
49965
49981
49997
50014
50031
50046
50061
50076
50091
50108
50123
50139
50154
50170
50186
50201
50218
50234
50249
50264
50280
50296
50312
50327
50343
50358
50373
50389
50406
50423
50439
50455
50472
50488
50505
50523
50540
50555
50570
50585
50603
50618
50634
50651
50666
50682
50698
50714
50729
50744
50761
50777
50792
50810
50826
50843
50859
50874
50889
50905
50920
50935
50951
50966
50982
50997
51013
51029
51044
51059
51074
51090
51107
51123
51139
51154
51170
51187
51202
51217
51233
51249
51266
51282
51297
51313
51330
51345
51360
51376
51392
51407
51422
51437
51454
51471
51487
51502
51518
51533
51548
51563
51579
51594
51609
51624
51640
51656
51671
51687
51703
51719
51734
51751
51767
51782
51799
51814
51829
51844
51859
51874
51889
51905
51921
51937
51953
51968
51986
52002
52017
52033
52048
52064
52080
52098
52117
52132
52148
52165
52182
52197
52212
52227
52244
52261
52276
52291
52306
52322
52337
52352
52367
52384
52400
52415
52430
52447
52463
52478
52495
52510
52527
52543
52560
52575
52590
52606
52622
52637
52652
52668
52683
52700
52716
52731
52746
52761
52778
52793
52811
52830
52845
52861
52879
52895
52910
52926
52941
52957
52975
52990
53007
53022
53039
53054
53069
53085
53101
53116
53132
53148
53166
53181
53196
53211
53226
53242
53258
53273
53289
53304
53319
53335
53350
53365
53380
53395
53411
53426
53441
53456
53472
53488
53504
53524
53541
53559
53575
53592
53610
53626
53641
53656
53671
53686
53702
53718
53733
53750
53766
53783
53798
53813
53828
53844
53859
53877
53893
53909
53927
53943
53959
53975
53990
54005
54022
54037
54053
54069
54086
54101
54119
54134
54151
54167
54183
54199
54214
54231
54246
54261
54277
54293
54308
54323
54340
54356
54372
54387
54405
54420
54435
54450
54466
54482
54499
54515
54531
54548
54564
54581
54597
54613
54628
54644
54660
54675
54690
54705
54721
54737
54753
54769
54785
54800
54818
54834
54850
54866
54881
54896
54911
54927
54942
54958
54974
54989
55004
55020
55036
55051
55068
55083
55100
55116
55131
55147
55164
55179
55194
55209
55224
55240
55256
55274
55290
55306
55321
55337
55355
55371
55387
55405
55421
55437
55453
55471
55488
55503
55518
55533
55549
55565
55582
55599
55614
55635
55650
55665
55682
55698
55714
55729
55745
55761
55776
55792
55807
55822
55839
55855
55871
55887
55902
55918
55934
55949
55964
55979
55995
56011
56027
56043
56058
56073
56089
56104
56119
56136
56152
56167
56183
56198
56213
56229
56245
56260
56277
56294
56310
56325
56340
56356
56372
56387
56403
56418
56433
56448
56463
56479
56494
56509
56525
56540
56556
56572
56587
56602
56617
56633
56650
56665
56681
56697
56714
56729
56746
56761
56777
56792
56807
56822
56837
56852
56869
56884
56900
56915
56931
56948
56965
56982
56997
57014
57030
57045
57062
57078
57094
57109
57124
57139
57155
57171
57187
57203
57218
57233
57250
57267
57283
57298
57313
57328
57343
57358
57373
57389
57404
57420
57435
57451
57467
57483
57499
57515
57530
57546
57561
57576
57591
57606
57622
57637
57653
57668
57684
57699
57716
57732
57749
57764
57779
57795
57812
57827
57842
57857
57873
57888
57904
57919
57935
57953
57968
57983
58000
58016
58031
58047
58062
58077
58093
58108
58123
58139
58154
58171
58188
58204
58219
58234
58249
58265
58281
58296
58311
58326
58341
58357
58373
58390
58406
58422
58438
58454
58470
58485
58501
58517
58533
58548
58563
58578
58596
58611
58626
58641
58658
58674
58690
58705
58720
58735
58750
58765
58781
58796
58811
58827
58843
58859
58874
58890
58905
58921
58936
58951
58967
58982
58997
59012
59028
59043
59059
59076
59092
59109
59125
59141
59157
59172
59187
59202
59217
59232
59247
59263
59278
59294
59310
59325
59340
59355
59371
59387
59402
59418
59434
59449
59464
59481
59497
59512
59527
59542
59557
59573
59589
59605
59620
59635
59651
59668
59685
59700
59715
59731
59746
59761
59776
59792
59807
59823
59841
59856
59871
59887
59904
59920
59935
59953
59968
59986
60001
60017
60033
60050
60065
60081
60096
60112
60128
60144
60161
60176
60192
60208
60223
60238
60254
60269
60285
60300
60316
60333
60349
60365
60381
60397
60413
60428
60443
60459
60475
60491
60506
60522
60539
60554
60572
60587
60602
60619
60637
60652
60668
60683
60698
60713
60729
60744
60760
60776
60793
60809
60825
60841
60856
60874
60889
60905
60920
60936
60953
60968
60983
61002
61017
61034
61049
61064
61081
61098
61114
61129
61145
61160
61177
61193
61208
61224
61239
61256
61272
61288
61303
61320
61335
61350
61367
61382
61398
61414
61431
