0.9834218621253967
0.97688227891922
0.9735989570617676
0.9768880605697632
0.9703588485717773
0.9736209511756897
0.9703588485717773
0.9606834650039673
0.9606834650039673
0.9966708421707153
0.9867440462112427
0.9670865535736084
0.9736209511756897
0.994676411151886
0.9980009198188782
0.9606834650039673
0.9781562089920044
0.9781562089920044
0.978806734085083
0.9703589081764221
0.9736209511756897
0.9768986701965332
0.9801712036132812
0.9847432374954224
0.9867220520973206
0.97688227891922
0.9606834650039673
0.9781784415245056
0.9606834650039673
0.9703810811042786
0.9606834650039673
0.976865828037262
0.9880509972572327
0.9834495782852173
0.9867384433746338
0.9703810811042786
0.9606611728668213
0.9801712036132812
0.9736209511756897
0.9834548830986023
0.9671521186828613
0.9900330901145935
0.9736317992210388
0.9703645706176758
0.9953380227088928
0.9606834650039673
0.9768711924552917
0.9606611728668213
0.9671086668968201
0.9801657199859619
0.9834218621253967
0.9801712036132812
0.9735878109931946
0.9768711924552917
0.9671086668968201
0.9880563020706177
0.9703645706176758
0.9926819801330566
0.9834550619125366
0.976865828037262
0.9834439158439636
0.9801712036132812
0.9781562089920044
0.9703589081764221
0.9671086668968201
0.994676411151886
0.9801712036132812
0.9735878109931946
0.991352379322052
0.9893752336502075
0.9801657199859619
0.9736209511756897
0.991352379322052
0.9703589081764221
0.9834383726119995
0.9671086668968201
0.9834495782852173
0.9781784415245056
0.9834495782852173
0.9606834650039673
0.9867440462112427
0.9834495782852173
0.9671086668968201
0.9736209511756897
0.976865828037262
0.9867384433746338
0.9703589081764221
0.9768711924552917
0.9847386479377747
0.9703588485717773
0.9893696904182434
0.9900276064872742
0.9735878109931946
0.9703645706176758
0.9670865535736084
0.9960063695907593
0.9703645706176758
0.9893696904182434
0.9834550619125366
0.9834495782852173
0.976865828037262
0.9606611728668213
0.9703645706176758
0.9860531687736511
0.9867384433746338
0.9867384433746338
0.9893696904182434
0.9993331432342529
0.976865828037262
0.9735989570617676
0.976865828037262
0.9703588485717773
0.9887157082557678
0.9834439158439636
0.9736209511756897
0.9703589081764221
0.9736209511756897
0.9834550619125366
0.9703589081764221
0.9893696904182434
0.9671086668968201
0.9788311123847961
0.9834218621253967
0.9880507588386536
0.9671086668968201
0.9736209511756897
0.9736209511756897
0.9736317992210388
0.9671086668968201
0.9801328778266907
0.9801109433174133
0.9736209511756897
0.9880563020706177
0.9736431837081909
0.9671086668968201
0.9606834650039673
0.9834550619125366
0.9606834650039673
0.9768711924552917
0.9768880605697632
0.9736209511756897
0.9801712036132812
0.9867384433746338
0.9671521186828613
0.9834550619125366
0.9834550619125366
0.9880507588386536
0.9606611728668213
0.9671521186828613
0.9834495782852173
0.9606834650039673
0.9768986701965332
0.9834218621253967
0.9735989570617676
0.9671086668968201
0.9736209511756897
0.9913520216941833
0.9736431837081909
0.9801657199859619
0.9801657199859619
0.9606834650039673
0.9606834650039673
0.9788311123847961
0.97688227891922
0.9900276064872742
0.9703588485717773
0.9670865535736084
0.9671521186828613
0.9736209511756897
0.9736209511756897
0.9926819801330566
0.9670865535736084
0.9801712036132812
0.9973360300064087
0.9606611728668213
0.9671086668968201
0.9893696904182434
0.9834218621253967
0.9768711924552917
0.9880509972572327
0.9703810811042786
0.9847432374954224
0.9671086668968201
0.9801712036132812
0.9670865535736084
0.9781562089920044
0.9788311123847961
0.9834495782852173
0.9801712036132812
0.976865828037262
0.9834495782852173
0.9606834650039673
0.9671086668968201
0.9736431837081909
0.9893752336502075
0.9801712036132812
0.9703589081764221
0.9867384433746338
0.9606611728668213
0.994676411151886
