0.000000000000000000e+00
0.000000000000000000e+00
0.000000000000000000e+00
4.999999701976776123e-01
0.000000000000000000e+00
1.249999850988388062e-01
0.000000000000000000e+00
0.000000000000000000e+00
2.499999701976776123e-01
0.000000000000000000e+00
2.499999701976776123e-01
2.499999701976776123e-01
1.249999552965164185e-01
1.249999776482582092e-01
1.249999776482582092e-01
2.499999701976776123e-01
2.499999701976776123e-01
0.000000000000000000e+00
0.000000000000000000e+00
0.000000000000000000e+00
1.249999776482582092e-01
0.000000000000000000e+00
0.000000000000000000e+00
1.249999850988388062e-01
0.000000000000000000e+00
4.999999403953552246e-01
2.499999701976776123e-01
0.000000000000000000e+00
0.000000000000000000e+00
1.249999776482582092e-01
0.000000000000000000e+00
2.499999701976776123e-01
2.133883088827133179e-01
1.249999850988388062e-01
0.000000000000000000e+00
0.000000000000000000e+00
0.000000000000000000e+00
1.249999850988388062e-01
0.000000000000000000e+00
2.499999701976776123e-01
0.000000000000000000e+00
0.000000000000000000e+00
4.999999701976776123e-01
0.000000000000000000e+00
0.000000000000000000e+00
0.000000000000000000e+00
0.000000000000000000e+00
4.999999701976776123e-01
0.000000000000000000e+00
0.000000000000000000e+00
0.000000000000000000e+00
1.249999850988388062e-01
0.000000000000000000e+00
4.999999701976776123e-01
2.499999701976776123e-01
2.499999701976776123e-01
0.000000000000000000e+00
0.000000000000000000e+00
2.499999701976776123e-01
0.000000000000000000e+00
0.000000000000000000e+00
2.499999701976776123e-01
4.999999403953552246e-01
0.000000000000000000e+00
0.000000000000000000e+00
0.000000000000000000e+00
4.267766177654266357e-01
3.661164268851280212e-02
0.000000000000000000e+00
1.249999850988388062e-01
0.000000000000000000e+00
0.000000000000000000e+00
2.499999701976776123e-01
2.499999701976776123e-01
0.000000000000000000e+00
2.499999701976776123e-01
2.499999701976776123e-01
7.322328537702560425e-02
0.000000000000000000e+00
2.499999701976776123e-01
2.499999701976776123e-01
0.000000000000000000e+00
2.499999701976776123e-01
0.000000000000000000e+00
4.999999403953552246e-01
1.249999850988388062e-01
0.000000000000000000e+00
2.499999701976776123e-01
0.000000000000000000e+00
3.661164268851280212e-02
0.000000000000000000e+00
0.000000000000000000e+00
1.249999850988388062e-01
2.499999701976776123e-01
1.249999850988388062e-01
4.999999701976776123e-01
0.000000000000000000e+00
0.000000000000000000e+00
1.249999850988388062e-01
2.499999701976776123e-01
0.000000000000000000e+00
0.000000000000000000e+00
0.000000000000000000e+00
2.499999701976776123e-01
0.000000000000000000e+00
4.999999403953552246e-01
2.499999552965164185e-01
0.000000000000000000e+00
0.000000000000000000e+00
0.000000000000000000e+00
0.000000000000000000e+00
0.000000000000000000e+00
0.000000000000000000e+00
4.267766177654266357e-01
0.000000000000000000e+00
4.999999701976776123e-01
0.000000000000000000e+00
0.000000000000000000e+00
4.999999701976776123e-01
4.267766177654266357e-01
1.249999850988388062e-01
9.999998807907104492e-01
2.499999701976776123e-01
0.000000000000000000e+00
4.999999701976776123e-01
1.249999850988388062e-01
0.000000000000000000e+00
1.249999850988388062e-01
9.999998807907104492e-01
0.000000000000000000e+00
0.000000000000000000e+00
0.000000000000000000e+00
0.000000000000000000e+00
2.499999701976776123e-01
2.499999701976776123e-01
2.499999701976776123e-01
0.000000000000000000e+00
0.000000000000000000e+00
2.499999701976776123e-01
0.000000000000000000e+00
0.000000000000000000e+00
1.249999850988388062e-01
0.000000000000000000e+00
2.133883088827133179e-01
3.661164268851280212e-02
4.999999701976776123e-01
0.000000000000000000e+00
1.249999850988388062e-01
2.499999701976776123e-01
0.000000000000000000e+00
2.499999701976776123e-01
0.000000000000000000e+00
1.249999776482582092e-01
0.000000000000000000e+00
1.249999776482582092e-01
0.000000000000000000e+00
0.000000000000000000e+00
0.000000000000000000e+00
4.999999701976776123e-01
2.499999701976776123e-01
6.249998509883880615e-02
1.249999776482582092e-01
1.249999850988388062e-01
2.133883088827133179e-01
1.249999776482582092e-01
0.000000000000000000e+00
2.499999701976776123e-01
1.249999776482582092e-01
0.000000000000000000e+00
0.000000000000000000e+00
0.000000000000000000e+00
1.249999850988388062e-01
2.499999701976776123e-01
7.322330027818679810e-02
0.000000000000000000e+00
0.000000000000000000e+00
3.661165013909339905e-02
0.000000000000000000e+00
2.499999552965164185e-01
2.499999254941940308e-01
0.000000000000000000e+00
2.499999701976776123e-01
2.499999254941940308e-01
2.133882939815521240e-01
1.249999552965164185e-01
0.000000000000000000e+00
0.000000000000000000e+00
0.000000000000000000e+00
0.000000000000000000e+00
1.249999776482582092e-01
2.499999701976776123e-01
4.999999701976776123e-01
1.249999776482582092e-01
0.000000000000000000e+00
1.249999850988388062e-01
2.499999701976776123e-01
2.133882939815521240e-01
0.000000000000000000e+00
1.249999850988388062e-01
0.000000000000000000e+00
1.249999850988388062e-01
0.000000000000000000e+00
0.000000000000000000e+00
1.249999776482582092e-01
2.499999701976776123e-01
0.000000000000000000e+00
4.999999701976776123e-01
0.000000000000000000e+00
2.499999701976776123e-01
1.249999850988388062e-01
7.322327792644500732e-02
2.133882641792297363e-01
0.000000000000000000e+00
2.499999701976776123e-01
2.499999701976776123e-01
2.499999701976776123e-01
0.000000000000000000e+00
0.000000000000000000e+00
0.000000000000000000e+00
2.499999701976776123e-01
0.000000000000000000e+00
1.249999850988388062e-01
2.499999552965164185e-01
2.499999701976776123e-01
0.000000000000000000e+00
0.000000000000000000e+00
0.000000000000000000e+00
2.499999701976776123e-01
4.999999701976776123e-01
4.999999701976776123e-01
4.999999701976776123e-01
0.000000000000000000e+00
0.000000000000000000e+00
2.499999701976776123e-01
2.499999701976776123e-01
2.499999701976776123e-01
1.249999850988388062e-01
2.499999701976776123e-01
3.661164268851280212e-02
1.249999850988388062e-01
0.000000000000000000e+00
0.000000000000000000e+00
0.000000000000000000e+00
0.000000000000000000e+00
0.000000000000000000e+00
1.249999776482582092e-01
0.000000000000000000e+00
3.661165013909339905e-02
0.000000000000000000e+00
1.249999850988388062e-01
2.499999701976776123e-01
2.499999701976776123e-01
0.000000000000000000e+00
1.249999776482582092e-01
4.999999403953552246e-01
0.000000000000000000e+00
2.499999701976776123e-01
0.000000000000000000e+00
1.249999776482582092e-01
2.499999701976776123e-01
2.499999552965164185e-01
0.000000000000000000e+00
0.000000000000000000e+00
2.499999701976776123e-01
0.000000000000000000e+00
1.249999776482582092e-01
0.000000000000000000e+00
3.661162778735160828e-02
0.000000000000000000e+00
2.499999701976776123e-01
4.999999403953552246e-01
4.999999701976776123e-01
2.499999701976776123e-01
0.000000000000000000e+00
1.249999850988388062e-01
0.000000000000000000e+00
0.000000000000000000e+00
1.249999850988388062e-01
4.999999701976776123e-01
2.499999105930328369e-01
0.000000000000000000e+00
0.000000000000000000e+00
0.000000000000000000e+00
0.000000000000000000e+00
1.249999850988388062e-01
0.000000000000000000e+00
0.000000000000000000e+00
0.000000000000000000e+00
0.000000000000000000e+00
2.499999701976776123e-01
0.000000000000000000e+00
0.000000000000000000e+00
0.000000000000000000e+00
2.499999552965164185e-01
4.267766177654266357e-01
0.000000000000000000e+00
0.000000000000000000e+00
4.999999701976776123e-01
0.000000000000000000e+00
0.000000000000000000e+00
2.499999701976776123e-01
1.874999403953552246e-01
9.999998807907104492e-01
2.499999254941940308e-01
1.249999850988388062e-01
0.000000000000000000e+00
3.661165013909339905e-02
1.249999850988388062e-01
4.999999403953552246e-01
2.499999701976776123e-01
2.499999552965164185e-01
2.499999701976776123e-01
0.000000000000000000e+00
0.000000000000000000e+00
0.000000000000000000e+00
0.000000000000000000e+00
2.499999701976776123e-01
0.000000000000000000e+00
0.000000000000000000e+00
1.249999850988388062e-01
2.499999701976776123e-01
2.499999701976776123e-01
1.249999776482582092e-01
0.000000000000000000e+00
0.000000000000000000e+00
0.000000000000000000e+00
0.000000000000000000e+00
0.000000000000000000e+00
0.000000000000000000e+00
0.000000000000000000e+00
2.499999701976776123e-01
4.999999701976776123e-01
2.133883088827133179e-01
2.499999701976776123e-01
0.000000000000000000e+00
1.249999627470970154e-01
0.000000000000000000e+00
1.249999850988388062e-01
1.249999850988388062e-01
0.000000000000000000e+00
2.499999701976776123e-01
0.000000000000000000e+00
0.000000000000000000e+00
1.249999627470970154e-01
2.499999701976776123e-01
2.499999701976776123e-01
0.000000000000000000e+00
2.499999701976776123e-01
2.499999701976776123e-01
0.000000000000000000e+00
4.999999403953552246e-01
2.499999552965164185e-01
1.249999776482582092e-01
2.499999701976776123e-01
0.000000000000000000e+00
9.999998807907104492e-01
2.133883088827133179e-01
0.000000000000000000e+00
0.000000000000000000e+00
2.499999552965164185e-01
0.000000000000000000e+00
1.249999850988388062e-01
2.499999254941940308e-01
0.000000000000000000e+00
2.499999701976776123e-01
0.000000000000000000e+00
2.499999552965164185e-01
0.000000000000000000e+00
0.000000000000000000e+00
0.000000000000000000e+00
4.999999403953552246e-01
1.249999850988388062e-01
1.249999850988388062e-01
3.661163523793220520e-02
0.000000000000000000e+00
0.000000000000000000e+00
0.000000000000000000e+00
0.000000000000000000e+00
0.000000000000000000e+00
2.499999701976776123e-01
0.000000000000000000e+00
0.000000000000000000e+00
2.499999701976776123e-01
0.000000000000000000e+00
0.000000000000000000e+00
2.499999701976776123e-01
1.249999850988388062e-01
1.249999776482582092e-01
1.249999850988388062e-01
1.249999627470970154e-01
0.000000000000000000e+00
1.249999776482582092e-01
4.999999403953552246e-01
0.000000000000000000e+00
1.249999776482582092e-01
1.249999850988388062e-01
4.999999403953552246e-01
4.267766177654266357e-01
2.499999701976776123e-01
7.322330027818679810e-02
0.000000000000000000e+00
0.000000000000000000e+00
2.499999701976776123e-01
4.999999403953552246e-01
0.000000000000000000e+00
4.999999403953552246e-01
0.000000000000000000e+00
1.249999850988388062e-01
2.499999701976776123e-01
0.000000000000000000e+00
2.499999701976776123e-01
0.000000000000000000e+00
1.249999850988388062e-01
0.000000000000000000e+00
1.249999850988388062e-01
0.000000000000000000e+00
0.000000000000000000e+00
0.000000000000000000e+00
2.499999701976776123e-01
0.000000000000000000e+00
0.000000000000000000e+00
0.000000000000000000e+00
2.499999701976776123e-01
0.000000000000000000e+00
0.000000000000000000e+00
1.249999850988388062e-01
1.249999850988388062e-01
2.499999701976776123e-01
0.000000000000000000e+00
0.000000000000000000e+00
1.249999850988388062e-01
0.000000000000000000e+00
2.499999701976776123e-01
1.249999850988388062e-01
2.499999701976776123e-01
0.000000000000000000e+00
1.249999850988388062e-01
4.999999403953552246e-01
1.249999850988388062e-01
7.322330027818679810e-02
0.000000000000000000e+00
1.249999776482582092e-01
1.249999850988388062e-01
0.000000000000000000e+00
0.000000000000000000e+00
0.000000000000000000e+00
9.999998807907104492e-01
4.267766177654266357e-01
0.000000000000000000e+00
2.499999254941940308e-01
1.249999850988388062e-01
4.999999701976776123e-01
1.249999850988388062e-01
0.000000000000000000e+00
2.499999701976776123e-01
0.000000000000000000e+00
0.000000000000000000e+00
1.249999850988388062e-01
0.000000000000000000e+00
2.499999701976776123e-01
1.249999850988388062e-01
1.249999776482582092e-01
0.000000000000000000e+00
0.000000000000000000e+00
