32
71
113
156
192
230
264
305
347
392
436
473
525
563
595
634
668
702
750
783
818
855
881
923
963
992
1032
1067
1104
1140
1181
1218
1260
1289
1328
1360
1393
1435
1475
1503
1535
1578
1606
1637
1675
1712
1747
1785
1825
1861
1902
1937
1969
2006
2041
2085
2130
2164
2203
2241
2279
2320
2355
2396
2426
2469
2504
2540
2579
2605
2641
2678
2717
2754
2789
2815
2848
2882
2916
2947
2987
3021
3063
3102
3142
3175
3218
3258
3287
3325
3360
3397
3428
3465
3507
3550
3579
3616
3667
3708
3752
3787
3826
3866
3902
3927
3964
3989
4018
4050
4092
4126
4159
4198
4242
4285
4317
4355
4393
4428
4466
4493
4534
4578
4623
4658
4691
4732
4766
4810
4852
4889
4929
4965
5004
5041
5080
5122
5160
5196
5235
5269
5299
5338
5369
5408
5451
5475
5513
5544
5578
5612
5649
5693
5733
5766
5799
5844
5878
5914
5954
5989
6027
6061
6102
6149
6179
6223
6260
6298
6333
6373
6404
6439
6474
6504
6544
6587
6616
6657
6691
6721
6762
6793
6817
6849
6890
6921
6962
6996
7033
7070
7109
7146
7188
7227
7263
7302
7345
7394
7424
7456
7493
7531
7572
7615
7657
7700
7733
7764
7802
7846
7879
7914
7943
7988
8026
8058
8105
8138
8171
8205
8246
8279
8314
8347
8376
8419
8455
8496
8533
8582
8609
8640
8665
8699
8728
8772
8807
8844
8882
8924
8962
8994
9036
9071
9111
9156
9190
9222
9265
9294
9334
9372
9412
9450
9489
9517
9551
9582
9614
9648
9689
9727
9772
9803
9838
9875
9917
9960
9999
10047
10076
10110
10148
10186
10231
10259
10289
10327
10374
10408
10441
10482
10522
10561
10590
10631
10659
10704
10743
10785
10816
10852
10887
10918
10956
10993
11019
11062
11096
11131
11165
11192
11222
11256
11289
11326
11354
11393
11421
11462
11493
11530
11566
11598
11640
11681
11721
11750
11787
11823
11860
11893
11924
11952
11997
12029
12055
12087
12125
12151
12180
12226
12261
12304
12340
12380
12422
12453
12489
12530
12563
12601
12632
12659
12698
12725
12761
12790
12819
12853
12891
12927
12963
13004
13046
13090
13122
13156
13188
13222
13256
13285
13321
13357
13390
13430
13472
13508
13537
13573
13605
13642
13680
13716
13757
13802
13847
13886
13925
13957
13997
14027
14055
14093
14127
14172
14210
14244
14278
14317
14351
14395
14429
14472
14507
14547
14588
14622
14655
14677
14712
14748
14773
14804
14833
14862
14901
14933
14971
15012
15043
15078
15120
15155
15194
15239
15274
15311
15348
15383
15418
15456
15492
15521
15553
15590
15622
15667
15709
15741
15789
15828
15863
15887
15930
15970
16005
16048
16082
16119
16154
16191
16225
16267
16294
16333
16378
16415
16450
16488
16514
16545
16593
16625
16664
16697
16741
16773
16805
16844
16877
16914
16958
16992
17028
17063
17096
17128
17167
17203
17227
17263
17303
17341
17378
17408
17441
17474
17518
17549
17589
17619
17651
17690
17717
17752
17793
17819
17845
17884
17921
17961
18003
18039
18080
18117
18156
18181
18222
18266
18304
18338
18375
18417
18454
18488
18528
18562
18598
18636
18672
18705
18736
18774
18805
18854
18894
18926
18960
19003
19048
19084
19118
19161
19208
19255
19291
19329
19370
19405
19433
19474
19510
19556
19589
19630
19669
19711
19753
19793
19829
19877
19916
19957
19982
20014
20056
20092
20141
20178
20203
20232
20261
20286
20321
20357
20386
20421
20462
20505
20543
20583
20624
20659
20687
20716
20754
20792
20831
20874
20907
20935
20972
21017
21048
21086
21116
21152
21196
21229
21274
21310
21343
21373
21414
21439
21472
21520
21549
21585
21624
21664
21705
21739
21779
21814
21845
21875
21916
21952
21993
22019
22060
22093
22135
22171
22207
22242
22276
22306
22339
22375
22409
22446
22478
22511
22547
22589
22630
22665
22703
22742
22781
22814
22849
22887
22925
22955
22994
23034
23079
23117
23160
23201
23233
23261
23295
23336
23379
23421
23464
23502
23545
23577
23616
23653
23686
23727
23769
23812
23851
23891
23932
23965
24001
24037
24076
24122
24156
24191
24233
24269
24313
24347
24373
24408
24441
24478
24512
24547
24581
24613
24652
24687
24731
24768
24801
24841
24874
24907
24945
24988
25030
25064
25092
25125
25167
25205
25246
25288
25333
25370
25407
25433
25466
25501
25535
25571
25605
25640
25681
25727
25759
25800
25845
25883
25925
25958
26001
26050
26084
26121
26160
26195
26231
26261
26294
26326
26360
26399
26431
26461
26485
26522
26554
26595
26623
26652
26690
26726
26752
26786
26830
26872
26905
26942
26984
27022
27062
27102
27140
27164
27201
27233
27276
27313
27340
27372
27411
27445
27475
27513
27554
27590
27633
27660
27701
27748
27789
27833
27862
27899
27938
27969
28012
28049
28093
28127
28165
28202
28241
28270
28310
28342
28374
28416
28453
28484
28514
28562
28599
28648
28683
28722
28763
28798
28840
28872
28903
28943
28981
29014
29060
29091
29124
29162
29202
29240
29279
29317
29357
29396
29437
29477
29520
29549
29573
29605
29635
29667
29701
29741
29772
29804
29829
29864
29892
29921
29955
29990
30030
30067
30092
30139
30169
30206
30256
30289
30327
30369
30401
30437
30475
30516
30544
30585
30620
30656
30704
30735
30769
30808
30847
30884
30929
30967
31005
31039
31072
31110
31154
31189
31224
31257
31296
31328
31365
31386
31416
31454
31498
31534
31564
31592
31632
31674
31714
31749
31784
31817
31846
31884
31918
31959
31994
32039
32080
32115
32151
32191
32229
32269
32310
32345
32379
32419
32454
32498
32536
32581
32613
32648
32690
32723
32763
32800
32831
32864
32895
32930
32960
33008
33043
33085
33121
33156
33187
33220
33252
33293
33330
33373
33410
33458
33494
33529
33567
33602
33626
33664
33695
33736
33767
33802
33844
33887
33926
33974
34013
34049
34092
34123
34157
34185
34226
34252
34290
34327
34361
34399
34441
34474
34505
34535
34572
34609
34651
34680
34717
34747
34788
34820
34866
34896
34930
34960
35005
35040
35079
35107
35146
35183
35222
35256
35285
35322
35362
35390
35427
35460
35490
35521
35562
35593
35632
35666
35708
35744
35782
35815
35855
35890
35927
35963
35997
36040
36069
36104
36136
36172
36205
36242
36291
36324
36361
36403
36443
36490
36529
36575
36601
36635
36672
36710
36744
36788
36828
36866
36905
36942
36985
37024
37066
37101
37134
37177
37208
37246
37287
37320
37351
37382
37418
37463
37502
37535
37565
37600
37632
37669
37711
37739
37769
37809
37848
37881
37918
37953
37990
38026
38065
38093
38131
38161
38189
38223
38254
38295
38335
38373
38409
38456
38495
38524
38547
38583
38625
38664
38699
38743
38793
38827
38863
38892
38926
38965
39000
39034
39070
39114
39155
39189
39221
39255
39289
39322
39356
39401
39440
39479
39508
39553
39592
39637
39677
39719
39752
39785
39823
39853
39900
39935
39972
40016
40054
40082
40121
40159
40193
40229
40267
40314
40342
40390
40426
40463
40498
40528
40568
40598
40631
40669
40703
40743
40788
40822
40854
40887
40929
40970
41009
41040
41073
41110
41146
41187
41228
41253
41286
41322
41364
41397
41438
41473
41508
41551
41597
41631
41670
41710
41746
41784
41823
41869
41913
41953
41991
42024
42058
42104
42142
42180
42213
42247
42283
42313
42349
42389
42424
42462
42507
42544
42598
42631
42677
42707
42749
42779
42815
42849
42879
42930
42974
42999
43032
43072
43106
43140
43172
43215
43246
43293
43334
43368
43399
43434
43468
43514
43557
43590
43616
43656
43692
43725
43764
43804
43843
43877
43908
43934
43970
44014
44039
44074
44109
44144
44179
44204
44240
44267
44297
44326
44365
44403
44433
44471
44512
44551
44586
44624
44666
44710
44752
44788
44823
44848
44891
44927
44960
44990
45019
45052
45092
45132
45175
45210
45244
45285
45326
45368
45398
45433
45468
45504
45540
45571
45611
45650
45699
45742
45776
45807
45847
45894
45931
45968
46005
46046
46083
46120
46154
46193
46235
46276
46308
46339
46364
46404
46445
46476
46511
46560
46582
46623
46666
46697
46731
46772
46810
46846
46884
46933
46966
47010
47038
47071
47107
47144
47176
47220
47257
47290
47323
47361
47389
47429
47468
47514
47549
47586
47623
47665
47709
47743
47782
47819
47865
47908
47944
47973
48012
48058
48088
48117
48154
48193
48230
48260
48296
48332
48372
48417
48450
48487
48528
48556
48595
48629
48676
48712
48751
48786
48829
48859
48885
48929
48962
49002
49035
49075
49104
49144
49183
49215
49260
49312
49346
49377
49418
49450
49483
49533
49571
49603
49644
49672
49706
49738
49775
49813
49851
49899
49935
49971
50014
50053
50092
50129
50160
50198
50240
50279
50313
50350
50393
50425
50472
50506
50548
50582
50618
50649
50677
50713
50736
50770
50798
50838
50878
50906
50942
50981
51014
51046
51086
51128
51168
51204
51245
51286
51317
51345
51389
51432
51461
51494
51529
51567
51603
51631
51670
51709
51751
51802
51840
51882
51925
51965
52009
52049
52081
52108
52144
52181
52224
52256
52298
52332
52379
52415
52446
52492
52529
52571
52597
52631
52680
52713
52746
52795
52831
52859
52894
52938
52980
53014
53047
53083
53117
53157
53192
53221
53261
53301
53345
53375
53408
53454
53487
53531
53567
53605
53643
53673
53716
53760
53800
53837
53870
53905
53936
53973
54015
54047
54080
54125
54164
54195
54228
54275
54316
54354
54394
54428
54457
54497
54527
54566
54594
54629
54674
54708
54742
54779
54823
54862
54905
54943
54971
55004
55039
55068
55099
55134
55182
55215
55244
55283
55321
55354
55398
55431
55475
55507
55539
55580
55614
55650
55681
55715
55749
55785
55819
55851
55881
55928
55963
56001
56039
56088
56127
56163
56202
56235
56278
56318
56356
56394
56426
56461
56495
56534
56568
56600
56631
56661
56700
56741
56770
56808
56847
56890
56929
56968
57006
57042
57074
57122
57160
57186
57224
57265
57301
57347
57390
57425
57461
57498
57530
57565
57603
57641
57680
57711
57745
57786
57821
57846
57881
57922
57969
58006
58047
58072
58097
58135
58176
58209
58251
58301
58336
58377
58414
58447
58486
58516
58560
58601
58632
58668
58693
58731
58779
58817
58869
58905
58945
58976
59017
59051
59093
59125
59157
59204
59242
59280
59321
59349
59390
59418
59460
59490
59538
59576
59619
59668
59704
59734
59774
59811
59836
59875
59915
59944
59982
60014
60050
60090
60130
60161
60187
60220
60263
60294
60332
60362
60404
60446
60478
60516
60544
60585
60626
60661
60702
60740
60782
60819
60852
60891
60931
60960
60998
61035
61079
61106
61144
61173
61217
61255
61295
61334
61362
61393
61436
61472
61523
61546
61586
61614
61651
61688
61726
61768
61801
61834
61867
61910
61954
61983
62017
62048
62091
62126
62166
62211
62244
62284
62317
62362
62401
62438
62479
62508
62550
62589
62624
62664
62698
62734
62763
62799
62833
62866
62912
62941
62974
63012
63045
63089
63136
63177
63214
63251
63286
63323
63358
63399
63434
63472
63518
63547
63587
63620
63653
63687
63728
63759
63810
63835
63878
63913
63953
63981
64017
64052
64097
64138
64175
64211
64250
64289
64324
64358
64389
64425
64463
64498
64543
64573
64604
64635
64674
64698
64739
64777
64822
64851
64879
64923
64968
65011
65050
65078
65113
65145
65194
65228
65261
65304
65344
65378
65418
65463
65501
65539
65580
65617
65655
65686
65724
65765
65799
65836
65878
65920
65957
65994
66042
66071
66101
66138
66172
66211
66247
66280
66315
66357
66396
66435
66477
66518
66559
66597
66623
66654
66676
66708
66749
66789
66826
66863
66898
66934
66982
67008
67041
67073
67111
67147
67193
67227
67273
67319
67359
67395
67436
67472
67519
67555
67577
67614
67652
67686
67713
67749
67790
67835
67877
67911
67954
67992
68040
68074
68116
68161
68200
68246
68281
68317
68354
68387
68416
68464
68513
68556
68580
68609
68639
68677
68704
68735
68765
68808
68843
68880
68915
68944
68985
69018
69054
69082
69123
69172
69218
69250
69287
69323
69369
69412
69443
69476
69519
69555
69595
69626
69665
69698
69731
69763
69786
69824
69868
69907
69938
69981
70018
70049
70093
70142
70176
70199
70234
70271
70299
70339
70378
70422
70460
70487
70519
70561
70599
70629
70657
70700
70741
70788
70834
70870
70912
70960
71003
71041
71077
71118
71148
71179
71213
71252
71293
71329
71376
71410
71443
71482
71515
71546
71575
71616
71651
71685
71716
71748
71789
71833
71869
71900
71932
71973
72000
72027
72064
72103
72150
72192
72224
72256
72296
72334
72376
72406
72433
72462
72504
72538
72574
72615
72651
72686
72721
72762
72793
72832
72862
72905
72947
72986
73022
73062
73106
73147
73184
73219
73258
73301
73330
73371
73415
73455
73492
73519
73555
73595
73632
73668
73708
73747
73786
73813
73858
73896
73930
73971
74011
74050
74088
74124
74158
74200
74234
74273
74313
74356
74395
74437
74479
74509
74552
74585
74626
74660
74685
74722
74770
74805
74843
74883
74917
74955
74992
75035
75071
75113
75162
75201
75234
75275
75313
75349
75375
75412
75447
75489
75523
75556
75593
75623
75651
75685
75721
75753
75794
75833
75867
75914
75946
75979
76028
76059
76101
76134
76168
76209
76246
76279
76316
76356
76392
76422
76464
76486
76521
76564
76602
76633
76673
76709
76737
76766
76800
76837
76867
76905
76937
76970
77000
77031
77071
77104
77144
77172
77199
77238
77276
77310
77347
77384
77425
77473
77509
77552
77588
77628
77661
77687
77729
77765
77804
77838
77875
77912
77954
77988
78021
78052
78089
78134
78173
78206
78239
78276
78308
78344
78377
78414
78444
78475
78513
78561
78591
78628
78661
78686
78728
78759
78800
78829
78862
78896
78934
78966
78994
79026
79062
79093
79132
79171
79207
79246
79288
79324
79350
79386
79427
79464
79503
79532
79566
79603
79636
79673
79700
79732
79776
79818
79859
79901
79933
79970
80005
80036
80076
80119
80160
80206
80238
80278
80314
80355
80391
80425
80463
80501
80543
80572
80613
80644
80676
80712
80751
80798
80832
80877
80916
80951
80986
81029
81061
81092
81128
81160
81190
81223
81257
81286
81330
81373
81405
81439
81467
81508
81547
81590
81624
81658
81703
81729
81765
81793
81830
81873
81913
81960
82003
82041
82074
82103
82143
82175
82212
82247
82280
82315
82359
82394
82431
82467
82506
82542
82565
82598
82639
82678
82714
82744
82781
82819
82859
82892
82944
82992
83034
83073
83108
83144
83195
83224
83255
83287
83317
83360
83400
83440
83475
83505
83542
83579
83610
83641
83669
83710
83744
83777
83810
83844
83890
83928
83961
83995
84032
84072
84111
84145
84188
84228
84271
84308
84350
84384
84420
84449
84483
84517
84547
84579
84615
84655
84690
84721
84752
84790
84834
84873
84908
84953
84987
85017
85058
85094
85127
85167
85208
85248
85288
85332
85356
85384
85414
85455
85493
85528
85565
85596
85631
85667
85704
85732
85776
85822
85855
85900
85938
85979
86015
86054
86089
86119
86145
86187
86227
86265
86299
86329
86377
86411
86447
86482
86520
86556
86584
86619
86654
86686
86722
86759
86797
86837
86873
86903
86936
86971
87013
87056
87085
87120
87151
87179
87214
87251
87278
87324
87355
87392
87433
87470
87507
87545
87577
87614
87662
87705
87729
87770
87808
87843
87888
87927
87967
88002
88047
88075
88108
88144
88181
88216
88255
88294
88341
88372
88414
88451
88489
88530
88572
88611
88648
88682
88726
88754
88796
88832
88864
88895
88926
88964
89002
89048
89090
89127
89172
89212
89235
89279
89310
89341
89388
89424
89460
89503
89537
89576
89602
89637
89674
89711
89753
89801
89841
89867
89908
89944
89974
90015
90054
90082
90121
90157
90196
90233
90275
90318
90356
90390
90424
90451
90484
90512
90557
90604
90649
90689
90719
90756
90797
90832
90868
90908
90947
90984
91028
91073
91108
91143
91178
91213
91247
91288
91316
91350
91389
91425
91469
91507
91539
91576
91618
91661
91706
91739
91775
91821
91854
91886
91923
91951
91997
92023
92066
92099
92137
92172
92219
92250
92286
92324
92362
92400
92436
92461
92494
92543
92586
92621
92659
92703
92742
92785
92809
92846
92888
92920
92954
92997
93030
93065
93097
93138
93171
93213
93243
93280
93306
93334
93370
93406
93435
93467
93502
93539
93580
93629
93659
93696
93723
93765
93796
93834
93872
93908
93939
93975
94009
94043
94077
94126
94159
94194
94230
94268
94297
94340
94383
94425
94459
94487
94524
94553
94587
94626
94665
94703
94743
94772
94807
94852
94894
94928
94960
94999
95038
95071
95103
95144
95180
95204
95244
95288
95319
95361
95394
95429
95464
95503
95539
95576
95613
95644
95674
95704
95739
95781
95822
95865
95909
95939
95976
96026
96074
96108
96147
96189
96216
96255
96292
96322
96372
96413
96455
96488
96525
96567
96603
96645
96672
96712
96743
96768
96807
96844
96878
96926
96971
97021
97060
97095
97133
97178
97211
97255
97301
97342
97391
97429
97467
97494
97530
97560
97600
97634
97665
97708
97751
97795
97836
97876
97909
97950
97981
98020
98052
98095
98136
98169
98196
98226
98262
98299
98334
98361
98388
98431
98460
98502
98532
98571
98605
98647
98672
98705
98745
98792
98824
98857
98895
98931
98972
99004
99042
99084
99120
99156
99203
99241
99267
99305
99344
99383
99420
99464
99500
99539
99577
99613
99643
99682
99716
99747
99778
99813
99847
99873
99915
99958
99991
100028
100060
100091
100127
100170
100204
100256
100299
100337
100369
100400
100432
100470
100505
100544
100583
100618
100654
100683
100712
100759
100802
100845
100891
100923
100954
101001
101029
101070
101110
101141
101177
101213
101255
101283
101321
101359
101391
101426
101455
101502
101537
101571
101614
101650
101679
101722
101758
101797
101838
101875
101915
101951
101982
102023
102048
102090
102124
102164
102210
102253
102280
102318
102351
102385
102424
102457
102493
102522
102559
102590
102630
102674
102710
102747
102775
102823
102854
102884
102920
102955
102989
103026
103069
103102
103134
103160
103196
103235
103273
103316
103348
103390
103421
103454
103485
103522
103566
103598
103638
103671
103700
103736
103778
103808
103849
103886
103917
103958
104005
104038
104074
104113
104144
104186
104222
104253
104286
104323
104365
104400
104440
104480
104518
104548
104582
104626
104659
104702
104744
104779
104818
104855
104893
104934
104971
105004
105044
105078
105116
105142
105186
105228
105269
105306
105342
105384
105419
105465
105501
105534
105572
105611
105643
105675
105704
105735
105767
105797
105838
105886
105922
105956
105984
106026
106070
106110
106135
106171
106213
106247
106288
106328
106362
106402
106443
106480
106518
106551
106586
106628
106668
106706
106753
106790
106831
106863
106908
106939
106968
107000
107038
107074
107113
107155
107188
107237
107272
107305
107334
107372
107407
107448
107497
107532
107568
107615
107654
107695
107727
107775
107801
107837
107866
107912
107950
107984
108022
108056
108094
108134
108162
108195
108226
108264
108300
108327
108370
108408
108444
108482
108510
108537
108574
108608
108642
108682
108714
108747
108790
108829
108870
108911
108949
108976
109011
109044
109075
109104
109139
109178
109221
109254
109285
109319
109354
109385
109425
109461
109503
109533
109573
109606
109644
109673
109713
109749
109780
109824
109854
109894
109926
109965
110009
110036
110079
110121
110157
110192
110236
110275
110313
110346
110368
110411
110445
110484
110524
110558
110590
110614
110648
110688
110728
110762
110799
110842
110884
110911
110946
110983
111019
111051
111089
111127
111171
111214
111246
111287
111330
111370
111412
111447
111477
111513
111547
111588
111624
111657
111695
111728
111775
111819
111861
111897
111943
111984
112019
112047
112086
112118
112161
112199
112230
112265
112315
112355
112391
112428
112468
112507
112546
112585
112625
112666
112710
112752
112796
112832
112868
112908
112940
112973
113008
113045
113086
113125
113160
113198
113238
113279
113325
113362
113396
113442
113471
113510
113546
113579
113610
113656
113695
113737
113779
113813
113843
113887
113931
113962
113999
114040
114084
114121
114159
114201
114237
114276
114317
114356
114394
114428
114472
114511
114550
114590
114622
114660
114708
114744
114781
114823
114862
114907
114948
114998
115033
115075
115107
115145
115182
115213
115255
115299
115333
115379
115418
115453
115480
115517
115554
115599
115640
115679
115706
115744
115776
115816
115856
115890
115942
115977
116020
116051
116094
116132
116176
116210
116241
116276
116314
116349
116399
116445
116488
116518
116544
116584
116628
116658
116704
116744
116790
116832
116869
116906
116936
116983
117014
117052
117085
117129
117168
117208
117239
117270
117296
117327
117366
117399
117426
117471
117517
117552
117584
117632
117677
117718
117758
117800
117841
117896
117927
117973
118010
118048
118078
118113
118146
118190
118223
118260
118295
118322
118363
118392
118429
118468
118511
118546
118583
118622
118650
118693
118724
118753
118777
118811
118846
118874
118900
118940
118977
119018
119053
119093
119124
119159
119200
119234
119268
119311
119345
119372
119399
119445
119491
119536
119570
119613
119651
119687
119721
119759
119811
119843
119878
119907
119944
119988
120019
120061
120093
120135
120168
120206
120241
120292
120324
120364
120397
120433
120466
120503
120546
120589
120625
120665
120700
120732
120777
120813
120848
120893
120939
120981
121017
121060
121094
121128
121157
121193
121226
121262
121294
121328
121369
121401
121438
121466
121505
121543
121566
121610
121648
121684
121725
121759
121793
121830
121876
121914
121958
121999
122041
122079
122112
122147
122187
122230
122279
122311
122349
122376
122411
122444
122482
122535
122579
122612
122643
122690
122725
122756
122791
122826
122852
122880
122913
122954
122988
123024
123066
123107
123138
123162
123211
123239
123284
123321
123363
123394
123432
123474
123518
123551
123586
123624
123666
123714
123747
123792
123833
123876
123921
123956
123997
124042
124064
124088
124119
124166
124199
124236
124266
124302
124345
124368
124413
124451
124487
124530
124573
124613
124653
124687
124731
124770
124806
124837
124883
124912
124955
124996
125024
125066
125105
125146
125190
125223
125258
125294
125332
125367
125415
125452
125483
125530
125569
125605
125627
125665
125702
125737
125786
125813
125847
125881
125925
125966
126001
126039
126074
126111
126141
126182
126219
126252
126286
126330
126366
126399
126430
126460
126487
126527
126560
126601
126633
126670
126712
126751
126786
126818
126850
126891
126932
126970
127004
127040
127074
127112
127160
127202
127239
127282
127315
127357
127389
127435
127470
127498
127537
127564
127599
127641
127674
127706
127745
127785
127814
127848
127883
127934
127973
128013
128059
128098
128135
128166
128207
128236
128274
128310
128353
128387
128429
128464
128498
128537
128577
128614
128648
128684
128717
128751
128783
128824
128862
128904
128939
128974
129008
129042
129079
129123
129158
129196
129240
129279
129308
129345
129383
129416
129451
129486
129526
129557
129602
129639
129680
129716
129744
129771
129804
129846
129885
129915
129960
129994
130037
130081
130133
130171
130214
130252
130301
130325
130351
130395
130439
130479
130522
130559
130591
130634
130681
130724
130762
130804
130846
130886
130914
130952
130980
131014
131051
131088
131125
131158
131192
131237
131280
131326
131367
131408
131440
131473
131515
131544
131582
131614
131660
131694
131745
131774
131800
131844
131884
131922
131951
131983
132019
132056
132102
132145
132183
132219
132249
132283
132322
132365
132400
132427
132471
132512
132540
132568
132607
132647
132687
132728
132752
132796
132832
132873
132911
132956
132992
133025
133062
133097
133132
133169
133210
133255
133289
133323
133351
133384
133421
133456
133493
133521
133565
133599
133635
133669
133698
133730
133770
133816
133859
133886
133928
133964
134000
134034
134067
134110
134158
134201
134227
134263
134301
134340
134371
134405
134443
134479
134505
134535
134580
134615
134641
134668
134703
134736
134774
134807
134837
134878
134916
134945
134988
135021
135064
135097
135131
135167
135200
135249
135278
135320
135359
135400
135431
135460
135494
135540
135576
135617
135655
135691
135726
135757
135785
135823
135851
135893
135927
135967
135998
136030
136064
136085
136122
136153
136184
136219
136246
136279
136321
136354
136393
136425
136460
136497
136534
136574
136612
136645
136691
136733
136771
136817
136847
136885
136928
136958
136988
137022
137053
137089
137120
137149
137175
137218
137265
137306
137345
137384
137413
137452
137494
137533
137571
137609
137645
137672
137708
137737
137769
137802
137837
137873
137907
137945
137978
138008
138053
138087
138121
138162
138213
138250
138294
138324
138364
138392
138434
138475
138519
138549
138590
138623
138664
138699
138733
138775
138818
138845
138875
138910
138950
138986
139018
139058
139095
139137
139166
139198
139243
139280
139316
139347
139385
139425
139458
139490
139520
139567
139607
139633
139667
139708
139740
139784
139824
139861
139903
139947
139989
140032
140061
140100
140134
140167
140203
140241
140277
140314
140352
140388
140414
140452
140491
140530
140557
140602
140634
140677
140720
140761
140795
140830
140869
140908
140943
140982
141019
141059
141104
141143
141177
141216
141245
141272
141303
141341
141373
141410
141446
141485
141530
141564
141602
141642
141687
141728
141767
141798
141834
141871
141902
141928
141954
141994
142028
142070
142109
142130
142159
142199
142225
142264
142307
142341
142375
142411
142441
142476
142507
142544
142586
142634
142679
142713
142749
142777
142822
142857
142892
142923
142960
142998
143032
143070
143100
143137
143176
143215
143246
143280
143304
143338
143373
143410
143441
143472
143505
143531
143561
143596
143639
143671
143700
143736
143771
143808
143834
143869
143909
143945
143984
144016
144048
144078
144114
144148
144182
144217
144253
144285
144317
144351
144383
144422
144455
144494
144537
144580
144623
144660
144692
144726
144756
144788
144823
144862
144897
144932
144954
144988
145021
145053
145084
145122
145162
145202
145237
145272
145307
145335
145366
145403
145438
145478
145518
145549
145577
145614
145652
145698
145740
145776
145815
145841
145883
145910
145944
145977
146003
146045
146065
146097
146128
146167
146198
146230
146266
146302
146342
146375
146414
146457
146489
146526
146546
146579
146614
146649
146675
146711
146747
146783
146823
146849
146875
146908
146940
146974
147007
147042
147076
147121
147148
147187
147223
147254
147282
147319
147356
147396
147429
147461
147491
147522
147564
147593
147637
147679
147712
147736
147759
147803
147844
147877
147912
147953
147990
148028
148059
148090
148118
148160
148196
148239
148279
148322
148352
148389
148432
148466
148504
148532
148565
148609
148644
148682
148719
148757
148793
148828
148871
148910
148937
148977
149019
149066
149097
149143
149185
149215
149253
149287
149321
149361
149404
149440
149478
149507
149547
149574
149608
149649
149680
149720
149752
149794
149826
149870
149902
149938
149984
150015
150040
150074
150111
150145
150177
150214
150251
150291
150327
150368
150406
150446
150489
150525
150557
150592
150627
150662
150700
150732
150764
150811
150853
150886
150923
150961
150994
151025
151062
151099
151142
151180
151210
151240
151276
151318
151352
151386
151426
151464
151495
151524
151558
151589
151621
151648
151675
151702
151738
151765
151800
151837
151876
151900
151933
151966
151994
152023
152048
152080
152126
152170
152196
152218
152253
152291
152326
152364
152391
152432
152458
152489
152516
152543
152581
152618
152647
152681
152716
152741
152763
152797
152827
152862
152894
152934
152956
152999
153033
153070
153103
153142
153180
153215
153244
153283
153323
153359
153398
153437
153467
153500
153528
153566
153603
153635
153666
153694
153733
153764
153787
153829
153863
153901
153941
153967
154004
154039
154069
154101
154137
154171
154202
154249
154283
154324
154352
154384
154425
154456
154483
154523
154558
154597
154626
154662
154699
154731
154771
154812
154842
154877
154912
154948
154981
155014
155050
155088
155125
155159
155183
155215
155263
155286
155328
155360
155399
155428
155456
155488
155519
155553
155586
155619
155653
155683
155703
155735
155762
155791
155822
155854
155882
155914
155955
155979
156002
156032
156071
156098
156137
156169
156202
156237
156275
156308
156343
156381
156405
156440
156479
156502
156539
156562
156592
156620
156656
156688
156718
156746
156781
156816
156842
156885
156913
156936
156965
156996
157024
157052
157088
157119
157152
157187
157223
157249
157281
157318
157343
157378
157407
157437
157468
157496
157522
157554
157580
157603
157628
157665
157703
157742
157776
157807
157832
157865
157897
157929
157965
157998
158024
158052
158082
158116
158140
158174
158200
158233
158268
158307
158336
158375
158406
158441
158473
158502
158536
158567
158594
158618
158650
158675
158703
158734
158768
158807
158835
158871
158901
158932
158975
159003
159029
159067
159090
159115
159138
159175
159213
159244
159275
159308
159339
159374
159409
159442
159473
159511
159534
159574
159620
159651
159686
159715
159746
159784
159811
159835
159861
159895
159926
159960
159982
160019
160049
160077
160109
160137
160174
160208
160238
160265
160301
160329
160361
160389
160426
160444
160474
160502
160535
160566
160594
160614
160638
160665
160697
160727
160751
160791
160823
160851
160874
160907
160937
160980
161011
161040
161067
161096
161122
161152
161182
161206
161225
161265
161298
161324
161348
161386
161415
161448
161472
161506
161536
161565
161588
161611
161641
161673
161698
161730
161763
161795
161819
161850
161877
161917
161941
161977
162007
162048
162072
162101
162124
162158
162186
162211
162245
162274
162295
162329
162355
162394
162425
162458
162486
162524
162559
162590
162629
162664
162686
162716
162749
162769
162796
162814
162840
162870
162903
162940
162972
163001
163025
163051
163077
163122
163153
163180
163206
163240
163279
163309
163344
163382
163414
163447
163477
163502
163532
163562
163587
163621
163653
163687
163723
163755
163779
163812
163840
163864
163894
163927
163952
163985
164013
164044
164081
164106
164130
164165
164195
164222
164254
164288
164318
164358
164381
164424
164459
164485
164509
164538
164562
164591
164624
164659
164683
164724
164758
164782
164807
164842
164877
164910
164933
164960
164993
165019
165056
165085
165119
165156
165188
165214
165239
165271
165299
165340
165375
165403
165431
165452
165490
165515
165553
165583
165609
165646
165672
165695
165730
165760
165781
165810
165835
165863
165894
165922
165957
165985
166014
166057
166088
166121
166152
166183
166216
166257
166285
166313
166344
166369
166407
166439
166480
166514
166561
166590
166622
166650
166678
166709
166747
166790
166820
166856
166884
166915
166942
166976
167017
167055
167085
167122
167154
167179
167223
167251
167289
167324
167352
167383
167412
167447
167474
167503
167529
167552
167582
167612
167645
167675
167709
167741
167769
167802
167828
167865
167888
167921
167954
167977
168007
168045
168073
168094
168123
168150
168180
168210
168237
168258
168297
168320
168351
168379
168412
168437
168466
168496
168521
168555
168581
168618
168650
168684
168711
168745
168779
168805
168836
168867
168901
168931
168958
168985
169021
169060
169081
169118
169149
169168
169199
169227
169256
169291
169322
169350
169378
169410
169434
169465
169493
169525
169561
169598
169643
169671
169698
169726
169754
169779
169815
169846
169877
169901
169927
169960
169997
170034
170059
170090
170116
170148
170184
170220
170258
170285
170323
170362
170393
170423
170455
170485
170513
170536
170565
170601
170628
170669
170696
170721
170749
170776
170802
170834
170865
170896
170928
170952
170986
171018
171045
171086
171117
171145
171179
171202
171232
171266
171296
171323
171360
171385
171410
171442
171484
171517
171546
171567
171599
171625
171649
171673
171700
171738
171774
171807
171848
171881
171920
171949
171980
172020
172050
172084
172113
172139
172168
172192
172225
172263
172300
172328
172362
172392
172415
172445
172480
172516
172537
172567
172595
172619
172653
172679
172701
172740
172768
172793
172830
172860
172894
172923
172942
172973
173001
173025
173048
173084
173124
173146
173173
173209
173240
173266
173288
173314
173345
173374
173401
173433
173467
173498
173527
173573
173605
173641
173673
173698
173732
173759
173786
173811
173838
173860
173882
173904
173928
173960
173984
174014
174044
174064
174089
174110
174141
174160
174192
174227
174254
174284
174310
174337
174365
174392
174426
174469
174496
174527
174553
174581
174615
174645
174677
174703
174728
174759
174794
174819
174848
174879
174917
174954
174986
175025
175047
175073
175103
175130
175164
175184
175219
175249
175277
175310
175347
175369
175389
175415
175440
175470
175499
175525
175546
175575
175605
175626
175655
175676
175708
175735
175759
175782
175804
175842
175877
175905
175933
175959
175986
176019
176050
176078
176109
176136
176176
176198
176227
176256
176285
176308
176339
176363
176386
176413
176451
176482
176522
176554
176585
176608
176631
176655
176691
176725
176767
176796
176821
176851
176873
176897
176931
176952
176988
177015
177042
177066
177099
177124
177154
177185
177212
177238
177267
177299
177333
177360
177398
177427
177461
177489
177517
177559
177585
177611
177630
177655
177679
177717
177749
177776
177807
177840
177874
177900
177924
177954
177982
178014
178045
178082
178102
178129
178165
178194
178234
178260
178287
178312
178349
178375
178401
178427
178450
178476
178505
178532
178570
178592
178628
178665
178696
178725
178756
178787
178827
178855
178883
178911
178930
178967
178998
179023
179063
179090
179127
179155
179194
179226
179257
179283
179320
179350
179378
179408
179447
179484
179507
179540
179564
179595
179624
179661
179698
179723
179747
179771
179793
179826
179859
179885
179918
179955
179979
180010
180037
180067
180086
180107
180128
180151
180177
180201
180224
180250
180282
180315
180342
180375
180399
180427
180455
180476
180500
180529
180562
180591
180622
180651
180675
180713
180742
180771
180793
180814
180841
180861
180892
180917
180947
180979
181006
181026
181050
181079
181106
181128
181155
181181
181212
181238
181266
181292
181326
181349
181374
181399
181431
181454
181487
181517
181540
181567
181594
181613
181654
181687
181711
181737
181761
181798
181829
181863
181889
181915
181945
181977
182006
182032
182052
182077
182108
182131
182155
182182
182217
182246
182283
182320
182344
182376
182405
182433
182457
182482
182506
182532
182557
182583
182607
182635
182661
182694
182720
182740
182765
182795
182820
182855
182885
182916
182948
182972
182998
183022
183047
183076
183095
183117
183145
183164
183196
183218
183249
183271
183303
183334
183375
183399
183432
183466
183501
183536
183566
183593
183616
183639
183670
183694
183729
183760
183788
183816
183842
183867
183894
183914
183947
183974
184000
184023
184053
184080
184103
184135
184161
184200
184229
184261
184288
184319
184346
184368
184396
184431
184455
184490
184520
184553
184583
184618
184644
184685
184717
184746
184773
184795
184827
184859
184896
184921
184951
184985
185016
185047
185080
185117
185143
185166
185195
185222
185255
185285
185307
185326
185348
185370
185392
185416
185437
185464
185490
185523
185558
185587
185618
185644
185671
185698
185722
185751
185786
185812
185848
185871
185912
185936
185962
185984
186007
186036
186065
186094
186123
186145
186171
186199
186222
186257
186285
186311
186335
186367
186389
186407
186439
186467
186499
186526
186547
186570
186597
186625
186647
186673
186694
186738
186765
186788
186819
186843
186887
186915
186940
186987
187009
187034
187067
187108
187134
187161
187194
187225
187266
187300
187332
187359
187392
187417
187445
187475
187501
187525
187555
187578
187610
187640
187666
187692
187724
187753
187784
187825
187845
187883
187915
187941
187973
188006
188031
188063
188091
188120
188154
188180
188213
188240
188276
188307
188328
188356
188389
188412
188440
188473
188507
188541
188574
188603
188632
188661
188696
188730
188762
188798
188834
188862
188889
188919
188949
188985
189008
189031
189064
189092
189117
189147
189173
189202
189232
189258
189285
189314
189340
189373
189409
189446
189487
189515
189539
189572
189598
189627
189666
189698
189726
189759
189794
189820
189853
189882
189906
189935
189969
189998
190027
190048
190073
190095
190124
190149
190181
190212
190239
190273
190311
190341
190363
190388
190427
190454
190483
190506
190536
190559
190598
190632
190660
190702
190736
190762
190789
190826
190855
190889
190917
190948
190976
191010
191049
191077
191102
191135
191164
191193
191226
191259
191310
191341
191370
191410
191437
191467
191495
191529
191551
191579
191615
191642
191678
191707
191738
191769
191806
191831
191859
191889
191932
191962
191990
192011
192039
192064
192089
192115
192147
192173
192199
192227
192259
192281
192321
192345
192374
192402
192429
192455
192482
192517
192545
192571
192604
192627
192649
192686
192710
192738
192765
192789
192818
192855
192890
192913
192932
192963
192990
193019
193053
193095
193122
193145
193177
193210
193245
193278
193309
193345
193380
193415
193442
193469
193494
193529
193562
193592
193624
193658
193688
193731
193763
193799
193825
193859
193884
193910
193938
193969
193998
194029
194058
194090
194116
194154
194183
194216
194236
194268
194297
194328
194356
194381
194401
194433
194457
194494
194522
194547
194572
194605
194632
194660
194690
194719
194744
194784
194814
194842
194868
194900
194923
194952
194980
195016
195052
195089
195115
195137
195173
195203
195238
195261
195291
195326
195358
195395
195425
195454
195489
195517
195546
195578
195611
195641
195669
195700
195726
195755
195794
195822
195847
195873
195903
195931
195954
196000
196036
196061
196081
196111
196150
196191
196226
196258
196290
196315
196339
196370
196405
196441
196473
196509
196548
196583
196610
196642
196678
196703
196744
196776
196802
196830
196871
196899
196938
196964
196982
197009
197041
197079
197106
197133
197160
197197
197234
197262
197286
197310
197343
197375
197401
197433
197457
197491
197523
197550
197579
197610
197643
197672
197702
197735
197760
197785
197813
197847
197882
197911
197940
197976
198001
198038
198060
198092
198117
198153
198179
198212
198239
198278
198315
198341
198362
198393
198421
198448
198478
198509
198535
198571
198600
198625
198655
198685
198715
198749
198776
198808
198833
198861
198890
198923
198948
198983
199006
199031
199057
199083
199111
199140
199169
199203
199234
199269
199303
199331
199354
199385
199417
199444
199467
199496
199526
199549
199578
199605
199636
199660
199687
199715
199740
199770
199796
199830
199861
199887
199914
199939
199967
199995
200020
200043
200072
200100
200124
200148
200180
200219
200249
200287
200324
200364
200391
200431
200455
200485
200512
200539
200561
200605
200635
200664
200701
200733
200757
200784
200819
200848
200875
200898
200931
200963
200995
201025
201051
201090
201111
201138
201168
201193
201225
201244
201270
201300
201338
201384
201415
201436
201463
201495
201523
201556
201583
201611
201643
201672
201696
201731
201764
201795
201825
201852
201876
201907
201940
201966
201998
202024
202046
202076
202105
202128
202156
202187
202208
202231
202255
202286
202315
202332
202357
202398
202427
202450
202482
202509
202529
202558
202593
202621
202658
202677
202712
202742
202765
202796
202818
202847
202880
202911
202944
202968
203009
203035
203065
203092
203121
203146
203173
203210
203237
203269
203291
203318
203348
203372
203405
203436
203461
203492
203533
203566
203582
203607
203645
203669
203697
203721
203750
203788
203813
203838
203866
203894
203919
203940
203966
203989
204010
204036
204061
204090
204117
204149
204176
204201
204231
204254
204278
204313
204335
204361
204390
204416
204442
204473
204502
204523
204553
204590
204623
204653
204688
204718
204741
204771
204797
204823
204857
204888
204913
204935
204956
204987
205015
205042
205081
205110
205136
205169
205197
205228
205257
205291
205325
205352
205377
205397
205417
205440
205474
205502
205526
205549
205578
205602
205628
205657
205684
205708
205748
205785
205811
205840
205865
205897
205931
205956
205987
206008
206036
206061
206089
206113
206143
206168
206198
206229
206258
206285
206313
206350
206383
206408
206436
206463
206494
206522
206561
206584
206620
206652
206681
206716
206738
206761
206786
206813
206838
206869
206898
206942
206967
206993
207028
207051
207075
207096
207122
207152
207189
207223
207245
207271
207299
207328
207355
207385
207407
207439
207467
207495
207521
207558
207586
207616
207641
207668
207692
207721
207747
207769
207794
207814
207842
207870
207894
207929
207950
207980
208008
208033
208061
208090
208115
208143
208173
208202
208225
208250
208273
208304
208336
208362
208395
208423
208444
208474
208499
208523
208553
208577
208614
208642
208663
208692
208719
208741
208767
208789
208817
208845
208878
208907
208930
208952
208986
209011
209037
209062
209088
209117
209139
209174
209203
209230
209270
209293
209318
209337
209363
209384
209417
209445
209470
209498
209537
209569
209596
209617
209650
209676
209709
209744
209772
209794
209833
209853
209882
209911
209941
209972
209999
210028
210052
210082
210112
210131
210159
210190
210214
210242
210279
210304
210333
210362
210383
210408
210441
210470
210497
210524
210556
210585
210604
210629
210650
210673
210700
210719
210740
210773
210792
210823
210847
210873
210898
210927
210950
210974
210996
211026
211051
211076
211098
211118
211137
211161
211192
211220
211253
211273
211302
211324
211358
211388
211420
211443
211470
211498
211520
211544
211584
211603
211636
211658
211690
211714
211739
211762
211784
211810
211842
211872
211895
211918
211937
211961
211984
212009
212050
212082
212113
212138
212167
212191
212211
212238
212274
212312
212341
212372
212404
212441
212469
212501
212527
212560
212591
212617
212636
212656
212684
212708
212735
212759
212788
212827
212851
212888
212918
212944
212972
213009
213032
213060
213088
213113
213146
213172
213198
213228
213258
213290
213316
213345
213372
213404
213436
213467
213497
213533
213561
213585
213608
213639
213679
213702
213732
213771
213806
213830
213852
213877
213905
213927
213956
213987
214011
214036
214068
214095
214129
214162
214194
214214
214252
214274
214306
214340
214367
214400
214428
214452
214473
214501
214528
214558
214585
214609
214643
214679
214708
214738
214766
214799
214820
214840
214870
214894
214916
214939
214967
214990
215025
215052
215083
215107
215136
215165
215192
215215
215237
215263
215298
215333
215360
215396
215428
215460
215492
215530
215557
215579
215613
215641
215674
215707
215739
215765
215798
215826
215856
215885
215913
215942
215966
215990
216026
216049
216087
216111
216142
216165
216187
216219
216248
216275
216303
216333
216359
216380
216413
216443
216468
216492
216522
216553
216578
216604
216636
216663
216688
216718
216747
216775
216799
216825
216863
216889
216925
216955
216984
217016
217036
217065
217095
217123
217154
217178
217207
217239
217271
217300
217328
217354
217379
217407
217436
217463
217489
217511
217539
217560
217586
217614
217641
217671
217703
217739
217770
217797
217829
217858
217892
217920
217954
217983
218010
218037
218069
218105
218138
218166
218191
218214
218240
218270
218305
218330
218357
218387
218411
218441
218481
218512
218542
218579
218604
218633
218661
218690
218725
218755
218779
218811
218842
218872
218900
218930
218955
218980
219020
219047
219072
219097
219121
219145
219179
219203
219224
219247
219270
219300
219325
219360
219390
219419
219450
219486
219518
219541
219565
219593
219616
219646
219672
219710
219743
219780
219809
219849
219880
219911
219943
219975
220002
220034
220060
220093
220118
220145
220168
220203
220231
220265
220301
220331
220365
220395
220427
220456
220486
220510
220533
220555
220588
220613
220640
220678
220706
220746
220776
220800
220829
220855
220885
220912
220938
220962
220991
221017
221042
221072
221105
221135
221175
221197
221226
221256
221281
221306
221332
221356
221381
221403
221426
221463
221490
221515
221539
221570
221598
221627
221654
221675
221696
221723
221747
221780
221814
221838
221868
221900
221928
221947
221980
222010
222034
222064
222099
222137
222163
222188
222222
222250
222278
222305
222338
222369
222397
222426
222464
222487
222524
222546
222569
222600
222623
222647
222671
222696
222721
222756
222787
222818
222843
222872
222903
222937
222963
222992
223020
223053
223075
223104
223138
223156
223184
223207
223235
223262
223285
223311
223342
223372
223404
223435
223460
223497
223525
223547
223573
223602
223628
223654
223680
223711
223741
223778
223808
223833
223860
223885
223921
223950
223973
223999
224026
224051
224084
224112
224139
224162
224192
224218
224247
224277
224303
224335
224355
224381
224411
224433
224467
224493
224514
224542
224569
224601
224633
224657
224681
224712
224740
224769
224805
224839
224870
224904
224933
224966
224998
225019
225046
225072
225096
225120
225145
225181
225205
225232
225259
225282
225311
225334
225367
225390
225414
225444
225475
225507
225535
225553
225581
225603
225626
225650
225676
225699
225726
225755
225770
225795
225826
225851
225881
225911
225934
225965
225990
226020
226046
226072
226104
226129
226150
226175
226199
226221
226249
226273
226295
226319
226346
226372
226391
226422
226444
226471
226500
226527
226557
226582
226609
226643
226674
226698
226727
226750
226771
226794
226817
226848
226872
226893
226915
226950
226976
227010
227038
227065
227083
227113
227145
227172
227192
227217
227240
227263
227295
227335
227354
227379
227406
227431
227471
227493
227516
227543
227571
227605
227630
227663
227685
227706
227735
227758
227791
227817
227839
227861
227901
227924
227948
227972
227994
228013
228038
228065
228096
228118
228140
228167
228194
228230
228258
228288
228322
228349
228378
228409
228438
228467
228493
228518
228546
228575
228597
228631
228655
228682
228712
228736
228761
228792
228817
228839
228868
228904
228940
228964
228989
229018
229043
229072
229097
229133
229164
229190
229213
229250
229275
229298
229325
229350
229374
229399
229433
229458
229486
229517
229543
229567
229596
229620
229653
229680
229708
229740
229764
229785
229810
229847
229874
229901
229932
229957
229975
229999
230027
230054
230079
230120
230145
230172
230200
230234
230272
230301
230334
230362
230390
230417
230447
230471
230504
230527
230574
230599
230623
230654
230683
230704
230735
230765
230796
230822
230846
230872
230913
230936
230966
230998
231024
231048
231076
231110
231139
231158
231181
231207
231247
231286
231322
231344
231370
231398
231424
231453
231479
231507
231538
231562
231592
231617
231636
231665
231697
231716
231740
231769
231790
231821
231845
231870
231895
231930
231951
231981
232008
232040
232062
232086
232108
232140
232167
232191
232215
232244
232275
232301
232329
232361
232382
232409
232431
232460
232480
232503
232532
232561
232582
232615
232639
232663
232684
232714
232739
232766
232790
232816
232841
232867
232896
232925
232951
232981
233018
233043
233073
233095
233125
233147
233174
233203
233231
233261
233282
233306
233333
233358
233379
233399
233422
233444
233471
233509
233534
233562
233583
233611
233652
233680
233705
233738
233766
233801
233826
233848
233877
233910
233934
233953
233978
234008
234038
234079
234107
234137
234163
234197
234230
234265
234295
234327
234357
234382
234420
234450
234471
234499
234529
234552
234581
234613
234637
234671
234694
234727
234756
234783
234804
234838
234864
234890
234915
234951
234977
235000
235032
235054
235088
235116
235140
235170
235197
235222
235255
235286
235311
235343
235366
235395
235430
235453
235478
235503
235543
235571
235601
235626
235660
235697
235724
235753
235774
235797
235824
235858
235886
235913
235931
235963
235994
236027
236052
236079
236110
236141
236176
236202
236227
236258
236294
236321
236356
236377
236409
236438
236461
236492
236518
236555
236590
236611
236635
236664
236699
236726
236752
236776
236802
236834
236860
236895
236921
236947
236976
237009
237035
237065
237092
237137
237164
237190
237215
237249
237284
237307
237332
237354
237383
237410
237438
237466
237500
237523
237555
237581
237606
237634
237660
237699
237724
237752
237784
237819
237844
237868
237894
237918
237954
237979
238014
238044
238070
238107
238132
238167
238197
238231
238252
238274
238306
238334
238361
238389
238418
238440
238479
238510
238539
238570
238598
238631
238655
238688
238719
238752
238780
238808
238836
238863
238897
238923
238953
238978
239010
239035
239065
239090
239113
239138
239167
239198
239225
239256
239281
239307
239332
239362
239392
239419
239451
239477
239509
239536
239564
239589
239628
239658
239683
239717
239751
239777
239811
239832
239858
239887
239913
239944
239971
239994
240030
240057
240080
240117
240152
240181
240204
240232
240257
240285
240318
240351
240379
240405
240438
240466
240502
240535
240556
240587
240616
240640
240678
240716
240746
240773
240795
240828
240857
240892
240915
240939
240969
240991
241023
241057
241088
241114
241139
241161
241190
241213
241245
241276
241312
241339
241366
241392
241423
241454
241478
241508
241532
241556
241581
241614
241640
241674
241700
241728
241756
241790
241819
241854
241880
241914
241941
241977
242016
242053
242076
242109
242147
242178
242203
242231
242258
242284
242320
242352
242384
242418
242459
242483
242516
242548
242575
242609
242640
242671
242701
242732
242763
242787
242823
242848
242879
242912
242936
242961
242992
243024
243051
243078
243114
243146
243178
243212
243244
243275
243305
243337
243374
243411
243443
243467
243492
243527
243557
243585
243613
243645
243676
243709
243739
243775
243813
243833
243858
243887
243922
243946
243980
244018
244053
244085
244113
244150
244180
244210
244242
244274
244304
244328
244353
244383
244420
244440
244475
244510
244535
244573
244597
244626
244660
244690
244721
244752
244798
244826
244857
244888
244915
244947
244973
245005
245037
245068
245095
245126
245156
245179
245211
245250
245281
245307
245345
245385
245412
245437
245467
245504
245532
245559
245582
245620
245647
245682
245715
245756
245786
245820
245849
245872
245902
245926
245953
245994
246031
246060
246094
246123
246160
246195
246234
246265
246296
246320
246341
246373
246410
246439
246463
246494
246525
246561
246590
246631
246658
246701
246741
246777
246805
246836
246860
246898
246921
246942
246977
247005
247048
247074
247115
247144
247172
247202
247245
247281
247309
247347
247379
247404
247433
247464
247490
247524
247555
247583
247615
247649
247683
247716
247762
247801
247839
247865
247899
247936
247975
248009
248041
248072
248106
248142
248173
248200
248231
248265
248295
248334
248365
248389
248421
248452
248478
248509
248537
248566
248597
248626
248659
248690
248726
248755
248794
248823
248856
248892
248920
248957
248998
249021
249051
249079
249109
249139
249168
249210
249245
249273
249299
249340
249367
249395
249425
249454
249486
249525
249553
249583
249627
249662
249692
249714
249746
249772
249799
249830
249874
249903
249930
249962
249994
250024
250054
250089
250124
250154
250189
250224
250256
250284
250307
250338
250367
250398
250433
250464
250495
250536
250574
250610
250636
250671
250701
250733
250757
250790
250817
250849
250877
250906
250938
250967
250998
251030
251063
251093
251126
251161
251192
251221
251250
251296
251330
251356
251385
251421
251449
251481
251512
251544
251572
251606
251640
251671
251702
251736
251767
251815
251844
251881
251910
251935
251964
252001
252026
252061
252096
252127
252163
252191
252219
252251
252279
252316
252346
252378
252421
252448
252490
252523
252571
252605
252629
252661
252685
252708
252743
252775
252814
252844
252883
252919
252947
252973
253015
253037
253067
253109
253138
253174
253207
253248
253284
253322
253358
253394
253429
253458
253490
253526
253555
253583
253605
253630
253670
253699
253729
253761
253796
253829
253860
253891
253935
253968
253994
254022
254059
254103
254133
254162
254195
254228
254262
254294
254332
254371
254406
254446
254486
254530
254564
254591
254631
254671
254702
254741
254774
254810
254844
254875
254905
254952
254985
255016
255056
255086
255120
255156
255185
255221
255248
255286
255321
255367
255399
255437
255473
255518
255553
255582
255624
255661
255693
255733
255767
255799
255839
255876
255905
255952
255984
256027
256053
256096
256130
256171
256215
256247
256287
256314
256349
256380
256415
256446
256476
256512
256542
256572
256599
256623
256648
256681
256721
256753
256781
256816
256850
256893
256926
256969
257007
257036
257076
257120
257152
257190
257227
257267
257305
257335
257367
257402
257441
257485
257526
257561
257599
257642
257675
257713
257742
257778
257812
257853
257893
257926
257962
257990
258029
258057
258098
258146
258178
258210
258239
258285
258309
258344
258378
258413
258450
258483
258527
258565
258593
258626
258662
258696
258722
258750
258784
258813
258860
258890
258931
258966
259011
259046
259079
259113
259141
259173
259207
259236
259266
259311
259341
259373
259399
259443
259479
259502
259538
259576
259611
259647
259677
259709
259747
259781
259821
259850
259881
259915
259944
259976
260011
260036
260077
260114
260140
260177
260210
260236
260265
260301
260339
260371
260405
260438
260474
260514
260545
260583
260624
260660
260692
260735
260781
260809
260843
260879
260912
260961
261002
261039
261079
261107
261136
261172
261211
261242
261284
261325
261352
261384
261410
261461
261495
261516
261552
261585
261630
261664
261700
261726
261759
261798
261843
261881
261909
261936
261973
262008
262042
262085
262113
262150
262180
262205
262244
262277
262314
262349
262398
262438
262466
262505
262539
262574
262619
262655
262697
262730
262771
262805
262841
262867
262913
262953
263001
263030
263075
263113
263147
263184
263228
263259
263292
263329
263354
263395
263424
263456
263490
263525
263557
263597
263638
263671
263714
263753
263782
263818
263849
263888
263920
263956
264000
264037
264070
264110
264147
264178
264205
264244
264284
264330
264354
264401
264436
264479
264524
264559
264603
264633
264658
264697
264725
264760
264801
264841
264884
264915
264948
264987
265015
265051
265083
265118
265159
265196
265219
265257
265295
265323
265360
265397
265436
265473
265517
265555
265594
265617
265664
265700
265735
265776
265809
265851
265896
265936
265973
265999
266027
266055
266079
266111
266132
266174
266199
266230
266254
266287
266324
266355
266393
266426
266454
266489
266526
266562
266593
266634
266667
266698
266737
266773
266804
266833
266859
266895
266933
266968
266999
267040
267069
267098
267132
267166
267199
267242
267279
267304
267337
267369
267394
267428
267464
267501
267533
267561
267599
267635
267684
267716
267754
267792
267834
267871
267897
267943
267979
268008
268042
268065
268093
268139
268174
268209
268242
268278
268302
268342
268382
268415
268444
268483
268526
268561
268603
268630
268672
268707
268741
268780
268810
268843
268874
268903
268938
268966
269001
269036
269071
269105
269135
269171
269199
269231
269257
269290
269316
269352
269388
269429
269457
269495
269526
269552
269583
269624
269656
269691
269731
269768
269798
269827
269850
269881
269910
269936
269967
269998
270035
270069
270102
270142
270179
270208
270241
270269
270304
270346
270371
270397
270437
270473
270514
270532
270573
270599
270638
270686
270734
270763
270797
270833
270862
270893
270934
270976
271011
271037
271060
271092
271122
271158
271188
271207
271241
271280
271319
271353
271388
271437
271460
271491
271522
271559
271595
271635
271668
271697
271730
271761
271796
271827
271860
271889
271921
271961
271985
272024
272062
272097
272125
272159
272183
272209
272238
272269
272300
272343
272381
272420
272453
272489
272530
272567
272596
272637
272669
272703
272743
272774
272800
272832
272865
272904
272931
272969
272996
273030
273073
273102
273135
273170
273190
273213
273247
273272
273303
273333
273373
273400
273427
273454
273494
273534
273564
273606
273652
273692
273714
273744
273775
273811
273845
273877
273908
273935
273967
273998
274029
274066
274096
274130
274155
274188
274215
274250
274285
274323
274363
274396
274430
274461
274494
274515
274552
274587
274618
274648
274679
274711
274740
274774
274810
274838
274866
274901
274927
274955
275000
275040
275077
275102
275138
275169
275207
275243
275271
275311
275329
275365
275395
275430
275460
275490
275531
275562
275599
275635
275674
275706
275732
275762
275791
275822
275857
275887
275923
275953
275979
276014
276044
276074
276106
276142
276175
276208
276247
276279
276305
276336
276370
276398
276433
276471
276501
276533
276560
276591
276620
276650
276680
276712
276751
276784
276817
276848
276875
276911
276951
276988
277016
277063
277088
277123
277156
277193
277217
277250
277288
277308
277335
277364
277399
277422
277453
277486
277520
277559
277594
277623
277668
277700
277723
277757
277788
277816
277842
277870
277902
277926
277968
278010
278053
278084
278117
278150
278183
278213
278240
278276
278305
278335
278371
278415
278441
278472
278499
278541
278568
278591
278622
278646
278673
278703
278736
278762
278796
278821
278844
278878
278909
278941
278981
279020
279046
279080
279120
279147
279176
279200
279228
279256
279284
279325
279356
279386
279423
279457
279496
279529
279565
279596
279631
279666
279693
279726
279762
279807
279836
279866
279896
279930
279957
279994
280025
280064
280091
280126
280159
280185
280220
280254
280277
280302
280335
280360
280397
280423
280457
280483
280510
280532
280560
280594
280627
280658
280695
280732
280773
280807
280845
280873
280910
280948
280981
281010
281044
281075
281105
281144
281173
281204
281240
281260
281295
281334
281358
281380
281414
281449
281477
281506
281537
281569
281594
281616
281645
281680
281717
281746
281779
281808
281841
281876
281904
281933
281966
282002
282032
282069
282111
282138
282175
282215
282248
282282
282311
282342
282374
282404
282434
282460
282500
282530
282558
282588
282619
282663
282690
282725
282749
282782
282817
282845
282880
282924
282958
283001
283032
283076
283109
283141
283177
283208
283242
283283
283309
283330
283361
283397
283432
283466
283496
283533
283562
283592
283621
283660
283691
283728
283762
283795
283832
283864
283902
283931
283961
283997
284028
284060
284097
284130
284166
284197
284226
284259
284296
284329
284363
284389
284416
284456
284480
284512
284540
284567
284594
284641
284674
284704
284737
284767
284797
284825
284864
284899
284938
284962
284992
285029
285064
285094
285122
285159
285198
285235
285269
285293
285329
285368
285401
285432
285457
285483
285520
285543
285576
285604
285638
285672
285702
285734
285760
285792
285817
285856
285897
285929
285958
285987
286020
286052
286091
286133
286164
286193
286224
286260
286293
286318
286348
286391
286418
286453
286488
286527
286555
286583
286614
286636
286671
286713
286739
286772
286808
286845
286882
286918
286953
286991
287032
287062
287092
287116
287144
287174
287195
287226
287256
287284
287309
287344
287375
287408
287440
287477
287508
287530
287564
287600
287638
287663
287693
287727
287761
287790
287827
287853
287889
287914
287943
287970
288004
288041
288076
288110
288143
288177
288209
288245
288279
288311
288338
288363
288389
288430
288474
288512
288551
288590
288619
288644
288677
288708
288736
288772
288804
288840
288875
288911
288942
288981
289025
289059
289089
289129
289167
289197
289223
289254
289294
289325
289358
289386
289423
289464
289499
289536
289575
289604
289635
289671
289693
289730
289767
289796
289825
289855
289884
289916
289950
289986
290020
290054
290088
290116
290151
290183
290215
290250
290281
290308
290337
290373
290404
290435
290479
290495
290530
290570
290600
290637
290674
290700
290728
290758
290790
290817
290842
290870
290903
290944
290979
291007
291046
291076
291109
291141
291171
291200
291241
291273
291319
291358
291381
291419
291451
291487
291519
291551
291574
291613
291641
291669
291697
291733
291764
291800
291825
291858
291888
291922
291952
291994
292026
292052
292105
292139
292166
292199
292231
292254
292284
292316
292341
292385
292412
292448
292472
292502
292533
292562
292599
292628
292663
292696
292727
292754
292784
292821
292850
292884
292912
292949
292979
293005
293039
293080
293110
293146
293172
293211
293238
293266
293298
293331
293368
293403
293441
293472
293500
293528
293562
293593
293625
293659
293694
293723
293756
293795
293827
293850
293883
293913
293949
293983
294011
294040
294071
294105
294136
294166
294193
294227
294261
294293
294325
294362
294396
294421
294456
294487
294518
294553
294592
294621
294645
294678
294716
294752
294789
294819
294844
294864
294897
294938
294965
294996
295028
295068
295102
295124
295159
295201
295229
295259
295290
295320
295347
295378
295417
295457
295484
295521
295563
295598
295629
295659
295690
295716
295754
295786
295814
295854
295886
295922
295956
295985
296012
296049
296075
296100
296125
296159
296182
296218
296252
296289
296316
296354
296385
296411
296441
296482
296512
296547
296577
296613
296644
296680
296704
296737
296766
296792
296810
296844
296874
296913
296939
296974
296995
297024
297059
297077
297101
297134
297161
297189
297219
297250
297278
297303
297337
297358
297393
297423
297452
297491
297527
297558
297587
297615
297646
297675
297711
297751
297784
297826
297869
297903
297939
297977
298014
298046
298079
298108
298144
298180
298217
298253
298285
298319
298349
298378
298412
298444
298481
298508
298551
298593
298623
298654
298692
298719
298754
298786
298820
298847
298877
298911
298953
298985
299022
299055
299082
299114
299142
299183
299214
299234
299264
299295
299326
299351
299387
299413
299444
299484
299520
299542
299567
299602
299641
299673
299709
299744
299777
299817
299851
299876
299912
299934
299970
299995
300027
300051
300077
300104
300130
300166
300196
300230
300260
300299
300322
300362
300390
300436
300467
300496
300532
300566
300607
300642
300667
300699
300735
300765
300799
300831
300878
300901
300932
300972
301002
301042
301069
301103
301142
301166
301199
301236
301259
301295
301325
301359
301395
301425
301462
301491
301513
301551
301573
301613
301647
301680
301709
301748
301774
301807
301842
301884
301922
301956
301996
302025
302050
302081
302113
302141
302174
302199
302233
302268
302298
302327
302359
302386
302429
302456
302493
302526
302561
302596
302626
302665
302707
302743
302774
302815
302848
302876
302907
302937
302963
302995
303028
303054
303089
303123
303153
303190
303222
303256
303294
303328
303363
303399
303434
303464
303509
303544
303587
303610
303642
303677
303715
303753
303786
303813
303844
303887
303921
303955
303983
304017
304041
304071
304100
304127
304155
304183
304219
304248
304291
304321
304354
304376
304399
304424
304446
304491
304518
304546
304576
304609
304647
304681
304718
304748
304789
304817
304847
304884
304922
304956
304988
305021
305056
305081
305113
305145
305181
305208
305244
305270
305308
305340
305383
305411
305440
305473
305501
305534
305564
305596
305632
305663
305694
305725
305759
305789
305825
305863
305892
305911
305940
305978
306008
306049
306079
306112
306146
306180
306211
306245
306275
306307
306343
306384
306413
306441
306474
306501
306527
306551
306575
306606
306638
306666
306698
306735
306772
306798
306833
306873
306906
306945
306970
307009
307055
307099
307135
307169
307203
307233
307261
307290
307317
307353
307385
307412
307436
307468
307500
307533
307569
307599
307627
307658
307682
307715
307746
307775
307804
307833
307860
307895
307927
307965
308005
308041
308073
308106
308133
308162
308194
308233
308261
308286
308313
308350
308376
308412
308441
308466
308487
308524
308552
308581
308611
308641
308674
308705
308724
308755
308794
308817
308842
308865
308902
308933
308974
309003
309034
309069
309100
309126
309156
309190
309219
309250
309280
309316
309346
309379
309403
309437
309465
309488
309518
309551
309587
309625
309657
309689
309719
309747
309776
309813
309843
309872
309897
309923
309955
309983
310017
310051
310086
310111
310140
310167
310197
310226
310258
310292
310320
310355
310397
310430
310461
310487
310517
310545
310569
310595
310624
310654
310682
310713
310735
310766
310792
310817
310840
310871
310899
310930
310957
310987
311007
311036
311063
311101
311126
311155
311180
311212
311236
311264
311299
311330
311359
311395
311428
311455
311496
311518
311554
311584
311615
311638
311672
311709
311740
311767
311792
311826
311856
311880
311903
311935
311971
312002
312041
312074
312099
312131
312157
312178
312211
312242
312279
312306
312339
312364
312398
312429
312461
312502
312535
312558
312591
312618
312659
312687
312720
312755
312785
312814
312849
312883
312910
312936
312973
312998
313026
313055
313086
313115
313140
313171
313209
313235
313263
313295
313338
313369
313402
313432
313459
313490
313518
313538
313570
313604
313637
313668
313696
313724
313747
313789
313812
313843
313883
313920
313944
313974
314005
314033
314059
314087
314122
314155
314184
314226
314262
314294
314326
314359
314390
314419
314449
314480
314514
314542
314566
314600
314630
314661
314696
314734
314764
314796
314828
314856
314885
314915
314946
314974
315000
315027
315060
315089
315132
315171
315203
315230
315256
315289
315324
315359
315384
315415
315455
315481
315507
315531
315565
315603
315626
315661
315688
315715
315739
315774
315803
315842
315865
315887
315913
315939
315967
315998
316020
316046
316078
316104
316132
316162
316195
316224
316249
316280
316301
316324
316359
316388
316415
316449
316481
316507
316537
316569
316597
316629
316651
316697
316734
316763
316790
316821
316844
316869
316897
316920
316964
316993
317024
317050
317081
317108
317133
317157
317184
317207
317233
317251
317279
317307
317344
317372
317400
317430
317457
317492
317520
317555
317577
317600
317634
317665
317688
317711
317743
317777
317803
317828
317861
317885
317918
317947
317974
318009
318030
318056
318081
318109
318138
318169
318212
318245
318272
318305
318330
318358
318394
318422
318448
318480
318512
318541
318575
318613
318637
318671
318702
318734
318766
318789
318823
318851
318879
318908
318942
318969
318992
319022
319054
319081
319107
319136
319164
319191
319217
319242
319268
319310
319341
319377
319406
319437
319469
319496
319541
319566
319591
319631
319669
319703
319723
319759
319786
319813
319842
319872
319900
319929
319955
319986
320015
320044
320072
320097
320124
320145
320167
320195
320222
320256
320283
320307
320343
320370
320400
320425
320451
320480
320507
320538
320569
320606
320640
320664
320693
320721
320756
320792
320825
320864
320889
320919
320949
320984
321009
321036
321063
321094
321120
321153
321178
321220
321248
321273
321301
321329
321358
321391
321431
321459
321488
321516
321548
321573
321603
321628
321652
321680
321708
321739
321773
321808
321832
321865
321907
321934
321961
321990
322014
322050
322070
322095
322127
322164
322196
322224
322252
322285
322319
322343
322366
322389
322421
322453
322482
322510
322535
322571
322603
322629
322650
322681
322714
322737
322764
322795
322831
322860
322897
322934
322976
323004
323032
323062
323093
323134
323170
323197
323229
323260
323285
323310
323341
323369
323404
323433
323465
323492
323525
323550
323574
323598
323626
323652
323687
323711
323742
323780
323809
323839
323868
323896
323931
323968
323994
324018
324043
324068
324098
324138
324164
324191
324231
324258
324288
324313
324342
324363
324395
324421
324450
324482
324510
324540
324563
324590
324618
324650
324680
324707
324737
324760
324782
324810
324844
324871
324903
324933
324955
324979
325010
325041
325074
325115
325148
325179
325220
325245
325275
325303
325343
325378
325410
325435
325459
325488
325527
325551
325583
325613
325641
325677
325713
325736
325763
325798
325832
325861
325895
325931
325961
325993
326023
326066
326098
326133
326167
326190
326221
326249
326274
326310
326337
326364
326393
326422
326449
326475
326504
326539
326567
326596
326626
326646
326679
326709
326736
326765
326790
326822
326852
326876
326903
326933
326973
327011
327041
327077
327106
327128
327156
327186
327216
327243
327272
327293
327320
327349
327378
327397
327426
327455
327485
327508
327536
327557
327581
327613
327646
327677
327705
327737
327760
327795
327823
327848
327870
327894
327919
327950
327983
328012
328046
328077
328103
328134
328163
328197
328237
328269
328301
328336
328368
328405
328431
328471
328507
328548
328576
328599
328632
328662
328699
328737
328768
328790
328828
328863
328898
328918
328954
328982
329013
329046
329077
329111
329144
329169
329195
329219
329249
329282
329326
329355
329385
329412
329441
329477
329498
329523
329553
329578
329604
329631
329659
329686
329716
329739
329760
329785
329817
329848
329869
329901
329926
329955
329990
330015
330046
330076
330111
330141
330168
330208
330240
330265
330294
330314
330349
330385
330423
330448
330482
330511
330546
330568
330589
330617
330653
330693
330721
330755
330786
330819
330845
330882
330910
330935
330964
330989
331018
331054
331085
331111
331137
331164
331196
331229
331256
331281
331313
331339
331367
331387
331418
331443
331475
331508
331541
331567
331596
331626
331661
331685
331706
331735
331770
331798
331824
331848
331888
331914
331934
331968
332003
332039
332067
332093
332135
332159
332193
332230
332258
332288
332322
332363
332396
332430
332461
332488
332514
332557
332583
332614
332644
332688
332720
332754
332789
332830
332859
332891
332922
332946
332978
333009
333041
333081
333116
333154
333190
333220
333252
333288
333318
333348
333381
333403
333442
333469
333495
333541
333574
333606
333639
333672
333707
333739
333775
333810
333846
333871
333898
333926
333951
333979
334016
334045
334086
334126
334159
334185
334213
334245
334272
334299
334327
334360
334395
334434
334469
334500
334525
334566
334610
334635
334662
334706
334743
334763
334786
334819
334853
334888
334919
334950
334987
335026
335058
335098
335130
335155
335187
335217
335257
335287
335308
335332
335369
335400
335430
335468
335499
335540
335588
335622
335647
335682
335710
335749
335781
335824
335862
335902
335939
335975
336015
336046
336089
336126
336169
336199
336238
336266
336295
336316
336345
336375
336395
336424
336451
336486
336522
336568
336611
336633
336673
336697
336728
336756
336792
336828
336864
336902
336938
336973
337005
337032
337068
337097
337141
337174
337208
337242
337276
337308
337337
337372
337408
337438
337477
337517
337544
337574
337616
337643
337683
337712
337744
337771
337812
337840
337876
337924
337957
337988
338022
338056
338079
338114
338149
338178
338205
338243
338268
338300
338323
338351
338374
338406
338441
338468
338495
338530
338554
338583
338615
338640
338669
338696
338725
338761
338801
338835
338864
338895
338936
338973
339006
339032
339064
339090
339129
339169
339202
339229
339268
339296
339327
339361
339385
339418
339454
339493
339526
339565
339604
339640
339671
339706
339734
339763
339790
339834
339872
339909
339935
339972
340002
340029
340071
340100
340128
340162
340185
340220
340249
340268
340299
340334
340372
340400
340441
340464
340493
340526
340552
340579
340611
340638
340672
340708
340733
340759
340798
340825
340859
340888
340921
340960
340985
341010
341045
341070
341101
341137
341175
341204
341237
341261
341292
341327
341359
341392
341421
341451
341487
341517
341549
341581
341618
341656
341688
341715
341739
341766
341805
341836
341869
341905
341932
341957
341993
342014
342040
342069
342097
342124
342154
342198
342230
342265
342295
342327
342362
342394
342427
342451
342490
342520
342564
342594
342627
342659
342682
342718
342744
342775
342802
342831
342869
342896
342928
342959
342987
343022
343053
343086
343112
343145
343181
343212
343240
343269
343299
343331
343353
343387
343415
343441
343465
343494
343520
343553
343590
343617
343647
343687
343721
343753
343796
343840
343871
343906
343937
343972
344001
344040
344069
344105
344136
344169
344210
344239
344273
344311
344350
344382
344414
344444
344480
344523
344558
344592
344624
344659
344693
344719
344748
344780
344816
344855
344897
344917
344956
344988
345024
345064
345092
345125
345151
345180
345210
345243
345270
345300
345329
345360
345402
345437
345473
345510
345542
345565
345595
345623
345657
345686
345718
345750
345778
345800
345835
345862
345897
345933
345967
346004
346034
346078
346103
346128
346158
346198
346215
346247
346281
346328
346367
346400
346432
346462
346503
346532
346563
346599
346624
346656
346692
346724
346761
346795
346835
346856
346895
346928
346954
346984
347019
347050
347073
347111
347152
347181
347218
347251
347289
347325
347356
347386
347429
347464
347502
347526
347567
347595
347631
347669
347700
347739
347774
347812
347837
347863
347896
347937
347967
347995
348026
348051
348085
348124
348163
348201
348237
348262
348292
348321
348358
348388
348412
348448
348473
348498
348531
348568
348597
348632
348673
348699
348730
348761
348795
348825
348858
348884
348915
348938
348976
349004
349043
349071
349105
349140
349172
349198
349228
349265
349295
349337
349369
349405
349432
349470
349510
349544
349569
349606
349644
349683
349715
349757
349781
349801
349839
349881
349907
349938
349977
350013
350062
350091
350120
350152
350182
350214
350249
350275
350302
350331
350359
350387
350419
350448
350482
350513
350543
350577
350602
350642
350674
350704
350742
350777
350808
350836
350861
350890
350920
350950
350989
351014
351054
351077
351110
351144
351175
351210
351254
351283
351315
351347
351374
351404
351423
351464
351491
351519
351542
351571
351617
351650
351686
351709
351735
351772
351808
351838
351870
351914
351945
351990
352020
352045
352070
352107
352137
352184
352218
352241
352271
352301
352338
352368
352412
352446
352485
352521
352552
352584
352619
352645
352669
352708
352734
352764
352798
352836
352862
352898
352926
352959
352982
353017
353052
353094
353121
353147
353183
353205
353244
353276
353308
353333
353362
353387
353420
353439
353463
353496
353530
353564
353592
353622
353652
353680
353713
353744
353769
353803
353825
353862
353896
353924
353957
353998
354029
354060
354097
354128
354156
354188
354220
354255
354283
354313
354343
354375
354407
354441
354480
354512
354547
354574
354606
354646
354677
354704
354738
354770
354809
354840
354868
354907
354940
354976
355007
355037
355068
355100
355138
355173
355205
355241
355270
355297
355331
355360
355388
355417
355453
355493
355525
355558
355590
355625
355652
355676
355703
355739
355766
355801
355827
355858
355894
355925
355960
355993
356027
356057
356076
356106
356144
356174
356214
356234
356255
356286
356321
356355
356381
356406
356429
356458
356493
356524
356550
356571
356599
356625
356656
356686
356717
356744
356770
356803
356840
356881
356910
356948
356983
357017
357059
357093
357123
357151
357182
357215
357251
357279
357306
357336
357365
357403
357436
357470
357504
357529
357562
357597
357629
357663
357689
357718
357744
357786
357815
357849
357876
357907
357934
357967
357997
358018
358049
358073
358108
358150
358186
358217
358258
358294
358331
358367
358392
358426
358453
358493
358520
358542
358578
358615
358653
358684
358711
358757
358788
358826
358855
358894
358929
358958
358985
359014
359052
359084
359113
359142
359174
359204
359236
359276
359309
359349
359381
359407
359441
359461
359493
359517
359550
359589
359622
359652
359686
359720
359754
359789
359813
359847
359874
359895
359924
359950
359972
360006
360035
360060
360097
360138
360167
360203
360236
360263
360303
360327
360357
360387
360426
360457
360495
360524
360553
360585
360616
360650
360682
360707
360738
360771
360805
360836
360867
360894
360934
360958
360987
361017
361044
361070
361106
361141
361169
361205
361229
361261
361287
361313
361339
361372
361411
361435
361466
361497
361536
361566
361599
361629
361664
361696
361733
361762
361794
361816
361848
361877
361906
361936
361962
361996
362028
362055
362083
362115
362154
362183
362214
362245
362280
362309
362334
362361
362393
362423
362456
362483
362512
362544
362576
362612
362650
362676
362700
362730
362756
362790
362820
362850
362878
362916
362954
362984
363015
363042
363068
363103
363127
363159
363184
363205
363229
363259
363296
363333
363363
363398
363432
363454
363478
363514
363543
363574
363606
363633
363662
363704
363730
363756
363778
363803
363833
363879
363912
363941
363969
364002
364038
364064
364092
364127
364148
364189
364219
364241
364265
364293
364319
364342
364377
364403
364430
364466
364494
364528
364559
364595
364618
364656
364691
364718
364748
364772
364803
364823
364858
364884
364913
364932
364959
364985
365011
365050
365078
365111
365142
365169
365196
365231
365264
365289
365317
365344
365372
365401
365437
365468
365494
365531
365558
365582
365613
365646
365671
365702
365738
365773
365803
365824
365859
365879
365900
365927
365960
365999
366027
366064
366099
366132
366162
366194
366219
366245
366265
366302
366329
366353
366383
366411
366436
366468
366498
366525
366560
366589
366623
366654
366694
366723
366752
366783
366815
366854
366883
366915
366947
366974
367002
367037
367077
367111
367143
367168
367205
367244
367270
367305
367341
367377
367410
367442
367466
367490
367517
367537
367562
367592
367618
367647
367674
367708
367738
367770
367799
367831
367864
367892
367919
367945
367973
368002
368026
368063
368091
368120
368149
368182
368216
368244
368279
368307
368334
368370
368398
368426
368453
368491
368514
368545
368574
368602
368634
368668
368701
368733
368759
368790
368814
368855
368891
368919
368948
368978
369004
369032
369070
369094
369126
369156
369179
369208
369234
369265
369290
369321
369348
369369
369403
369433
369461
369486
369511
369545
369575
369600
369634
369675
369709
369751
369781
369813
369850
369884
369914
369948
369975
370013
370041
370074
370113
370140
370166
370197
370240
370273
370302
370329
370358
370386
370411
370440
370467
370494
370519
370545
370572
370595
370632
370657
370685
370717
370745
370781
370813
370841
370869
370900
370936
370973
371000
371026
371059
371089
371119
371152
371190
371221
371253
371287
371315
371334
371367
371392
371429
371451
371473
371501
371540
371574
371599
371625
371656
371688
371713
371741
371767
371791
371821
371850
371879
371906
371934
371969
371994
372025
372059
372094
372119
372153
372179
372203
372231
372255
372274
372297
372324
372346
372382
372405
372432
372466
372494
372532
372554
372584
372612
372642
372672
372697
372735
372760
372788
372812
372840
372866
372902
372936
372963
372990
373017
373042
373077
373107
373146
373172
373199
373226
373252
373279
373310
373347
373374
373406
373437
373468
373499
373532
373560
373589
373625
373660
373695
373725
373754
373783
373816
373858
373891
373923
373951
373983
374007
374031
374053
374091
374118
374150
374177
374201
374230
374255
374287
374314
374338
374365
374393
374417
374445
374478
374508
374533
374563
374598
374626
374652
374687
374725
374751
374778
374805
374826
374852
374876
374905
374929
374966
374992
375016
375051
375084
375113
375142
375175
375200
375234
375267
375299
375329
375357
375394
375424
375452
375475
375501
375533
375559
375586
375617
375638
375666
375697
375723
375756
375793
375815
375836
375872
375900
375939
375959
375986
376014
376046
376075
376097
376127
376155
376184
376215
376246
376275
376301
376338
376367
376395
376430
376467
376494
376524
376547
376572
376607
376647
376675
376703
376727
376764
376793
376830
376864
376891
376919
376949
376984
377014
377044
377078
377109
377132
377167
377193
377220
377254
377280
377313
377338
377364
377391
377420
377452
377485
377525
377554
377588
377618
377649
377679
377707
377730
377756
377782
377810
377836
377871
377896
377923
377954
377983
378010
378036
378057
378079
378109
378138
378165
378190
378217
378243
378283
378313
378355
378389
378418
378452
378478
378504
378533
378558
378582
378615
378642
378667
378707
378736
378769
378797
378819
378847
378873
378897
378919
378945
378968
378985
379019
379049
379071
379101
379126
379155
379178
379216
379239
379262
379294
379315
379346
379377
379410
379439
379462
379490
379512
379535
379560
379590
379616
379651
379682
379711
379746
379771
379796
379816
379839
379861
379885
379918
379946
379971
380005
380041
380074
380101
380126
380153
380180
380215
380247
380276
380302
380332
380362
380386
380418
380449
380475
380502
380523
380548
380576
380602
380629
380653
380676
380708
380743
380771
380802
380835
380860
380894
380923
380963
380988
381019
381044
381076
381097
381127
381148
381173
381208
381233
381271
381299
381325
381350
381375
381401
381429
381459
381487
381519
381546
381571
381599
381625
381657
381687
381714
381746
381768
381795
381828
381853
381886
381917
381945
381970
382008
382034
382069
382103
382129
382165
382191
382217
382253
382282
382316
382351
382371
382396
382434
382460
382490
382519
382551
382587
382613
382646
382674
382703
382736
382762
382793
382825
382860
382892
382924
382954
382982
383004
383039
383068
383093
383120
383152
383178
383203
383234
383260
383290
383322
383365
383388
383412
383434
383466
383497
383533
383566
383596
383623
383656
383686
383713
383750
383784
383816
383837
383869
383899
383925
383951
383986
384011
384036
384062
384087
384106
384131
384159
384193
384227
384263
384290
384316
384347
384377
384403
384424
384455
384479
384513
384542
384574
384602
384627
384658
384688
384715
384744
384779
384812
384838
384864
384892
384922
384956
384984
385017
385044
385074
385097
385123
385152
385183
385213
385233
385255
385283
385320
385343
385375
385410
385432
385462
385487
385514
385541
385570
385598
385624
385652
385682
385711
385741
385769
385803
385829
385860
385884
385915
385938
385977
386007
386032
386069
386102
386129
386168
386204
386230
386258
386292
386316
386342
386369
386394
386415
386447
386471
386498
386520
386545
386566
386602
386629
386657
386683
386706
386735
386762
386791
386820
386849
386880
386911
386933
386959
386989
387015
387044
387073
387097
387123
387149
387175
387212
387247
387276
387302
387330
387358
387388
387411
387437
387469
387503
387532
387559
387585
387612
387642
387680
387708
387739
387773
387806
387831
387857
387882
387916
387957
387991
388028
388059
388087
388112
388145
388177
388209
388238
388271
388298
388332
388366
388398
388432
388461
388485
388510
388543
388577
388612
388645
388672
388705
388733
388761
388787
388821
388856
388875
388900
388923
388953
388981
389008
389042
389064
389095
389124
389149
389183
389218
389243
389263
389291
389316
389352
389389
389418
389442
389473
389499
389533
389560
389587
389621
389650
389674
389699
389733
389761
389793
389829
389860
389894
389923
389946
389969
390003
390032
390061
390084
390113
390140
390176
390205
390240
390268
390292
390315
390343
390378
390399
390429
390460
390485
390517
390540
390576
390611
390640
390677
390709
390736
390771
390803
390831
390858
390887
390911
390940
390982
391016
391046
391075
391103
391136
391162
391195
391222
391260
391292
391319
391353
391391
391419
391452
391482
391508
391538
391564
391586
391619
391654
391686
391712
391744
391774
391806
391839
391862
391883
391923
391958
391989
392023
392047
392071
392090
392124
392160
392190
392215
392238
392266
392300
392340
392367
392405
392439
392474
392503
392533
392561
392581
392604
392635
392668
392702
392726
392753
392788
392810
392834
392860
392891
392927
392964
392997
393019
393056
393081
393114
393151
393178
393208
393244
393276
393306
393332
393364
393387
393418
393447
393473
393509
393551
393584
393609
393649
393684
393709
393745
393776
393807
393845
393874
393902
393932
393970
393996
394024
394047
394080
394106
394134
394162
394180
394213
394253
394281
394312
394339
394370
394403
394437
394472
394501
394528
394563
394599
394638
394666
394699
394729
394751
394773
394808
394838
394866
394904
394939
394969
394998
395023
395054
395084
395108
395139
395165
395193
395225
395260
395287
395322
395349
395379
395408
395432
395456
395479
395508
395538
395565
395600
395631
395675
395706
395739
395763
395794
395825
395855
395890
395915
395943
395973
396003
396031
396060
396093
396127
396159
396192
396223
396250
396276
396311
396339
396367
396400
396426
396452
396481
396514
396544
396572
396601
396622
396657
396687
396725
396755
396795
396820
396853
396881
396916
396940
396964
396988
397017
397053
397075
397102
397123
397159
397189
397224
397256
397290
397320
397362
397394
397430
397458
397489
397511
397546
397585
397617
397649
397678
397707
397741
397768
397803
397833
397871
397905
397934
397973
398003
398036
398067
398103
398128
398165
398194
398230
398258
398290
398315
398347
398378
398405
398438
398476
398499
398540
398575
398603
398646
398681
398713
398744
398770
398800
398827
398855
398879
398917
398959
398992
399021
399054
399080
399112
399137
399169
399204
399231
399258
399290
399318
399345
399376
399412
399438
399474
399503
399536
399573
399600
399629
399661
399690
399712
399743
399764
399793
399826
399865
399911
399947
399965
399989
400018
400054
400086
400114
400143
400173
400207
400242
400271
400305
400339
400373
400404
400436
400467
400502
400527
400561
400591
400622
400652
400687
400727
400747
400772
400807
400843
400876
400908
400926
400954
400983
401015
401037
401068
401101
401133
401161
401189
401215
401243
401273
401298
401331
401365
401396
401435
401467
401510
401542
401584
401618
401645
401672
401697
401728
401764
401789
401825
401847
401870
401900
401930
401962
401995
402024
402053
402089
402116
402144
402171
402193
402217
402245
402272
402302
402338
402368
402392
402417
402441
402463
402490
402527
402554
402581
402609
402640
402666
402686
402710
402735
402768
402797
402820
402855
402885
402912
402943
402976
403002
403033
403068
403102
403128
403163
403191
403224
403252
403278
403304
403335
403366
403390
403413
403439
403470
403505
403537
403569
403597
403630
403653
403689
403715
403747
403774
403803
403835
403857
403882
403912
403941
403977
403998
404027
404053
404080
404111
404144
404183
404209
404240
404278
404305
404336
404362
404395
404423
404454
404479
404519
404549
404583
404606
404637
404663
404694
404719
404742
404772
404801
404825
404850
404880
404918
404957
404984
405012
405041
405064
405090
405115
405147
405181
405216
405244
405270
405303
405323
405351
405375
405401
405428
405459
405492
405520
405554
405582
405616
405650
405674
405708
405744
405776
405812
405839
405867
405897
405926
405960
405988
406015
406049
406091
406126
406161
406186
406215
406242
406276
406318
406348
406375
406414
406448
406471
406499
406529
406557
406583
406607
406642
406675
406708
406735
406763
406785
406814
406849
406875
406909
406945
406973
406999
407035
407060
407096
407132
407157
407179
407203
407234
407266
407300
407338
407361
407393
407428
407444
407475
407511
407538
407565
407588
407618
407648
407681
407714
407739
407768
407792
407820
407846
407870
407898
407926
407956
407984
408016
408045
408073
408111
408141
408171
408192
408221
408245
408277
408302
408330
408355
408384
408411
408433
408461
408484
408502
408530
408557
408590
408616
408641
408674
408700
408727
408760
408793
408820
408847
408883
408911
408937
408961
408993
409024
409048
409083
409116
409145
409167
409189
409224
409259
409291
409324
409360
409392
409422
409456
409488
409518
409539
409576
