35
35
78
116
156
203
241
280
312
360
393
431
465
508
546
582
619
657
690
728
772
812
845
884
918
960
995
1036
1073
1107
1147
1186
1224
1260
1293
1326
1366
1402
1438
1467
1504
1541
1586
1631
1665
1700
1737
1774
1819
1860
1890
1929
1970
2005
2042
2086
2118
2158
2191
2228
2260
2296
2336
2378
2412
2444
2487
2519
2554
2588
2626
2662
2699
2730
2771
2806
2848
2891
2930
2962
2992
3025
3058
3092
3131
3174
3211
3252
3297
3326
3359
3402
3440
3476
3519
3566
3612
3654
3692
3730
3765
3806
3853
3889
3928
3972
4008
4047
4081
4117
4156
4192
4228
4261
4300
4328
4364
4407
4437
4481
4516
4554
4590
4630
4675
4707
4737
4776
4807
4845
4887
4913
4959
4993
5030
5063
5105
5149
5185
5220
5248
5285
5318
5354
5390
5430
5472
5513
5552
5592
5633
5678
5711
5750
5777
5813
5813
5846
5881
5920
5959
5988
6032
6069
6103
6144
6175
6210
6252
6283
6318
6355
6386
6423
6464
6505
6534
6577
6620
6653
6692
6727
6770
6813
6850
6880
6925
6966
6996
7031
7070
7104
7146
7185
7229
7272
7302
7345
7380
7418
7458
7494
7532
7570
7601
7641
7685
7719
7753
7795
7839
7878
7916
7948
7993
8030
8074
8111
8151
8185
8222
8254
8284
8329
8372
8407
8445
8476
8513
8545
8581
8617
8660
8692
8726
8753
8791
8826
8858
8884
8918
8950
8995
9025
9057
9089
9128
9159
9201
9230
9267
9303
9338
9370
9409
9456
9491
9530
9567
9607
9637
9665
9703
9746
9788
9825
9872
9908
9946
9983
10024
10054
10092
10133
10173
10212
10243
10284
10320
10352
10381
10414
10450
10486
10517
10547
10586
10619
10653
10682
10718
10754
10790
10829
10860
10888
10919
10946
10975
11012
11045
11089
11128
11169
11207
11242
11276
11306
11344
11381
11421
11454
11498
11531
11573
11601
11640
11679
11717
11752
11785
11817
11852
11891
11931
11972
12012
12044
12074
12119
12159
12190
12228
12265
12298
12331
12367
12406
12443
12480
12524
12559
12588
12629
12667
12698
12743
12770
12802
12834
12878
12909
12942
12966
12999
13033
13066
13096
13137
13171
13207
13238
13276
13314
13349
13380
13411
13445
13475
13504
13544
13572
13609
13647
13685
13721
13759
13805
13844
13886
13916
13955
13991
14034
14072
14117
14152
14184
14225
14270
14300
14342
14383
14418
14452
14483
14527
14563
14605
14642
14673
14708
14745
14783
14819
14849
14886
14922
14959
14996
15031
15071
15104
15138
15174
15209
15239
15274
15308
15336
15377
15412
15448
15472
15505
15541
15579
15613
15652
15683
15720
15755
15786
15827
15862
15899
15935
15967
15999
16040
16076
16106
16139
16170
16195
16237
16273
16313
16346
16384
16424
16456
16489
16519
16545
16579
16609
16645
16686
16719
16760
16794
16833
16871
16901
16935
16964
17004
17036
17064
17092
17123
17162
17197
17233
17273
17310
17338
17370
17404
17445
17475
17506
17537
17568
17600
17637
17671
17703
17736
17773
17816
17852
17886
17924
17962
17996
18032
18069
18098
18131
18172
18199
18235
18266
18313
18349
18378
18416
18449
18484
18514
18552
18589
18623
18657
18694
18727
18764
18800
18835
18876
18915
18945
18977
19015
19055
19084
19117
19150
19182
19215
19249
19279
19316
19351
19382
19425
19457
19494
19538
19579
19618
19663
19695
19730
19761
19797
19830
19865
19902
19940
19977
20010
20045
20089
20120
20154
20188
20222
20260
20287
20324
20356
20395
20432
20475
20513
20550
20583
20616
20653
20689
20724
20755
20781
20809
20842
20880
20912
20940
20980
21009
21040
21065
21091
21125
21160
21193
21232
21267
21298
21328
21358
21389
21423
21458
21495
21538
21572
21606
21642
21675
21707
21737
21775
21813
21843
21873
21912
21942
21972
22002
22037
22067
22106
22137
22161
22197
22236
22264
22299
22337
22387
22417
22451
22492
22526
22562
22599
22636
22668
22710
22743
22772
22805
22840
22877
22923
22962
22993
23027
23070
23101
23132
23165
23196
23226
23266
23296
23328
23366
23402
23432
23461
23496
23529
23560
23594
23629
23669
23699
23729
23757
23793
23833
23865
23901
23939
23972
24004
24038
24069
24101
24134
24171
24203
24239
24279
24313
24351
24389
24419
24454
24486
24518
24545
24574
24608
24641
24679
24706
24739
24766
24805
24845
24872
24907
24942
24977
25009
25044
25083
25117
25150
25183
25215
25247
25285
25316
25347
25382
25418
25460
25501
25530
25564
25602
25637
25672
25705
25739
25769
25803
25840
25868
25913
25953
25987
26026
26057
26088
26122
26159
26194
26230
26266
26295
26323
26358
26391
26426
26455
26493
26518
26549
26586
26613
26643
26679
26709
26743
26772
26801
26834
26875
26904
26936
26984
27011
27047
27077
27114
27148
27181
27220
27251
27278
27312
27346
27386
27422
27458
27493
27528
27559
27595
27625
27655
27690
27723
27757
27790
27828
27865
27900
27928
27961
27991
28022
28064
28098
28127
28155
28184
28220
28252
28292
28317
28344
28379
28405
28444
28477
28508
28547
28578
28613
28646
28684
28718
28755
28791
28826
28870
28911
28944
28977
29005
29040
29071
29109
29138
29175
29209
29241
29276
29305
29335
29368
29403
29429
29466
29504
29531
29560
29588
29631
29668
29703
29742
29775
29804
29842
29874
29910
29950
29982
30020
30053
30087
30119
30150
30187
30224
30261
30297
30326
30358
30394
30422
30460
30491
30522
30557
30588
30616
30650
30681
30713
30746
30780
30813
30841
30873
30909
30938
30967
31002
31036
31068
31100
31131
31164
31194
31222
31248
31281
31315
31345
31376
31409
31441
31473
31507
31540
31570
31599
31627
31657
31689
31726
31757
31794
31822
31853
31890
31926
31957
31990
32027
32059
32089
32127
32163
32188
32214
32251
32282
32317
32350
32379
32412
32445
32476
32511
32539
32571
32602
32635
32669
32701
32729
32765
32794
32830
32863
32891
32922
32955
32982
33008
33037
33071
33101
33136
33165
33201
33234
33266
33295
33320
33357
33391
33421
33445
33473
33505
33538
33564
33595
33625
33666
33701
33737
33771
33803
33833
33861
33890
33919
33951
33984
34013
34040
34070
34103
34140
34175
34209
34240
34269
34300
34331
34369
34402
34432
34469
34499
34525
34550
34577
34611
34646
34675
34710
34734
34759
34793
34826
34860
34892
34930
34962
34993
35029
35057
35097
35128
35159
35192
35224
35260
35294
35335
35369
35400
35441
35475
35506
35539
35567
35596
35628
35663
35698
35727
35753
35787
35818
35853
35883
35910
35941
35974
35999
36029
36064
36099
36130
36163
36196
36227
36257
36290
36318
36348
36376
36416
36445
36480
36513
36543
36568
36601
36641
36671
36701
36740
36776
36806
36836
36876
36907
36937
36968
36999
37032
37068
37098
37122
37154
37181
37220
37252
37285
37318
37361
37395
37425
37457
37492
37521
37552
37586
37629
37662
37686
37718
37744
37777
37806
37838
37874
37909
37936
37969
37999
38035
38063
38094
38121
38149
38179
38206
38236
38267
38300
38337
38376
38408
38435
38463
38493
38524
38556
38585
38617
38650
38676
38700
38733
38768
38801
38837
38870
38900
38939
38966
38995
39021
39051
39081
39118
39147
39184
39223
39256
39289
39318
39343
39379
39411
39454
39482
39514
39543
39572
39603
39638
39669
39702
39737
39762
39790
39827
39856
39893
39923
39953
39980
40010
40042
40073
40101
40129
40155
40187
40225
40252
40290
40321
40358
40389
40426
40460
40488
40516
40554
40584
40620
40653
40682
40716
40745
40776
40808
40839
40866
40897
40929
40962
40993
41022
41055
41086
41116
41150
41181
41212
41238
41275
41305
41335
41368
41405
41439
41474
41496
41523
41552
41578
41610
41637
41669
41697
41728
41761
41796
41821
41852
41880
41909
41945
41977
42005
42038
42068
42094
42126
42157
42188
42222
42260
42288
42314
42354
42386
42414
42447
42476
42512
42545
42578
42613
42643
42668
42703
42740
42769
42799
42831
42863
42892
42929
42962
43003
43029
43059
43097
43124
43155
43182
43214
43247
43270
43299
43328
43362
43394
43422
43455
43481
43503
43530
43561
43588
43620
43657
43690
43721
43749
43776
43806
43832
43861
43887
43912
43937
43967
43995
44029
44060
44096
44124
44154
44183
44213
44248
44278
44303
44339
44368
44396
44429
44463
44491
44517
44547
44575
44607
44638
44670
44704
44731
44765
44797
44824
44852
44882
44912
44946
44975
45004
45041
45074
45105
45137
45172
45199
45226
45263
45290
45323
45352
45385
45414
45445
45478
45511
45543
45572
45602
45631
45663
45698
45727
45759
45792
45823
45857
45888
45920
45952
45982
46011
46042
46071
46109
46136
46167
46192
46225
46255
46287
46321
46348
46379
46410
46441
46469
46509
46542
46568
46596
46626
46659
46687
46722
46755
46788
46817
46846
46873
46898
46927
46958
46987
47017
47051
47080
47110
47142
47176
47205
47235
47270
47299
47330
47356
47386
47411
47447
47477
47513
47541
47575
47606
47640
47668
47709
47739
47765
47794
47832
47861
47890
47919
47952
47981
48016
48050
48076
48107
48136
48173
48206
48241
48272
48303
48334
48362
48389
48423
48453
48481
48508
48539
48570
48598
48629
48665
48693
48723
48755
48781
48810
48837
48872
48898
48928
48958
48988
49021
49048
49084
49112
49143
49178
49212
49245
49277
49313
49340
49383
49415
49448
49484
49518
49548
49580
49618
49650
49687
49720
49753
49790
49823
49858
49890
49914
49952
49981
50009
50039
50068
50099
50130
50157
50191
50219
50248
50274
50305
50332
50366
50398
50434
50463
50498
50526
50549
50586
50616
50653
50686
50716
50745
50778
50809
50839
50872
50900
50931
50963
50994
51020
51051
51083
51107
51139
51173
51208
51245
51279
51312
51339
51364
51399
51431
51462
51492
51523
51549
51577
51602
51629
51660
51690
51725
51754
51786
51810
51841
51880
51915
51947
51973
52007
52034
52064
52093
52128
52156
52186
52222
52249
52285
52314
52343
52374
52402
52433
52469
52501
52539
52564
52601
52635
52663
52692
52718
52750
52777
52805
52833
52864
52891
52921
52954
52982
53018
53051
53083
53127
53159
53184
53214
53246
53274
53303
53331
53361
53388
53418
53446
53476
53503
53531
53561
53594
53627
53653
53683
53710
53743
53770
53795
53827
53852
53878
53906
53935
53962
53992
54020
54052
54084
54108
54136
54168
54195
54221
54252
54282
54316
54344
54375
54414
54445
54481
54510
54543
54573
54608
54644
54679
54715
54744
54776
54813
54844
54875
54908
54937
54970
55005
55042
55071
55104
55139
55170
55197
55226
55258
55285
55316
55339
55369
55400
55427
55461
55497
55528
55557
55586
55618
55646
55675
55702
55730
55760
55790
55815
55849
55882
55907
55938
55965
55996
56024
56053
56080
56113
56142
56169
56192
56224
56251
56282
56307
56334
56365
56392
56421
56453
56480
56513
56543
56576
56601
56629
56659
56691
56716
56741
56772
56800
56832
56859
56891
56929
56959
56984
57018
57056
57082
57113
57147
57172
57203
57235
57274
57305
57332
57357
57390
57414
57449
57479
57507
57538
57570
57599
57626
57660
57692
57721
57745
57773
57810
57846
57881
57915
57939
57969
58003
58029
58059
58085
58115
58149
58181
58215
58242
58274
58304
58329
58362
58393
58423
58453
58485
58512
58546
58577
58606
58638
58669
58696
58730
58761
58795
58824
58853
58883
58910
58938
58978
59008
59035
59060
59089
59122
59146
59180
59213
59243
59276
59311
59342
59372
59400
59433
59460
59490
59522
59547
59574
59604
59634
59664
59691
59725
59754
59784
59812
59842
59866
59897
59922
59951
59980
60009
60034
60061
60089
60117
60148
60178
60209
60249
60278
60311
60337
60369
60405
60436
60469
60496
60528
60555
60583
60616
60645
60673
60705
60745
60771
60801
60832
60857
60891
60922
60950
60981
61011
61045
61069
61100
61129
61160
61195
61228
61261
61290
61320
61345
61377
61409
61446
61477
61508
61539
61565
61592
61617
61652
61685
61710
61735
61771
61795
61822
61852
61890
61915
61947
61971
62004
62027
62062
62089
62111
62136
62166
62195
62218
62246
62274
62303
62330
62360
62395
62422
62453
62486
62516
62551
62584
62613
62640
62671
62700
62727
62760
62787
62820
62851
62882
62909
62937
62962
62992
63023
63049
63086
63119
63148
63178
63207
63238
63270
63301
63330
63357
63384
63411
63441
63467
63496
63529
63556
63582
63611
63635
63663
63689
63722
63752
63785
63813
63847
63873
63907
63934
63959
63988
64021
64053
64087
64118
64147
64179
64213
64240
64270
64302
64335
64362
64391
64423
64450
64479
64511
64535
64561
64587
64614
64641
64675
64704
64730
64761
64789
64817
64849
64876
64902
64930
64961
64994
65020
65055
65084
65114
65141
65174
65201
65234
65266
65301
65327
65352
65389
65425
65452
65483
65509
65535
65564
65598
65628
65658
65688
65721
65757
65786
65816
65844
65870
65902
65934
65963
65990
66017
66048
66078
66103
66128
66157
66184
66213
66243
66274
66300
66325
66354
66388
66414
66443
66469
66498
66520
66545
66570
66601
66629
66656
66689
66715
66738
66772
66803
66835
66866
66892
66922
66950
66983
67019
67048
67078
67105
67134
67162
67194
67224
67253
67287
67314
67345
67374
67404
67430
67461
67487
67521
67548
67581
67610
67638
67667
67694
67720
67746
67780
67814
67841
67868
67897
67935
67969
67999
68034
68066
68100
68127
68157
68186
68218
68245
68273
68296
68323
68353
68382
68411
68447
68475
68500
68524
68551
68579
68609
68638
68665
68690
68717
68745
68773
68802
68839
68868
68901
68932
68958
68992
69023
69046
69086
69114
69144
69174
69203
69234
69265
69291
69318
69341
69367
69394
69425
69451
69486
69514
69550
69583
69606
69635
69667
69699
69727
69752
69783
69819
69845
69870
69897
69923
69952
69981
70014
70041
70064
70093
70126
70154
70182
70217
70245
70276
70301
70329
70356
70389
70426
70450
70478
70509
70539
70563
70593
70624
70658
70693
70720
70751
70773
70804
70841
70873
70904
70940
70975
71002
71024
71050
71079
71111
71140
71178
71203
71232
71260
71292
71323
71348
71378
71408
71438
71476
71505
71533
71564
71593
71626
71653
71677
71712
71740
71768
71801
71827
71854
71884
71910
71941
71976
72011
72044
72079
72109
72132
72155
72186
72219
72250
72281
72317
72350
72378
72408
72439
72467
72498
72523
72554
72584
72610
72637
72665
72697
72736
72763
72799
72835
72863
72895
72924
72954
72980
73003
73034
73062
73097
73126
73158
73185
73214
73247
73275
73303
73334
73367
73405
73438
73464
73493
73521
73548
73581
73606
73635
73663
73688
73714
73748
73775
73802
73825
73850
73875
73902
73931
73962
73993
74019
74046
74074
74099
74128
74160
74196
74224
74258
74281
74303
74333
74361
74388
74419
74449
74475
74501
74533
74567
74595
74627
74653
74692
74726
74757
74793
74822
74855
74883
74910
74944
74967
74994
75027
75051
75084
75112
75140
75171
75207
75233
75264
75295
75324
75354
75377
75402
75428
75456
75492
75523
75546
75575
75601
75627
75660
75689
75723
75754
75782
75807
75836
75867
75893
75922
75949
75978
76010
76034
76067
76096
76131
76156
76197
76227
76257
76283
76313
76343
76378
76417
76448
76474
76503
76533
76555
76587
76615
76642
76671
76705
76738
76765
76792
76820
76852
76890
76917
76945
76970
77001
77029
77067
77091
77119
77157
77182
77216
77245
77277
77315
77338
77375
77401
77428
77459
77484
77513
77544
77568
77597
77622
77656
77686
77712
77738
77770
77800
77832
77856
77881
77912
77941
77967
78001
78043
78073
78100
78128
78166
78197
78230
78256
78286
78316
78349
78377
78409
78436
78460
78486
78512
78538
78565
78598
78629
78654
78686
78711
78735
78762
78787
78818
78847
78875
78897
78932
78958
78982
79008
79037
79067
79097
79119
79145
79172
79198
79231
79260
79291
79323
79348
79379
79407
79432
79457
79495
79527
79558
79589
79621
79653
79689
79717
79743
79771
79801
79838
79873
79906
79935
79964
79994
80032
80066
80095
80124
80156
80185
80213
80241
80272
80300
80334
80360
80391
80425
80462
80491
80523
80556
80585
80622
80648
80675
80704
80730
80757
80789
80818
80851
80881
80904
80935
80963
81000
81034
81058
81089
81127
81161
81199
81225
81247
81271
81301
81331
81363
81389
81415
81445
81479
81505
81541
81562
81590
81617
81644
81684
81712
81739
81776
81809
81838
81866
81898
81925
81949
81971
82002
82038
82064
82093
82122
82150
82182
82214
82240
82266
82293
82327
82357
82383
82406
82435
82463
82491
82518
82546
82587
82619
82648
82685
82713
82747
82776
82813
82844
82879
82903
82933
82965
82997
83025
83057
83099
83127
83156
83183
83209
83237
83262
83287
83316
83348
83380
83413
83443
83471
83500
83527
83560
83594
83620
83647
83671
83701
83726
83758
83797
83830
83858
83888
83911
83945
83971
83999
84027
84053
84080
84105
84133
84168
84205
84235
84276
84307
84337
84366
84400
84437
84467
84495
84524
84552
84579
84608
84638
84665
84694
84717
84750
84789
84818
84852
84878
84914
84943
84976
85012
85041
85076
85106
85133
85165
85192
85217
85246
85277
85310
85340
85368
85390
85425
85454
85480
85507
85535
85569
85607
85631
85659
85685
85715
85748
85781
85815
85838
85864
85894
85927
85961
85986
86020
86052
86082
86110
86134
86164
86189
86219
86245
86270
86297
86325
86352
86374
86403
86430
86453
86487
86512
86542
86570
86594
86618
86651
86676
86703
86728
86759
86782
86805
86829
86856
86889
86919
86941
86974
87006
87027
87051
87080
87106
87131
87163
87191
87217
87239
87272
87296
87325
87352
87386
87406
87431
87453
87478
87506
87534
87561
87589
87617
87646
87672
87699
87727
87752
87777
87800
87828
87856
87888
87916
87947
87968
88001
88030
88058
88084
88106
88129
88162
88198
88221
88254
88284
88312
88336
88370
88394
88424
88455
88488
88510
88541
88572
88603
88630
88661
88696
88725
88754
88785
88811
88837
88868
88895
88919
88945
88972
88999
89026
89059
89083
89111
89139
89169
89200
89224
89258
89284
89317
89340
89371
89415
89441
89472
89502
89528
89559
89589
89613
89636
89661
89690
89721
89747
89772
89800
89830
89860
89895
89918
89949
89975
89999
90031
90054
90087
90110
90138
90170
90202
90230
90258
90283
90304
90326
90353
90382
90407
90430
90457
90482
90513
90541
90570
90599
90627
90655
90684
90722
90754
90781
90810
90841
90877
90904
90929
90950
90982
91005
91039
91068
91098
91125
91154
91183
91208
91233
91258
91289
91315
91340
91367
91393
91420
91448
91482
91515
91542
91563
91595
91621
91645
91676
91701
91737
91763
91789
91817
91841
91873
91897
91924
91956
91982
92019
92046
92073
92099
92125
92146
92170
92201
92235
92264
92296
92322
92345
92369
92399
92426
92453
92480
92511
92534
92564
92588
92617
92646
92672
92703
92734
92756
92782
92806
92840
92866
92892
92922
92952
92980
93003
93028
93052
93079
93107
93136
93172
93199
93227
93251
93284
93309
93337
93362
93389
93416
93448
93477
93506
93538
93563
93593
93616
93642
93668
93690
93725
93750
93784
93824
93858
93881
93914
93947
93972
93998
94023
94048
94083
94107
94141
94173
94211
94237
94261
94289
94318
94345
94367
94396
94427
94457
94480
94508
94539
94576
94608
94636
94670
94694
94720
94746
94780
94807
94828
94852
94876
94907
94935
94962
94992
95018
95044
95071
95092
95116
95142
95163
95184
95218
95250
95275
95308
95333
95356
95379
95404
95429
95455
95479
95515
95537
95559
95583
95613
95644
95672
95693
95715
95753
95778
95804
95829
95859
95881
95908
95940
95969
95994
96022
96049
96071
96098
96124
96156
96179
96204
96227
96253
96282
96305
96327
96359
96386
96412
96436
96460
96484
96512
96538
96566
96590
96620
96645
96667
96696
96724
96747
96770
96806
96832
96855
96879
96908
96939
96962
96984
97010
97035
97067
97093
97116
97137
97158
97184
97207
97232
97256
97277
97301
97330
97352
97378
97400
97420
97442
97468
97496
97519
97548
97572
97601
97629
97657
97693
97720
97745
97768
97793
97815
97843
97877
97905
97926
97948
97969
97995
98020
98044
98073
98094
98119
98143
98166
98194
98217
98247
98277
98306
98342
98369
98395
98420
98453
98478
98512
98535
98558
98583
98605
98629
98655
98679
98703
98727
98750
98771
98795
98816
98842
98863
98891
98917
98944
98966
98986
99013
99036
99069
99093
99115
99135
99159
99181
99203
99228
99248
99271
99295
99323
99348
99379
99404
99437
99459
99480
99504
99527
99551
99574
99597
99623
99648
99672
99695
99717
99738
99760
99783
99804
99824
99857
99884
99907
99935
99963
99987
100011
100033
100068
100093
100116
100145
100166
100199
100230
100254
100276
100297
100323
100344
100370
100394
100415
100436
100456
100480
100508
100531
100560
100584
100609
100630
100650
100670
100692
100716
100736
100759
100790
100818
100842
100864
100887
100909
100934
100954
100981
101003
101024
101048
101072
101094
101115
101141
101162
101187
101213
101239
101266
101292
101319
101341
101369
101391
101417
101438
101461
101484
101507
101528
101553
101577
101599
101630
101656
101678
101707
101727
101752
101775
101802
101823
101846
101867
101888
101915
101944
101973
101999
102022
102045
102068
102091
102114
102138
102159
102185
102211
102236
102256
102279
102302
102329
102351
102376
102399
102419
102442
102468
102493
102514
102537
102558
102584
102609
102632
102663
102685
102706
102727
102754
102775
102798
102821
102843
102870
102893
102913
102934
102954
102981
103005
103027
103058
103082
103104
103136
103160
103183
103205
103226
103247
103267
103291
103313
103336
103360
103383
103406
103430
103458
103480
103500
103520
103548
103568
103589
103615
103637
103662
103690
103716
103736
103758
103779
103803
103824
103846
103866
103887
103908
103928
103952
103975
103996
104019
104041
104065
104090
104116
104138
104160
104180
104201
104225
104245
104270
104294
104315
104345
104372
104396
104417
104438
104460
104484
104508
104530
104555
104577
104597
104618
104642
104669
104693
104716
104738
104760
104780
104801
104822
104845
104870
104890
104911
104935
104959
104983
105004
105032
105052
105078
105101
105124
105150
105172
105192
105218
105241
105267
105288
105316
105337
105362
105382
105404
105424
105447
105469
105496
105520
105541
105562
105582
105603
105625
105647
105671
105696
105718
105739
105763
105787
105808
105829
105855
105875
105900
105922
105943
105963
105984
106004
106025
106047
106071
106094
106121
106144
106165
106191
106212
106236
106256
106277
106300
106322
106343
106366
106393
106419
106445
106465
106486
106506
106526
106547
106569
106589
106609
106630
106650
106674
106696
106717
106741
106765
106788
106808
106828
106852
106874
106895
106917
106938
106962
106985
107011
107033
107054
107075
107096
107120
107140
107165
107186
107211
107234
107257
107277
107298
107318
107340
107362
107384
107406
107426
107446
107466
107489
107512
107532
107556
107578
107599
107622
107642
107663
107685
107705
107726
107748
107768
107789
107813
107834
107856
107880
107901
107927
107950
107973
107994
108018
108038
108063
108084
108105
108131
108159
108180
108203
108224
108252
108274
108294
108314
108341
108362
108389
108410
108431
108456
108483
108505
108527
108548
108570
108590
108612
108633
108659
108680
108701
108722
108744
108767
108792
108812
108833
108853
108875
108899
108920
108945
108968
108993
109013
109033
109054
109079
109100
109125
109150
109170
109190
109211
109233
109256
109278
109298
109320
109343
109369
109389
109414
109435
109457
109478
109498
109520
109542
109563
109584
109604
109628
109650
109671
109692
109714
109734
109759
109782
109807
109831
109851
109872
109894
109919
109940
109967
109987
110009
110030
110050
110072
110096
110117
110138
110158
110180
110204
110226
110253
110275
110296
110318
110340
110361
110385
110412
110435
110460
110482
110504
110526
110546
110570
110590
110612
110633
110653
110675
110696
110719
110740
110762
110783
110803
110828
110852
110873
110893
110920
110940
110962
110984
111005
111025
111048
111068
111089
111111
111131
111151
111171
111192
111214
111235
111261
111284
111311
111332
111356
111381
111402
111423
111444
111467
111488
111509
111530
111552
111578
111599
111622
111642
111662
111683
111704
111727
111751
111772
111796
111818
111846
111866
111888
111909
111931
111952
111972
111993
112017
112037
112057
112077
112097
112119
112141
112161
112181
112202
112224
112245
112272
112293
112314
112337
112358
112380
112400
112422
112442
112464
112485
112507
112528
112550
112574
112595
112620
112645
112667
112687
112709
112731
112751
112778
112801
112824
112844
112866
112888
112908
112931
112951
112972
112992
113012
113033
113053
113073
113094
113114
113134
113157
113179
113199
113219
113241
113264
113287
113310
113330
113350
113372
113394
113414
113435
113458
113478
113500
113523
113544
113564
113588
113610
113630
113650
113670
113692
113714
113735
113759
113783
113805
113827
113849
113869
113889
113909
113931
113952
113972
113996
114016
114036
114057
114077
114097
114120
114140
114161
114181
114203
114224
114244
114264
114288
114310
114335
114357
114379
114407
114429
114451
114472
114492
114512
114534
114554
114574
114597
114618
114639
114659
114680
114702
114724
114744
114764
114784
114804
114826
114846
114867
114888
114908
114928
114948
114973
114994
115014
115038
115058
115079
115099
115122
115143
115163
115186
115207
115228
115249
115270
115290
115314
115335
115355
115375
115396
115416
115436
115457
115477
115497
115518
115541
115561
115581
115602
115622
115643
115667
115687
115707
115728
115748
115768
115789
115809
115829
115849
115869
115890
115912
115932
115953
115976
115996
116016
116036
116056
116077
116099
116119
116139
116159
116179
116203
116223
116244
116265
116285
116309
116331
116353
116373
116394
116415
116436
116460
116481
116506
116526
116549
116574
116594
116615
116635
116659
116688
116710
116730
116750
116770
116792
116817
116837
116858
116880
116900
116926
116947
116967
116988
117009
117029
117049
117073
117093
117115
117138
117161
117185
117206
117228
117249
117269
117292
117314
117335
117355
117375
117395
117415
117436
117457
117482
117502
117522
117543
117565
117586
117607
117627
117648
117668
117690
117710
117734
117754
117775
117798
117818
117840
117860
117880
117903
117924
117944
117965
117987
118011
118031
118052
118075
118099
118119
118139
118159
118181
118202
118222
118243
118263
118285
118305
118325
118345
118372
118393
118413
118434
118454
118475
118495
118515
118536
118559
118579
118600
118620
118640
118661
118681
118701
118721
118744
118765
118785
118805
118825
118846
118867
118887
118907
118927
118947
118970
118990
119010
119030
119053
119073
119093
119114
119135
119159
119180
119201
119222
119243
119264
119287
119311
119333
119353
119373
119393
119413
119434
119454
119474
119496
119518
119538
119559
119579
119599
119620
119640
119661
119682
119703
119723
119743
119763
119785
119805
119825
119846
119872
119892
119912
119933
119953
119973
119993
120014
120034
120057
120078
120099
120119
120139
120159
120180
120201
120222
120248
120268
120288
120308
120328
120350
120371
120395
120417
120437
120458
120480
120500
120522
120542
120562
120583
120604
120625
120646
120667
120688
120709
120729
120749
120771
120793
120815
120835
120855
120876
120897
120917
120939
120960
120981
121003
121023
121043
121064
121084
121105
121126
121146
121166
121186
121209
121229
121250
121270
121290
121310
121331
121352
121374
121394
121415
121435
121461
121482
121507
121528
121548
121568
121589
121610
121630
121650
121671
121691
121714
121734
121755
121776
121796
121816
121836
121857
121877
121898
121919
121939
121959
121980
122001
122023
122044
122064
122084
122106
122127
122147
122168
122188
122208
122228
122248
122269
122289
122309
122329
122350
122372
122394
122414
122434
122456
122477
122497
122517
122537
122558
122579
122600
122620
122640
122660
122681
122702
122724
122744
122764
122784
122804
122824
122844
122864
122884
122904
122926
122946
122970
122991
123013
123034
123054
123075
123095
123116
123138
123159
123179
123200
123220
123240
123260
123280
123300
123320
123344
123364
123384
123405
123426
123447
123470
123490
123510
123530
123551
123571
123592
123612
123633
123654
123674
123694
123715
123735
123756
123776
123798
123818
123839
123861
123882
123902
123923
123943
123966
123987
124007
124032
124054
124075
124098
124121
124143
124164
124184
124205
124226
124249
124270
124290
124310
124330
124350
124372
124392
124412
124434
124454
124475
124495
124516
124537
124558
124579
124600
124620
124640
124660
124680
124701
124721
124741
124761
124782
124803
124825
124845
124868
124888
124909
124929
124949
124970
124991
125011
125033
125057
125078
125098
125118
125138
125158
125178
125198
125218
125238
125261
125287
125308
125328
125349
125369
125393
125414
125434
125454
125474
125494
125518
125538
125558
125578
125598
125618
125639
125659
125681
125701
125721
125741
125761
125782
125802
125825
125846
125866
125886
125906
125927
125947
125967
125987
126009
126029
126049
126069
126089
126109
126129
126150
126170
126190
126210
126230
126250
126270
126290
126318
126339
126359
126380
126401
126421
126442
126462
126482
126502
126522
126544
126564
126584
126604
126624
126644
126664
126684
126705
126725
126746
126767
126787
126807
126827
126847
126867
126887
126907
126927
126948
126969
126989
127010
127030
127050
127071
127091
127111
127131
127152
127172
127193
127215
127235
127255
127275
127297
127317
127337
127358
127379
127400
127421
127441
127463
127483
127503
127523
127543
127563
127583
127603
127623
127645
127666
127686
127706
127726
127746
127766
127786
127806
127826
127846
127868
127890
127910
127930
127950
127970
127990
128010
128033
128054
128074
128096
128119
128139
128160
128182
128204
128224
128246
128266
128286
128306
128326
128346
128366
128386
128406
128426
128446
128466
128487
128507
128528
128549
128570
128591
128611
128631
128651
128672
128692
128712
128733
128753
128774
128796
128817
128839
128859
128879
128899
128920
128940
128960
128980
129001
129021
129042
129063
129083
129104
129124
129145
129166
129188
129208
129229
129251
129271
129291
129311
129332
129352
129374
129395
129415
129435
129455
129475
129495
129516
129536
129558
129578
129599
129619
129639
129659
129679
129699
129720
129740
129760
129783
129803
129823
129844
129864
129884
129904
129924
129944
129965
129985
130005
130026
130046
130069
130090
130111
130131
130151
130172
130192
130212
130233
130253
130273
130293
130314
130334
130356
130376
130396
130416
130436
130456
130476
130496
130516
130536
130556
130576
130596
130617
130637
130657
130677
130697
130720
130741
130761
130781
130804
130824
130844
130865
130885
130905
130925
130947
130967
130987
131007
131028
131048
131068
131090
131111
131131
131151
131171
131193
131213
131234
131254
131274
131296
131319
131341
131361
131381
131401
131422
131442
131462
131483
131503
131524
131545
131565
131585
131607
131627
131647
131667
131687
131707
131728
131749
131775
131795
131817
131838
131859
131880
131901
131922
131943
131963
131983
132006
132026
132047
132067
132087
132110
132130
132150
132172
132192
132212
132232
132252
132272
132292
132312
132333
132353
132375
132396
132416
132436
132457
132477
132497
132520
132542
132562
132582
132602
132622
132642
132662
132682
132702
132725
132745
132765
132786
132807
132827
132850
132870
132892
132912
132932
132952
132972
132993
133014
133035
133055
133075
133095
133115
133135
133155
133175
133195
133215
133235
133255
133276
133297
133317
133337
133358
133378
133401
133421
133441
133463
133485
133505
133525
133545
133566
133586
133608
133628
133650
133670
133690
133710
133731
133751
133771
133791
133812
133832
133853
133875
133895
133919
133940
133962
133983
134003
134023
134043
134063
134083
134105
134125
134147
134167
134188
134208
134228
134248
134269
134289
134309
134329
134349
134369
134389
134409
134431
134452
134473
134493
134513
134533
134553
134573
134593
134613
134635
134656
134676
134696
134722
134742
134762
134784
134806
134826
134846
134867
134887
134907
134927
134947
134967
134987
135007
135027
135047
135067
135088
135109
135131
135151
135171
135192
135212
135234
135254
135274
135295
135315
135335
135355
135375
135395
135418
135438
135458
135480
135500
135520
135540
135560
135580
135600
135620
135640
135661
135681
135701
135722
135742
135762
135783
135803
135823
135843
135863
135884
135905
135925
135945
135967
135989
136010
136030
136050
136070
136091
136111
136131
136151
136171
136191
136211
136231
136252
136272
136294
136314
136335
136355
136375
136395
136415
136436
136456
136476
136497
136518
136539
136559
136579
136599
136619
136639
136659
136680
136701
136721
136743
136763
136783
136803
136823
136843
136863
136883
136904
136925
136945
136966
136986
137006
137026
137046
137066
137086
137106
137130
137150
137170
137191
137212
137232
137255
137277
137300
137320
137340
137361
137381
137401
137421
137441
137461
137481
137501
137521
137541
137562
137582
137602
137622
137642
137664
137684
137704
137725
137745
137765
137785
137805
137825
137845
137865
137886
137907
137927
137947
137967
137987
138007
138027
138047
138067
138087
138108
138132
138153
138176
138196
138216
138236
138257
138277
138297
138317
138337
138357
138378
138398
138418
138438
138458
138478
138500
138524
138544
138564
138585
138605
138626
138647
138669
138689
138710
138730
138751
138772
138794
138815
138835
138855
138875
138895
138916
138936
138956
138977
138997
139017
139040
139060
139081
139101
139122
139142
139162
139183
139203
139223
139243
139264
139286
139306
139327
139349
139370
139390
139410
139430
139451
139472
139492
139512
139533
139556
139576
139597
139618
139638
139658
139678
139698
139718
139738
139758
139779
139800
139824
139845
139865
139885
139905
139925
139945
139965
139986
140006
140026
140046
140068
140088
140109
140129
140150
140170
140191
140211
140231
140251
140272
140292
140312
140332
140357
140377
140397
140417
140437
140460
140480
140501
140522
140543
140563
140584
140604
140624
140644
140664
140684
140705
140725
140745
140765
140785
140805
140825
140846
140867
140887
140913
140933
140953
140973
140993
141013
141033
141053
141073
141093
141113
141133
141153
141173
141195
141217
141238
141259
141279
141299
141319
141339
141359
141381
141401
141421
141441
141461
141481
141501
141521
141541
141562
141583
141603
141623
141643
141663
141683
141703
141723
141743
141763
141783
141803
141823
141843
141863
141884
141904
141924
141944
141964
141984
142005
142025
142045
142069
142089
142110
142131
142152
142172
142192
142213
142233
142253
142273
142293
142314
142335
142356
142376
142397
142417
142438
142458
142478
142498
142518
142538
142558
142579
142600
142621
142641
142662
142682
142702
142722
142744
142764
142784
142804
142824
142845
142865
142885
142907
142928
142948
142968
142989
143009
143030
143050
143070
143091
143111
143131
143151
143177
143197
143217
143237
143258
143278
143298
143318
143338
143358
143378
143398
143419
143439
143459
143480
143500
143520
143540
143560
143580
143602
143622
143642
143662
143683
143704
143724
143744
143764
143785
143805
143825
143845
143865
143886
143907
143927
143949
143970
143990
144010
144030
144050
144070
144091
144111
144131
144151
144171
144192
144212
144232
144252
144272
144292
144312
144332
144353
144373
144394
144416
144437
144458
144478
144498
144518
144538
144558
144578
144598
144618
144638
144658
144679
144700
144720
144742
144762
144782
144802
144823
144844
144864
144884
144904
144925
144945
144965
144985
145005
145025
145045
145065
145088
145108
145128
145148
145169
145189
145209
145229
145249
145269
145289
145309
145329
145349
145369
145389
145409
145429
145449
145470
145495
145515
145535
145555
145575
145595
145615
145636
145657
145677
145697
145719
145739
145761
145781
145801
145821
145841
145861
145881
145901
145921
145941
145961
145981
146001
146021
146041
146061
146081
146101
146121
146142
146163
146183
146203
146223
146243
146263
146283
146304
146327
146349
146369
146390
146410
146430
146450
146472
146493
146513
146533
146554
146574
146594
146614
146634
146655
146675
146695
146716
146736
146756
146776
146796
146816
146836
146856
146876
146896
146916
146936
146956
146976
146996
147019
147039
147059
147088
147112
147132
147152
147172
147192
147212
147233
147253
147273
147293
147313
147333
147353
147374
147394
147414
147434
147454
147474
147494
147514
147535
147556
147576
147597
147617
147638
147658
147678
147698
147718
147738
147758
147778
147798
147820
147840
147868
147888
147908
147928
147948
147969
147989
148009
148029
148049
148069
148089
148109
148129
148149
148169
148190
148210
148230
148251
148271
148291
148311
148331
148352
148372
148392
148412
148432
148452
148474
148494
148514
148536
148556
148577
148597
148617
148638
148662
148682
148703
148723
148744
148764
148784
148805
148825
148845
148867
148887
148907
148927
148948
148968
148988
149008
149030
149050
149070
149090
149110
149131
149151
149171
149191
149211
149231
149252
149273
149293
149314
149335
149356
149376
149396
149416
149436
149456
149477
149497
149518
149539
149559
149579
149599
149619
149639
149660
149680
149700
149720
149740
149760
149780
149800
149820
149841
149862
149882
149902
149922
149942
149963
149984
150004
150024
150044
150065
150087
150107
150127
150147
150167
150188
150208
150228
150248
150268
150288
150308
150328
150348
150368
150389
150410
150430
150450
150470
150490
150511
150531
150551
150572
150594
150614
150634
150655
150675
150695
150715
150735
150755
150775
150795
150815
150835
150857
150877
150897
150917
150937
150957
150978
150998
151018
151039
151059
151079
151099
151121
151141
151161
151182
151202
151222
151242
151264
151285
151305
151325
151345
151365
151385
151405
151425
151446
151466
151486
151506
151526
151548
151569
151591
151611
151631
151651
151671
151692
151712
151732
151752
151772
151792
151812
151832
151852
151872
151892
151912
151932
151952
151975
151995
152015
152035
152055
152075
152096
152116
152136
152156
152176
152196
152216
152236
152256
152276
152296
152316
152336
152356
152376
152397
152417
152437
152458
152478
152498
152518
152538
152558
152578
152598
152618
152638
152659
152679
152699
152719
152739
152759
152779
152800
152820
152840
152860
152880
152901
152921
152941
152961
152982
153002
153023
153043
153063
153084
153104
153124
153145
153166
153186
153206
153226
153246
153266
153286
153306
153327
153347
153367
153387
153407
153427
153447
153467
153487
153508
153528
153548
153568
153588
153608
153628
153648
153668
153688
153708
153730
153750
153770
153790
153810
153830
153850
153871
153891
153911
153932
153952
153973
153993
154013
154034
154054
154074
154094
154114
154136
154156
154176
154197
154217
154238
154259
154281
154301
154321
154341
154361
154381
154401
154421
154441
154461
154481
154501
154522
154542
154562
154582
154603
154623
154643
154663
154683
154703
154723
154743
154764
154786
154806
154826
154847
154868
154888
154908
154928
154948
154968
154988
155008
155028
155048
155068
155088
155108
155128
155149
155169
155189
155210
155230
155250
155270
155290
155310
155331
155351
155371
155391
155411
155431
155452
155473
155494
155514
155534
155554
155575
155595
155615
155638
155658
155678
155698
155718
155738
155758
155778
155798
155818
155838
155859
155879
155899
155919
155939
155959
155979
155999
156020
156040
156062
156082
156103
156123
156143
156163
156183
156203
156223
156243
156263
156283
156303
156325
156346
156366
156386
156406
156426
156446
156466
156486
156506
156526
156546
156566
156586
156606
156626
156646
156666
156686
156706
156726
156746
156766
156786
156806
156826
156846
156866
156886
156906
156926
156946
156967
156987
157007
157027
157048
157068
157088
157108
157128
157148
157168
157188
157208
157228
157248
157269
157289
157309
157330
157350
157371
157391
157411
157431
157451
157471
157491
157511
157531
157551
157572
157592
157612
157634
157654
157675
157695
157715
157737
157757
157777
157799
157819
157839
157860
157880
157900
157920
157942
157962
157983
158004
158025
158045
158065
158085
158105
158125
158145
158165
158185
158205
158226
158246
158266
158286
158307
158328
158348
158369
158392
158413
158433
158453
158473
158493
158513
158533
158553
158573
158593
158613
158633
158653
158673
158693
158713
158733
158753
158774
158794
158814
158834
158854
158874
158895
158915
158935
158955
158975
158995
159017
159037
159057
159077
159097
159117
159139
159159
159179
159199
159219
159239
159259
159279
159299
159319
159339
159359
159379
159399
159419
159439
159459
159479
159499
159519
159541
159561
159581
159602
159622
159642
159662
159683
159703
159723
159743
159763
159783
159803
159823
159844
159865
159885
159905
159925
159945
159965
159985
160007
160027
160047
160068
160088
160108
160130
160151
160171
160191
160211
160231
160251
160271
160292
160313
160333
160354
160375
160395
160415
160435
160455
160475
160495
160516
160536
160556
160576
160596
160616
160636
160656
160676
160696
160718
160738
160759
160779
160799
160821
160843
160864
160884
160904
160924
160944
160964
160984
161004
161025
161045
161066
161086
161106
161126
161147
161167
161187
161207
161227
161247
161268
161288
161308
161328
161348
161369
161389
161410
161430
161451
161471
161491
161511
161531
161552
161573
161593
161613
161633
161653
161676
161697
161717
161737
161757
161777
161797
161817
161837
161857
161877
161897
161917
161937
161957
161977
161997
162017
162037
162058
162078
162098
162118
162139
162159
162180
162200
162220
162240
162260
162280
162300
162321
162342
162362
162382
162402
162422
162442
162462
162482
162502
162522
162543
162563
162583
162603
162623
162644
162664
162686
162709
162729
162749
162770
162790
162810
162830
162851
162871
162891
162911
162932
162954
162974
162994
163014
163035
163056
163076
163096
163116
163136
163158
163178
163199
163219
163239
163259
163279
163299
163322
163344
163364
163384
163405
163426
163446
163467
163487
163507
163527
163547
163567
163587
163607
163627
163647
163667
163687
163708
163728
163748
163768
163788
163808
163828
163848
163870
163890
163910
163930
163950
163970
163990
164010
164031
164052
164072
164092
164112
164132
164152
164175
164195
164216
164236
164256
164276
164297
164317
164338
164358
164378
164398
164418
164439
164459
164479
164501
164521
164542
164562
164582
164602
164622
164643
164663
164683
164703
164723
164743
164763
164783
164803
164823
164843
164864
164884
164904
164924
164944
164966
164987
165008
165028
165049
165069
165089
165109
165129
165149
165169
165190
165210
165231
165251
165271
165291
165312
165332
165354
165374
165394
165416
165437
165457
165477
165497
165517
165537
165557
165577
165597
165617
165637
165657
165677
165697
165717
165737
165757
165777
165797
165817
165837
165857
165877
165897
165917
165937
165957
165978
165998
166019
166039
166059
166079
166099
166119
166139
166160
166180
166200
166220
166242
166263
166283
166303
166323
166343
166363
166383
166403
166424
166445
166465
166486
166506
166528
166548
166570
166590
166610
166633
166653
166673
166693
166715
166735
166755
166775
166796
166816
166836
166856
166876
166896
166916
166936
166957
166978
166998
167018
167038
167058
167078
167098
167118
167138
167161
167181
167202
167222
167242
167262
167282
167302
167322
167342
167362
167382
167402
167423
167443
167463
167483
167503
167524
167544
167564
167584
167604
167625
167645
167665
167685
167706
167726
167746
167766
167787
167807
167828
167848
167868
167888
167908
167928
167948
167974
167994
168015
168036
168056
168076
168096
168116
168137
168159
168179
168200
168221
168241
168261
168281
168301
168322
168343
168363
168383
168403
168423
168443
168463
168483
168503
168524
168545
168565
168585
168605
168625
168645
168665
168686
168706
168726
168746
168766
168787
168807
168827
168847
168867
168888
168908
168928
168948
168968
168989
169009
169029
169049
169069
169091
169111
169132
169152
169172
169192
169212
169232
169253
169273
169293
169315
169336
169356
169379
169399
169420
169440
169460
169480
169500
169520
169542
169562
169583
169603
169623
169643
169663
169685
169705
169725
169746
169766
169786
169806
169826
169846
169866
169887
169907
169927
169949
169969
169989
170010
170030
170051
170072
170093
170113
170133
170154
170175
170195
170215
170235
170255
170275
170295
170315
170335
170355
170376
170396
170416
170437
170457
170477
170497
170517
170537
170557
170577
170599
170619
170639
170660
170680
170700
170721
170741
170761
170781
170801
170822
170842
170862
170882
170902
170922
170943
170963
170983
171003
171024
171044
171065
171087
171108
171128
171149
171169
171189
171209
171229
171249
171269
171289
171309
171330
171350
171370
171390
171414
171434
171456
171476
171497
171518
171538
171558
171578
171598
171618
171638
171658
171678
171699
171719
171739
171759
171779
171799
171820
171840
171860
171880
171901
171921
171941
171961
171982
172002
172022
172042
172062
172085
172106
172126
172148
172170
172190
172210
172230
172250
172273
172294
172315
172336
172356
172379
172399
172419
172439
172459
172479
172499
172519
172539
172559
172579
172600
172621
172641
172662
172683
172703
172723
172744
172765
172786
172806
172827
172847
172868
172890
172910
172931
172952
172972
172995
173015
173035
173056
173077
173098
173119
173139
173159
173180
173201
173222
173243
173263
173283
173303
173323
173343
173363
173383
173403
173425
173446
173466
173487
173507
173527
173548
173568
173589
173610
173632
173652
173673
173693
173714
173735
173755
173776
173796
173816
173836
173856
173877
173897
173917
173938
173958
173978
173998
174018
174038
174059
174081
174102
174122
174142
174162
174183
174204
174224
174244
174265
174285
174305
174328
174348
174368
174389
174409
174429
174450
174471
174491
174513
174534
174554
174574
174596
174617
174637
174658
174679
174699
174719
174739
174759
174780
174801
174821
174841
174861
174881
174904
174924
174944
174965
174986
175007
175028
175048
175069
175091
175111
175132
175154
175175
175196
175217
175238
175259
175279
175299
175319
175340
175360
175380
175400
175420
175442
175463
175485
175506
175527
175547
175567
175587
175607
175627
175649
175669
175690
175710
175730
175751
175775
175797
175818
175838
175859
175881
175901
175921
175942
175962
175982
176004
176024
176044
176064
176087
176107
176127
176148
176168
176188
176208
176228
176248
176268
176288
176308
176328
176350
176370
176390
176412
176432
176453
176474
176495
176517
176537
176557
176577
176597
176617
176637
176659
176679
176699
176719
176739
176759
176780
176800
176820
176841
176862
176883
176903
176924
176945
176966
176987
177007
177028
177048
177069
177090
177112
177132
177152
177173
177196
177216
177236
177256
177276
177296
177317
177337
177357
177377
177397
177419
177440
177460
177480
177501
177523
177543
177564
177584
177604
177624
177644
177664
177684
177704
177724
177744
177764
177784
177804
177824
177844
177864
177884
177904
177924
177944
177964
177985
178005
178026
178048
178068
178089
178109
178129
178149
178169
178189
178209
178229
178249
178269
178289
178309
178329
178350
178370
178393
178413
178433
178453
178473
178493
178514
178535
178556
178576
178599
178619
178640
178660
178682
178702
178724
178744
178764
178784
178804
178825
178847
178868
178888
178908
178930
178951
178971
178991
179011
179031
179051
179073
179093
179113
179134
179154
179176
179196
179216
179237
179257
179277
179297
179318
179338
179358
179378
179398
179419
179440
179460
179490
179511
179532
179552
179572
179593
179614
179635
179655
179675
179695
179715
179737
179757
179779
179799
179819
179841
179861
179882
179902
179923
179943
179965
179986
180009
180030
180050
180071
180091
180112
180133
180154
180174
180195
180215
180235
180255
180276
180297
180320
180341
180361
180381
180402
180422
180442
180462
180482
180504
180526
180546
180568
180591
180611
180632
180653
180673
180693
180714
180735
180756
180777
180797
180818
180839
180859
180880
180900
180920
180940
180962
180983
181003
181024
181044
181064
181084
181104
181124
181144
181164
181184
181205
181225
181245
181266
181286
181307
181329
181349
181370
181390
181410
181431
181451
181472
181494
181516
181536
181557
181578
181598
181619
181639
181659
181680
181700
181720
181740
181761
181781
181802
181822
181844
181864
181884
181904
181925
181945
181965
181985
182005
182026
182046
182066
182087
182107
182127
182147
182169
182189
182211
182231
182252
182272
182294
182314
182334
182354
182375
182395
182418
182440
182461
182481
182501
182521
182541
182561
182581
182601
182623
182643
182664
182684
182705
182725
182745
182768
182789
182812
182833
182853
182880
182900
182921
182943
182963
182983
183003
183024
183045
183066
183088
183109
183130
183151
183171
183193
183213
183234
183255
183275
183295
183315
183336
183357
183377
183398
183418
183438
183459
183480
183501
183522
183542
183562
183585
183606
183627
183648
183673
183694
183714
183734
183756
183776
183796
183817
183838
183858
183879
183899
183920
183941
183961
183983
184003
184023
184043
184064
184085
184105
184125
184145
184165
184186
184207
184228
184249
184269
184289
184309
184330
184350
184372
184393
184413
184434
184455
184475
184495
184515
184536
184556
184576
184596
184616
184637
184658
184678
184701
184722
184742
184762
184782
184802
184822
184842
184863
184883
184903
184923
184943
184964
184984
185004
185024
185044
185064
185084
185105
185125
185145
185165
185185
185206
185227
185247
185268
185289
185310
185331
185352
185372
185392
185413
185434
185456
185476
185496
185516
185536
185556
185577
185597
185619
185639
185660
185680
185700
185722
185742
185762
185783
185804
185825
185846
185867
185887
185907
185927
185947
185967
185988
186010
186030
186051
186071
186092
186112
186133
186155
186178
186199
186220
186241
186261
186282
186302
186322
186343
186363
186383
186403
186423
186443
186463
186483
186503
186523
186543
186564
186584
186604
186625
186646
186666
186686
186707
186728
186749
186770
186790
186811
186832
186852
186872
186894
186915
186935
186955
186975
186995
187015
187035
187056
187077
187098
187121
187142
187162
187182
187202
187223
187243
187263
187284
187304
187324
187345
187365
187386
187406
187426
187446
187467
187487
187509
187529
187549
187569
187589
187609
187629
187650
187670
187690
187710
187730
187751
187772
187792
187813
187834
187854
187874
187894
187915
187936
187956
187977
187997
188018
188038
188059
188079
188100
188120
188140
188160
188180
188200
188221
188242
188262
188283
188303
188323
188343
188364
188384
188405
188425
188446
188467
188488
188508
188528
188551
188571
188591
188611
188631
188652
188673
188693
188713
188733
188753
188773
188794
188814
188834
188854
188874
188895
188917
188937
188958
188979
188999
189021
189041
189061
189081
189101
189121
189142
189162
189182
189202
189222
189242
189262
189282
189304
189325
189345
189365
189386
189406
189426
189446
189468
189488
189508
189530
189550
189571
189591
189611
189633
189654
189674
189696
189716
189736
189756
189777
189797
189817
189837
189857
189877
189898
189918
189938
189959
189979
189999
190019
190040
190060
190080
190100
190120
190140
190160
190180
190201
190222
190243
190263
190283
190304
190324
190344
190364
190385
190405
190426
190446
190466
190486
190507
190527
190548
190568
190588
190609
190629
190652
190672
190693
190716
190737
190757
190777
190797
190817
190837
190858
190878
190899
190919
190943
190963
190983
191003
191024
191044
191065
191085
191105
191125
191146
191167
191187
191207
191229
191249
191273
191294
191314
191334
191354
191375
191395
191416
191436
191457
191478
191499
191521
191541
191561
191582
191603
191623
191644
191664
191685
191705
191726
191746
191766
191787
191807
191828
191848
191869
191889
191910
191931
191952
191972
191992
192012
192033
192053
192074
192094
192114
192135
192155
192176
192196
192216
192236
192256
192276
192296
192316
192337
192358
192379
192400
192423
192444
192464
192484
192504
192524
192546
192569
192589
192611
192631
192651
192671
192691
192712
192732
192760
192780
192802
192822
192842
192863
192885
192905
192925
192945
192966
192987
193007
193027
193047
193068
193089
193110
193131
193151
193172
193194
193215
193236
193256
193276
193297
193317
193338
193358
193378
193398
193418
193438
193458
193478
193499
193519
193539
193560
193581
193601
193621
193641
193662
193683
193704
193724
193745
193766
193786
193806
193826
193846
193866
193887
193909
193931
193951
193972
193992
194012
194033
194053
194073
194093
194119
194139
194159
194180
194200
194220
194240
194260
194282
194304
194324
194345
194365
194385
194405
194426
194446
194466
194487
194508
194529
194549
194569
194589
194609
194631
194651
194671
194692
194712
194732
194752
194773
194793
194814
194834
194854
194874
194894
194914
194934
194954
194974
194994
195014
195034
195056
195076
195097
195117
195138
195158
195178
195198
195218
195238
195258
195278
195298
195319
195339
195360
195380
195401
195422
195443
195463
195483
195503
195524
195544
195565
195585
195605
195625
195646
195666
195686
195706
195727
195747
195767
195787
195807
195827
195848
195868
195889
195909
195930
195950
195971
195991
196011
196033
196053
196073
196096
196118
196138
196160
196181
196201
196221
196241
196261
196281
196301
196321
196343
196363
196383
196403
196423
196443
196463
196484
196504
196524
196544
196564
196584
196604
196624
196645
196667
196687
196708
196728
196749
196769
196789
196810
196831
196851
196871
196891
196911
196931
196951
196971
196991
197012
197034
197054
197074
197096
197116
197136
197156
197176
197197
197217
197238
197259
197280
197300
197320
197341
197362
197382
197402
197423
197443
197463
197484
197505
197525
197547
197568
197588
197608
197628
197648
197668
197688
197709
197729
197750
197770
197790
197810
197831
197851
197871
197892
197913
197933
197955
197975
197997
198017
198037
198057
198078
198099
198119
198140
198161
198181
198203
198224
198244
198264
198284
198305
198325
198345
198365
198385
198406
198426
198446
198466
198486
198507
198527
198547
198567
198587
198608
198628
198648
198668
198689
198710
198732
198752
198772
198792
198812
198833
198854
198874
198894
198916
198936
198957
198978
198998
199018
199039
199063
199083
199103
199123
199143
199163
199183
199206
199227
199247
199268
199288
199308
199328
199348
199368
199388
199410
199430
199451
199473
199493
199513
199535
199555
199575
199595
199615
199635
199656
199676
199696
199716
199736
199756
199776
199796
199818
199838
199858
199878
199898
199918
199938
199958
199978
199998
200018
200038
200059
200079
200099
200119
200139
200160
200180
200201
200222
200243
200263
200283
200303
200323
200344
200364
200386
200406
200427
200448
200469
200491
200514
200535
200555
200576
200597
200617
200637
200659
200679
200699
