24
54
87
114
150
175
206
239
267
294
317
352
378
403
437
473
508
541
574
608
643
671
697
730
760
796
835
860
890
920
955
984
1017
1044
1066
1100
1123
1155
1190
1216
1246
1278
1307
1338
1371
1410
1447
1468
1490
1521
1547
1581
1609
1638
1678
1710
1747
1778
1817
1857
1884
1917
1954
1981
2021
2053
2083
2114
2140
2167
2194
2228
2264
2292
2322
2353
2385
2418
2452
2481
2512
2540
2569
2596
2627
2658
2685
2708
2738
2771
2799
2826
2858
2883
2913
2945
2979
3007
3037
3064
3092
3125
3157
3194
3234
3264
3292
3320
3347
3377
3402
3431
3457
3488
3516
3541
3571
3601
3626
3651
3678
3709
3736
3766
3798
3824
3856
3891
3923
3948
3986
4022
4058
4093
4122
4155
4177
4209
4242
4277
4311
4347
4373
4400
4437
4471
4503
4545
4579
4613
4647
4677
4711
4744
4769
4792
4817
4848
4881
4908
4932
4962
4990
5016
5051
5077
5112
5157
5191
5222
5255
5277
5302
5332
5358
5384
5407
5439
5472
5499
5531
5563
5588
5615
5647
5681
5710
5743
5772
5802
5835
5869
5902
5930
5959
5988
6013
6047
6072
6105
6140
6169
6196
6227
6254
6290
6329
6356
6387
6409
6443
6473
6499
6530
6566
6596
6632
6660
6687
6715
6757
6785
6810
6838
6870
6899
6930
6960
6995
7022
7053
7088
7122
7148
7179
7209
7237
7267
7302
7334
7363
7394
7428
7456
7487
7524
7555
7582
7620
7642
7673
7694
7726
7758
7792
7823
7858
7883
7914
7938
7970
7996
8031
8055
8084
8121
8145
8184
8214
8239
8274
8301
8337
8364
8388
8413
8438
8469
8494
8527
8568
8602
8633
8654
8682
8711
8743
8779
8804
8834
8861
8891
8910
8948
8975
9003
9041
9074
9098
9137
9161
9190
9214
9242
9271
9296
9323
9354
9387
9412
9443
9471
9502
9535
9565
9599
9634
9667
9694
9723
9750
9779
9812
9844
9879
9908
9948
9971
10000
10027
10054
10084
10115
10145
10178
10212
10240
10265
10299
10328
10358
10389
10420
10444
10479
10513
10548
10574
10600
10637
10663
10687
10707
10735
10764
10798
10823
10855
10890
10917
10943
10967
11004
11037
11065
11089
11117
11145
11178
11207
11236
11257
11292
11323
11353
11386
11419
11447
11488
11526
11550
11587
11607
11631
11662
11696
11721
11752
11779
11805
11828
11857
11894
11924
11952
11982
12006
12036
12059
12090
12118
12148
12175
12203
12228
12253
12282
12315
12346
12379
12413
12444
12472
12505
12528
12559
12589
12622
12648
12672
12706
12730
12757
12787
12810
12839
12869
12901
12934
12963
12996
13027
13056
13090
13121
13161
13189
13215
13242
13271
13305
13341
13378
13405
13431
13458
13493
13526
13550
13587
13613
13645
13670
13696
13721
13755
13775
13799
13824
13856
13889
13915
13933
13966
13990
14020
14051
14083
14103
14144
14169
14200
14223
14255
14282
14310
14334
14359
14382
14405
14437
14462
14488
14517
14545
14568
14595
14627
14659
14684
14709
14737
14766
14796
14824
14846
14873
14903
14927
14955
14986
15013
15051
15080
15110
15131
15156
15185
15211
15236
15269
15302
15331
15353
15380
15409
15428
15454
15483
15507
15535
15569
15599
15625
15643
15667
15697
15728
15751
15777
15801
15834
15860
15887
15915
15935
15963
15984
16017
16045
16067
16092
16115
16143
16173
16198
16225
16259
16281
16314
16344
16376
16398
16428
16453
16488
16513
16543
16585
16615
16639
16662
16689
16714
16737
16762
16789
16812
16836
16856
16885
16909
16931
16961
16992
17018
17042
17068
17098
17119
17145
17173
17203
17233
17266
17289
17316
17343
17370
17395
17417
17438
17472
17497
17518
17542
17570
17599
17623
17649
17681
17709
17736
17762
17786
17810
17836
17857
17886
17906
17928
17959
17997
18026
18045
18071
18101
18131
18152
18178
18207
18230
18255
18282
18309
18339
18366
18391
18417
18443
18469
18492
18518
18542
18571
18598
18620
18653
18688
18714
18734
18757
18785
18810
18834
18866
18895
18922
18945
18965
18991
19022
19051
19082
19107
19127
19151
19177
19207
19238
19263
19287
19323
19352
19378
19407
19434
19466
19488
19515
19539
19563
19583
19608
19634
19663
19688
19712
19734
19757
19780
19811
19838
19872
19899
19923
19950
19981
20006
20029
20052
20074
20097
20125
20151
20177
20202
20230
20256
20279
20298
20324
20351
20373
20404
20430
20455
20480
20505
20530
20557
20583
20614
20642
20668
20693
20729
20753
20781
20811
20832
20857
20880
20908
20930
20958
20979
21004
21036
21062
21094
21124
21151
21174
21198
21226
21249
21281
21299
21322
21344
21365
21391
21413
21439
21458
21475
21509
21532
21566
21599
21623
21649
21674
21701
21724
21748
21781
21806
21828
21855
21873
21900
21923
21948
21977
22001
22029
22058
22079
22116
22138
22162
22187
22214
22238
22263
22297
22316
22341
22367
22387
22409
22433
22460
22482
22506
22534
22557
22579
22605
22630
22652
22674
22702
22726
22752
22778
22805
22828
22849
22876
22899
22924
22948
22972
22999
23022
23047
23074
23093
23122
23147
23175
23197
23223
23248
23275
23300
23328
23358
23379
23404
23426
23449
23469
23491
23514
23540
23563
23592
23613
23632
23658
23681
23703
23729
23760
23787
23812
23839
23864
23889
23915
23936
23957
23977
24000
24028
24053
24082
24106
24130
24154
24178
24201
24221
24248
24275
24304
24329
24357
24382
24417
24446
24465
24486
24506
24528
24557
24579
24607
24633
24657
24682
24704
24729
24754
24776
24804
24827
24850
24876
24899
24926
24951
24976
24998
25023
25044
25067
25097
25122
25147
25170
25187
25210
25232
25259
25281
25307
25328
25351
25376
25397
25423
25448
25474
25498
25519
25542
25564
25587
25609
25637
25665
25691
25710
25735
25766
25796
25819
25841
25864
25891
25909
25932
25960
25980
26006
26030
26056
26079
26112
26134
26159
26187
26210
26235
26265
26288
26317
26346
26370
26393
26414
26438
26469
26497
26520
26549
26572
26595
26620
26644
26668
26696
26718
26745
26766
26790
26811
26833
26852
26870
26893
26914
26938
26962
26993
27016
27033
27061
27088
27113
27132
27156
27176
27197
27218
27244
27262
27285
27313
27334
27355
27383
27406
27424
27450
27473
27494
27520
27540
27564
27586
27605
27625
27657
27678
27702
27722
27750
27777
27802
27830
27853
27879
27909
27935
27954
27976
27997
28020
28047
28067
28091
28118
28138
28159
28182
28207
28234
28258
28280
28298
28325
28346
28368
28391
28414
28440
28462
28487
28510
28535
28555
28578
28600
28620
28646
28669
28693
28716
28738
28763
28785
28813
28834
28856
28877
28902
28922
28948
28972
28998
29022
29045
29062
29089
29109
29136
29161
29180
29203
29226
29250
29273
29291
29315
29337
29362
29381
29404
29424
29448
29467
29486
29508
29528
29549
29573
29599
29620
29642
29665
29686
29712
29734
29754
29773
29795
29820
29845
29872
29892
29918
29941
29960
29983
30006
30025
30047
30066
30098
30116
30138
30164
30188
30205
30233
30261
30282
30303
30329
30350
30367
30386
30408
30433
30457
30482
30500
30522
30547
30575
30596
30620
30642
30667
30687
30706
30729
30750
30775
30796
30819
30845
30866
30887
30903
30928
30948
30966
30988
31015
31040
31064
31085
31103
31124
31143
31166
31189
31213
31237
31258
31284
31308
31332
31355
31375
31397
31420
31442
31468
31491
31516
31536
31558
31582
31600
31625
31648
31671
31691
31709
31728
31753
31776
31798
31818
31839
31865
31881
31906
31929
31959
31985
32005
32030
32054
32079
32096
32121
32140
32165
32186
32205
32227
32252
32269
32293
32313
32334
32355
32372
32393
32418
32438
32464
32481
32502
32520
32547
32564
32585
32607
32635
32658
32680
32705
32727
32749
32771
32792
32821
32841
32864
32885
32903
32923
32942
32962
32985
33003
33021
33049
33067
33091
33110
33134
33161
33180
33204
33226
33249
33276
33294
33316
33341
33363
33386
33406
33425
33447
33469
33496
33523
33545
33565
33588
33610
33631
33650
33670
33691
33713
33731
33754
33776
33794
33819
33838
33856
33879
33902
33924
33945
33964
33988
34011
34040
34058
34077
34102
34119
34142
34162
34179
34201
34225
34249
34266
34292
34310
34330
34353
34370
34395
34412
34433
34455
34478
34501
34522
34542
34562
34585
34607
34631
34647
34672
34697
34725
34748
34766
34788
34810
34830
34846
34868
34886
34903
34933
34955
34976
34999
35023
35045
35064
35082
35099
35120
35143
35164
35185
35209
35229
35250
35268
35286
35304
35325
35349
35370
35387
35408
35430
35451
35472
35495
35517
35539
35562
35580
35600
35618
35638
35654
35675
35696
35716
35738
35759
35779
35798
35818
35843
35864
35881
35901
35921
35940
35962
35982
35999
36015
36033
36059
36080
36100
36119
36140
36159
36179
36199
36220
36239
36262
36286
36304
36327
36347
36365
36386
36408
36428
36448
36471
36486
36506
36529
36550
36570
36591
36613
36634
36660
36684
36708
36728
36750
36768
36788
36807
36826
36844
36869
36890
36913
36937
36955
36974
36997
37022
37043
37062
37080
37096
37117
37136
37155
37174
37196
37216
37235
37252
37275
37293
37316
37339
37361
37388
37407
37428
37445
37465
37485
37508
37530
37551
37567
37592
37612
37631
37651
37672
37693
37714
37732
37755
37774
37796
37820
37840
37862
37882
37901
37921
37944
37964
37983
38000
38021
38043
38068
38091
38110
38132
38155
38174
38202
38220
38240
38261
38280
38298
38318
38338
38360
38379
38400
38421
38442
38464
38489
38513
38535
38555
38577
38599
38619
38639
38661
38681
38701
38723
38746
38767
38789
38814
38831
38849
38870
38889
38906
38929
38949
38967
38985
39011
39030
39047
39069
39089
39109
39128
39148
39168
39189
39206
39224
39245
39266
39289
39309
39328
39349
39369
39386
39404
39422
39441
39464
39485
39507
39529
39553
39572
39593
39612
39629
39648
39669
39688
39708
39729
39750
39770
39789
39811
39828
39847
39866
39887
39907
39924
39944
39961
39978
39999
40015
40034
40056
40075
40092
40111
40130
40147
40166
40187
40209
40231
40251
40269
40294
40313
40334
40351
40368
40388
40409
40426
40444
40463
40485
40504
40525
40549
40569
40586
40608
40628
40647
40664
40683
40703
40722
40743
40760
40780
40801
40819
40846
40866
40889
40910
40928
40949
40969
40991
41008
41031
41050
41066
41087
41103
41121
41138
41157
41174
41192
41213
41229
41246
41267
41285
41306
41326
41342
41360
41382
41400
41421
41443
41461
41480
41504
41524
41540
41561
41581
41601
41619
41635
41654
41673
41692
41709
41728
41748
41772
41788
41804
41823
41845
41863
41881
41907
41926
41944
41963
41987
42006
42027
42046
42066
42081
42099
42117
42136
42153
42170
42190
42212
42229
42247
42266
42286
42309
42325
42345
42368
42387
42406
42425
42445
42463
42482
42503
42519
42537
42555
42574
42596
42613
42633
42653
42673
42692
42712
42735
42753
42777
42799
42819
42839
42861
42879
42899
42916
42932
42948
42965
42984
43002
43021
43042
43062
43083
43100
43116
43134
43154
43175
43194
43214
43234
43254
43271
43288
43308
43326
43344
43362
43385
43406
43423
43442
43459
43477
43497
43517
43537
43555
43572
43588
43605
43623
43646
43664
43685
43703
43722
43741
43760
43776
43795
43816
43833
43851
43874
43893
43916
43933
43952
43973
43994
44010
44030
44048
44067
44088
44106
44128
44144
44162
44181
44200
44219
44237
44256
44272
44289
44306
44323
44344
44361
44379
44397
44414
44434
44456
44472
44491
44510
44530
44546
44561
44580
44597
44617
44636
44654
44672
44693
44712
44733
44755
44776
44794
44812
44829
44847
44871
44888
44904
44921
44939
44958
44979
44997
45017
45034
45053
45071
45090
45110
45129
45149
45169
45190
45212
45232
45251
45268
45285
45304
45322
45337
45356
45375
45395
45410
45431
45449
45466
45481
45497
45518
45536
45554
45571
45592
45611
45628
45648
45670
45688
45706
45728
45747
45766
45782
45800
45820
45837
45855
45876
45896
45915
45932
45950
45967
45985
46001
46020
46038
46053
46071
46089
46105
46121
46139
46155
46171
46191
46208
46229
46247
46265
46287
46304
46322
46339
46358
46379
46398
46419
46439
46460
46480
46499
46521
46543
46562
46582
46605
46620
46637
46656
46672
46690
46712
46733
46752
46771
46786
46806
46824
46844
46866
46884
46902
46920
46938
46957
46972
46991
47009
47028
47045
47062
47081
47100
47117
47134
47155
47173
47191
47206
47222
47241
47263
47279
47298
47317
47335
47354
47376
47394
47411
47428
47446
47464
47485
47500
47518
47542
47560
47577
47597
47613
47630
47647
47662
47679
47698
47714
47734
47751
47770
47789
47805
47824
47841
47857
47876
47892
47910
47927
47942
47959
47976
47991
48008
48025
48042
48062
48079
48094
48113
48139
48157
48176
48195
48219
48236
48254
48272
48287
48303
48321
48338
48355
48372
48391
48409
48426
48443
48464
48481
48500
48520
48536
48554
48572
48591
48608
48625
48643
48660
48681
48699
48720
48736
48753
48773
48792
48807
48824
48841
48859
48876
48892
48909
48925
48947
48972
48988
49005
49023
49044
49064
49081
49098
49114
49133
49150
49167
49184
49202
49219
49236
49256
49275
49290
49309
49327
49348
49366
49381
49405
49423
49444
49461
49478
49496
49516
49532
49548
49567
49586
49601
49621
49636
49656
49675
49692
49707
49723
49740
49759
49776
49792
49809
49825
49843
49859
49876
49892
49910
49927
49942
49961
49977
49992
50011
50032
50050
50069
50086
50105
50121
50136
50155
50173
50188
50204
50222
50240
50259
50277
50293
50310
50328
50344
50359
50378
50396
50413
50431
50449
50466
50489
50507
50526
50542
50561
50579
50599
50615
50630
50653
50672
50688
50705
50722
50738
50758
50774
50791
50811
50828
50845
50863
50881
50898
50916
50931
50948
50964
50980
50995
51015
51036
51052
51071
51089
51106
51122
51139
51158
51176
51197
51218
51238
51256
51272
51289
51306
51325
51342
51365
51382
51404
51422
51440
51459
51476
51492
51508
51523
51541
51560
51578
51595
51612
51627
51645
51661
51679
51698
51719
51736
51753
51770
51786
51803
51822
51838
51856
51872
51887
51902
51921
51940
51957
51976
51994
52016
52033
52052
52067
52083
52103
52118
52136
52152
52169
52184
52199
52218
52235
52251
52270
52288
52305
52322
52338
52353
52372
52389
52408
52423
52438
52455
52472
52488
52504
52521
52538
52555
52574
52592
52610
52627
52643
52659
52678
52697
52715
52733
52751
52768
52784
52803
52820
52836
52855
52872
52889
52908
52926
52941
52960
52977
52992
53008
53025
53043
53059
53076
53093
53112
53131
53149
53170
53187
53204
53221
53239
53256
53272
53290
53307
53326
53345
53360
53378
53394
53409
53424
53445
53461
53477
53494
53512
53529
53548
53565
53581
53599
53616
53634
53650
53667
53683
53700
53716
53733
53750
53766
53781
53798
53816
53832
53847
53866
53882
53897
53912
53927
53944
53963
53979
53994
54012
54028
54044
54059
54079
54094
54111
54127
54144
54161
54177
54193
54211
54231
54248
54268
54287
54304
54321
54341
54358
54374
54392
54409
54425
54441
54456
54474
54489
54504
54520
54536
54553
54568
54586
54603
54621
54636
54652
54668
54684
54699
54715
54731
54748
54766
54782
54801
54817
54835
54854
54869
54884
54903
54921
54937
54955
54971
54987
55004
55019
55038
55055
55072
55090
55113
55131
55148
55165
55183
55198
55214
55231
55247
55266
55284
55301
55316
55334
55350
55366
55384
55402
55420
55441
55457
55476
55497
55514
55529
55544
55561
55577
55593
55609
55627
55645
55662
55677
55696
55712
55731
55748
55764
55781
55798
55813
55831
55847
55864
55885
55900
55916
55934
55952
55970
55986
56002
56020
56037
56054
56070
56086
56103
56121
56138
56156
56171
56186
56203
56221
56238
56254
56271
56287
56304
56320
56337
56354
56370
56393
56412
56429
56447
56464
56483
56501
56518
56536
56552
56567
56583
56601
56616
56632
56648
56666
56682
56699
56714
56733
56748
56765
56781
56799
56816
56833
56850
56869
56887
56903
56920
56939
56955
56973
56988
57003
57023
57039
57055
57070
57087
57106
57122
57139
57156
57173
57189
57205
57222
57242
57257
57274
57289
57306
57323
57339
57354
57369
57385
57400
57417
57432
57451
57466
57483
57500
57516
57532
57548
57566
57583
57598
57614
57630
57645
57662
57679
57694
57709
57725
57740
57756
57772
57788
57804
57819
57835
57851
57866
57883
57899
57916
57933
57951
57973
57990
58007
58023
58041
58058
58074
58090
58107
58122
58139
58156
58172
58187
58203
58219
58237
58253
58269
58286
58302
58317
58332
58348
58365
58381
58397
58414
58429
58447
58463
58479
58501
58518
58534
58550
58568
58584
58599
58615
58630
58650
58665
58681
58697
58714
58730
58747
58763
58779
58799
58816
58834
58851
58868
58883
58900
58915
58932
58947
58963
58979
58994
59009
59024
59039
59056
59074
59089
59107
59123
59139
59155
59171
59187
59203
59219
59236
59251
59269
59285
59301
59319
59339
59355
59372
59387
59403
59418
59435
59452
59467
59483
59500
59516
59533
59548
59564
59580
59596
59611
59627
59642
59658
59675
59690
59705
59721
59738
59754
59771
59787
59804
59820
59835
59851
59866
59885
59900
59917
59934
59953
59971
59987
60003
60020
60037
60052
60068
60084
60099
60115
60131
60147
60162
60179
60194
60210
60225
60247
60263
60279
60295
60311
60328
60343
60359
60376
60391
60409
60425
60442
60458
60473
60488
60503
60520
60537
60552
60569
60584
60600
60617
60633
60650
60665
60683
60699
60717
60733
60750
60765
60782
60799
60815
60834
60850
60866
60884
60899
60914
60931
60946
60962
60977
60995
61011
61027
61044
61060
61075
61090
61107
61122
61137
61153
61168
61184
61199
61214
61231
61247
61264
61282
61297
61314
61329
61344
61360
61378
61395
61410
61426
