30
58
84
115
143
183
218
246
274
301
335
368
401
430
461
491
519
555
584
615
659
697
726
756
788
815
846
885
908
934
961
999
1027
1059
1089
1122
1153
1183
1210
1242
1282
1315
1349
1381
1418
1447
1477
1510
1538
1567
1606
1642
1667
1707
1732
1763
1798
1822
1851
1884
1914
1942
1977
2010
2042
2069
2094
2129
2155
2187
2224
2254
2285
2315
2347
2375
2413
2449
2475
2504
2534
2563
2596
2623
2656
2681
2710
2743
2774
2797
2823
2853
2881
2907
2936
2959
2989
3017
3043
3066
3098
3126
3151
3177
3210
3241
3272
3302
3328
3349
3382
3419
3445
3474
3501
3533
3563
3590
3624
3664
3697
3728
3755
3781
3807
3841
3874
3902
3929
3960
4002
4033
4059
4082
4116
4142
4170
4200
4230
4264
4295
4325
4348
4376
4409
4439
4462
4486
4512
4543
4584
4620
4647
4678
4707
4733
4764
4793
4821
4854
4878
4902
4936
4964
4985
5013
5040
5069
5098
5133
5164
5199
5237
5263
5299
5323
5354
5386
5419
5443
5468
5494
5526
5564
5595
5622
5651
5679
5705
5738
5763
5802
5831
5857
5890
5924
5954
5986
6020
6052
6076
6102
6126
6157
6185
6216
6247
6273
6296
6327
6354
6385
6418
6447
6471
6496
6529
6562
6593
6621
6658
6683
6714
6750
6771
6804
6835
6860
6885
6918
6943
6967
6993
7029
7052
7081
7114
7142
7169
7202
7227
7255
7281
7307
7341
7375
7404
7434
7461
7493
7524
7558
7590
7619
7649
7680
7715
7745
7773
7803
7832
7863
7890
7919
7950
7982
8010
8039
8070
8099
8135
8166
8199
8227
8261
8284
8314
8342
8375
8407
8434
8457
8485
8508
8540
8563
8590
8618
8637
8664
8692
8717
8737
8763
8790
8816
8845
8869
8898
8925
8952
8975
9003
9029
9057
9086
9109
9137
9165
9195
9226
9253
9288
9316
9350
9377
9401
9426
9453
9478
9510
9540
9572
9596
9622
9651
9681
9708
9739
9766
9793
9819
9852
9878
9902
9935
9966
9992
10015
10043
10069
10095
10123
10155
10183
10209
10244
10274
10299
10327
10363
10400
10432
10460
10493
10518
10546
10577
10607
10638
10669
10696
10724
10748
10779
10813
10839
10866
10888
10912
10936
10966
10998
11025
11045
11073
11105
11132
11157
11188
11228
11253
11292
11323
11352
11376
11404
11431
11453
11477
11500
11525
11553
11581
11607
11631
11655
11690
11717
11744
11774
11800
11825
11856
11882
11906
11932
11955
11988
12026
12058
12082
12113
12144
12169
12198
12226
12248
12283
12312
12336
12371
12390
12421
12448
12468
12492
12523
12548
12571
12598
12627
12656
12681
12705
12732
12755
12780
12809
12832
12853
12879
12905
12929
12957
12987
13017
13043
13075
13111
13142
13168
13191
13231
13258
13282
13310
13341
13370
13394
13422
13449
13480
13509
13534
13557
13584
13621
13645
13670
13697
13731
13752
13780
13808
13832
13861
13885
13910
13936
13957
13983
14016
14044
14069
14093
14120
14148
14168
14197
14220
14247
14273
14297
14325
14349
14375
14401
14422
14450
14478
14502
14531
14551
14573
14604
14629
14657
14687
14716
14747
14773
14797
14828
14851
14876
14902
14931
14959
14987
15014
15045
15072
15097
15123
15156
15187
15212
15234
15260
15282
15310
15340
15371
15396
15429
15457
15497
15526
15551
15579
15609
15633
15660
15685
15706
15730
15752
15784
15812
15835
15860
15884
15909
15940
15964
15991
16016
16038
16066
16089
16112
16137
16161
16184
16210
16232
16260
16284
16305
16328
16355
16381
16402
16424
16451
16477
16502
16528
16555
16583
16613
16638
16658
16687
16714
16736
16760
16778
16801
16821
16848
16878
16902
16930
16951
16980
17006
17035
17057
17081
17103
17130
17158
17183
17206
17236
17264
17289
17313
17345
17369
17392
17417
17443
17461
17485
17513
17538
17563
17587
17618
17649
17671
17696
17721
17749
17775
17800
17828
17858
17880
17908
17935
17960
17991
18017
18051
18082
18111
18133
18162
18182
18212
18244
18268
18290
18316
18343
18363
18386
18411
18436
18460
18482
18509
18534
18555
18576
18603
18626
18656
18684
18707
18733
18758
18778
18804
18829
18849
18867
18893
18914
18942
18965
18985
19008
19032
19051
19076
19097
19124
19149
19175
19202
19228
19252
19275
19299
19320
19344
19367
19385
19412
19437
19459
19480
19509
19527
19550
19577
19600
19628
19656
19682
19701
19728
19751
19773
19795
19819
19836
19863
19884
19908
19928
19950
19972
19992
20020
20048
20079
20102
20123
20148
20178
20196
20225
20249
20273
20294
20318
20339
20358
20383
20406
20429
20454
20476
20497
20520
20545
20569
20590
20617
20644
20668
20688
20709
20731
20752
20778
20798
20818
20842
20870
20901
20922
20950
20980
21001
21028
21052
21078
21101
21121
21147
21171
21196
21222
21243
21265
21286
21311
21331
21354
21379
21400
21424
21453
21474
21493
21520
21543
21568
21589
21608
21626
21650
21671
21697
21722
21747
21770
21793
21817
21841
21870
21891
21914
21939
21959
21984
22007
22030
22053
22077
22106
22129
22150
22175
22199
22227
22248
22270
22296
22316
22340
22364
22387
22409
22431
22454
22476
22498
22526
22555
22579
22603
22622
22641
22663
22685
22711
22737
22760
22790
22814
22836
22855
22880
22908
22931
22955
22974
22995
23019
23040
23064
23084
23103
23127
23151
23169
23193
23215
23242
23264
23292
23315
23336
23364
23387
23408
23426
23446
23477
23501
23520
23551
23570
23591
23611
23633
23656
23679
23701
23730
23754
23775
23794
23821
23842
23866
23886
23910
23933
23950
23973
24000
24024
24048
24074
24096
24119
24139
24164
24189
24215
24233
24257
24275
24297
24322
24348
24371
24400
24424
24442
24469
24491
24517
24538
24560
24583
24601
24620
24642
24668
24688
24714
24735
24757
24776
24798
24818
24842
24861
24881
24903
24929
24951
24975
24996
25016
25040
25066
25093
25116
25135
25159
25181
25202
25221
25243
25265
25291
25312
25340
25361
25382
25411
25439
25459
25482
25501
25527
25555
25575
25595
25616
25641
25663
25686
25709
25730
25751
25770
25788
25810
25830
25853
25879
25897
25921
25943
25963
25984
26004
26024
26048
26073
26098
26118
26145
26167
26187
26209
26232
26252
26269
26292
26312
26329
26356
26373
26394
26417
26436
26460
26484
26509
26533
26553
26577
26600
26627
26647
26665
26687
26709
26732
26762
26789
26807
26830
26849
26868
26889
26907
26927
26945
26969
26988
27009
27030
27060
27080
27106
27125
27147
27167
27191
27215
27236
27258
27282
27301
27323
27342
27366
27391
27415
27436
27467
27488
27508
27527
27545
27570
27588
27607
27629
27651
27675
27694
27714
27739
27757
27779
27802
27822
27841
27862
27877
27904
27927
27947
27968
27993
28016
28040
28061
28079
28103
28125
28147
28171
28193
28211
28233
28252
28273
28295
28318
28338
28360
28384
28403
28430
28449
28469
28489
28509
28530
28549
28567
28589
28609
28634
28659
28686
28706
28730
28757
28775
28793
28812
28833
28857
28880
28902
28923
28945
28968
28987
29006
29024
29043
29063
29084
29101
29123
29142
29163
29182
29203
29225
29247
29264
29284
29306
29329
29355
29376
29397
29419
29441
29460
29485
29509
29530
29550
29571
29589
29614
29631
29656
29673
29693
29711
29737
29762
29784
29802
29823
29842
29863
29880
29904
29924
29945
29967
29989
30012
30031
30052
30073
30090
30110
30129
30145
30166
30186
30205
30224
30246
30264
30283
30301
30320
30339
30364
30384
30410
30429
30451
30468
30487
30514
30533
30552
30572
30592
30610
30630
30658
30676
30699
30725
30745
30766
30783
30803
30824
30843
30862
30880
30900
30922
30943
30965
30987
31006
31031
31051
31076
31096
31118
31140
31163
31186
31205
31225
31252
31270
31291
31310
31327
31347
31367
31386
31405
31423
31445
31461
31484
31505
31526
31544
31566
31590
31607
31629
31651
31672
31698
31722
31748
31765
31785
31806
31827
31848
31866
31884
31905
31926
31953
31971
31992
32020
32042
32065
32085
32102
32124
32147
32169
32191
32213
32230
32249
32274
32293
32313
32328
32350
32370
32391
32412
32431
32449
32468
32490
32511
32529
32554
32577
32596
32616
32634
32658
32683
32703
32721
32739
32765
32786
32804
32830
32850
32865
32888
32904
32920
32940
32961
32986
33004
33024
33044
33068
33086
33106
33126
33145
33163
33185
33205
33224
33243
33265
33282
33301
33322
33342
33361
33382
33404
33424
33447
33466
33487
33510
33528
33548
33572
33593
33612
33634
33655
33673
33694
33720
33740
33760
33783
33802
33824
33845
33867
33883
33900
33917
33938
33959
33978
33995
34014
34033
34053
34070
34087
34107
34128
34150
34168
34187
34208
34226
34248
34270
34291
34313
34335
34358
34379
34397
34420
34443
34461
34481
34499
34518
34540
34560
34581
34601
34620
34638
34659
34679
34698
34717
34735
34753
34771
34789
34818
34833
34853
34871
34891
34907
34923
34945
34963
34983
35001
35017
35033
35049
35070
35091
35111
35133
35150
35168
35192
35214
35233
35253
35272
35291
35307
35327
35347
35367
35384
35402
35418
35440
35460
35479
35500
35519
35540
35558
35576
35594
35620
35643
35661
35680
35701
35719
35740
35756
35775
35794
35814
35834
35854
35870
35887
35906
35925
35942
35961
35979
35996
36019
36036
36053
36070
36090
36108
36130
36154
36173
36194
36214
36230
36247
36265
36289
36307
36325
36349
36370
36391
36415
36435
36451
36471
36490
36508
36525
36547
36568
36588
36606
36624
36644
36660
36677
36699
36720
36741
36759
36784
36807
36830
36849
36869
36889
36909
36926
36943
36963
36982
37002
37020
37038
37056
37076
37098
37117
37136
37155
37173
37192
37214
37238
37256
37280
37299
37321
37338
37357
37375
37392
37416
37438
37457
37479
37499
37517
37539
37561
37580
37597
37615
37631
37650
37671
37694
37713
37732
37747
37764
37781
37800
37820
37839
37856
37874
37892
37908
37928
37947
37967
37983
38003
38021
38037
38057
38073
38093
38113
38135
38154
38172
38190
38206
38221
38241
38259
38274
38295
38311
38327
38343
38360
38376
38395
38417
38436
38456
38476
38493
38512
38531
38547
38564
38585
38606
38626
38647
38665
38683
38702
38720
38741
38757
38774
38791
38812
38829
38851
38868
38888
38908
38925
38947
38966
38983
39003
39019
39039
39056
39078
39100
39117
39134
39155
39172
39190
39208
39227
39246
39262
39281
39298
39318
39337
39354
39369
39386
39409
39427
39443
39461
39481
39500
39518
39537
39561
39579
39600
39619
39639
39659
39678
39694
39712
39729
39748
39768
39787
39810
39827
39844
39861
39878
39897
39915
39930
39947
39965
39982
39998
40017
40034
40053
40070
40088
40107
40129
40145
40166
40188
40206
40226
40245
40263
40283
40301
40322
40341
40359
40376
40394
40419
40441
40461
40478
40496
40517
40533
40554
40577
40596
40612
40630
40648
40669
40689
40704
40723
40742
40759
40777
40798
40813
40830
40846
40864
40885
40901
40922
40939
40956
40974
40990
41010
41029
41045
41061
41083
41098
41119
41135
41156
41173
41194
41211
41227
41242
41263
41280
41301
41317
41334
41350
41367
41385
41404
41421
41438
41455
41472
41493
41512
41530
41548
41564
41583
41599
41615
41630
41650
41667
41686
41706
41725
41743
41762
41785
41804
41823
41842
41860
41878
41898
41918
41935
41951
41969
41986
42004
42024
42043
42060
42076
42092
42110
42129
42145
42162
42178
42198
42213
42229
42249
42269
42286
42307
42327
42343
42363
42381
42400
42418
42437
42456
42476
42496
42520
42538
42555
42572
42591
42606
42627
42645
42662
42677
42694
42710
42732
42750
42766
42784
42802
42818
42835
42852
42871
42887
42906
42922
42938
42957
42974
42990
43010
43027
43045
43061
43077
43094
43113
43131
43147
43162
43178
43194
43209
43228
43248
43263
43278
43296
43313
43329
43349
43367
43385
43402
43419
43439
43456
43473
43488
43507
43525
43542
43559
43576
43592
43613
43633
43649
43666
43682
43699
43718
43737
43756
43774
43790
43811
43828
43845
43862
43880
43898
43916
43934
43949
43967
43983
43999
44015
44032
44047
44065
44083
44098
44115
44131
44150
44168
44186
44208
44225
44241
44260
44275
44295
44314
44331
44352
44373
44389
44406
44424
44441
44459
44478
44494
44512
44527
44544
44561
44577
44593
44608
44625
44641
44661
44677
44695
44713
44731
44748
44768
44784
44802
44820
44837
44855
44870
44886
44902
44920
44938
44956
44973
44989
45006
45029
45045
45063
45080
45095
45111
45128
45144
45162
45181
45198
45217
45236
45252
45272
45289
45305
45321
45338
45355
45372
45391
45407
45426
45446
45462
45480
45498
45516
45532
45551
45566
45584
45600
45616
45633
45648
45665
45681
45698
45716
45734
45749
45768
45783
45804
45823
45840
45857
45875
45891
45908
45925
45940
45958
45974
45991
46007
46023
46040
46056
46075
46090
46109
46124
46142
46157
46176
46195
46212
46232
46247
46264
46281
46300
46317
46335
46352
46369
46386
46403
46419
46434
46452
46472
46487
46503
46520
46537
46553
46570
46588
46606
46625
46640
46660
46678
46694
46711
46730
46748
46766
46784
46801
46816
46832
46851
46867
46882
46897
46915
46931
46946
46961
46977
46994
47012
47029
47045
47063
47081
47096
47111
47127
47143
47160
47179
47195
47213
47231
47250
47267
47283
47299
47314
47331
47349
47367
47382
47401
47421
47438
47456
47474
47491
47507
47522
47539
47555
47571
47586
47605
47621
47636
47654
47670
47687
47703
47721
47738
47756
47773
47789
47809
47826
47843
47861
47881
47898
47916
47935
47950
47968
47984
48003
48019
48034
48049
48068
48087
48102
48119
48134
48149
48167
48184
48200
48218
48236
48255
48274
48291
48309
48326
48343
48359
48375
48390
48406
48423
48438
48455
48472
48488
48507
48522
48539
48555
48571
48588
48604
48620
48636
48653
48670
48686
48704
48722
48742
48758
48775
48792
48809
48826
48842
48857
48873
48892
48911
48930
48946
48961
48977
48995
49010
49025
49041
49060
49077
49092
49109
49127
49144
49163
49178
49195
49210
49226
49242
49259
49274
49291
49307
49325
49343
49359
49375
49394
49411
49427
49445
49461
49477
49493
49510
49525
49543
49558
49573
49589
49604
49619
49641
49658
49677
49694
49711
49727
49744
49760
49776
49792
49809
49825
49843
49861
49879
49894
49909
49927
49942
49961
49976
49992
50011
50027
50044
50060
50079
50094
50111
50128
50145
50161
50177
50194
50209
50227
50246
50262
50280
50296
50313
50330
50345
50362
50383
50403
50418
50435
50451
50468
50484
50501
50516
50533
50549
50567
50583
50598
50613
50628
50645
50661
50677
50694
50711
50728
50747
50762
50780
50796
50812
50829
50845
50861
50876
50896
50913
50930
50946
50965
50981
51000
51016
51031
51048
51063
51082
51099
51119
51136
51151
51167
51186
51203
51223
51239
51254
51271
51289
51306
51324
51342
51359
51375
51392
51408
51425
51441
51457
51472
51490
51505
51520
51535
51552
51571
51588
51604
51620
51638
51653
51669
51688
51704
51721
51736
51751
51770
51787
51802
51819
51834
51851
51867
51884
51902
51919
51935
51954
51971
51987
52005
52021
52037
52052
52069
52089
52104
52119
52134
52149
52164
52181
52197
52215
52230
52245
52261
52276
52293
52309
52325
52343
52359
52376
52393
52411
52427
52444
52460
52477
52493
52509
52524
52542
52559
52576
52592
52610
52625
52642
52657
52674
52690
52710
52725
52741
52759
52775
52790
52807
52824
52841
52856
52875
52892
52910
52927
52945
52960
52977
52992
53008
53026
53042
53059
53076
53092
53108
53123
53139
53155
53170
53188
53204
53221
53239
53255
53272
53288
53303
53320
53337
53352
53369
53384
53404
53420
53436
53452
53467
53484
53499
53514
53530
53548
53563
53579
53597
53612
53629
53647
53663
53680
53697
53712
53728
53743
53760
53779
53796
53812
53827
53843
53858
53874
53890
53906
53923
53939
53955
53973
53988
54007
54024
54039
54054
54069
54086
54101
54118
54135
54151
54166
54183
54198
54213
54230
54246
54263
54280
54297
54314
54330
54347
54364
54381
54397
54414
54432
54447
54462
54478
54493
54508
54523
54540
54557
54574
54591
54607
54626
54641
54656
54674
54690
54706
54721
54737
54752
54768
54786
54803
54820
54836
54854
54870
54886
54902
54918
54933
54950
54965
54980
54995
55013
55029
55045
55060
55076
55093
55109
55124
55139
55154
55172
55188
55205
55223
55244
55260
55275
55290
55305
55322
55337
55355
55371
55386
55402
55417
55435
55450
55465
55481
55499
55515
55530
55548
55563
55578
55594
55610
55630
55648
55664
55679
55695
55712
55727
55742
55760
55778
55795
55811
55827
55844
55863
55881
55897
55913
55930
55945
55962
55978
55993
56008
56024
56041
56056
56072
56088
56104
56119
56135
56150
56165
56180
56195
56213
56231
56249
56265
56281
56300
56315
56331
56346
56363
56379
56395
56411
56426
56441
56456
56472
56488
56503
56519
56534
56549
56567
56588
56604
56621
56637
56652
56667
56682
56698
56713
56731
56746
56763
56778
56793
56810
56827
56843
56858
56875
56891
56907
56922
56939
56954
56969
56984
57000
57018
57035
57052
57068
57084
57099
57115
57131
57147
57163
57179
57196
57215
57230
57245
57261
57276
57292
57309
57324
57343
57358
57375
57393
57408
57423
57438
57454
57470
57487
57503
57520
57536
57552
57567
57582
57597
57612
57629
57647
57664
57679
57694
57711
57728
57744
57761
57776
57793
57808
57824
57841
57856
57871
57886
57904
57920
57936
57954
57970
57986
58002
58020
58037
58052
58067
58084
58100
58116
58132
58148
58164
58179
58195
58211
58226
58242
58261
58278
58293
58308
58326
58341
58357
58373
58391
58408
58425
58441
58457
58473
58489
58504
58519
58534
58549
58566
58582
58597
58612
58627
58642
58658
58673
58688
58703
58720
58735
58751
58769
58785
58800
58815
58831
58848
58866
58881
58897
58914
58930
58945
58961
58976
58991
59007
59022
59039
59057
59072
59087
59102
59117
59133
59149
59166
59182
59198
59213
59228
59243
59259
59274
59289
59304
59322
59340
59355
59370
59386
59404
59419
59435
59450
59466
59481
59498
59513
59528
59544
59559
59576
59593
59608
59625
59643
59658
59674
59689
59706
59721
59738
59753
59769
59786
59801
59818
59833
59850
59866
59882
59899
59915
59930
59948
59963
59979
59995
60012
60030
60045
60060
60076
60091
60107
60123
60138
60154
60169
60188
60203
60219
60234
60249
60264
60279
60295
60312
60327
60344
60359
60375
60392
60408
60425
60440
60455
60471
60488
60504
60521
60536
60551
60567
60584
60601
60616
60633
60650
60667
60683
60698
60714
60730
60746
60761
60776
60791
60807
60823
60838
60854
60869
60884
60899
60915
60930
60947
60962
60977
60993
61008
61024
61040
61056
61072
61088
61103
61121
61137
61152
61169
61186
61203
61219
61235
61250
61265
61280
61296
61313
61329
61344
61360
61377
61393
61408
61425
61440
61455
61471
61487
61503
61519
61534
61549
61564
61583
61598
61613
61629
61646
61664
61679
61695
61710
61726
61741
61759
61775
61791
61806
61822
61837
61852
61869
61885
61902
61917
61933
61950
61965
61980
61995
62010
62025
62040
62055
62070
62086
62101
62116
62131
62147
62163
62179
62196
62212
62229
62244
62259
62275
62290
62307
62322
62337
62352
62368
62383
62398
62414
62432
62447
62463
62479
62494
62510
62525
62540
62556
62572
62587
62602
62617
62633
62648
62664
62680
62695
62711
62727
62742
62757
62772
62787
62802
62818
62834
62850
62865
62881
62897
62913
62929
62944
62962
62977
62992
63008
63023
63041
63056
63071
63086
63101
63118
63135
63150
63165
63181
63196
63213
63228
63244
63259
63275
63292
63308
63325
63340
63355
63372
63389
63405
63423
63438
63453
63468
63483
63498
63514
63529
63545
63562
63578
63593
63609
63624
63639
63654
63669
63684
63700
63715
63730
63745
63761
63778
63793
63808
63825
63841
63856
63871
63886
63903
63918
63934
63950
63966
63983
63998
64013
64029
64046
64062
64077
64093
64108
64123
64139
64154
64170
64187
64202
64219
64234
64250
64265
64281
64297
64312
64331
64346
64361
64376
64391
64407
64423
64438
64455
64470
64485
64500
64515
64530
64546
64563
64579
64595
64610
64625
64641
64656
64671
64686
64702
64718
64733
64749
64764
64780
64796
64811
64827
64843
64860
64875
64890
64905
64920
64935
64951
64966
64982
64997
65013
65028
65044
65059
65074
65089
65104
65120
65137
65152
65167
65182
65198
65215
65230
65245
65260
65277
65293
65308
65324
65340
65355
65370
65386
65403
65419
65436
65452
65467
65483
65499
65514
65530
65546
65561
65576
65592
65607
65622
65638
65654
65669
65684
65699
65715
65730
65745
65762
65777
65794
65809
65826
65841
65856
65871
65886
65901
65917
65933
65949
65964
65979
65994
66010
66025
66040
66057
66072
66087
66103
66120
66136
66151
66167
66182
66198
66215
66231
66246
66262
66277
66293
66308
66325
66340
66355
66370
66385
66400
66415
66430
66445
66460
66476
66492
66507
66522
66537
66553
66571
66586
66603
66618
66634
66649
66665
66680
66695
66712
66727
66743
66759
66775
66790
66806
66822
66837
66854
66869
66886
66902
66917
66933
66951
66967
66982
66998
67014
67030
67045
67061
67076
67091
67107
67123
67138
67154
67169
67185
67201
67216
67232
67250
67265
67280
67297
67312
67327
67343
67358
67373
67389
67408
67423
67439
67454
67469
67485
67500
67515
67530
67545
67561
67576
67592
67607
67623
67639
67655
67670
67687
67702
67717
67732
67747
67763
67778
67794
67809
67824
67839
67855
67870
67885
67900
67917
67933
67948
67964
67981
67996
68011
68026
68043
68058
68073
68088
68103
68121
68136
68152
68168
68184
68199
68214
68230
68246
68263
68278
68295
68311
68326
68342
68358
68375
68390
68405
68420
68436
68451
68466
68481
68496
68512
68528
68545
68560
68576
68591
68606
68621
68636
68651
68666
68681
68696
68711
68726
68741
68757
68772
68787
68803
68819
68834
68849
68866
68881
68897
68912
68928
68943
68959
68974
68989
69005
69020
69035
69050
69065
69080
69095
69110
69125
69141
69158
69174
69189
69204
69219
69234
69250
69265
69281
69297
69314
69330
69345
69362
69377
69392
69407
69422
69439
69454
69469
69484
69499
69516
69532
69548
69563
69579
69595
69611
69626
69643
69658
69674
69690
69705
69721
69737
69752
69767
69783
69798
69813
69830
69845
69860
69875
69891
69907
69922
69937
69952
69967
69984
69999
70014
70030
70045
70061
70076
70091
70106
70121
70136
70152
70168
70183
70198
70213
70228
70243
70260
70275
70291
70308
70324
70339
70356
70371
70386
70401
70416
70431
70447
70463
70479
70495
70510
70526
70545
70563
70578
70594
70610
70626
70641
70656
70671
70686
70701
70718
70733
70748
70763
70778
70793
70808
70823
70838
70853
70868
70884
70899
70915
70930
70945
70962
70978
70993
71008
71025
71040
71055
71072
71087
71103
71118
71134
71150
71167
71183
71198
71214
71229
71244
71259
71274
71289
71304
71321
71336
71351
71366
71383
71398
71415
71430
71447
71462
71478
71495
71512
71527
71542
71557
71572
71587
71603
71618
71634
71649
71664
71683
71699
71714
71731
71746
71762
71777
71792
71808
71824
71840
71856
71871
71886
71902
71918
71934
71949
71966
71981
71997
72012
72027
72042
72059
72075
72091
72106
72121
72137
72152
72167
72182
72197
72212
72227
72244
72259
72275
72290
72305
72320
72335
72350
72365
72380
72395
72410
72426
72441
72456
72472
72487
72502
72517
72534
72549
72564
72579
72595
72612
72627
72642
72657
72672
72687
72702
72717
72733
72748
72763
72778
72793
72808
72823
72839
72855
72871
72887
72903
72918
72933
72948
72963
72978
72993
73008
73023
73039
73055
73071
73086
73101
73116
73131
73146
73161
73176
73191
73206
73222
73237
73252
73267
73284
73300
73316
73331
73347
73362
73377
73393
73408
73423
73438
73453
73469
73484
73499
73514
73529
73545
73560
73575
73590
73605
73620
73635
73651
73667
73683
73698
73714
73729
73744
73759
73774
73789
73804
73820
73835
73851
73866
73881
73898
73914
73929
73945
73960
73975
73990
74006
74021
74036
74051
74066
74081
74097
74112
74127
74142
74157
74172
74188
74203
74218
74233
74248
74263
74278
74294
74310
74325
74341
74356
74372
74388
74403
74418
74433
74448
74463
74479
74494
74511
74526
74541
74556
74572
74587
74602
74618
74633
74648
74663
74680
74695
74710
74726
74741
74756
74771
74787
74803
74818
74833
74848
74864
74879
74894
74910
74925
74940
74955
74971
74986
75001
75016
75031
75046
75062
75078
75093
75108
75123
75138
75154
75169
75184
75199
75216
75231
75246
75261
75276
75291
75307
75326
75341
75357
75372
75389
75404
75420
75435
75452
75467
75482
75497
75512
75528
75543
75559
75574
75591
75606
75621
75636
75651
75666
75681
75697
75714
75729
75744
75759
75775
75790
75805
75820
75835
75850
75865
75880
75895
75911
75927
75942
75957
75972
75987
76003
76018
76033
76048
76063
76079
76094
76109
76125
76140
76155
76170
76185
76201
76216
76231
76246
76263
76278
76293
76308
76323
76339
76354
76369
76384
76401
76417
76433
76449
76465
76480
76495
76511
76526
76541
76557
76572
76587
76602
76617
76633
76649
76664
76679
76696
76711
76727
76743
76759
76774
76789
76804
76819
76834
76849
76865
76880
76896
76911
76927
76943
76960
76975
76990
77005
77020
77036
77052
77067
77083
77098
77114
77130
77145
77160
77175
77190
77205
77220
77236
77251
77267
77283
77298
77313
77328
77343
77358
77374
77390
77406
77421
77436
77455
77471
77486
77502
77519
77534
77549
77564
77581
77596
77611
77626
77641
77657
77672
77687
77702
77718
77733
77748
77763
77778
77793
77808
77823
77838
77853
77868
77883
77898
77913
77929
77944
77959
77975
77990
78005
78021
78036
78051
78067
78083
78098
78113
78128
78144
78159
78174
78189
78204
78219
78234
78250
78265
78282
78298
78313
78328
78344
78359
78375
78391
78408
78423
78438
78454
78469
78485
78500
78515
78530
78546
78561
78576
78591
78606
78621
78636
78651
78666
78681
78696
78713
78728
78743
78758
78773
78789
78804
78819
78834
78850
78865
78880
78895
78910
78926
78941
78957
78972
78987
79002
79017
79032
79047
79064
79079
79094
79109
79125
79140
79156
79171
79186
79201
79216
79232
79247
79262
79277
79292
79307
79322
79338
79353
79368
79383
79399
79414
79429
79445
79460
79475
79490
79506
79521
79536
79551
79566
79581
79596
79611
79626
79642
79657
79672
79689
79704
79719
79734
79749
79764
79780
79795
79811
79826
79841
79857
79872
79887
79902
79917
79932
79947
79962
79977
79992
80007
80022
80037
80052
80067
80082
80099
80114
80129
80145
80160
80176
80192
80207
80223
80238
80253
80268
80285
80300
80316
80332
80347
80362
80377
80392
80407
80422
80437
80452
80467
80482
80497
80512
80527
80543
80558
80574
80590
80605
80620
80635
80651
80666
80683
80698
80713
80729
80744
80759
80775
80790
80805
80820
80835
80850
80867
80883
80900
80915
80930
80945
80961
80978
80993
81009
81024
81039
81054
81069
81084
81100
81116
81131
81147
81162
81177
81193
81210
81226
81241
81257
81272
81288
81303
81318
81333
81349
81364
81379
81394
81410
81427
81442
81457
81472
81487
81502
81517
81532
81547
81562
81577
81592
81608
81623
81640
81655
81670
81685
81700
81716
81731
81746
81762
81777
81792
81807
81822
81837
81853
81868
81883
81898
81913
81928
81943
81958
81974
81989
82004
82019
82034
82050
82065
82080
82095
82111
82127
82142
82157
82172
82187
82202
82217
82232
82247
82262
82277
82292
82307
82322
82337
82352
82368
82383
82398
82414
82429
82444
82459
82474
82489
82504
82520
82536
82551
82566
82581
82597
82612
82628
82644
82660
82675
82691
82707
82722
82737
82752
82767
82782
82797
82813
82830
82847
82862
82877
82893
82908
82923
82939
82954
82969
82984
83000
83015
83030
83045
83060
83075
83090
83105
83120
83135
83150
83165
83180
83195
83211
83227
83243
83258
83273
83288
83303
83318
83334
83349
83365
83380
83396
83411
83427
83442
83457
83472
83487
83502
83517
83532
83547
83562
83577
83592
83607
83622
83637
83652
83667
83682
83698
83713
83728
83744
83760
83775
83790
83806
83821
83838
83853
83869
83885
83900
83915
83930
83946
83962
83977
83992
84008
84023
84038
84054
84069
84085
84100
84116
84131
84146
84161
84176
84192
84207
84222
84237
84253
84268
84284
84299
84314
84329
84344
84359
84375
84390
84405
84420
84437
84452
84467
84482
84497
84512
84527
84542
84557
84572
84587
84602
84617
84633
84650
84665
84680
84695
84710
84725
84740
84756
84771
84786
84802
84819
84834
84850
84865
84880
84895
84911
84926
84942
84957
84972
84987
85002
85018
85034
85049
85064
85079
85094
85109
85124
85139
85154
85169
85185
85200
85215
85230
85245
85260
85276
85291
85307
85322
85339
85354
85370
85385
85400
85415
85431
85447
85462
85477
85492
85507
85523
85539
85554
85569
85584
85599
85614
85629
85644
85659
85674
85690
85705
85720
85736
85752
85767
85784
85799
85815
85830
85845
85860
85876
85891
85906
85921
85936
85952
85967
85983
85998
86013
86029
86045
86060
86076
86091
86107
86122
86137
86152
86167
86182
86197
86212
86227
86242
86257
86272
86287
86302
86317
86332
86347
86362
86377
86393
86408
86423
86438
86454
86469
86484
86501
86516
86531
86546
86561
86576
86591
86606
86621
86636
86651
86666
86682
86697
86712
86727
86742
86757
86772
86787
86803
86818
86833
86848
86864
86879
86895
86910
86925
86940
86955
86971
86986
87001
87016
87032
87048
87063
87079
87094
87110
87125
87140
87155
87171
87186
87201
87216
87231
87247
87262
87279
87294
87310
87325
87340
87355
87370
87385
87400
87415
87431
87446
87461
87476
87491
87506
87522
87537
87552
87567
87582
87597
87613
87628
87643
87659
87674
87689
87705
87721
87736
87751
87766
87782
87798
87813
87829
87844
87859
87874
87889
87905
87920
87935
87950
87966
87981
87996
88011
88026
88041
88057
88072
88087
88102
88117
88132
88148
88163
88178
88193
88208
88223
88239
88254
88270
88286
88301
88316
88331
88346
88361
88376
88391
88407
88423
88438
88454
88470
88486
88502
88517
88532
88548
88563
88578
88593
88608
88623
88638
88653
88668
88685
88700
88715
88730
88745
88760
88775
88790
88806
88821
88836
88852
88867
88882
88897
88912
88928
88943
88959
88975
88990
89005
89020
89035
89051
89066
89081
89098
89113
89128
89143
89160
89176
89192
89207
89223
89238
89253
89268
89284
89299
89314
89330
89345
89360
89375
89391
89406
89422
89438
89453
89470
89485
89500
89516
89531
89548
89563
89578
89593
89608
89623
89638
89653
89669
89684
89699
89714
89729
89744
89759
89774
89789
89805
89822
89837
89854
89869
89885
89901
89917
89932
89948
89963
89980
89996
90011
90028
90043
90058
90074
90089
90104
90119
90134
90149
90165
90181
90197
90213
90228
90243
90259
90274
90289
90304
90319
90334
90349
90364
90379
90394
90409
90425
90440
90455
90470
90485
90500
90515
90531
90546
90561
90577
90592
90607
90622
90638
90654
90671
90687
90702
90717
90733
90750
90765
90780
90796
90811
90826
90841
90857
90872
90887
90903
90918
90933
90948
90963
90978
90993
91008
91023
91038
91054
91069
91084
91099
91114
91130
91145
91160
91175
91190
91205
91220
91235
91250
91266
91281
91297
91312
91327
91343
91358
91375
91390
91405
91420
91435
91450
91466
91481
91497
91512
91527
91543
91559
91574
91589
91604
91619
91634
91649
91664
91680
91696
91712
91728
91744
91759
91774
91791
91806
91821
91836
91852
91868
91886
91902
91917
91932
91947
91963
91978
91993
92008
92023
92038
92053
92068
92083
92099
92117
92132
92147
92162
92177
92193
92208
92224
92239
92254
92269
92285
92301
92316
92334
92349
92364
92379
92394
92409
92424
92439
92454
92469
92484
92500
92515
92530
92545
92560
92575
92591
92607
92623
92638
92653
92668
92683
92698
92713
92728
92743
92758
92773
92789
92805
92820
92835
92850
92865
92880
92896
92911
92927
92942
92957
92972
92987
93002
93017
93032
93048
93063
93079
93095
93110
93125
93141
93157
93172
93187
93203
93218
93234
93250
93265
93280
93295
93310
93325
93340
93357
93373
93388
93403
93418
93433
93448
93463
93478
93493
93510
93525
93540
93555
93570
93585
93600
93615
93630
93647
93664
93680
93695
93710
93725
93740
93756
93771
93786
93801
93816
93834
93849
93865
93880
93895
93910
93925
93940
93955
93970
93985
94000
94015
94030
94045
94060
94075
94090
94105
94120
94136
94151
94167
94182
94197
94212
94227
94242
94259
94274
94289
94304
94319
94334
94350
94366
94381
94396
94411
94426
94441
94459
94474
94489
94504
94519
94535
94550
94565
94581
94597
94612
94627
94643
94658
94673
94688
94703
94718
94733
94749
94764
94779
94794
94809
94824
94839
94854
94869
94884
94899
94914
94929
94947
94962
94977
94993
95008
95024
95039
95054
95069
95085
95102
95118
95133
95148
95163
95179
95194
95209
95224
95239
95254
95269
95284
95299
95314
95329
95344
95359
95374
95389
95404
95420
95436
95451
95467
95482
95497
95512
95527
95542
95558
95573
95588
95603
95618
95633
95648
95663
95678
95693
95708
95724
95739
95754
95769
95784
95799
95814
95829
95844
95859
95875
95890
95905
95920
95935
95950
95965
95980
95996
96011
96027
96042
96057
96072
96087
96103
96118
96133
96148
96163
96178
96193
96208
96223
96238
96253
96268
96284
96299
96314
96329
96344
96359
96374
96389
96405
96420
96436
96451
96466
96481
96497
96512
96527
96543
96558
96573
96588
96604
96619
96634
96649
96664
96679
96694
96709
96724
96739
96754
96769
96784
96800
96815
96830
96845
96861
96876
96891
96906
96921
96937
96953
96969
96984
96999
97014
97029
97044
97059
97074
97089
97105
97120
97135
97150
97165
97180
97195
97211
97226
97241
97256
97271
97286
97301
97316
97332
97347
97362
97377
97392
97407
97423
97438
97453
97468
97483
97498
97513
97528
97544
97559
97575
97590
97606
97621
97636
97651
97666
97681
97696
97711
97726
97741
97757
97772
97788
97805
97821
97836
97851
97866
97882
97897
97912
97927
97943
97958
97973
97989
98004
98019
98036
98051
98066
98081
98096
98111
98127
98143
98158
98173
98188
98203
98218
98233
98250
98265
98280
98295
98310
98326
98341
98356
98371
98388
98403
98418
98434
98449
98465
98481
98496
98511
98526
98542
98557
98572
98587
98602
98617
98632
98647
98662
98677
98692
98707
98722
98737
98752
98767
98782
98797
98812
98827
98842
98857
98872
98887
98902
98917
98932
98947
98963
98979
98994
99010
99025
99040
99055
99070
99085
99100
99115
99131
99146
99162
99178
99193
99209
99224
99239
99254
99269
99284
99299
99314
99329
99345
99360
99375
99390
99405
99421
99437
99453
99469
99484
99499
99514
99529
99544
99559
99574
99589
99605
99621
99636
99651
99666
99681
99697
99712
99727
99742
99758
99773
99788
99803
99818
99833
99849
99864
99879
99894
99909
99925
99941
99956
99971
99986
100002
100017
100032
100047
100062
100077
100092
100107
100122
100139
100154
100171
100186
100202
100217
100232
100247
100262
100277
100294
100311
100326
100341
100356
100371
100386
100402
100417
100432
100447
100462
100478
100493
100508
100524
100541
100556
100571
100586
100601
100616
100631
100646
100661
100676
100691
100706
100721
100736
100751
100766
100782
100797
100812
100827
100844
100859
100874
100889
100905
100920
100935
100951
100966
100981
100996
101011
101027
101042
101057
101072
101088
101103
101118
101133
101148
101163
101179
101194
101210
101225
101240
101255
101270
101286
101301
101316
101331
101346
101361
101376
101391
101407
101422
101437
101453
101469
101485
101500
101515
101531
101546
101561
101576
101591
101606
101621
101636
101651
101666
101681
101696
101711
101727
101742
101757
101772
101787
101802
101818
101833
101848
101863
101878
101894
101909
101924
101939
101954
101969
101984
102000
102015
102030
102046
102061
102076
102091
102106
102121
102136
102151
102166
102181
102196
102211
102226
102242
102257
102273
102290
102305
102320
102335
102350
102365
102380
102395
102410
102425
102440
102456
102472
102487
102502
102517
102532
102548
102563
102578
102593
102609
102624
102640
102655
102670
102685
102700
102715
102730
102745
102760
102775
102790
102806
102821
102836
102851
102866
102881
102897
102913
102928
102943
102958
102974
102990
103005
103020
103035
103050
103065
103080
103095
103110
103125
103141
103156
103171
103186
103201
103216
103232
103247
103262
103277
103292
103307
103322
103338
103353
103368
103383
103398
103413
103429
103445
103460
103475
103490
103505
103520
103535
103550
103565
103580
103595
103611
103626
103641
103656
103671
103686
103701
103716
103731
103747
103763
103778
103794
103809
103824
103839
103855
103870
103886
103901
103916
103931
103946
103961
103977
103992
104009
104024
104039
104054
104069
104084
104099
104115
104130
104145
104160
104176
104191
104206
104221
104236
104251
104266
104281
104296
104311
104327
104342
104357
104373
104388
104404
104419
104434
104450
104466
104481
104496
104512
104527
104543
104559
104574
104589
104604
104619
104635
104650
104665
104680
104695
104710
104726
104741
104756
104771
104786
104801
104816
104831
104846
104861
104877
104892
104907
104923
104939
104954
104969
104986
105001
105016
105032
105047
105062
105077
105093
105109
105124
105139
105154
105169
105184
105200
105215
105230
105245
105261
105276
105291
105306
105321
105337
105352
105367
105382
105399
105414
105431
105446
105462
105478
105493
105508
105524
105539
105555
105570
105585
105600
105615
105630
105645
105661
105676
105691
105706
105721
105736
105752
105767
105782
105797
105812
105827
105842
105857
105872
105887
105902
105917
105932
105947
105963
105978
105993
106008
106023
106038
106053
106068
106084
106099
106114
106130
106145
106161
106176
106191
106207
106222
106237
106252
106267
106283
106299
106314
106330
106347
106364
106380
106395
106410
106425
106440
106455
106470
106485
106500
106515
106530
106546
106561
106576
106592
106607
106622
106637
106652
106667
106682
106697
106712
106728
106743
106758
106773
106788
106803
106819
106834
106849
106864
106879
106896
106912
106927
106943
106958
106974
106990
107005
107020
107035
107051
107066
107082
107098
107113
107128
107143
107158
107173
107188
107204
107219
107234
107250
107265
107280
107295
107310
107327
107342
107357
107372
107387
107402
107418
107434
107450
107465
107480
107497
107512
107527
107542
107557
107572
107587
107602
107617
107633
107648
107663
107679
107694
107709
107724
107739
107754
107769
107785
107800
107816
107831
107847
107863
107878
107894
107909
107924
107941
107956
107971
107986
108001
108017
108032
108047
108062
108077
108092
108107
108123
108138
108153
108168
108183
108198
108213
108228
108244
108259
108274
108289
108305
108320
108335
108350
108366
108382
108397
108412
108427
108442
108458
108473
108488
108503
108518
108534
108549
108564
108580
108595
108610
108625
108640
108655
108670
108686
108701
108716
108731
108746
108761
108776
108791
108809
108824
108839
108855
108870
108885
108900
108915
108930
108945
108960
108975
108990
109005
109020
109037
109053
109068
109083
109098
109114
109129
109144
109159
109174
109189
109204
109219
109234
109249
109264
109279
109294
109309
109324
109339
109354
109369
109384
109400
109416
109431
109448
109463
109479
109494
109509
109524
109540
109556
109571
109586
109601
109616
109631
109647
109662
109677
109692
109707
109722
109738
109753
109768
109784
109799
109816
109832
109848
109863
109878
109893
109908
109923
109938
109954
109969
109984
109999
110015
110030
110045
110060
110075
110090
110105
110121
110136
110151
110166
110181
110197
110212
110227
110242
110257
110272
110287
110302
110317
110332
110347
110363
110378
110393
110408
110423
110438
110453
110468
110484
110500
110515
110530
110546
110561
110576
110591
110606
110621
110636
110651
110666
110681
110696
110712
110727
110742
110757
110773
110788
110803
110818
110833
110848
110863
110878
110893
110909
110925
110941
110956
110972
110987
111002
111017
111032
111049
111064
111079
111094
111109
111124
111139
111154
111169
111184
111199
111215
111230
111247
111262
111278
111293
111308
111323
111338
111353
111368
111383
111398
111413
111428
111443
111458
111473
111488
111503
111518
111533
111549
111566
111581
111597
111612
111628
111643
111658
111673
111688
111703
111718
111734
111750
111765
111780
111795
111810
111825
111840
111855
111870
111885
111900
111915
111930
111945
111960
111976
111991
112006
112022
112037
112052
112068
112083
112099
112114
112129
112144
112159
112174
112189
112205
112220
112235
112250
112266
112281
112296
112313
112328
112343
112358
112374
112389
112404
112420
112436
112452
112468
112483
112498
112513
112528
112543
112558
112573
112588
112603
112618
112633
112648
112663
112678
112693
112708
112723
112739
112756
112771
112786
112801
112817
112832
112848
112864
112879
112894
112909
112924
112939
112954
112969
112984
112999
113014
113029
113044
113059
113075
113090
113105
113120
113136
113151
113166
113181
113196
113211
113226
113242
113257
113272
113287
113302
113317
113333
113348
113363
113380
113395
113410
113426
113441
113456
113471
113486
113501
113516
113531
113546
113561
113576
113592
113607
113622
113637
113652
113667
113682
113698
113714
113729
113744
113759
113775
113790
113805
113821
113836
113851
113867
113882
113897
113912
113927
113943
113958
113973
113988
114003
114018
114033
114049
114064
114079
114095
114110
114125
114140
114155
114170
114185
114201
114217
114232
114248
114263
114278
114293
114308
114323
114338
114354
114369
114385
114402
114417
114432
114448
114463
114478
114494
114510
114525
114540
114555
114570
114585
114600
114615
114630
114645
114660
114675
114690
114706
114721
114736
114753
114768
114783
114798
114813
114828
114843
114858
114874
114889
114904
114920
114936
114952
114967
114982
114998
115013
115028
115043
115058
115073
115088
115103
115118
115133
115148
115163
115178
115193
115209
115225
115240
115255
115270
115286
115301
115316
115331
115346
115361
115376
115391
115406
115421
115436
115451
115466
115481
115498
115514
115529
115545
115560
115575
115590
115605
115620
115637
115652
115668
115683
115698
115714
115729
115744
115760
115777
115792
115808
115823
115838
115853
115868
115883
115898
115914
115929
115944
115960
115975
115990
116005
116020
116035
116050
116065
116080
116095
116110
116125
116140
116155
116170
116185
116200
116216
116234
116249
116265
116280
116297
116313
116328
116343
116359
116374
116389
116404
116419
116434
116450
116466
116481
116496
116511
116526
116541
116556
116571
116586
116603
116618
116634
116649
116664
116680
116695
116710
116725
116740
116755
116770
116785
116800
116815
116830
116845
116860
116875
116890
116905
116921
116936
116951
116967
116982
116997
117012
117028
117046
117062
117077
117092
117107
117122
117137
117152
117167
117182
117197
117213
117228
117243
117258
117273
117288
117303
117318
117334
117349
117364
117379
117394
117409
117425
117440
117455
117470
117486
117501
117516
117531
117546
117561
117576
117591
117606
117621
117636
117651
117666
117682
117697
117712
117727
117743
117758
117773
117788
117803
117818
117833
117848
117863
117878
117893
117908
117923
117938
117953
117968
117983
117998
118013
118028
118044
118059
118074
118089
118104
118119
118134
118151
118168
118183
118199
118214
118229
118244
118259
118274
118289
118304
118320
118335
118350
118365
118380
118396
118411
118426
118442
118457
118472
118489
118504
118519
118535
118550
118565
118580
118595
118610
118625
118640
118655
118671
118687
118702
118718
118734
118750
118765
118780
118795
118810
118825
118840
118855
118870
118885
118900
118915
118930
118945
118961
118976
118991
119006
119022
119037
119052
119067
119082
119097
119113
119128
119143
119158
119174
119189
119205
119222
119237
119252
119267
119282
119299
119314
119329
119344
119359
119376
119391
119406
119421
119436
119451
119466
119482
119497
119512
119527
119542
119557
119572
119587
119602
119617
119632
119647
119662
119677
119693
119708
119723
119738
119754
119769
119784
119799
119816
119831
119846
119861
119876
119891
119907
119923
119938
119953
119969
119984
119999
120014
120030
120045
120060
120075
120090
120106
120122
120137
120152
120167
120183
120198
120213
120228
120243
120258
120273
120288
120303
120318
120334
120349
120364
120379
120394
120409
120424
120440
120455
120470
120485
120500
120515
120530
120545
120561
120577
120592
120607
120622
120638
120653
120668
120683
120698
120713
120728
120743
120758
120773
120788
120804
120819
120834
120849
120864
120879
120894
120909
120924
120939
120954
120969
120985
121000
121015
121031
121046
121062
121077
121092
121107
121122
121137
121153
121168
121183
121199
121214
121229
121244
121259
121274
121289
121304
121319
121334
121349
121364
121379
121395
121410
121425
121440
121455
121470
121485
121500
121515
121530
121545
121560
121575
121590
121605
121620
121635
121650
121666
121681
121696
121712
121727
121742
121757
121773
121788
121803
121818
121834
121850
121865
121880
121895
121910
121925
121940
121955
121970
121985
122000
122015
122030
122045
122060
122075
122090
122105
122120
122135
122150
122165
122180
122195
122211
122226
122241
122257
122272
122288
122304
122319
122334
122349
122364
122379
122394
122409
122424
122439
122454
122469
122485
122500
122515
122530
122545
122560
122575
122590
122605
122620
122635
122650
122666
122681
122696
122712
122727
122742
122757
122773
122788
122803
122819
122834
122849
122864
122879
122894
122909
122924
122939
122954
122970
122985
123000
123015
123030
123045
123060
123075
123090
123105
123120
123135
123151
123166
123181
123196
123211
123226
123241
123256
123271
123286
123301
123316
123331
123346
123361
123376
123391
123406
123421
123436
123451
123466
123481
123496
123511
123526
123541
123556
123571
123586
123601
123616
123632
123647
123662
123677
123692
123707
123722
123737
123752
123767
123782
123797
123812
123828
123843
123858
123873
123888
123903
123919
123934
123949
123964
123979
123994
124009
124024
124039
124054
124069
124084
124099
124114
124130
124145
124161
124177
124192
124209
124224
124240
124255
124270
124285
124300
124315
124330
124345
124360
124375
124390
124405
124420
124435
124450
124465
124480
124495
124510
124526
124541
124556
124571
124586
124601
124616
124631
124646
124661
124676
124691
124707
124722
124737
124752
124768
124783
124798
124813
124828
124843
124858
124873
124888
124903
124919
124934
124949
124966
124981
124996
125011
125026
125041
125056
125072
125087
125102
125117
125132
125147
125162
125177
125192
125208
125223
125238
125253
125268
125283
125298
125313
125329
125345
125360
125375
125390
125405
125421
125436
125451
125467
125482
125498
125513
125528
125543
125558
125573
125588
125603
125618
125633
125648
125663
125679
125694
125709
125725
125740
125757
125772
125787
125802
125819
125834
125850
125865
125880
125895
125911
125926
125941
125956
125971
125986
126001
126016
126031
126046
126061
126076
126091
126106
126121
126136
126151
126166
126181
126196
126211
126226
126241
126256
126271
126286
126301
126316
126331
126346
126361
126376
126391
126407
126422
126437
126453
126468
126483
126498
126513
126528
126543
126558
126573
126589
126604
126619
126634
126649
126664
126679
126694
126710
126725
126741
126756
126771
126786
126801
126816
126831
126846
126862
126877
126892
126907
126922
126937
126952
126967
126982
126997
127012
127027
127042
127057
127072
127087
127102
127117
127132
127147
127162
127177
127192
127208
127223
127238
127253
127268
127283
127298
127314
127329
127344
127359
127374
127390
127406
127421
127436
127451
127466
127482
127497
127512
127527
127543
127558
127573
127588
127603
127618
127633
127648
127663
127678
127693
127708
127723
127738
127753
127768
127783
127798
127814
127829
127844
127859
127874
127890
127905
127920
127935
127950
127965
127980
127996
128011
128026
128041
128056
128071
128086
128101
128116
128131
128146
128161
128177
128192
128207
128222
128237
128252
128267
128282
128297
128312
128327
128343
128359
128374
128390
128405
128420
128435
128450
128465
128480
128495
128510
128525
128540
128555
128571
128586
128601
128616
128631
128646
128661
128676
128691
128706
128721
128736
128751
128766
128781
128797
128812
128827
128842
128857
128872
128887
128902
128917
128932
128947
128962
128977
128992
129008
129023
129038
129053
129068
129083
129099
129114
129129
129144
129159
129174
129189
129204
129219
129234
129249
129265
129280
129296
129311
129326
129342
129359
129375
129390
129405
129420
129435
129450
129466
129481
129496
129511
129526
129541
129556
129571
129586
129601
129616
129631
129646
129661
129676
129691
129706
129722
129737
129752
129768
129783
129798
129813
129828
129843
129858
129873
129888
129903
129918
129935
129950
129965
129980
129995
130010
130025
130041
130057
130073
130088
130103
130118
130134
130149
130164
130179
130194
130209
130224
130239
130255
130270
130285
130300
130315
130330
130345
130360
130375
130390
130405
130420
130437
130452
130468
130483
130498
130514
130529
130544
130559
130575
130590
130605
130620
130635
130650
130666
130681
130697
130712
130727
130742
130757
130772
130787
130802
130817
130833
130848
130864
130879
130895
130910
130925
130940
130955
130970
130985
131000
131015
131030
131045
131060
131075
131092
131108
131123
131139
131154
131169
131184
131199
131214
131229
131244
131259
131274
131289
131304
131319
131334
131350
131365
131380
131395
131410
131426
131442
131458
131473
131488
131503
131518
131533
131548
131563
131578
131593
131608
131623
131638
131654
131669
131684
131699
131714
131731
131746
131761
131776
131792
131807
131822
131837
131852
131867
131882
131897
131912
131927
131942
131957
131973
131988
132004
132019
132034
132049
132064
132079
132094
132111
132126
132141
132156
132171
132187
132202
132217
132232
132247
132262
132278
132293
132308
132323
132338
132353
132368
132384
132399
132414
132429
132445
132460
132476
132492
132508
132523
132539
132555
132570
132585
132601
132616
132631
132646
132662
132677
132692
132707
132722
132738
132753
132768
132783
132798
132813
132828
132843
132858
132873
132888
132903
132918
132933
132948
132963
132979
132994
133010
133025
133040
133055
133071
133086
133101
133116
133131
133146
133161
133178
133193
133208
133223
133238
133253
133268
133283
133298
133314
133329
133344
133360
133375
133390
133407
133422
133437
133452
133467
133482
133498
133513
133528
133543
133558
133573
133588
133603
133618
133634
133650
133666
133681
133696
133711
133726
133741
133757
133773
133788
133803
133818
133833
133848
133864
133879
133895
133911
133927
133942
133957
133972
133988
134004
134019
134034
134049
134064
134079
134094
134109
134124
134139
134154
134169
134184
134199
134214
134229
134244
134259
134274
134289
134304
134319
134334
134349
134365
134380
134395
134411
134426
134441
134456
134471
134486
134502
134517
134532
134547
134562
134578
134593
134608
134624
134639
134654
134669
134684
134699
134714
134729
134744
134759
134774
134789
134804
134819
134835
134850
134865
134880
134895
134910
134925
134941
134956
134971
134986
135002
135017
135033
135048
135063
135078
135093
135109
135124
135140
135155
135171
135186
135202
135217
135232
135248
135264
135279
135294
135309
135325
135340
135355
135370
135385
135401
135416
135431
135448
135463
135479
135494
135509
135524
135540
135555
135570
135585
135601
135617
135633
135649
135664
135679
135694
135709
135726
135742
135757
135772
135787
135802
135817
135833
135848
135863
135878
135895
135910
135925
135940
135955
135970
135986
136001
136017
136033
136048
136063
136078
136093
136109
136124
136140
136155
136170
136185
136200
136215
136231
136246
136261
136276
136292
136307
136323
136338
136353
136368
136383
136398
136413
136429
136444
136459
136474
136489
136504
136520
136536
136552
136567
136582
136597
136612
136627
136643
136658
136673
136688
136703
136718
136734
136750
136765
136780
136795
136810
136826
136841
136856
136871
136886
136901
136916
136932
136947
136962
136977
136992
137007
137022
137037
137052
137067
137083
137099
137114
137129
137144
137159
137174
137189
137204
137219
137234
137249
137264
137280
137295
137310
137325
137340
137355
137370
137385
137400
137415
137431
137447
137462
137477
137492
137508
137523
137538
137553
137569
137584
137599
137614
137630
137645
137660
137675
137691
137706
137721
137737
137752
137767
137782
137797
137812
137827
137842
137858
137873
137888
137903
137918
137933
137948
137963
137978
137993
138008
138023
138038
138053
138068
138083
138099
138114
138129
138145
138160
138175
138190
138206
138221
138236
138253
138268
138284
138299
138314
138329
138344
138359
138374
138390
138405
138420
138435
138450
138465
138481
138496
138511
138526
138541
138556
138572
138587
138602
138617
138632
138647
138662
138677
138692
138707
138723
138738
138753
138768
138783
138798
138813
138828
138843
138858
138873
138888
138903
138919
138934
138949
138964
138979
138994
139010
139025
139041
139056
139071
139086
139101
139118
139133
139148
139163
139180
139195
139210
139225
139240
139255
139271
139286
139301
139317
139332
139347
139362
139377
139392
139408
139423
139438
139453
139468
139483
139499
139514
139529
139545
139560
139575
139591
139606
139621
139636
139652
139667
139682
139697
139713
139728
139743
139758
139773
139788
139803
139818
139833
139849
139864
139879
139894
139910
139925
139940
139955
139970
139985
140000
140015
140030
140045
140060
140075
140091
140106
140121
140137
140152
140167
140182
140197
140212
140227
140242
140258
140274
140289
140304
140319
140335
140350
140365
140380
140396
140411
140426
140441
140456
140472
140487
140502
140517
140532
140547
140562
140577
140592
140607
140623
140638
140654
140669
140684
140701
140716
140732
140747
140762
140777
140793
140808
140823
140839
140854
140870
140885
140900
140915
140930
140945
140960
140975
140990
141006
141022
141037
141052
141068
141083
141098
141116
141131
141146
141161
141176
141191
141206
141221
141236
141251
141266
141281
141296
141311
141327
141342
141357
141372
141387
141403
141418
141433
141448
141463
141478
141493
141509
141524
141539
141554
141569
141585
141600
141615
141630
141646
141661
141676
141691
141706
141721
141736
141751
141767
141782
141797
141812
141827
141842
141857
141872
141887
141902
141917
141932
141947
141962
141977
141992
142008
142024
142039
142054
142070
142085
142100
142115
142131
142146
142161
142177
142192
142208
142223
142238
142253
142268
142283
142298
142313
142328
142343
142358
142373
142388
142403
142418
142433
142448
142464
142479
142494
142509
142524
142539
142554
142569
142585
142600
142615
142631
142646
142661
142676
142691
142706
142721
142736
142752
142767
142782
142797
142812
142827
142843
142858
142873
142888
142903
142918
142933
142948
142963
142979
142994
143010
143025
143040
143055
143071
143086
143101
143116
143131
143146
143161
143176
143192
143207
143222
143237
143252
143267
143282
143297
143312
143327
143342
143357
143372
143387
143402
143417
143432
143447
143462
143477
143492
143507
143523
143538
143553
143568
143583
143598
143615
143630
143645
143660
143676
143692
143707
143722
143737
143752
143767
143782
143797
143812
143828
143843
143858
143873
143889
143904
143919
143935
143950
143965
143980
143997
144012
144027
144044
144059
144074
144089
144104
144120
144135
144150
144165
144180
144196
144211
144226
144241
144256
144273
144289
144304
144319
144334
144349
144365
144380
144395
144410
144425
144440
144455
144470
144485
144500
144515
144530
144545
144560
144575
144590
144607
144622
144637
144652
144668
144683
144698
144713
144729
144744
144760
144775
144790
144806
144822
144837
144852
144867
144882
144897
144912
144928
144943
144958
144973
144988
145003
145018
145033
145048
145063
145078
145093
145108
145123
145138
145153
145169
145184
145199
145214
145229
145244
145259
145274
145289
145304
145319
145334
145349
145364
145379
145394
145409
145425
145440
145455
145470
145485
145500
145515
145530
145545
145561
145576
145591
145606
145621
145636
145651
145666
145681
145696
145712
145727
145743
145758
145774
145789
145804
145821
145837
145852
145868
145883
145898
145913
145928
145944
145960
145975
145990
146006
146021
146036
146051
146067
146082
146097
146113
146128
146144
146160
146175
146190
146205
146220
146235
146251
146266
146281
146296
146311
146327
146342
146357
146372
146387
146402
146418
146433
146448
146463
146478
146494
146509
146524
146539
146554
146569
146584
146599
146614
146629
146644
146659
146675
146690
146706
146721
146736
146751
146766
146781
146797
146812
146828
146843
146858
146874
146889
146905
146921
146936
146951
146966
146981
146997
147013
147030
147045
147060
147075
147090
147105
147120
147135
147150
147166
147181
147196
147211
147226
147241
147257
147273
147289
147304
147319
147334
147349
147364
147380
147395
147410
147426
147441
147457
147472
147487
147503
147519
147534
147549
147564
147579
147594
147609
147625
147640
147655
147670
147685
147700
147715
147730
147746
147761
147777
147793
147809
147824
147839
147854
147870
147886
147902
147918
147933
147949
147964
147979
147994
148009
148024
148039
148054
148069
148084
148099
148114
148129
148147
148162
148177
148192
148208
148223
148238
148253
148268
148283
148299
148315
148330
148345
148360
148375
148390
148405
148420
148435
148451
148467
148482
148497
148512
148527
148542
148557
148572
148590
148605
148620
148635
148651
148666
148681
148696
148711
148726
148741
148756
148771
148786
148801
148816
148832
148847
148862
148877
148892
148907
148922
148937
148952
148967
148982
148997
149012
149028
149043
149059
149074
149089
149104
149119
149134
149149
149164
149179
149194
149209
149224
149239
149254
149269
149284
149299
149315
149330
149345
149360
149376
149391
149407
149422
149437
149454
149469
149484
149500
149515
149530
149545
149560
149575
149591
149606
149621
149636
149651
149666
149681
149696
149711
149726
149741
149756
149771
149786
149801
149816
149832
149847
149862
149877
149892
149907
149922
149937
149952
149967
149982
149997
150012
150027
150042
150057
150072
150087
150103
150119
150135
150150
150165
150180
150195
150210
150226
150241
150258
150273
150288
150303
150318
150333
150348
150363
150378
150393
150408
150423
150438
150453
150469
150484
150499
150514
150529
150545
150560
150576
150591
150606
150621
150636
150652
150668
150683
150698
150713
150728
150743
150759
150774
150789
150804
150819
150834
150849
150864
150879
150894
150910
150925
150941
150956
150971
150987
151002
151018
151033
151048
151063
151079
151095
151111
151127
151142
151157
151172
151189
151204
151219
151234
151249
151264
151279
151295
151310
151325
151340
151355
151370
151385
151400
151415
151430
151445
151460
151476
151491
151506
151521
151536
151551
151567
151582
151597
151612
151627
151643
151659
151674
151689
151704
151719
151734
151749
151764
151779
151794
151809
151824
151839
151854
151869
151884
151899
151914
151929
151944
151960
151976
151991
152006
152022
152037
152052
152067
152082
152097
152112
152127
152142
152157
152172
152187
152202
152217
152232
152247
152263
152279
152294
152309
152324
152339
152355
152370
152385
152400
152416
152431
152446
152461
152476
152491
152506
152521
152536
152551
152567
152582
152597
152612
152627
152644
152659
152674
152689
152704
152719
152734
152749
152764
152780
152795
152810
152825
152840
152855
152871
152886
152903
152918
152933
152948
152963
152978
152993
153010
153025
153040
153056
153071
153087
153102
153117
153132
153147
153162
153177
153192
153207
153222
153237
153252
153267
153282
153297
153312
153328
153344
153359
153374
153390
153405
153420
153435
153451
153466
153481
153496
153511
153527
153542
153558
153574
153589
153604
153619
153634
153650
153665
153680
153695
153710
153726
153741
153756
153771
153786
153801
153816
153831
153846
153861
153876
153891
153907
153922
153937
153953
153968
153983
153998
154013
154028
154045
154060
154075
154091
154106
154121
154136
154151
154167
154182
154197
154212
154227
154243
154258
154273
154288
154303
154318
154334
154349
154364
154379
154394
154409
154425
154441
154456
154471
154486
154502
154517
154533
154548
154563
154579
154595
154611
154626
154641
154656
154671
154686
154701
154716
154731
154746
154761
154777
154792
154807
154823
154839
154854
154869
154884
154899
154914
154929
154944
154959
154975
154990
155005
155020
155035
155051
155066
155081
155096
155111
155126
155141
155156
155171
155186
155201
155216
155231
155246
155261
155276
155291
155306
155321
155336
155351
155366
155382
155397
155413
155428
155443
155458
155473
155488
155503
155518
155533
155548
155563
155578
155595
155610
155625
155640
155656
155672
155687
155702
155717
155732
155747
155762
155777
155792
155807
155822
155837
155852
155867
155882
155897
155912
155928
155943
155958
155973
155988
156003
156018
156034
156049
156064
156079
156094
156109
156124
156139
156154
156169
156184
156199
156214
156229
156244
156259
156274
156289
156304
156320
156336
156351
156366
156381
156396
156411
156426
156441
156456
156472
156487
156503
156518
156533
156549
156564
156579
156594
156609
156624
156639
156654
156669
156684
156699
156715
156730
156745
156760
156775
156790
156805
156821
156836
156851
156866
156881
156896
156911
156926
156941
156956
156971
156986
157001
157016
157032
157048
157063
157078
157093
157109
157124
157139
157154
157169
157184
157199
157214
157229
157244
157259
157274
157289
157305
157320
157335
157350
157365
157380
157395
157410
157425
157440
157455
157471
157486
157502
157517
157533
157548
157563
157578
157593
157608
157623
157639
157654
157669
157684
157699
157714
157729
157744
157759
157774
157789
157804
157819
157834
157849
157865
157880
157895
157910
157925
157940
157955
157970
157985
158000
158015
158030
158045
158060
158075
158090
158105
158120
158135
158150
158165
158180
158195
158210
158225
158240
158255
158271
158286
158301
158316
158331
158347
158362
158377
158392
158407
158422
158437
158452
158467
158482
158497
158512
158527
158542
158557
158572
158587
158602
158617
158632
158648
158663
158678
158693
158708
158723
158738
158753
158768
158783
158798
158813
158828
158844
158859
158874
158889
158904
158919
158934
158949
158964
158979
158995
159010
159026
159041
159056
159071
159086
159101
159116
159131
159146
159161
159176
159191
159206
159221
159237
159253
159268
159283
159298
159313
159328
159343
159358
159374
159389
159404
159419
159434
159449
159464
159481
159496
159511
159526
159542
159557
159572
159588
159603
159618
159634
159649
159664
159679
159694
159709
159724
159739
159754
159769
159784
159799
159814
159829
159844
159859
159874
159889
159905
159920
159935
159950
159965
159980
159995
160010
160025
160041
160056
160071
160086
160101
160116
160132
160147
160162
160177
160192
160207
160222
160237
160252
160267
160282
160298
160313
160329
160344
160359
160374
160389
160404
160419
160434
160449
160464
160479
160494
160510
160525
160540
160555
160570
160585
160600
160615
160630
160645
160661
160676
160691
160706
160721
160736
160752
160767
160782
160797
160812
160827
160842
160857
160872
160887
160902
160917
160933
160948
160963
160979
160994
161009
161024
161039
161054
161069
161084
161100
161115
161131
161146
161161
161176
161191
161206
161221
161236
161251
161266
161281
161296
161311
161326
161341
161356
161371
161386
161401
161416
161431
161446
161461
161476
161491
161506
161522
161537
161552
161567
161582
161597
161613
161628
161643
161659
161675
161691
161706
161721
161736
161751
161766
161781
161796
161811
161826
161841
161856
161871
161886
161901
161917
161933
161948
161964
161979
161994
162009
162024
162039
162054
162069
162084
162099
162114
162130
162145
162160
162175
162190
162205
162220
162235
162250
162265
162280
162296
162311
162326
162341
162356
162371
162386
162401
162416
162431
162446
162461
162477
162493
162508
162523
162538
162554
162570
162585
162600
162615
162631
162648
162663
162678
162693
162708
162723
162738
162753
162768
162783
162798
162814
162829
162844
162859
162874
162889
162906
162921
162936
162951
162966
162981
162996
163012
163027
163042
163057
163073
163089
163104
163119
163134
163149
163164
163179
163194
163209
163224
163239
163254
163270
163285
163300
163316
163331
163346
163362
163379
163394
163409
163425
163440
163455
163470
163485
163500
163515
163530
163545
163560
163575
163590
163605
163620
163635
163650
163665
163680
163695
163710
163725
163740
163755
163770
163785
163800
163815
163830
163845
163860
163875
163890
163905
163921
163936
163951
163966
163981
163996
164011
164026
164041
164056
164071
164086
164101
164116
164131
164146
164161
164176
164191
164206
164221
164236
164251
164266
164281
164296
164311
164326
164341
164356
164371
164386
164401
164417
164432
164448
164463
164478
164493
164508
164524
164539
164554
164569
164584
164599
164614
164629
164644
164659
164674
164689
164705
164721
164736
164752
164767
164782
164797
164812
164828
164843
164858
164874
164890
164905
164920
164935
164951
164967
164982
164997
165012
165027
165043
165058
165073
165088
165103
165118
165133
165148
165163
165178
165193
165208
165223
165238
165253
165268
165283
165299
165316
165331
165346
165361
165376
165391
165406
165421
165436
165451
165466
165481
165496
165511
165527
165542
165557
165572
165587
165602
165617
165632
165647
165662
165677
165692
165707
165722
165738
165753
165768
165784
165799
165814
165829
165844
165859
165874
165890
165905
165921
165936
165951
165966
165981
165996
166011
166026
166041
166057
166072
166087
166102
166117
166132
166147
166162
166177
166193
166208
166224
166239
166256
166272
166287
166302
166317
166332
166347
166362
166378
166393
166408
166423
166438
166453
166468
166484
166499
166514
166529
166545
166560
166575
166590
166605
166620
166635
166650
166666
166682
166697
166712
166727
166742
166757
166773
166789
166804
166820
166835
166850
166865
166880
166895
166910
166925
166940
166956
166971
166986
167002
167018
167034
167049
167064
167079
167094
167109
167124
167139
167154
167169
167184
167199
167215
167231
167246
167261
167276
167291
167306
167321
167336
167351
167366
167381
167396
167411
167426
167443
167458
167473
167488
167505
167520
167535
167550
167565
167580
167595
167611
167627
167642
167657
167672
167687
167702
167717
167732
167748
167763
167778
167794
167809
167824
167840
167855
167870
167886
167901
167916
167931
167946
167961
167976
167992
168007
168022
168037
168052
168067
168082
168097
168112
168128
168143
168158
168173
168189
168204
168219
168234
168249
168265
168280
168295
168310
168325
168340
168355
168370
168385
168400
168415
168430
168445
168460
168475
168490
168505
168520
168535
168550
168565
168580
168596
168611
168626
168641
168656
168672
168687
168702
168717
168732
168747
168762
168777
168792
168807
168822
168838
168853
168868
168883
168898
168913
168928
168943
168959
168974
168989
169004
169019
169034
169050
169065
169080
169095
169111
169126
169141
169156
169171
169186
169201
169216
169231
169246
169261
169276
169291
169306
169321
169336
169352
169368
169383
169398
169413
169429
169444
169459
169474
169489
169504
169519
169534
169549
169564
169579
169594
169609
169624
169639
169654
169669
169684
169699
169714
169729
169744
169759
169774
169789
169804
169820
169835
169850
169866
169881
169896
169911
169926
169941
169956
169971
169986
170001
170016
170031
170046
170061
170077
170092
170107
170122
170137
170152
170167
170182
170197
170212
170230
170245
170260
170275
170290
170305
170320
170335
170350
170365
170380
170395
170410
170425
170443
170458
170473
170489
170504
170519
170534
170549
170564
170579
170594
170609
170624
170640
170655
170670
170685
170700
170715
170730
170745
170760
170775
170790
170806
170821
170836
170851
170866
170881
170896
170911
170926
170942
170957
170972
170987
171002
171017
171033
171048
171063
171078
171093
171108
171123
171138
171153
171168
171183
171199
171214
171229
171244
171259
171274
171289
171305
171320
171335
171350
171365
171380
171395
171410
171425
171440
171455
171471
171487
171502
171517
171533
171548
171563
171578
171593
171609
171624
171639
171654
171669
171684
171699
171714
171729
171744
171759
171774
171789
171804
171820
171835
171850
171865
171880
171896
171912
171929
171944
171959
171975
171990
172005
172020
172036
172051
172066
172081
172096
172111
172126
172141
172156
172171
172186
172201
172216
172231
172246
172261
172276
172291
172307
172323
172339
172354
172369
172384
172399
172414
172429
172444
172459
172474
172489
172505
172520
172535
172550
172565
172580
172595
172610
172625
172640
172655
172670
172685
172700
172715
172730
172746
172761
172776
172792
172807
172822
172838
172853
172868
172883
172898
172913
172928
172943
172958
172973
172988
173004
173019
173034
173049
173065
173080
173095
173110
173125
173140
173155
173170
173185
173200
173215
173230
173245
173260
173275
173290
173305
173320
173335
173350
173365
173380
173395
173410
173426
173441
173456
173471
173486
173503
173518
173534
173549
173564
173579
173594
173609
173624
173639
173654
173670
173685
173700
173715
173730
173746
173761
173776
173791
173806
173821
173836
173851
173866
173881
173897
173913
173929
173945
173960
173975
173990
174005
174020
174035
174050
174066
174081
174096
174111
174126
174141
174156
174171
174186
174201
174216
174231
174246
174261
174276
174291
174307
174322
174337
174352
174367
174382
174397
174412
174427
174443
174458
174473
174488
174503
174518
174533
174548
174563
174579
174594
174609
174624
174639
174655
174670
174685
174700
174715
174730
174745
174760
174775
174790
174805
174820
174836
174851
174866
174881
174896
174911
174926
174941
174956
174971
174986
175001
175016
175031
175046
175061
175076
175091
175106
175121
175136
175151
175166
175181
175196
175211
175226
175241
175256
175271
175288
175303
175318
175333
175349
175364
175379
175394
175409
175424
175440
175455
175470
175485
175500
175515
175530
175545
175561
175576
175591
175606
175621
175636
175652
175667
175682
175699
175714
175729
175744
175759
175774
175789
175804
175819
175834
175849
175865
175880
175895
175910
175925
175940
175955
175970
175986
176002
176017
176032
176048
176063
176078
176094
176109
176124
176139
176154
176169
176184
176199
176214
176229
176244
176259
176274
176290
176305
176320
176335
176350
176365
176380
176395
176410
176425
176440
176456
176471
176486
176501
176516
176532
176547
176562
176577
176592
176607
176622
176637
176652
176667
176682
176697
176712
176727
176743
176758
176773
176788
176803
176818
176833
176848
176864
176879
176894
176911
176928
176943
176958
176974
176989
177004
177019
177035
177050
177066
177081
177096
177111
177126
177141
177156
177171
177186
177201
177216
177231
177246
177261
177276
177291
177306
177321
177336
177351
177366
177381
177396
177411
177426
177441
177456
177471
177486
177501
177517
177532
177547
177563
177579
177594
177609
177625
177640
177655
177670
177685
177700
177715
177730
177745
177760
177775
177790
177805
177821
177836
177851
177867
177882
177897
177912
177927
177942
177957
177973
177988
178003
178018
178033
178048
178063
178078
178094
178109
178124
178139
178154
178169
178184
178199
178216
178231
178246
178262
178277
178292
178308
178323
178339
178354
178369
178385
178400
178415
178430
178445
178461
178476
178491
178507
178525
178540
178555
178570
178585
178600
178615
178630
178646
178661
178676
178691
178706
178721
178738
178754
178769
178784
178799
178815
178830
178845
178860
178876
178891
178906
178921
178936
178951
178966
178981
178997
179012
179027
179042
179057
179072
179087
179102
179117
179133
179148
179163
179178
179193
179208
179223
179238
179253
179268
179283
179299
179314
179329
179344
179359
179374
179389
179404
179420
179435
179450
179467
179482
179497
179513
179528
179543
179558
179573
179588
179603
179618
179633
179650
179665
179680
179697
179712
179727
179742
179757
179773
179788
179803
179818
179833
179849
179864
179879
179895
179910
179925
179940
179956
179971
179986
180001
180016
180032
180048
180063
180078
180093
180109
180124
180139
180154
180169
180184
180199
180214
