0.03661160916090011
0.4999999999999999
0.23437475226819512
0.5334704443812369
0.356578879058361
0.8535532951354978
0.041159316897392266
0.004969071596860875
0.2156762797385454
0.05449114646762609
0.11745658889412877
0.19665273278951642
0.45384239405393595
0.12221389170736072
0.24597839266061777
0.30713801831007
0.20920426025986671
0.031249944586306803
0.2551313750445842
0.09832640085369347
0.23169390670955176
0.05725328272092155
0.04179576039314269
0.25825241673737764
0.22901313193142409
0.05792346969246863
0.019449889659881592
0.22912806272506708
0.39372865855693806
0.14062477019615466
0.1433056518435478
0.18396930210292337
0.3642762452363968
0.13013155362568793
0.35908716171979893
