1.249999478459358077e-01
4.999999105930327814e-01
4.999998509883880060e-01
4.267765060067175709e-01
4.999997913837432306e-01
4.999999105930327814e-01
4.999998807907103382e-01
4.999999105930327814e-01
2.499999105930327814e-01
1.249999403953551969e-01
7.499997243285176918e-01
2.499999552965163907e-01
2.499999254941940030e-01
4.999997615814207874e-01
2.499999552965163907e-01
4.267765730619429987e-01
2.499999254941940030e-01
2.499998956918716153e-01
2.499998956918716153e-01
2.499999403953551691e-01
2.499999105930327814e-01
4.999998509883880060e-01
4.999997615814207874e-01
2.499999701976775568e-01
2.499999254941940030e-01
1.464466005563735962e-01
4.999998211860655628e-01
2.499999254941940030e-01
2.499999403953551691e-01
2.499999701976775568e-01
3.661162778735160828e-02
4.999999403953551136e-01
4.999998509883880060e-01
2.499999552965163907e-01
2.499998807907103937e-01
7.322327792644499345e-02
4.999999403953551136e-01
1.249999776482581954e-01
3.661163151264189980e-02
4.999998807907103382e-01
2.499998807907103937e-01
1.249999254941940030e-01
2.499999254941940030e-01
4.999998509883880060e-01
2.499998956918716153e-01
4.999998807907103382e-01
4.999997317790984552e-01
2.499998807907103937e-01
4.999998509883880060e-01
2.499999552965163907e-01
2.499999105930327814e-01
2.499998956918716153e-01
1.249999776482581954e-01
2.499998807907103937e-01
4.999998211860655628e-01
2.499999403953551691e-01
4.999999701976775568e-01
2.499999254941940030e-01
4.999998211860655628e-01
4.999999403953551136e-01
2.499999105930327814e-01
8.535531610250471912e-01
1.249999627470970015e-01
2.499999552965163907e-01
4.999999403953551136e-01
1.249999329447746138e-01
4.999999105930327814e-01
2.499998807907103937e-01
2.499998211860656183e-01
1.249999254941940030e-01
4.999998807907103382e-01
2.133882492780684870e-01
4.999999105930327814e-01
2.499999701976775568e-01
4.999997615814207874e-01
4.999996423721312366e-01
1.249999478459358077e-01
2.499998807907103937e-01
4.999997913837432306e-01
4.999998509883880060e-01
4.999998807907103382e-01
2.499999701976775568e-01
1.249999329447746138e-01
2.499998658895492276e-01
4.999997615814207874e-01
2.499999552965163907e-01
4.999999701976775568e-01
4.999999403953551136e-01
2.499999552965163907e-01
2.499999254941940030e-01
2.499999403953551691e-01
1.249999701976775845e-01
2.499999552965163907e-01
2.499999552965163907e-01
1.249999403953551969e-01
4.999998807907103382e-01
2.499999254941940030e-01
1.249999478459358077e-01
1.249999329447746138e-01
4.999997317790984552e-01
4.999999105930327814e-01
1.249999552965163907e-01
4.999999105930327814e-01
4.999997913837432306e-01
4.999998509883880060e-01
1.249999478459358077e-01
2.499999105930327814e-01
7.322329282760618729e-02
2.499999403953551691e-01
2.499999552965163907e-01
4.999997317790984552e-01
1.249999478459358077e-01
2.499999105930327814e-01
4.999997913837432306e-01
4.999999403953551136e-01
4.999998807907103382e-01
2.499999105930327814e-01
1.464466005563735962e-01
4.999998509883880060e-01
1.249999776482581954e-01
4.999998807907103382e-01
7.322325557470320267e-02
4.999999403953551136e-01
2.499999403953551691e-01
1.249999850988387784e-01
4.999999105930327814e-01
2.499999254941940030e-01
1.249999701976775845e-01
2.499999701976775568e-01
2.499999701976775568e-01
4.999998807907103382e-01
2.499998956918716153e-01
2.499998807907103937e-01
4.999998807907103382e-01
2.499999403953551691e-01
2.499999254941940030e-01
1.249999478459358077e-01
2.499999254941940030e-01
4.267765283584594171e-01
4.999999403953551136e-01
2.499999403953551691e-01
4.999998211860655628e-01
4.999998509883880060e-01
1.249999627470970015e-01
4.999999105930327814e-01
2.499999597468471335e-01
1.249999701976775845e-01
1.249999776482581954e-01
3.661165013909339211e-02
4.999998807907103382e-01
4.999998807907103382e-01
2.499999105930327814e-01
2.499998807907103937e-01
2.499999552965163907e-01
1.249999552965163907e-01
4.999999105930327814e-01
4.999999403953551136e-01
8.535532355308532715e-01
2.499998509883880060e-01
2.499999701976775568e-01
7.322327792644500732e-02
4.999997913837432306e-01
1.249999478459358077e-01
1.249999850988387784e-01
2.499999254941940030e-01
4.999998509883880060e-01
4.999997913837432306e-01
4.999998211860655628e-01
4.999998211860655628e-01
2.499999552965163907e-01
4.999997615814207874e-01
4.999997913837432306e-01
1.249999627470970015e-01
2.499999403953551691e-01
2.499999105930327814e-01
1.249999627470970015e-01
2.499999701976775568e-01
2.499999552965163907e-01
2.499999403953551691e-01
4.999999701976775568e-01
1.249999403953551969e-01
4.999999403953551136e-01
4.999998509883880060e-01
2.499999552965163907e-01
2.499998807907103937e-01
2.499998807907103937e-01
-7.450580587169505892e-09
1.464466005563735962e-01
1.249999403953551969e-01
4.999999105930327814e-01
1.249999552965163907e-01
4.267765283584594171e-01
1.249999627470970015e-01
2.499999105930327814e-01
2.499999105930327814e-01
9.999998211860655628e-01
2.499999701976775568e-01
2.499999403953551691e-01
2.499999403953551691e-01
4.999998280695043262e-01
2.499998807907103937e-01
2.499999105930327814e-01
2.499998956918716153e-01
4.999998509883880060e-01
2.499999403953551691e-01
4.999998509883880060e-01
1.874998807907104215e-01
2.499999552965163907e-01
1.249999478459358077e-01
4.999999105930327814e-01
1.249999701976775845e-01
2.499998807907103937e-01
2.499999105930327814e-01
2.499999403953551691e-01
4.999998807907103382e-01
2.499998807907103937e-01
4.999998807907103382e-01
4.999997913837432306e-01
4.999998211860655628e-01
4.999999105930327814e-01
2.499999403953551691e-01
2.499998956918716153e-01
1.249999552965163907e-01
4.999998509883880060e-01
4.999999701976775568e-01
2.499999552965163907e-01
7.450580606795661290e-09
4.999999701976775568e-01
1.249999552965163907e-01
4.999996721744536798e-01
1.249999627470970015e-01
4.999998211860655628e-01
4.999998509883880060e-01
4.999999105930327814e-01
1.249999552965163907e-01
4.999998509883880060e-01
4.999998509883880060e-01
2.499999254941940030e-01
3.661162778735160828e-02
1.249999329447746138e-01
4.999999403953551136e-01
4.999999701976775568e-01
7.322329282760620117e-02
4.999999105930327814e-01
2.133882790803908747e-01
2.499998956918716153e-01
4.999998807907103382e-01
4.999998807907103382e-01
2.499999254941940030e-01
2.499998658895492276e-01
1.249999552965163907e-01
2.499998807907103937e-01
4.999998807907103382e-01
4.999999105930327814e-01
4.999997615814207874e-01
2.499999254941940030e-01
2.499998658895492276e-01
4.999997317790984552e-01
2.499999701976775568e-01
2.499998658895492276e-01
2.499999403953551691e-01
7.322327792644499345e-02
4.999998211860655628e-01
4.999997615814207874e-01
4.999998509883880060e-01
2.499998658895492276e-01
4.999999105930327814e-01
4.999999105930327814e-01
4.999998211860655628e-01
2.133882157504558008e-01
4.999996423721312366e-01
1.249999776482581954e-01
2.499998807907103937e-01
2.499999105930327814e-01
4.999999105930327814e-01
2.499998807907103937e-01
2.499999254941940030e-01
2.499998956918716153e-01
2.499999403953551691e-01
2.499998807907103937e-01
2.499999105930327814e-01
4.999998807907103382e-01
2.499999403953551691e-01
4.267765358090400141e-01
7.322325557470321655e-02
4.999998807907103382e-01
2.499998956918716153e-01
2.499999105930327814e-01
0.000000000000000000e+00
2.499999403953551691e-01
4.999999403953551136e-01
4.999999105930327814e-01
2.499999552965163907e-01
4.999999403953551136e-01
1.249999850988387784e-01
4.999998509883880060e-01
4.999998509883880060e-01
2.499999552965163907e-01
2.499999105930327814e-01
1.249999403953551969e-01
9.999998807907102272e-01
2.499998509883880060e-01
4.999998509883880060e-01
4.999997913837432306e-01
2.499998658895492276e-01
2.499999552965163907e-01
2.499998807907103937e-01
4.999998211860655628e-01
2.499999403953551691e-01
2.499999254941940030e-01
4.999999105930327814e-01
4.999999403953551136e-01
2.499999254941940030e-01
4.999999403953551136e-01
4.999998807907103382e-01
2.499999254941940030e-01
4.999997615814207874e-01
1.249999850988387784e-01
2.499999105930327814e-01
4.999998509883880060e-01
1.249999552965163907e-01
1.249999627470970015e-01
2.499999105930327814e-01
2.499999105930327814e-01
2.499999105930327814e-01
4.999997913837432306e-01
4.999999701976775568e-01
4.999999105930327814e-01
2.499999701976775568e-01
4.999998509883880060e-01
2.499999105930327814e-01
4.267764985561369739e-01
4.999997913837432306e-01
4.999998211860655628e-01
2.499999254941940030e-01
2.499999105930327814e-01
4.999999105930327814e-01
4.999998807907103382e-01
2.499999254941940030e-01
4.999999331165375649e-01
2.499998658895492276e-01
2.499998509883880060e-01
2.499999254941940030e-01
4.999998211860655628e-01
4.999997317790984552e-01
4.999997615814207874e-01
4.999999105930327814e-01
2.499999403953551691e-01
2.499999552965163907e-01
4.999998211860655628e-01
2.499999403953551691e-01
2.499999254941940030e-01
4.999999403953551136e-01
2.499999403953551691e-01
1.249999850988387784e-01
2.499999552965163907e-01
4.999996721744536798e-01
4.999997317790984552e-01
4.267763793468474232e-01
2.499999105930327814e-01
4.267766177654265247e-01
2.499999552965163907e-01
4.999998509883880060e-01
4.999997317790984552e-01
4.999998509883880060e-01
4.999999105930327814e-01
2.499999552965163907e-01
2.499999701976775568e-01
4.267765507102011524e-01
4.999998211860655628e-01
2.499998658895492276e-01
4.999998807907103382e-01
2.499999701976775568e-01
4.999998807907103382e-01
4.999999701976775568e-01
2.499998658895492276e-01
2.499999403953551691e-01
2.499999105930327814e-01
4.999997317790984552e-01
4.999998509883880060e-01
1.249999627470970015e-01
2.499999552965163907e-01
4.267765283584594171e-01
9.999998807907102272e-01
2.499999552965163907e-01
4.999998807907103382e-01
2.499999254941940030e-01
2.499998807907103937e-01
2.499999552965163907e-01
2.499999105930327814e-01
2.499999552965163907e-01
4.999999701976775568e-01
4.999999105930327814e-01
4.999998509883880060e-01
4.999997913837432306e-01
4.999999403953551136e-01
4.999998509883880060e-01
2.499999254941940030e-01
2.499999105930327814e-01
2.499999403953551691e-01
2.499999254941940030e-01
2.499999105930327814e-01
1.249999552965163907e-01
4.999999403953551136e-01
9.999998807907102272e-01
2.499999701976775568e-01
4.999998211860655628e-01
1.249999403953551969e-01
2.499999552965163907e-01
4.999999701976775568e-01
4.999998211860655628e-01
2.499999105930327814e-01
4.999997615814207874e-01
4.999996125698089044e-01
2.499998658895492276e-01
4.999998807907103382e-01
4.999998509883880060e-01
2.499999403953551691e-01
4.999999403953551136e-01
2.499999403953551691e-01
1.249999552965163907e-01
2.499999254941940030e-01
4.999999403953551136e-01
4.999997913837432306e-01
4.999998807907103382e-01
2.499999403953551691e-01
4.999999105930327814e-01
2.499999105930327814e-01
4.999998807907103382e-01
2.499998956918716153e-01
4.999999105930327814e-01
1.249999105930328092e-01
4.999998509883880060e-01
4.999998509883880060e-01
4.999999403953551136e-01
2.499999403953551691e-01
4.999998807907103382e-01
1.249999776482581954e-01
2.499999552965163907e-01
2.499998956918716153e-01
9.999996274709699318e-01
4.999999105930327814e-01
4.999998807907103382e-01
2.499999701976775568e-01
4.999999105930327814e-01
1.249999187525405453e-01
1.249999776482581954e-01
1.464465260505676270e-01
4.999999403953551136e-01
4.999998211860655628e-01
4.999998509883880060e-01
2.499999552965163907e-01
4.267765879631041925e-01
4.999999701976775568e-01
2.499999403953551691e-01
9.999998807907102272e-01
4.999999105930327814e-01
4.999997913837432306e-01
2.499998956918716153e-01
4.999999105930327814e-01
4.999999105930327814e-01
4.999998509883880060e-01
4.999997913837432306e-01
4.999999403953551136e-01
4.999999701976775568e-01
4.999999105930327814e-01
4.999998509883880060e-01
4.999999105930327814e-01
4.999999403953551136e-01
4.999999403953551136e-01
4.999997913837432306e-01
1.249999776482581954e-01
2.499999254941940030e-01
4.999999105930327814e-01
4.999999105930327814e-01
4.999998509883880060e-01
4.999998211860655628e-01
4.999999105930327814e-01
4.999999403953551136e-01
2.499999552965163907e-01
4.999998807907103382e-01
4.999998211860655628e-01
4.999998509883880060e-01
4.999999403953551136e-01
2.499999552965163907e-01
4.999999105930327814e-01
2.499999552965163907e-01
4.999998211860655628e-01
4.999999105930327814e-01
4.999999403953551136e-01
2.499999068677424829e-01
4.999999999999998890e-01
4.999999403953551136e-01
4.999999105930327814e-01
4.999998807907103382e-01
4.999999403953551136e-01
4.999999105930327814e-01
4.999997913837432306e-01
4.999998211860655628e-01
4.267765581607817493e-01
1.249999403953551969e-01
4.999998807907103382e-01
1.464466005563735962e-01
2.499999701976775568e-01
4.999998509883880060e-01
2.499999552965163907e-01
4.999999701976775568e-01
4.999999403953551136e-01
2.499999254941940030e-01
4.999998211860655628e-01
4.999999105930327814e-01
4.999999701976775568e-01
2.499999403953551691e-01
4.999999403953551136e-01
4.999997615814207874e-01
2.499998360872268399e-01
4.999999403953551136e-01
4.999998807907103382e-01
4.999999105930327814e-01
2.499999105930327814e-01
4.999998807907103382e-01
2.499999552965163907e-01
4.999998211860655628e-01
4.999998211860655628e-01
4.999998509883880060e-01
4.999999403953551136e-01
4.999997615814207874e-01
2.499999403953551691e-01
4.999998509883880060e-01
2.499999254941940030e-01
4.999999701976775568e-01
4.999999105930327814e-01
4.999999105930327814e-01
2.499999701976775568e-01
4.999999403953551136e-01
4.999997615814207874e-01
2.499999403953551691e-01
2.499999254941940030e-01
4.999998211860655628e-01
2.499999701976775568e-01
4.999999701976775568e-01
4.999998509883880060e-01
4.999999403953551136e-01
4.999998807907103382e-01
4.999998211860655628e-01
4.999998211860655628e-01
4.999998509883880060e-01
2.499999105930327814e-01
4.999999105930327814e-01
2.499998807907103937e-01
4.999999403953551136e-01
2.499999105930327814e-01
4.999998211860655628e-01
4.999998807907103382e-01
2.499999552965163907e-01
4.999999105930327814e-01
4.999997913837432306e-01
4.999999403953551136e-01
4.999998509883880060e-01
4.999998509883880060e-01
1.249999776482581954e-01
4.999999701976775568e-01
4.999998509883880060e-01
4.999997913837432306e-01
4.999999105930327814e-01
4.999999403953551136e-01
2.499999254941940030e-01
4.999999105930327814e-01
2.499999552965163907e-01
4.999999105930327814e-01
3.661163896322249672e-02
4.999999105930327814e-01
4.999998509883880060e-01
2.499999701976775568e-01
4.267764985561369739e-01
4.999998211860655628e-01
4.999999403953551136e-01
4.999998211860655628e-01
4.999999403953551136e-01
4.999997615814207874e-01
4.999998807907103382e-01
1.249999478459358077e-01
4.999998807907103382e-01
2.499999701976775568e-01
4.999998807907103382e-01
4.999999403953551136e-01
4.999999999999998890e-01
9.999999403953551136e-01
4.999997913837432306e-01
4.999998509883880060e-01
4.999999403953551136e-01
4.999998807907103382e-01
4.999998807907103382e-01
2.499999701976775568e-01
2.499999552965163907e-01
9.999998807907102272e-01
2.499999254941940030e-01
4.999999403953551136e-01
4.999998807907103382e-01
4.999999701976775568e-01
4.999998807907103382e-01
4.999998807907103382e-01
4.999999701976775568e-01
1.249999850988387784e-01
9.999997615814206764e-01
4.999998807907103382e-01
2.499999552965163907e-01
4.999999403953551136e-01
9.999998211860655628e-01
4.999999105930327814e-01
4.999999403953551136e-01
4.999998509883880060e-01
4.999998807907103382e-01
4.999999403953551136e-01
4.999999105930327814e-01
4.999998509883880060e-01
2.499999701976775568e-01
4.999998807907103382e-01
4.999999403953551136e-01
4.999999999999998890e-01
4.999997913837432306e-01
4.999999403953551136e-01
4.999999105930327814e-01
4.999999105930327814e-01
4.999998509883880060e-01
2.499999403953551691e-01
4.999998807907103382e-01
4.999998807907103382e-01
4.999998807907103382e-01
9.999997019767760120e-01
4.999998211860655628e-01
4.999999999999998890e-01
4.999998807907103382e-01
4.999999403953551136e-01
4.999998509883880060e-01
4.999998807907103382e-01
4.999998807907103382e-01
1.249999552965163907e-01
4.999999105930327814e-01
6.249996274709701538e-02
2.499999403953551691e-01
4.999999403953551136e-01
4.999999105930327814e-01
4.999998807907103382e-01
4.999999403953551136e-01
4.999999701976775568e-01
4.999999105930327814e-01
2.499999403953551691e-01
4.999999999999998890e-01
4.999999403953551136e-01
2.499999254941940030e-01
2.499999105930327814e-01
4.999999403953551136e-01
4.999998509883880060e-01
4.999999403953551136e-01
4.999999403953551136e-01
4.999999105930327814e-01
4.999998807907103382e-01
4.999998211860655628e-01
4.999999701976775568e-01
4.999998807907103382e-01
4.999998509883880060e-01
4.999999701976775568e-01
4.999999105930327814e-01
4.999999105930327814e-01
4.999998509883880060e-01
4.999998807907103382e-01
4.999999105930327814e-01
4.267766177654265247e-01
2.499999403953551691e-01
4.999999105930327814e-01
4.999999105930327814e-01
4.999998807907103382e-01
4.999999403953551136e-01
4.999998807907103382e-01
1.249999552965163907e-01
2.499998658895492276e-01
2.499999701976775568e-01
4.999998509883880060e-01
2.499999701976775568e-01
4.999998807907103382e-01
4.999999403953551136e-01
2.499999403953551691e-01
4.999998971419525873e-01
4.999999105930327814e-01
2.499999403953551691e-01
4.999999105930327814e-01
4.999998807907103382e-01
4.999998807907103382e-01
2.499999552965163907e-01
4.999999105930327814e-01
4.999998807907103382e-01
4.999999105930327814e-01
4.999999403953551136e-01
4.999998509883880060e-01
4.999999701976775568e-01
4.999999701976775568e-01
4.999997913837432306e-01
4.999998807907103382e-01
2.499999701976775568e-01
4.999999105930327814e-01
4.999999403953551136e-01
4.999998211860655628e-01
4.999999105930327814e-01
4.999999701976775568e-01
4.999999403953551136e-01
4.999999105930327814e-01
4.999998807907103382e-01
4.999999105930327814e-01
4.999999105930327814e-01
4.999999105930327814e-01
4.999998807907103382e-01
4.999999403953551136e-01
4.999999403953551136e-01
4.999997913837432306e-01
2.499999552965163907e-01
9.999998211860655628e-01
4.999998807907103382e-01
4.999999701976775568e-01
2.499999552965163907e-01
4.999999403953551136e-01
4.999999403953551136e-01
4.999999403953551136e-01
4.999999999999998890e-01
4.999999105930327814e-01
4.999999105930327814e-01
4.999998807907103382e-01
4.999999403953551136e-01
4.999998807907103382e-01
4.999999105930327814e-01
4.999999105930327814e-01
4.999997615814207874e-01
4.999999105930327814e-01
2.499999552965163907e-01
4.999999105930327814e-01
2.499999403953551691e-01
4.999999403953551136e-01
4.999998509883880060e-01
4.999999105930327814e-01
4.999998807907103382e-01
9.999998658895490333e-01
4.999999403953551136e-01
7.322330027818679810e-02
4.999999105930327814e-01
4.999998509883880060e-01
4.999998509883880060e-01
4.999999403953551136e-01
2.499999701976775568e-01
4.999999701976775568e-01
2.499999254941940030e-01
4.999999105930327814e-01
4.999999403953551136e-01
4.999998807907103382e-01
4.999998509883880060e-01
4.999999403953551136e-01
4.999999701976775568e-01
4.999999105930327814e-01
4.999998211860655628e-01
4.999998807907103382e-01
4.999998807907103382e-01
4.999999403953551136e-01
2.499999552965163907e-01
4.999999403953551136e-01
2.499998956918716153e-01
4.999999105930327814e-01
4.999999105930327814e-01
4.999998509883880060e-01
4.999999105930327814e-01
4.999998807907103382e-01
4.999999105930327814e-01
4.999999105930327814e-01
4.999999403953551136e-01
4.999998807907103382e-01
4.999998807907103382e-01
4.999999403953551136e-01
4.999998807907103382e-01
4.999999105930327814e-01
4.999999701976775568e-01
4.999999403953551136e-01
4.999999403953551136e-01
2.499999552965163907e-01
4.999998807907103382e-01
4.999999999999998890e-01
2.499999701976775568e-01
4.999999403953551136e-01
4.999998509883880060e-01
4.999998807907103382e-01
4.999998807907103382e-01
4.999999403953551136e-01
4.999999701976775568e-01
4.999998807907103382e-01
4.999999105930327814e-01
4.999999701976775568e-01
4.999999701976775568e-01
4.999998807907103382e-01
4.999998807907103382e-01
4.999999105930327814e-01
4.999999105930327814e-01
4.999999701976775568e-01
4.999999403953551136e-01
4.999998807907103382e-01
4.999998807907103382e-01
2.499999701976775568e-01
4.999998807907103382e-01
4.999999403953551136e-01
4.999998807907103382e-01
4.999999105930327814e-01
4.999999403953551136e-01
4.999999403953551136e-01
4.999999701976775568e-01
4.999999105930327814e-01
4.999998807907103382e-01
4.999998807907103382e-01
4.999999403953551136e-01
4.999999403953551136e-01
4.999999403953551136e-01
4.999999403953551136e-01
4.999999403953551136e-01
4.999999105930327814e-01
2.499999403953551691e-01
4.999999403953551136e-01
4.999999105930327814e-01
4.999999105930327814e-01
4.999999105930327814e-01
4.999998807907103382e-01
2.499999403953551691e-01
4.999998509883880060e-01
9.999999403953551136e-01
4.999999105930327814e-01
2.499999552965163907e-01
4.999999105930327814e-01
4.999999403953551136e-01
4.999998509883880060e-01
4.999999403953551136e-01
4.999998807907103382e-01
4.999999105930327814e-01
4.999999105930327814e-01
4.999999403953551136e-01
4.999999701976775568e-01
4.999999105930327814e-01
4.999999701976775568e-01
4.999999403953551136e-01
4.999999701976775568e-01
4.999999403953551136e-01
4.999999403953551136e-01
4.999998211860655628e-01
4.999999105930327814e-01
4.999999105930327814e-01
4.999999105930327814e-01
4.999999999999998890e-01
4.999997913837432306e-01
4.999999403953551136e-01
4.999998509883880060e-01
4.999999999999998890e-01
4.999999403953551136e-01
4.999999105930327814e-01
4.999998807907103382e-01
4.999999105930327814e-01
4.999999701976775568e-01
4.999999403953551136e-01
4.999998509883880060e-01
4.999998211860655628e-01
4.999999999999998890e-01
4.999999403953551136e-01
4.999999701976775568e-01
4.999997913837432306e-01
4.999999701976775568e-01
4.999998807907103382e-01
4.999999403953551136e-01
4.999999403953551136e-01
4.999999105930327814e-01
4.999999105930327814e-01
4.999999403953551136e-01
4.999998807907103382e-01
4.999998509883880060e-01
4.267765581607817493e-01
4.999999403953551136e-01
4.999999403953551136e-01
4.999999403953551136e-01
4.999999105930327814e-01
4.999999403953551136e-01
4.999998807907103382e-01
4.999998509883880060e-01
4.999999999999998890e-01
4.999999403953551136e-01
2.499999701976775568e-01
4.999998807907103382e-01
4.999999105930327814e-01
4.999998509883880060e-01
2.499999701976775568e-01
4.999999105930327814e-01
4.999997615814207874e-01
4.999999701976775568e-01
4.999999105930327814e-01
4.999998807907103382e-01
4.999999701976775568e-01
4.999999105930327814e-01
4.999998807907103382e-01
4.999999999999998890e-01
4.999999105930327814e-01
4.999999999999998890e-01
4.999999701976775568e-01
4.999999403953551136e-01
4.999999105930327814e-01
4.999999403953551136e-01
4.999999403953551136e-01
4.999999403953551136e-01
4.999999403953551136e-01
4.999999105930327814e-01
4.999999403953551136e-01
2.499999701976775568e-01
4.999999403953551136e-01
4.999999403953551136e-01
4.999999403953551136e-01
4.999998807907103382e-01
4.999999105930327814e-01
4.999998509883880060e-01
4.999999105930327814e-01
4.999999701976775568e-01
4.999998807907103382e-01
4.999999105930327814e-01
2.499999403953551691e-01
4.999999701976775568e-01
4.999999999999998890e-01
4.999999403953551136e-01
4.999998211860655628e-01
4.999999105930327814e-01
4.999999403953551136e-01
4.999998509883880060e-01
4.999999105930327814e-01
2.499999552965163907e-01
4.999999701976775568e-01
4.999999105930327814e-01
2.499999403953551691e-01
4.999999105930327814e-01
4.999999403953551136e-01
4.999999403953551136e-01
4.999999701976775568e-01
4.999998807907103382e-01
4.999998807907103382e-01
4.999999403953551136e-01
4.999998211860655628e-01
4.999999999999998890e-01
4.999999105930327814e-01
2.499999701976775568e-01
4.999998807907103382e-01
4.999998509883880060e-01
4.999999105930327814e-01
4.999999403953551136e-01
4.999999999999998890e-01
4.999999403953551136e-01
4.999999403953551136e-01
4.999999403953551136e-01
4.999999999999998890e-01
4.999999105930327814e-01
4.267765581607817493e-01
2.499999552965163907e-01
4.999999403953551136e-01
4.999998509883880060e-01
4.999999701976775568e-01
4.999999403953551136e-01
4.999998807907103382e-01
4.999998509883880060e-01
4.999999105930327814e-01
4.999999403953551136e-01
9.999999403953551136e-01
4.999999105930327814e-01
4.999998211860655628e-01
4.999999403953551136e-01
