15
28
44
59
76
88
101
112
125
141
159
172
184
202
215
228
243
258
273
284
300
312
327
342
356
368
383
396
410
421
435
445
458
471
486
503
513
526
541
555
571
587
597
610
625
635
652
671
681
692
708
724
735
751
764
777
788
799
815
827
840
856
871
880
890
906
917
930
946
961
975
988
1000
1010
1022
1039
1056
1071
1082
1094
1104
1114
1129
1145
1158
1169
1178
1192
1202
1213
1225
1236
1245
1254
1269
1284
1297
1313
1325
1344
1355
1369
1384
1394
1406
1422
1436
1449
1458
1468
1484
1498
1509
1527
1537
1550
1564
1576
1594
1609
1619
1637
1649
1660
1668
1681
1695
1707
1719
1731
1740
1754
1771
1785
1797
1808
1826
1839
1852
1862
1873
1889
1903
1917
1926
1937
1949
1964
1977
1990
2003
2015
2031
2041
2055
2068
2078
2092
2105
2114
2130
2142
2154
2165
2179
2193
2207
2222
2238
2250
2264
2281
2297
2307
2322
2336
2349
2360
2371
2381
2395
2406
2425
2438
2452
2472
2490
2500
2515
2524
2538
2551
2566
2577
2592
2601
2610
2620
2636
2649
2667
2678
2691
2704
2719
2733
2750
2764
2777
2790
2801
2816
2831
2842
2853
2866
2879
2893
2910
2919
2931
2945
2961
2977
2987
2997
6018
6028
6044
6060
6074
6086
6098
6110
6129
6141
6155
6169
6185
6200
6210
6219
6237
6248
6259
6279
6292
6308
6324
6343
6356
6373
6386
6397
6411
6423
6440
6456
6464
6482
6495
6510
6523
6538
6554
6567
6581
6592
6607
6621
6638
6651
6666
6678
6690
6708
6719
6733
6744
6757
6772
6786
6799
6819
6834
6846
6862
6876
6889
6902
6912
6922
6933
6946
6956
6970
6983
6994
7010
7025
7035
7053
7067
7080
7093
7108
7123
7138
7149
7161
7171
7182
7195
7206
7219
7234
7248
7260
7274
7285
7297
7310
7323
7341
7353
7366
7377
7390
7400
7415
7430
7449
7459
7475
7489
7505
7519
7532
7544
7559
7575
7589
7600
7617
7631
7648
7659
7672
7683
7695
7708
7720
7732
7744
7756
7767
7785
7801
7818
7835
7849
7865
7879
7897
7909
7919
7932
7944
7960
7972
7989
8001
8011
8025
8034
8050
8060
8074
8092
8104
8114
8126
8141
8148
8161
8174
8188
8203
8216
8234
8245
8254
8264
8276
8289
8300
8314
8326
8343
8355
8370
8383
8400
8408
8420
8430
8445
8458
8470
8485
8495
8510
8526
8543
8562
8574
8586
8596
8607
8617
8630
8642
8653
8669
8678
8690
8701
8713
8725
8742
8754
8773
8786
8799
8812
8821
8836
8849
8864
8878
8890
8899
8911
8923
8933
8950
8962
8973
8984
8996
12014
12026
12039
12047
12059
12064
12077
12092
12102
12116
12130
12143
12155
12166
12177
12188
12199
12208
12221
12233
12250
12268
12281
12297
12306
12317
12331
12343
12352
12364
12375
12388
12399
12409
12421
12436
12450
12468
12484
12493
12508
12517
12526
12540
12552
12562
12573
12588
12605
12618
12635
12648
12659
12669
12683
12695
12706
12718
12733
12749
12760
12770
12783
12793
12810
12828
12837
12849
12861
12876
12891
12903
12917
12933
12947
12956
12969
12983
12998
13011
13020
13030
13040
13050
13062
13077
13090
13105
13119
13129
13139
13151
13162
13175
13186
13201
13211
13224
13233
13248
13260
13275
13289
13300
13310
13320
13332
13346
13359
13374
13385
13393
13408
13421
13431
13441
13455
13465
13477
13487
13497
13510
13526
13538
13552
13563
13571
13588
13601
13618
13627
13644
13657
13670
13683
13693
13701
13709
13724
13740
13754
13764
13776
13785
13799
13807
13821
13834
13845
13855
13866
13878
13888
13898
13909
13923
13933
13943
13951
13965
13977
13992
14005
14015
14029
14043
14054
14066
14077
14086
14101
14115
14126
14137
14150
14161
14174
14187
14202
14211
14225
14236
14246
14256
14270
14284
14296
14310
14324
14337
14347
14358
14369
14384
14394
14403
14414
14425
14436
14448
14459
14470
14482
14493
14506
14516
14527
14537
14550
14559
14572
14585
14596
14607
14617
14630
14643
14654
14663
14674
14685
14698
14711
14721
14733
14748
14764
14775
14790
14800
14815
14830
14842
14851
14861
14873
14883
14896
14909
14919
14933
14945
14957
14967
14980
14989
18013
18026
18039
18050
18059
18073
18087
18098
18109
18118
18130
18141
18153
18163
18177
18187
18197
18205
18219
18232
18239
18249
18261
18273
18284
18296
18305
18316
18329
18341
18352
18363
18373
18387
18398
18411
18423
18435
18447
18456
18465
18477
18488
18497
18508
18516
18529
18539
18550
18565
18574
18584
18595
18610
18619
18630
18639
18651
18662
18672
18684
18699
18709
18721
18730
18739
18753
18767
18778
18789
18802
18813
18827
18837
18848
18860
18870
18881
18891
18900
18910
18919
18930
18941
18952
18966
18974
18983
18992
19006
19020
19031
19045
19055
19067
19079
19089
19099
19110
19121
19134
19146
19155
19165
19178
19190
19204
19217
19229
19241
19252
19265
19275
19283
19294
19303
19312
19322
19332
19342
19352
19361
19375
19386
19398
19410
19422
19433
19444
19457
19469
19475
19488
19499
19509
19520
19533
19543
19553
19563
19574
19584
19594
19606
19614
19622
19631
19641
19649
19661
19674
19684
19695
19704
19717
19729
19743
19752
19762
19773
19784
19796
19806
19817
19831
19843
19852
19861
19871
19885
19896
19907
19917
19926
19934
19945
19958
19968
19982
19993
20002
20013
20024
20035
20045
20058
20071
20081
20091
20103
20113
20121
20134
20143
20152
20167
20175
20185
20196
20206
20216
20228
20236
20248
20258
20267
20277
20286
20297
20305
20315
20323
20335
20345
20359
20370
20381
20392
20406
20418
20432
20444
20452
20462
20474
20488
20500
20508
20519
20532
20543
20556
20566
20575
20586
20594
20605
20616
20630
20639
20653
20663
20674
20687
20696
20711
20721
20732
20740
20752
20764
20774
20786
20794
20803
20815
20823
20831
20843
20858
20868
20880
20895
20907
20916
20926
20939
20950
20960
20963
20976
20987
20998
