32
59
96
124
151
185
220
241
277
310
341
370
397
432
463
488
521
547
574
607
638
673
703
738
772
795
832
856
889
915
946
976
1006
1032
1063
1094
1123
1160
1199
1233
1269
1297
1327
1357
1390
1429
1454
1480
1506
1539
1566
1602
1633
1668
1698
1727
1760
1794
1821
1859
1880
1911
1945
1970
1998
2031
2057
2097
2122
2154
2182
2208
2241
2272
2301
2329
2357
2391
2419
2451
2477
2502
2533
2562
2591
2621
2647
2679
2701
2729
2750
2780
2809
2840
2870
2905
2937
2973
3003
3036
3064
3091
3120
3152
3185
3208
3241
3274
3307
3339
3369
3400
3432
3457
3486
3512
3535
3563
3593
3619
3645
3676
3713
3749
3781
3816
3851
3884
3919
3951
3987
4019
4053
4082
4109
4142
4173
4202
4236
4271
4301
4326
4345
4381
4411
4443
4474
4511
4543
4575
4611
4650
4674
4703
4728
4763
4791
4820
4856
4884
4901
4928
4951
4982
5010
5045
5080
5105
5141
5179
5211
5240
5277
5310
5340
5369
5389
5412
5445
5481
5513
5541
5570
5604
5632
5651
5682
5712
5736
5759
5798
5827
5854
5884
5913
5943
5970
6002
6032
6066
6092
6125
6147
6180
6211
6240
6274
6304
6340
6368
6401
6426
6459
6488
6522
6556
6589
6617
6652
6679
6715
6748
6780
6809
6831
6868
6902
6926
6958
6983
7015
7044
7072
7103
7128
7165
7198
7237
7273
7299
7336
7363
7394
7421
7455
7494
7532
7563
7593
7632
7664
7700
7737
7773
7796
7824
7859
7895
7929
7963
7990
8014
8050
8083
8113
8145
8176
8209
8231
8266
8297
8320
8352
8381
8409
8441
8466
8499
8530
8563
8586
8620
8654
8686
8714
8736
8756
8794
8823
8852
8879
8908
8935
8964
8992
9025
9058
9083
9115
9142
9173
9201
9234
9264
9304
9330
9363
9391
9419
9453
9485
9516
9544
9578
9608
9640
9678
9703
9741
9770
9797
9822
9856
9887
9923
9961
9989
10017
10048
10076
10112
10144
10176
10206
10235
10272
10305
10337
10369
10400
10430
10466
10503
10537
10567
10592
10627
10662
10692
10722
10752
10780
10809
10844
10878
10916
10951
10985
11016
11043
11080
11105
11137
11165
11204
11230
11254
11280
11304
11327
11364
11400
11437
11468
11502
11525
11557
11590
11625
11660
11690
11711
11742
11775
11816
11848
11874
11905
11936
11967
11995
12024
12053
12087
12115
12146
12171
12199
12230
12268
12299
12338
12366
12400
12429
12463
12486
12514
12543
12568
12603
12638
12670
12698
12729
12754
12791
12818
12841
12877
12911
12939
12969
13002
13033
13063
13100
13131
13166
13189
13220
13261
13294
13330
13355
13387
13417
13451
13483
13515
13545
13581
13608
13637
13675
13700
13723
13758
13796
13826
13858
13890
13927
13960
13997
14028
14057
14093
14128
14163
14197
14229
14257
14284
14315
14344
14374
14403
14440
14466
14493
14518
14552
14582
14617
14648
14673
14698
14730
14762
14790
14817
14850
14885
14920
14955
14989
15028
15053
15077
15116
15148
15178
15210
15240
15266
15302
15336
15373
15398
15435
15462
15494
15517
15543
15569
15597
15620
15662
15689
15718
15748
15780
15810
15843
15875
15908
15946
15973
16006
16036
16070
16093
16130
16160
16182
16222
16248
16287
16309
16338
16365
16395
16427
16460
16488
16519
16546
16576
16602
16638
16670
16702
16728
16764
16799
16832
16864
16888
16916
16937
16970
17010
17038
17065
17098
17129
17160
17188
17217
17248
17287
17316
17347
17372
17408
17440
17472
17501
17531
17563
17596
17623
17658
17691
17729
17765
17792
17816
17846
17875
17905
17939
17974
18000
18027
18063
18092
18118
18152
18181
18208
18240
18270
18299
18330
18360
18384
18411
18442
18476
18509
18539
18579
18612
18643
18670
18700
18730
18762
18791
18827
18854
18883
18914
18949
18985
19015
19047
19072
19105
19137
19169
19205
19233
19267
19300
19325
19360
19398
19436
19463
19494
19524
19560
19596
19616
19644
19675
19710
19736
19773
19810
19846
19883
19911
19944
19972
20001
20029
20063
20095
20129
20159
20195
20224
20256
20294
20328
20353
20392
20425
20450
20482
20507
20541
20570
20606
20633
20663
20697
20727
20757
20789
20819
20843
20874
20901
20933
20964
20992
21018
21047
21081
21114
21144
21167
21198
21224
21252
21277
21315
21340
21374
21403
21431
21466
21503
21533
21559
21590
21619
21648
21685
21717
21740
21766
21805
21832
21852
21878
21916
21953
21990
22017
22051
22082
22115
22143
22166
22196
22222
22249
22272
22295
22334
22366
22394
22417
22451
22487
22512
22538
22568
22603
22627
22651
22673
22703
22734
22763
22797
22821
22848
22879
22908
22934
22970
23005
23035
23070
23097
23132
23171
23198
23223
23256
23287
23323
23346
23372
23404
23435
23461
23490
23520
23552
23581
23612
23646
23678
23703
23729
23757
23784
23809
23842
23874
23907
23934
23965
23993
24026
24058
24088
24118
24154
24184
24212
24242
24276
24309
24334
24358
24398
24427
24454
24484
24517
24547
24577
24606
24640
24670
24703
24731
24756
24789
24817
24850
24888
24922
24958
24991
25024
25054
25082
25114
25140
25173
25208
25242
25268
25298
25330
25357
25389
25413
25435
25462
25487
25516
25542
25569
25601
25626
25667
25696
25725
25754
25784
25821
25852
25890
25922
25960
25990
26022
26050
26080
26103
26133
26158
26186
26216
26249
26280
26314
26342
26377
26409
26443
26470
26503
26532
26565
26594
26619
26647
26668
26697
26734
26768
26790
26831
26860
26895
26929
26952
26982
27010
27047
27074
27107
27140
27173
27209
27246
27285
27314
27348
27384
27418
27450
27485
27511
27541
27575
27607
27634
27656
27690
27716
27747
27772
27804
27832
27869
27904
27934
27963
27994
28027
28058
28088
28118
28147
28180
28212
28242
28272
28310
28339
28369
28401
28437
28473
28499
28524
28551
28579
28609
28642
28676
28707
28737
28760
28789
28819
28844
28878
28901
28931
28956
28988
29016
29051
29090
29124
29161
29195
29237
29263
29300
29332
29360
29391
29425
29443
29472
29500
29529
29566
29598
29628
29656
29695
29720
29748
29776
29808
29843
29873
29901
29937
29958
29998
30023
30056
30089
30119
30146
30179
30214
30245
30269
30297
30330
30361
30395
30422
30452
30487
30521
30550
30584
30613
30634
30664
30698
30732
30769
30798
30827
30857
30887
30916
30944
30980
31007
31039
31073
31104
31137
31167
31204
31241
31266
31305
31334
31363
31398
31422
31452
31485
31519
31541
31565
31595
31624
31653
31677
31709
31734
31760
31790
31819
31850
31880
31900
31938
31971
31997
32025
32057
32085
32111
32141
32173
32201
32229
32256
32290
32319
32352
32385
32415
32452
32483
32512
32545
32579
32610
32643
32673
32707
32735
32769
32797
32827
32859
32884
32919
32951
32984
33017
33046
33075
33108
33142
33175
33206
33242
33270
33295
33328
33350
33383
33414
33443
33474
33502
33535
33558
33589
33620
33655
33689
33719
33750
33781
33814
33843
33869
33903
33932
33963
33996
34028
34052
34085
34125
34158
34187
34215
34243
34271
34305
34334
34371
34401
34435
34465
34494
34525
34559
34590
34623
34655
34689
34721
34750
34776
34809
34836
34865
34893
34922
34950
34982
35012
35046
35076
35113
35142
35179
35208
35244
35276
35309
35337
35366
35396
35424
35453
35483
35517
35543
35576
35604
35640
35677
35706
35739
35771
35807
35837
35862
35896
35930
35967
35996
36024
36061
36090
36118
36145
36175
36202
36238
36270
36292
36328
36352
36376
36406
36440
36465
36494
36520
36557
36588
36614
36651
36683
36717
36748
36783
36809
36833
36855
36884
36920
36954
36981
37008
37037
37072
37105
37133
37164
37204
37242
37274
37299
37335
37372
37402
37435
37467
37502
37532
37564
37596
37630
37654
37686
37715
37752
37780
37808
37837
37873
37905
37931
37964
38000
38026
38061
38094
38126
38159
38191
38222
38246
38279
38314
38346
38376
38409
38439
38469
38501
38542
38571
38610
38643
38669
38694
38721
38745
38770
38804
38841
38873
38908
38933
38966
38996
39027
39064
39099
39130
39160
39188
39217
39244
39277
39302
39328
39361
39391
39414
39446
39479
39511
39541
39571
39596
39636
39665
39686
39719
39752
39784
39820
39852
39880
39907
39930
39969
40005
40036
40070
40103
40137
40167
40200
40229
40256
40288
40316
40348
40376
40407
40439
40462
40494
40518
40549
40574
40603
40635
40669
40704
40740
40770
40802
40832
40866
40898
40934
