0.15624986030161378
0.09374990221112964
0.1066939951851964
0.05334704648703336
0.31092933565378184
0.07165282871574162
0.08668891293928027
0.018305819481611252
0.1453976575285196
0.4294571555948045
0.06249998708618486
0.23169400729238987
0.0664061987772584
0.06746897101402281
0.010297002736479042
0.17187482770532367
0.023169722408056252
0.06786161195486783
0.09106909111142156
0.28654401749372477
0.2088117133826017
0.062499961815774434
0.07678453437983987
0.1874998213432992
0.20697353780269617
0.23169399797916407
0.11584691703319545
0.3566939253360033
0.10669403523206708
0.06249998882412911
0.06249994598329066
0.028243913820030296
0.28661137446761126
0.19776318967342374
0.05334700969979166
0.057923495769500725
0.06668378412723541
0.2568643391132354
0.0026808227412402617
0.0
0.04708804562687874
0.010723306331783531
0.3200822249054908
0.0624999590218067
0.015854964032769207
0.09106903150677678
0.10669409111142156
0.0533470394314669
0.1536840372427832
0.07564042136073111
0.2498708337079733
0.04063284955918789
0.5464148074388503
0.005361676216125489
0.01830580737441778
2.3283064365570572e-09
0.27359986002556974
0.18347858637571335
0.18749984181694776
0.17823188006877894
0.3200823762454092
0.15881561406422404
0.32008228264749045
0.1984334290027618
0.018305808305740353
0.32008209700588164
0.2156763764796778
0.13394798565423113
0.09374994132667777
0.04532429575920105
0.126340277493
0.022882273187860843
0.026673520915210244
0.11470282450318334
0.15624987892806527
0.21740939270239318
0.15703503042459485
0.031249986030161374
0.053347055800259106
0.0039062377763912073
0.009152902290225027
0.09374996647238731
0.0457644984126091
0.17834690958261487
0.03527121501974761
0.36695712804794306
0.15379901975393295
0.2966447621583938
0.03661162406206131
0.0358264334499836
0.05334705486893654
0.1861593462526798
0.1402323022484779
0.013729367405176161
0.018305802717804905
0.19776314031332728
0.10767558217048645
0.19207623973488802
0.20502048544585702
0.23169397190213198
0.4267762601375579
0.031249975785613063
0.027458721771836277
0.3642763942480087
0.06518078502267599
0.07054240768775343
0.15624986030161375
0.12231904666181624
0.018305809582880524
0.018305793404579152
0.08041322231292723
0.018305830657482158
0.13989715324714777
0.18749988637864587
0.0007851684884745412
0.035630129277706146
0.04687496088445186
0.06746901758015153
0.30445714667439455
0.3487188182771206
0.2728820443153381
0.023437482537701722
0.09374994812104852
0.13493795320391652
0.06518075801432131
0.10669405385851857
0.028636474162340164
0.10747930384241042
0.0020274892449379
0.4130805432796477
0.09374986868351697
0.5091524869203568
0.21338811144232744
0.1249998909416543
0.05089617148041724
0.1406249003484827
0.04788029659539459
0.02745874319225549
0.0007851719856262207
0.03393081205342518
0.036611609160900116
0.08861827105283736
0.005361652933061122
0.19586757943034167
0.062499955296516405
0.17834693286567924
0.2732072135270442
0.12499987295298974
0.1660729311406612
0.13013156119268385
0.21115737478248772
0.18347851932048795
0.03124998835846781
0.0419732853770256
0.009152915328741079
0.05334703624248503
-3.441719353958205e-09
0.06249994598329066
0.2584823583019897
0.040010292083024965
0.23169411718845362
0.12499988637864588
0.320082408376038
0.1693904176354408
0.2772286050021648
0.15624982491135594
0.10179234296083449
0.02745871245861052
0.019646195694804185
0.08688521105796096
0.018305767327547066
0.005361645827118621
0.03582640540139525
0.19776309374719853
0.08995863422751427
0.15585729479789728
0.005361648742109536
-1.8626451467923765e-09
0.31249976903200144
0.03144628182053565
0.10826444858685136
0.21338813751935953
0.12499990500509738
0.008765256032347677
0.013404129073023793
0.27359989986871364
0.08526714891195294
0.06249997857958077
0.00915289670228958
0.005361648276448249
0.10669403243809936
0.14062485471367833
0.1874998621642589
0.0032697226852178582
0.053347006440162645
0.4267762675881385
0.14330574870109555
0.2400617469102144
0.01830583019182086
0.168801411986351
0.18749984726309774
0.12890609893608249
0.05491745471954345
0.04687492735683917
0.06786158971611193
0.04564951686188578
0.00039261765778064744
0.10669408513772094
0.09374995554754537
0.18749982863664624
0.15222857147455213
0.06249995566046816
0.18213817477226252
0.005821605795063078
0.011718712747097008
0.11071533896028993
0.23169396724551913
0.12499989941716193
0.05184402689337729
0.10669410601258275
0.13562705344520506
0.01562497691937836
0.053347016541481766
0.1966190934181213
0.2915130946785211
0.054917416535317884
0.21472852164879438
0.39552653580903996
0.12499989559826828
0.14330574497580523
0.07031243247911333
0.036611624062061324
0.11584700085222718
0.14636924141086635
0.053347058801759155
0.00823876238428056
0.2225409802049398
0.0886182328686118
0.39039459079504013
0.06249997764825814
0.24463806673884386
0.01830579619854689
0.18213815987110135
0.09832634963095185
0.11132796853780744
0.08069072663784024
0.13376010442152614
0.015988809987902634
0.013729361817240715
0.1122470546979457
0.23035345412790773
0.07165286131203173
0.28504087030887604
0.017530472949147224
0.04821538971737026
0.1600411124527454
0.20005141198635099
0.031249958765793936
0.036611638963222504
0.24463808536529535
0.054917439818382256
0.08069080207496881
0.070542390091882
0.1737703792750835
0.12768069282174108
0.1223190315067768
0.053347051143646226
0.06864673458039758
0.6401647329330443
0.031249973922967918
0.18749979883432386
0.025170492939651005
0.15624986588954923
0.03124995529651641
0.12254904955625531
0.12750823423266408
0.06115952134132384
0.013729361817240717
0.11584698781371115
0.16004106216132638
0.01072330036423663
0.03661162592470646
0.3338116537779569
0.03124999254941941
0.018305812031030655
0.053347043693065636
0.0
0.018305793404579156
0.2839305698871612
0.1600411674007773
0.10669411905109882
0.11266838014125823
0.14330574870109555
0.10669408738613127
0.0632851719856262
0.0910690976306796
0.12003074586391446
0.00268085114657878
0.18615941144526002
0.27320737438276405
0.11584698781371114
0.4267763569951057
0.05834978190250694
0.3200822435319423
0.2891673088306561
0.24999981746077532
0.1562498564957133
0.36695714294910425
0.036611635237932205
0.14330571144819257
0.26562469080090517
0.22254113107919687
0.01317415107041597
1.490116119396517e-08
0.011718763038516043
0.02745869685895741
0.12768070399761197
0.06249995343387127
0.0747262274380773
0.08002055808901785
0.036611596122384064
0.0366116426885128
0.14330569328740236
0.1197532135993242
0.12499984353780744
0.05139386653900145
0.07165281171910463
0.36695726774632925
0.21472849836573
0.06249997404885909
0.06518077105283736
0.16461752727627751
0.03582640027683492
0.14330573007464406
0.07812496833503246
0.010493332985788582
0.020986653864383698
0.06518078874796628
0.19787821482168508
0.09793379902839659
0.05491743429369266
0.0777996469987556
0.160041119903326
0.05290674045681952
0.08593740073552518
0.10669407900422809
0.24617480486631388
0.19665270549012345
0.06518075242638587
0.009152897633612156
0.14330570274338258
0.11584703624248503
0.03164255619049071
0.09765616082586347
0.14330567046999929
0.22656225785613054
0.12042346410453317
0.1821382157504558
0.09832634404301642
0.09832642786204814
0.11584694683551787
0.046874953433871255
0.12499985843896864
0.036611628243165655
0.18213815242052075
0.04107307502999901
0.23169404361397028
0.1406249403953552
0.3749998081475496
0.0353862103074789
0.045371908694505685
0.05491741426241436
0.16004110989160836
0.0716528408229351
0.12499980584786072
0.18749985915780293
0.015624994644895192
0.08069074992090461
0.12142873741686341
0.28794199845287943
0.28504098579287523
0.019761223345994946
0.05792349763214587
0.13036148250102997
0.19665266945958135
0.05089618731290103
0.05334703484550117
0.0026808455586433445
0.05334704276174306
0.19776321761310098
0.1406248426064849
0.3109293924644589
0.39552631974220265
0.14480869984254238
0.010723322629928585
0.0624999974147693
0.12499990686774251
0.0015703751705586884
0.24999982118606562
0.036611597985029214
0.1147366054356098
0.04063281789422035
0.1718748770654201
0.027458731085062027
0.15546468598768112
0.1630570143461227
0.1387292733415961
0.04687495529651642
0.19776317104697227
0.16461765766143796
0.20462783519178623
0.07299323566257952
0.1570350546389818
0.15356900775805113
0.09106908366084096
-1.8626451467923765e-09
0.04687488079071044
0.05707381479442118
0.050896216183900826
0.062499937135726207
0.23939152061939234
0.06786159425973891
0.093749925494194
0.32008222304284345
0.09106905944645403
0.11623953934758899
0.0457645526783843
0.04894304927438496
0.2133881278497332
0.022882264107465747
0.32008215412497515
0.15226221829652783
0.06249993244602236
0.019876191392540928
0.03661164827644825
0.005026508122682561
0.05089618917554616
0.07812489941716193
0.06707643717527387
0.12499984167516229
0.3012786504114046
0.11584700178354976
0.12499990500509736
0.19051572121679777
0.18213813193142409
0.004021227359771724
0.07812491990625857
0.27320724166929716
0.09106903709471224
0.03124997951090335
0.05792348587419836
0.09777115099132061
0.08002050989307462
0.13013153895735738
0.04576453054323792
0.057598236948251724
0.05491742119193076
0.28543358668684954
0.020986627787351598
0.17321521230041978
0.12499988265335557
0.0811983374878764
0.2088117223465815
0.3124998062849044
0.0964307431131601
0.3200822472572326
0.322763130068779
0.1874999329447746
0.08660765271633863
0.14330570399761197
0.09106911439448592
0.1171874180436134
0.053347059525549405
0.046874973922967904
0.21267021261155603
0.02745872549712659
0.4176235273480415
0.07165288180112837
0.018305800855159753
0.0762292668223381
0.027458727359771725
0.10747926961630581
0.06249994784593581
0.06640616059303282
0.10156237240880725
0.2432976439595222
0.09643068508012219
0.3415089547634124
0.06249996321275829
0.1874998498749751
0.11584697011858223
0.01909101381897926
0.01562500745058062
0.053347047418355935
0.04197325685527175
0.42677634209394444
0.10156240407377479
0.029814279172569517
0.027458749711513505
0.21338820457458493
0.02667354792356491
0.03259037435054778
0.17301891045644877
0.22254110686480996
0.01830579714426916
0.4189638309180736
0.02706613759801257
0.10826447512954472
0.2732070651836693
0.02098664361983537
0.10669406689703462
0.2416320219635963
0.08002051524817941
0.17834704369306562
0.06249992549419402
0.053347043693065636
0.0003925934433937099
0.1328123603016138
0.2499998807907104
0.018305801320821043
0.3955263942480087
0.028636514209210873
0.08002057299017903
0.1821668334305286
0.10669411718845365
0.1821382604539394
0.2949790012424706
0.046874940395355204
0.01696540229022503
0.09374992828816175
0.12499989662319419
0.12499988824129103
0.32008218304689784
0.3799014054238795
0.08974548551486804
0.3391733244061469
0.01830580402711723
0.06786161311902104
0.21796457841992373
0.14330566474027837
0.36695701628923405
0.2031247746199369
0.13660365063697097
-3.725290298491292e-09
0.1328123230487108
0.23582023847848177
0.038114644587039934
0.15222860313951964
0.11584699153900145
0.02343748440034687
0.045764563605189316
0.07745470665395258
0.1314071789383888
0.06786159139621704
0.2812497550621629
0.23169397376477716
0.1928614899516105
0.20435018464922902
0.2225410677492618
0.0053616091609001125
0.026673519518226378
0.03661158354952931
0.08538219332695005
0.1600411497056484
0.06249996983543514
0.16785349696874616
0.14330568537116048
0.2316939318552613
0.10669407871872012
0.01830581203103065
0.2133881282061338
0.020316421985626217
0.14196529053151605
0.15624980768188831
0.1974378791637718
0.14062488451600072
0.16478994861245153
0.009152896702289578
0.18749990127980842
0.062499957159161554
0.14330567605793473
0.062499940932716484
0.16004107194021341
0.16027105506509537
0.05491745751351117
0.2133881971240043
0.07472627796232699
0.3071381896734237
0.10669410228729247
0.13013153895735738
0.14062486309558153
0.2551314681768417
0.062499918974935995
0.09106909111142157
0.12499991059303284
0.10669405013322827
0.1158469710499048
0.07165285944938658
0.1966527085751295
0.10803450457751748
0.03563011018559336
0.03124996274709701
0.062499929219484315
0.12011701241135594
0.1249999180436134
0.1258902442641556
0.01072329937995775
0.01529975235462188
0.0632851719856262
0.14062485354952511
0.013174116611480715
0.32008216902613634
0.011441131588071581
0.12231908179819581
0.08995860815048215
0.266735247336328
0.03057974483817815
0.3376027760095894
0.010493337642401453
0.33420428261160845
0.0015703774988651224
0.007592372596263887
0.23682563751935953
0.026788476854562752
0.0815572547726333
0.1275657247751951
0.36695712804794306
0.0234374813735485
0.09205054631456731
0.24463805463165045
0.020986647694371634
0.06249999813735482
0.09374991804361342
-8.381903170378772e-09
0.023437473922967907
0.05334702599793671
0.2133882381021976
0.19776311330497262
0.18122403696179387
0.002575710415840148
0.0937499180436134
0.1406248407438397
0.2812498104758549
0.00457643903791905
0.10669407434761521
0.044979352504014955
0.005361668765544899
-9.31322574622823e-09
0.018305832520127296
0.004576455801725386
0.35093965381383896
0.37476970255374903
0.03906247252598404
0.004021223634481435
0.09888155572116374
0.31092928815633053
0.06249994970858097
0.1722673214972019
0.14252046821638942
0.22656232118606565
0.11584693752229211
0.09374993294477461
0.5487027764320371
0.08650943357497454
0.13415283709764478
0.0061468165367841695
0.15624985843896866
0.10783817246556279
0.1341527998447418
0.18749982118606565
0.13326943200081584
0.078124962747097
0.07812492921948432
0.3574285209178924
0.12499988079071042
0.06786158960312604
0.28136456102043955
0.006031883880496027
0.0800205562263727
0.06518082600086926
0.18213821388781068
0.03661162406206131
0.24463807081338013
0.009152909740805622
0.20881172921508548
0.36427655629813666
0.15356904268264768
0.0390624888241291
0.18749976996332404
0.0899586174637079
0.15624984150401922
0.2446380397304892
0.14330573566257954
0.22254101233556864
0.18292334303259847
0.2804647013545036
0.2734034471213817
0.004576453939080238
0.19776312844732488
0.10179240629076956
0.24084687232971186
0.18213821388781068
0.018305812031030655
0.34754088632815994
0.05491741740499063
0.2133882492780685
0.18749989569187162
0.12231898294565056
0.36427642777562136
0.031249983236193653
0.1874998360872268
0.22293360903859136
0.08002054877579212
0.32008211687207216
0.04687494877725839
0.15245853364467618
0.12499989848583934
0.045764513779431575
0.16311455145478246
0.14330568723380563
0.013533050194382664
0.26673519238829607
0.22254101186990735
0.009152919054031369
0.031249972060322755
0.1446460783481598
0.03124996833503246
0.05034099193289875
0.00915290834382176
0.21495852433145043
0.20178437232971186
0.0912991091609001
0.05334704928100108
0.4511616528034209
0.15624989569187162
0.25320214033126826
0.05334704090684282
0.036611628291379976
0.06249993699248257
0.009152873884886505
0.013729378581047055
0.1066941004246473
0.11718742921948433
0.018305804580450055
0.02667349949479103
0.10803452134132382
0.062499984713072436
0.4072449393570422
0.0651807337999344
0.019876202102750536
0.07678449526429176
0.4355366528034209
0.1276807100512087
0.2133881766349077
0.1082644239068031
0.010723317041991363
0.07165281432790375
0.2797467187047004
0.2278164218732854
0.13660368835553524
0.18738483637571332
0.10089221457019447
0.031249965963939356
0.10669410228729247
0.18749985657632345
0.12499987161927122
0.18213816732168192
0.1276807067915797
0.09374990384094414
0.1667094239965081
0.1834785901010036
0.027458723634481427
0.06249992844129875
0.16004114039242265
0.09643075847998259
0.046874945983290665
0.10669409483671186
0.4267762228846549
0.3642764706354417
0.11244837753474711
0.09374989382922648
0.0575982592999935
0.1718748416751623
0.020986672490835186
0.11718742077937348
0.14330571703612802
0.04687493818436383
0.0007851785048842426
0.21338815987110132
0.050896195694804185
0.013394229114055632
0.27332226512953633
0.12499993294477461
0.12499997019767758
0.06773812882602213
0.16141526028513906
0.17187482118606565
0.21606902219355104
0.02745869010686875
0.0899586770683527
0.09888156689703463
0.018305819481611252
0.3292350694537162
0.0632851319387555
0.08002056181430815
0.21606898680329317
0.1600411459803581
0.022327035665512092
0.0716528221964836
0.3833337873220443
0.13777642603963608
0.36565045267343516
0.026348274201154702
0.13465046137571332
0.046874970197677605
0.04687497206032275
0.33381157927215094
0.1848188508301973
0.187499910488631
0.03661162592470645
0.26673511043190956
0.3467557430267333
0.21338827535510058
0.3749996101452637
0.30445727519690985
0.12578508071601388
0.035826424136757844
6.3794107496573105e-09
0.21338816918432707
0.0
0.009545498993247744
0.019091005437076085
0.3742145523428916
0.37990139983594406
0.13833664357662198
0.018305793404579152
0.3227629080647602
0.39094988256692875
0.3071381896734237
0.18749983049929136
0.09374991804361342
0.1127258902415633
0.14453112985938787
0.21495841443538666
0.028961744625121348
0.06249994039535522
0.014342088252305986
0.05413220822811125
0.015624982749660617
0.07165282592177388
0.24329780414700503
0.106694096298761
0.038899861276149736
0.2448343895375728
0.02098664699759367
0.006702064536511899
0.2621588110923767
0.24006168465712102
0.2316940110176801
0.017913223709911105
0.03661160543560982
0.21606889925897116
0.24999980255961413
0.24006161052690794
0.2133882641792297
0.11584698408842083
0.13415277330204842
0.21338819507231607
0.1874998304992914
0.0716528874472715
0.34754094481468195
0.09374992176890372
0.09129907470196484
0.12499991804361342
0.1907525975257158
0.07622929662466048
0.09603807888925076
0.036611627787351615
0.06249996647238731
0.041973259299993515
0.06249996647238731
0.07622927147895096
0.14062490710057315
0.05491741588756771
0.043762302026152604
0.012798371724784374
0.21188514865934846
0.2408467577770352
0.11138547048904
0.1928614834323525
0.542819496244192
0.03661163151264191
0.23169403895735735
0.20005141384899613
0.05491742910817265
0.1433056443929672
0.07318954309448598
0.08995868265628813
0.026453390251845114
0.16785360779613254
0.0716528607099811
0.062499929000965064
0.18213819619268176
0.01830582320690154
0.5243175700306891
0.160041069611907
0.04001026600599289
0.05792348831892012
0.2316939868032932
0.12499988730996844
0.009938091039657579
0.17321522161364553
0.05334704183042049
0.0390624888241291
0.09643070586025712
0.07232308574020861
0.7377056404948233
4.8200590185842884e-09
0.14843736216425893
0.15245859324932098
0.036611609160900116
0.10179233644157647
0.10669412091374396
0.3200822416692972
0.09374983998033669
0.21495854295790193
0.13036154210567472
0.009152902290225022
0.0366116389632225
0.08538221474736926
0.13872927241027355
0.062499955296516405
0.3645062893629073
0.12499984167516229
0.0419732742011547
0.08593743294477461
0.18749982895623063
0.053347038105130196
0.04687494249083101
0.281249726191163
0.3444675058126449
0.027458716183900823
0.010493298992514609
0.2865440156310796
0.26963601587340236
0.06249995157122611
0.3848703205585479
0.11146680917590854
0.04001027531921863
0.10742171551100907
0.08002052828669547
0.06384030915796755
0.24463814869523048
0.10669402837778073
0.15624976530671117
0.01830579712986945
0.160041157156229
0.21338814124464983
0.24463817477226252
0.16004114504903552
0.34754101559519757
0.02667354280129074
0.09799122251570223
0.32008221000432957
0.0026808232069015538
0.08041315211448817
0.23169396072626108
0.07165286240314415
0.412491800263524
0.11473659239709375
0.1333675645291805
0.03906244598329068
0.7834702432155608
0.24999976530671114
0.2928534001111984
0.26562479138374323
0.13415274061844681
0.07678458094596861
0.13013147842139003
0.15794920176267618
0.11623955424875018
0.10669409669935703
0.00915289111435413
0.31550569459795946
0.14023222029209137
0.004576449282467366
0.21338809281587598
0.10747926495969294
0.062499959882236555
0.12231899239122865
0.3444676101207732
0.11584695428609845
0.07126028090715407
0.03130745899397879
0.009152881198899452
0.11127051711082456
0.0624999590218067
0.0
0.027458656579256058
0.0522366091609001
0.03515617642551659
0.08816815167665479
0.26673524454236025
0.12634034221991894
0.3343668729066848
0.08002055436372757
0.06249994784593581
0.0457645250717178
0.4420252852141856
0.0107232891023159
0.12231904082000253
0.031249962747097
0.09492773539386688
0.07812491711229085
0.10669412836432456
0.09374985082859787
0.017946854932233688
0.10803454315294655
0.2316939504817128
0.08593747764825818
0.08688522782176732
0.2395063219591975
0.031249981373548504
0.20557568781077856
0.12042340822517869
0.0549174176557946
0.005361638963222511
0.11718740686774251
0.018305823206901543
0.09374992083758114
0.09777114354074
0.036611622199416154
0.17499586101621387
0.06249994023556519
0.054917462170124054
0.01830581203103065
0.21338820457458493
0.0624999813735485
0.006864644587039946
0.24463822506368155
0.0178655469790101
0.0458696165587753
0.05413225479423999
0.018305804580450044
0.021738164126873013
0.09374989119504983
0.01562499889405444
0.0
0.133367545902729
0.21338814694557365
0.133367583155632
0.32008230127394194
0.0624999701976776
0.0013404060155153292
0.15624989196658132
0.09678963199257849
0.016084936447441574
0.17377042802343776
0.01830580364912748
0.2475490123033523
0.07165286410599946
0.0019531287252902967
0.21338815987110132
0.24921455048024652
0.08002055436372756
0.012422619620338079
0.018305793404579152
0.23035352490842337
0.24463809933513397
0.14062488824129102
0.17187488265335554
0.12807331187650559
0.04497934132814407
0.1834785975515842
0.3799012750387191
0.04576450400054454
0.018305839970707886
0.21495854854583737
0.07472622394561766
0.16082626208662984
0.14330567605793473
0.07126028859056531
0.30445717275142664
0.09240955812856554
0.08917346410453318
0.19586750026792285
0.21338821761310098
0.02595565840601921
0.20083663053810594
0.36427654325962067
-1.490116119396517e-08
0.02745874226093292
0.27198183536529535
0.19586758501827714
0.21338817477226255
0.06786162485937706
0.06328512728214264
0.013174150139093385
0.182138143107295
0.0054478812962770445
0.21378074027597901
0.347541008144617
0.018305804580450055
0.06249997206032276
0.026233319193124775
0.26673523057252163
0.1787395495921373
0.3357071876525878
0.01830581948161124
0.1249999329447746
0.26673504337668413
0.14050972461700464
0.04018274135887622
0.32008218765258784
0.2012292072176933
0.02879914036020636
0.006702050566673277
0.05334703298285603
0.0013404097408056255
0.0693645579740405
0.03393079712986946
0.28124974668025965
0.24999978346750137
0.06518077012151478
0.26065557636320585
0.10278783366084096
0.07322324998676775
0.10412825457751748
0.04118807800114155
0.01830578222870826
0.07851750915870068
0.036611626856029034
0.3200820479542017
0.05089619033969938
3.725290298491292e-09
0.18048935756087298
0.16004109010100362
0.11584699433296916
0.14330575149506325
0.12634023232385513
0.3437495678663253
0.0457645091228187
0.16004106402397153
0.05034098774194716
0.018305815756320957
0.29932540655136103
0.11584696546196942
0.21338809921433846
0.0061468668282031996
0.04687495529651641
0.020986633026041087
0.20005144341848788
0.1821381971240043
-2.2351741790947753e-08
0.395526472479105
0.09106913581490515
0.18749978393316263
0.018305819481611266
0.08348657120950519
0.3200822323560714
0.22561443597078318
0.21606892999261612
0.010723225772380836
0.0848269537091255
0.10412824340164659
0.0040212348103523254
0.05334697663784024
0.0366116323002432
0.0781249152496457
0.03270540758967399
0.1978780776262283
0.0624999292194843
0.2133881561248283
0.049163162708282464
0.15128082572482526
0.10669408179819583
0.3109294511377811
0.13292740657925603
0.05792349576950072
7.450580596982584e-09
0.14832235872745514
0.10669414699077605
0.15245858952403063
0.10669407993555069
0.0
0.0482153627090156
0.24793161544948816
0.1562498416751623
0.13872925937175748
0.0678616091609001
0.053347037880779866
0.0876704007387161
0.08002054970711468
0.00990936649031937
0.062499931082129465
0.031249970197677612
-1.490116118415209e-08
0.031249959021806717
0.07299328316003083
0.2875255886465311
0.0579234817996621
0.3474259786307811
0.2137806992977857
0.02343747857958078
0.005361631512641904
0.20502041664440182
0.14062485843896863
0.19433080032467837
0.1806352026760578
0.04197326302528381
0.015625022351741798
0.2578121300321072
0.2025358793325722
0.28504098579287523
0.04687497159466147
0.054917410016059875
0.018305808305740346
0.21338819060474631
0.062499955296516405
0.14330570492893452
0.4100408069789409
0.12499985657632348
0.07054239768269342
0.06115952134132384
0.07165283150970934
0.062499916180968285
0.00915291253477335
0.10747927613556382
0.3475409187376499
0.02678848803043365
0.09374991804361342
0.018305810168385506
0.16461756266653535
0.27722848206758494
0.05491743708262219
0.10747927753254768
0.20881175482645628
0.1821382092311978
0.08917346224188803
0.13872923841699955
0.015624981373548504
0.3088373932987451
0.07165285199880599
0.06249997206032275
0.10669403523206708
0.03124994505196809
0.03661162033677101
0.26807550736702973
0.1158469438087195
0.07165285386145114
0.2732071671634912
0.07165282638057902
0.00915291532874107
0.06830176338553427
0.027458738535642617
0.09374987706542014
0.06786156632006167
0.10669408924877642
0.03393080458045006
0.28124970197677607
0.09106908366084097
0.0937499180436134
0.10669404454529285
0.23437472432851786
0.02745871628059293
0.3475408777594565
0.12499997019767758
0.20178438443690536
0.05354334227740763
0.006180538330227136
0.05125508923083543
0.21338810866088573
0.03582642413675785
0.18481902591884133
0.18749977648258206
0.17834697663784022
0.027458738535642624
0.2290131654590368
0.09106910228729247
0.1328124031424522
0.015624980914452634
0.02781761437654496
0.42677647620439524
0.08348654955625533
0.005361652001738548
0.08002054458484052
0.11623953748494384
0.11584699153900145
0.046874950598159604
0.2225410677492618
0.307138167321682
-4.496821692789865e-09
0.11127054318785665
0.18749979883432386
0.1341527849435806
0.2812497306931265
0.12499987334012982
0.031249968335032453
0.2133881896734237
0.053347062319517136
0.13727376237511632
0.13111298996955154
0.3200822919607162
0.00536165153607726
0.18213816732168195
0.09777112212032077
0.02248965390026569
0.026118298992514607
0.07812492968514559
0.09374994970858094
0.23169385696369502
0.08348660543560979
0.3955262079834937
0.07165286689996718
0.12499995693318765
0.035323746502399424
0.14330573379993436
0.20312479417771098
0.3742145647120196
0.11127049103379247
0.14409089274704454
0.14598655328154564
0.14843740500509736
0.013729361817240715
0.28124976530671114
0.0306779071688652
0.2579748928546905
0.14062485098838803
0.015624982304871079
0.07278011855669318
0.06864678952842951
0.18749983236193654
