5
20
35
50
65
80
96
104
119
125
131
146
161
176
186
201
216
231
234
249
264
279
294
309
324
333
348
354
369
384
399
414
423
429
444
459
474
489
504
506
521
536
551
566
568
583
586
601
616
626
641
656
671
686
701
703
718
733
748
752
767
782
797
801
811
818
826
841
856
871
886
902
912
927
942
953
968
983
998
1013
1028
1043
1058
1073
1088
1103
1113
1128
1134
1149
1164
1179
1189
1191
1206
1208
1223
1230
1245
1260
1275
1290
1298
1306
1321
1336
1351
1366
1377
1392
1407
1422
1437
1452
1456
1471
1480
1495
1503
1518
1533
1548
1563
1578
1593
1598
1604
1612
1627
1637
1652
1667
1682
1697
1712
1723
1738
1753
1767
1778
1794
1809
1824
1834
1849
1864
1879
1890
1905
1920
1935
1950
1965
1976
1981
1992
2007
2022
2037
2052
2068
2081
2087
2091
2106
2121
2131
2135
2150
2165
2180
2195
2198
2213
2228
2237
2252
2267
2282
2297
2307
2322
2333
2347
2362
2377
2392
2407
2421
2436
2451
2466
2474
2489
2504
2508
2517
2521
2536
2552
2556
2571
2586
2601
2616
2628
2643
2655
2670
2676
2680
2685
2700
2715
2727
2736
2749
2764
2778
2793
2799
2814
2821
2835
2850
2865
2877
2884
2899
2914
2929
2944
2959
2974
2989
3004
3019
3035
3041
3056
3070
3085
3100
3115
3130
3145
3160
3175
3190
3205
3220
3235
3250
3265
3280
3295
3298
3313
3318
3326
3328
3343
3358
3373
3388
3403
3418
3433
3449
3454
3465
3480
3489
3496
3511
3515
3530
3536
3551
3557
3572
3587
3602
3605
3613
3620
3626
3641
3656
3672
3687
3702
3714
3729
3744
3759
3768
3779
3781
3796
3802
3817
3820
3822
3837
3842
3857
3864
3879
3889
3893
3908
3923
3938
3942
3957
3967
3969
3984
3999
4014
4029
4031
4043
4058
4070
4085
4100
4111
4126
4141
4151
4157
4159
4174
4183
4198
4213
4215
4219
4226
4241
4256
4271
4277
4292
4307
4322
4337
4341
4345
4360
4375
4384
4399
4405
4420
4422
4431
4446
4461
4476
4490
4496
4511
4526
4537
4552
4561
4570
4575
4581
4588
4595
4610
4612
4621
4636
4648
4663
4670
4680
4695
4702
4704
4719
4734
4740
4755
4770
4783
4798
4813
4819
4822
4832
4844
4847
4860
4862
4877
4892
4895
4910
4912
4927
4932
4943
4958
4960
4964
4968
4978
4981
4985
5000
5015
5019
5023
5038
5049
5064
5078
5093
5096
5102
5117
5132
5147
5160
5169
5174
5176
5191
5194
5209
5215
5217
5232
5247
5261
5264
5266
5281
5285
5300
5315
5328
5343
5356
5371
5386
5401
5416
5431
5440
5455
5463
5478
5489
5504
5519
5529
5544
5557
5569
5582
5588
5603
5618
5627
5630
5645
5657
5660
5675
5684
5693
5697
5700
5715
5730
5743
5753
5755
5769
5775
5790
5805
5812
5827
5839
5854
5869
5872
5883
5885
5900
5907
5922
5937
5952
5959
5969
5972
5974
5983
5993
6008
6023
6029
6044
6048
6063
6067
6073
6088
6099
6103
6118
6122
6137
6152
6164
6178
6184
6193
6197
6212
6219
6228
6233
6245
6247
6261
6269
6279
6294
6309
6324
6339
6342
6347
6362
6364
6376
6391
6406
6421
6431
6433
6445
6456
6471
6483
6499
6505
6520
6526
6541
6556
6562
6577
6583
6591
6606
6619
6625
6631
6633
6635
6643
6649
6664
6670
6677
6682
6692
6702
6709
6722
6728
6742
6750
6765
6779
6794
6805
6813
6824
6828
6834
6844
6848
6863
6876
6880
6894
6898
6908
6913
6928
6930
6936
6952
6962
6977
6992
6998
7013
7028
7037
7052
7060
7067
7082
7093
7101
7116
7132
7137
7142
7147
7162
7173
7180
7189
7204
7213
7222
7225
7229
7242
7244
7260
7269
7275
7290
7305
7315
7330
7334
7349
7364
7368
7383
7386
7388
7401
7405
7410
7423
7428
7435
7450
7457
7472
7483
7498
7513
7528
7532
7549
7555
7559
7574
7580
7588
7603
7617
7627
7642
7646
7648
7655
7664
7677
7684
7686
7700
7715
7721
7725
7733
7748
7763
7774
7789
7796
7811
7825
7832
7836
7847
7862
7865
7871
7886
7888
7892
7905
7913
7920
7933
7948
7952
7966
7981
7992
7995
8010
8026
8038
8045
8060
8075
8090
8105
8117
8120
8134
8146
8153
8156
8171
8186
8191
8200
8208
8211
8213
8217
8230
8232
8241
8255
8258
8261
8265
8268
8271
8275
8290
8292
8297
8306
8314
8317
8330
8334
8344
8349
8362
8369
8372
8375
8383
8393
8400
8406
8415
8430
8438
8452
8461
8474
8485
8494
8498
8513
8528
8535
8546
8550
8560
8564
8571
8576
8582
8584
8588
8600
8608
8610
8622
8632
8643
8658
8664
8672
8682
8690
8705
8710
8714
8718
8722
8727
8740
8748
8756
8758
8760
8769
8775
8780
8786
8790
8792
8804
8812
8819
8826
8829
8843
8847
8859
8866
8869
8878
8893
8901
8904
8917
8925
8932
8938
8948
8959
8967
8970
8976
8984
8996
9005
9017
9020
9024
9030
9045
9048
9051
9060
9062
9069
9073
9078
9082
9085
9093
9102
9110
9125
9138
9142
9147
9159
9164
9168
9172
9177
9179
9189
9192
9195
9197
9204
9214
9229
9233
9242
9251
9256
9260
9265
9270
9278
9280
9282
9294
9297
9312
9322
9324
9332
9336
9339
9348
9350
9353
9357
9365
9370
9373
9379
9394
9397
9406
9409
9411
9414
9417
9421
9426
9438
9451
9457
9460
9463
9470
9476
9478
9484
9493
9505
9507
9522
9528
9535
9545
9554
9558
9562
9567
9569
9571
9578
9589
9596
9602
9612
9614
9624
9628
9635
9645
9647
9653
9656
9658
9660
9674
9679
9683
9688
9704
9707
9716
9721
9729
9733
9737
9746
9759
9764
9774
9777
9787
9793
9804
9809
9824
9828
9842
9857
9867
9870
9872
9874
9877
9886
9888
9891
9897
9902
9905
9908
9911
9913
9920
9934
9938
9942
9944
9951
9954
9957
9966
9981
9986
9988
9995
10004
10015
10026
10028
10030
10035
10038
10045
10053
10055
10070
10073
10082
10096
10098
10111
10115
10123
10127
10132
10138
10142
10154
10161
10167
10173
10175
10181
10184
10186
10201
10206
10208
10216
10218
10233
10241
10244
10251
10261
10264
10271
10274
10280
10284
10288
10303
10314
10317
10322
10328
10332
10342
10347
10353
10357
10360
10363
10366
10370
10372
10376
10378
10381
10385
10388
10391
10394
10400
10405
10409
10413
10415
10421
10426
10431
10435
10443
10452
10464
10468
10475
10490
10499
10507
10517
10521
10536
10542
10544
10548
10550
10556
10562
10564
10573
10577
10582
10594
10596
10611
10619
10625
10630
10638
10643
10647
10649
10651
10656
10661
10666
10673
10675
10681
10684
10695
10699
10701
10709
10716
10718
10721
10725
10731
10736
10740
10750
10756
10760
10767
10770
10779
10783
10786
10788
10791
10805
10808
10811
10813
10816
10822
10835
10839
10846
10849
10855
10861
10867
10869
10871
10877
10880
10885
10892
10895
10906
10914
10928
10933
10940
10944
10948
10956
10971
10976
10983
10990
10996
11002
11009
11011
11017
11025
11030
11033
11048
11052
11057
11063
11074
11076
11078
11083
11086
11096
11098
11104
11119
11122
11131
11138
11145
11152
11157
11160
11170
11173
11180
11182
11186
11199
11204
11206
11212
11215
11217
11219
11224
11238
11240
11245
11247
11251
11254
11256
11269
11272
11276
11285
11288
11303
11308
11313
11324
11326
11337
11343
11346
11350
11359
11366
11368
11371
11375
11379
11383
11385
11388
11403
11412
11415
11418
11426
11433
11439
11444
11446
11453
11458
11463
11465
11476
11481
11495
11503
11509
11512
11518
11521
11526
11535
11539
11546
11548
11559
11564
11569
11584
11591
11593
11602
11604
11606
11612
11619
11623
11627
11638
11640
11648
11650
11652
11658
11662
11667
11674
11676
11679
11683
11685
11688
11691
11701
11713
11716
11721
11723
11738
11741
11747
11751
11766
11771
11776
11780
11793
11800
11807
11811
11817
11821
11823
11826
11829
11837
11840
11842
11845
11859
11865
11868
11870
11881
11892
11897
11902
11906
11913
11915
11925
11937
11939
11951
11955
11960
11964
11967
11975
11985
11989
12000
12002
12004
12016
12023
12030
12044
12046
12048
12052
12055
12059
12061
12064
12074
12079
12085
12092
12094
12096
12099
12103
12107
12109
12114
12119
12122
12128
12138
12147
12152
12155
12160
12163
12167
12169
12172
12174
12177
12179
12184
12186
12189
12194
12196
12200
12209
12212
12214
12223
12231
12236
12239
12246
12249
12251
12257
12261
12265
12275
12281
12285
12290
12295
12299
12303
12307
12310
12316
12320
12322
12328
12334
12338
12344
12349
12358
12363
12366
12368
12371
12376
12378
12383
12385
12390
12402
12404
12409
12415
12420
12424
12433
12437
12441
12443
12450
12453
12455
12457
12460
12470
12475
12479
12481
12484
12487
12489
12492
12506
12511
12514
12517
12520
12529
12538
12541
12544
12546
12549
12552
12557
12560
12567
12573
12575
12578
12587
12590
12598
12602
12605
12608
12614
12617
12621
12623
12629
12633
12636
12640
12647
12651
12654
12656
12659
12663
12667
12669
12677
12681
12692
12695
12699
12702
12707
12713
12723
12732
12736
12738
12744
12749
12753
12755
12757
12759
12761
12764
12767
12772
12776
12779
12790
12796
12802
12805
12810
12820
12826
12828
12831
12833
12839
12842
12850
12854
12858
12862
12870
12875
12881
12884
12889
12891
12899
12908
12914
12917
12921
12930
12932
12935
12940
12950
12953
12957
12962
12965
12967
12971
12981
12987
12994
12997
13001
13007
13010
13012
13015
13021
13025
13030
13032
13036
13038
13042
13045
13047
13059
13067
13077
13082
13086
13090
13094
13097
13099
13101
13110
13114
13116
13126
13130
13132
13139
13141
13144
13151
13155
13158
13160
13162
13164
13175
13180
13182
13188
13190
13192
13196
13198
13200
13205
13209
13215
13217
13223
13226
13229
13233
13237
13242
13245
13248
13250
13255
13257
13270
13274
13278
13281
13286
13297
13300
13302
13309
13314
13317
13322
13329
13338
13346
13351
13357
13369
13377
13384
13386
13390
13395
13398
13402
13404
13409
13411
13418
13420
13425
13428
13431
13445
13447
13452
13459
13462
13467
13473
13475
13479
13483
13494
13503
13508
13510
13512
13516
13521
13524
13527
13530
13533
13537
13546
13549
13551
13562
13565
13568
13576
13584
13586
13592
13595
13599
13607
13610
13614
13616
13618
13622
13627
13629
13636
13639
13642
13648
13653
13665
13669
13680
13682
13684
13687
13695
13698
13701
13703
13708
13712
13715
13721
13723
13726
13730
13733
13736
13743
13746
13761
13765
13772
13777
13780
13784
13787
13793
13798
13805
13809
13814
13819
13828
13830
13832
13841
13847
13850
13853
13856
13858
13860
13875
13877
13884
13890
13893
13895
13905
13907
13909
13913
13918
13927
13934
13936
13940
13945
13960
13963
13967
13972
13978
13986
13989
13998
14001
14004
14007
14010
14016
14020
14026
14030
14034
14043
14059
14062
14064
14071
14074
14077
14079
14082
14087
14089
14095
14097
14107
14113
14117
14120
14122
14125
14129
14132
14137
14139
14143
14146
14149
14157
14159
14162
14166
14172
14174
14177
14188
14190
14195
14200
14208
14211
14226
14229
14236
14243
14248
14252
14254
14256
14258
14261
14264
14267
14271
14276
14281
14288
14293
14295
14299
14301
14308
14312
14315
14320
14323
14326
14330
14333
14336
14340
14343
14346
14353
14356
14363
14365
14371
14373
14377
14384
14386
14390
14392
14396
14398
14402
14404
14407
14415
14417
14421
14423
14425
14430
14432
14434
14437
14442
14444
14453
14455
14460
14467
14471
14474
14476
14478
14483
14486
14490
14492
14498
14502
14505
14514
14518
14521
14527
14529
14534
14537
14539
14543
14548
14555
14560
14564
14568
14571
14573
14575
14577
14580
14582
14584
14587
14593
14601
14603
14606
14613
14615
14618
14623
14633
14635
14640
14644
14646
14652
14658
14662
14666
14679
14684
14695
14701
14704
14708
14713
14715
14717
14720
14722
14727
14730
14732
14737
14742
14747
14749
14752
14756
14761
14764
14768
14774
14778
14783
14785
14788
14794
14796
14800
14802
14805
14807
14811
14813
14824
14828
14832
14834
14845
14849
14853
14860
14865
14871
14875
14877
14879
14886
14889
14892
14901
14908
14913
14918
14922
14928
14936
14938
14940
14942
14944
14950
14955
14957
14964
14969
14971
14976
14982
14993
15000
15004
15006
15015
15018
15022
15026
15029
15031
15033
15035
15039
15046
15055
15058
15070
15073
15075
15081
15083
15088
15093
15095
15099
15104
15108
15116
15119
15122
15124
15126
15129
15134
15137
15142
15147
15149
15153
15156
15158
15161
15167
15169
15173
15175
15183
15188
15190
15192
15194
15202
15211
15224
15230
15235
15240
15242
15245
15248
15251
15255
15258
15260
15263
15266
15268
15273
15277
15286
15288
15292
15301
15304
15308
15313
15322
15327
15329
15331
15336
15342
15344
15348
15351
15354
15358
15370
15373
15376
15378
15380
15382
15385
15388
15393
15398
15400
15404
15408
15413
15416
15419
15421
15423
15427
15434
15441
15448
15456
15461
15463
15465
15468
15470
15473
15477
15483
15486
15492
15494
15496
15499
15502
15505
15511
15513
15518
15522
15526
15528
15531
15534
15539
15541
15543
15547
15550
15552
15557
15560
15562
15567
15572
15578
15582
15588
15593
15600
15604
15607
15616
15619
15623
15625
15630
15633
15638
15640
15644
15649
15653
15656
15664
15672
15677
15681
15686
15690
15694
15699
15702
15705
15712
15716
15718
15724
15727
15729
15732
15742
15749
15754
15761
15763
15766
15771
15778
15782
15784
15788
15793
15798
15802
15804
15810
15812
15816
15820
15829
15832
15839
15841
15844
15850
15855
15858
15862
15867
15869
15873
15879
15882
15884
15887
15890
15893
15897
15902
15905
15914
15920
15923
15928
15930
15934
15939
15942
15945
15947
15949
15960
15963
15965
15967
15969
15976
15980
15983
15985
15991
15995
15998
16003
16005
16009
16016
16020
16024
16027
16033
16036
16039
16043
16045
16050
16052
16055
16059
16064
16072
16075
16078
16081
16090
16093
16096
16098
16104
16107
16116
16118
16127
16131
16147
16153
16155
16161
16164
16168
16175
16182
16185
16187
16189
16198
16203
16206
16210
16212
16219
16222
16235
16237
16239
16245
16249
16252
16257
16263
16267
16271
16275
16280
16286
16290
16292
16296
16305
16308
16310
16313
16318
16320
16328
16332
16335
16338
16341
16344
16347
16355
16358
16366
16370
16377
16379
16382
16384
16386
16390
16392
16394
16398
16400
16403
16405
16407
16410
16419
16422
16426
16429
16432
16436
16440
16445
16450
16452
16455
16459
16464
16471
16473
16478
16480
16486
16496
16500
16504
16509
16513
16516
16518
16526
16531
16534
16537
16543
16546
16549
16555
16569
16572
16577
16579
16589
16594
16596
16598
16605
16611
16614
16616
16618
16620
16624
16630
16633
16642
16651
16654
16656
16661
16664
16668
16672
16674
16677
16679
16681
16685
16690
16693
16696
16698
16702
16705
16707
16712
16716
16718
16723
16726
16735
16737
16747
16749
16754
16757
16760
16763
16766
16768
16771
16778
16781
16785
16789
16794
16803
16811
16819
16826
16834
16840
16842
16848
16854
16856
16861
16864
16866
16871
16876
16879
16882
16887
16890
16892
16895
16899
16903
16905
16907
16910
16915
16918
16920
16923
16930
16932
16936
16940
16942
16944
16950
16953
16958
16963
16967
16974
16976
16978
16981
16988
16991
16996
16998
17001
17005
17007
17013
17017
17020
17022
17024
17027
17031
17035
17044
17050
17057
17065
17067
17069
17076
17082
17086
17091
17093
17095
17098
17103
17105
17110
17117
17119
17125
17128
17131
17135
17138
17144
17147
17150
17153
17157
17160
17165
17167
17169
17173
17177
17180
17189
17192
17196
17198
17203
17205
17208
17211
17218
17222
17225
17229
17231
17237
17240
17242
17256
17258
17261
17263
17266
17271
17274
17277
17281
17283
17286
17293
17304
17306
17310
17314
17317
17320
17323
17325
17328
17333
17338
17345
17348
17350
17353
17356
17359
17361
17365
17370
17376
17380
17386
17391
17393
17396
17401
17405
17408
17411
17414
17419
17425
17432
17438
17440
17442
17448
17453
17456
17462
17466
17469
17474
17476
17478
17483
17485
17490
17493
17498
17500
17503
17508
17513
17516
17518
17522
17527
17531
17533
17541
17543
17545
17551
17555
17558
17561
17563
17565
17572
17574
17580
17588
17591
17593
17595
17599
17602
17614
17617
17620
17625
17628
17636
17641
17647
17652
17654
17656
17660
17665
17669
17671
17675
17679
17683
17686
17690
17692
17696
17699
17704
17709
17712
17719
17721
17725
17729
17732
17736
17738
17741
17745
17747
17756
17759
17764
17769
17772
17774
17776
17779
17789
17793
17796
17798
17801
17806
17810
17813
17819
17821
17823
17825
17829
17832
17835
17846
17850
17853
17856
17858
17865
17868
17871
17874
17878
17880
17886
17889
17892
17896
17898
17901
17904
17911
17916
17921
17924
17927
17929
17931
17935
17937
17939
17943
17947
17950
17952
17955
17964
17968
17976
17981
17984
17987
17991
17997
18000
18003
18013
18015
18019
18026
18031
18035
18040
18043
18047
18049
18052
18055
18058
18062
18067
18069
18075
18077
18088
18092
18095
18099
18102
18106
18111
18116
18126
18129
18131
18144
18151
18154
18156
18158
18160
18164
18168
18173
18179
18182
18189
18198
18203
18205
18209
18217
18223
18226
18230
18235
18237
18241
18243
18248
18251
18257
18264
18269
18272
18275
18281
18290
18293
18298
18300
18306
18311
18315
18317
18320
18323
18327
18332
18339
18346
18350
18355
18358
18361
18366
18369
18372
18376
18385
18387
18392
18397
18400
18406
18409
18423
18429
18436
18440
18443
18445
18449
18453
18455
18466
18471
18475
18478
18482
18484
18488
18491
18494
18502
18504
18507
18510
18512
18514
18520
18526
18528
18530
18534
18538
18541
18548
18554
18556
18558
18560
18563
18572
18574
18578
18581
18584
18589
18592
18594
18596
18603
18605
18610
18616
18618
18624
18632
18641
18645
18648
18654
18657
18662
18665
18667
18669
18671
18676
18679
18681
18686
18691
18700
18704
18706
18710
18714
18726
18729
18736
18738
18745
18748
18750
18757
18763
18766
18768
18777
18785
18790
18795
18798
18801
18804
18807
18811
18813
18819
18831
18839
18843
18846
18853
18856
18858
18860
18862
18870
18880
18882
18886
18890
18892
18895
18898
18900
18905
18907
18910
18916
18922
18925
18928
18934
18939
18941
18946
18948
18954
18957
18960
18963
18966
18970
18972
18974
18980
18984
18988
18993
18995
18998
19002
19005
19009
19019
19022
19029
19035
19037
19043
19046
19057
19060
19066
19070
19072
19076
19082
19085
19090
19095
19097
19101
19106
19109
19112
19115
19118
19123
19127
19132
19137
19141
19143
19145
19147
19149
19152
19154
19157
19160
19163
19167
19173
19175
19182
19184
19191
19193
19197
19199
19202
19205
19210
19213
19217
19219
19222
19224
19227
19232
19235
19240
19245
19247
19249
19254
19257
19263
19265
19274
19278
19282
19292
19294
19299
19301
19309
19316
19319
19322
19324
19329
19334
19339
19343
19345
19347
19351
19357
19361
19363
19365
19371
19378
19382
19386
19389
19391
19393
19396
19407
19412
19415
19418
19424
19431
19435
19439
19443
19445
19449
19453
19456
19460
19465
19467
19470
19472
19475
19477
19480
19484
19489
19496
19498
19501
19505
19516
19520
19531
19533
19537
19540
19543
19546
19548
19554
19562
19566
19568
19570
19573
19576
19581
19583
19589
19592
19595
19598
19600
19602
19613
19619
19622
19624
19629
19631
19634
19638
19640
19643
19647
19650
19652
19656
19658
19661
19665
19667
19670
19674
19681
19685
19687
19694
19697
19699
19701
19704
19710
19714
19716
19719
19725
19728
19732
19734
19738
19744
19746
19750
19752
19754
19756
19759
19763
19768
19772
19775
19779
19784
19789
19804
19809
19814
19820
19824
19828
19832
19836
19838
19840
19845
19852
19856
19862
19864
19866
19869
19871
19874
19876
19881
19885
19896
19899
19904
19909
19913
19918
19925
19929
19931
19933
19935
19938
19946
19950
19954
19958
19961
19963
19966
19974
19978
19982
19985
19988
19992
19995
19998
20002
20004
20012
20021
20024
20026
20032
20034
20037
20041
20045
20050
20052
20054
20056
20058
20061
20065
20070
20073
20078
20081
20084
20087
20089
20094
20096
20098
20103
20105
20114
20117
20123
20127
20130
20132
20135
20137
20139
20141
20149
20154
20162
20167
20174
20179
20182
20185
20192
20194
20198
20201
20204
20208
20213
20215
20217
20220
20227
20232
20237
20241
20244
20246
20249
20252
20254
20259
20265
20267
20274
20276
20278
20282
20287
20292
20295
20297
20299
20303
20308
20312
20314
20317
20323
20327
20331
20334
20336
20340
20345
20347
20353
20355
20357
20363
20369
20371
20374
20377
20380
20389
20395
20397
20401
20405
20408
20413
20415
20421
20423
20429
20431
20434
20436
20439
20441
20445
20447
20450
20453
20457
20462
20464
20470
20477
20482
20487
20494
20501
20509
20511
20513
20516
20518
20521
20524
20529
20533
20537
20541
20543
20548
20554
20563
20566
20568
20573
20582
20585
20589
20592
20595
20600
20604
20606
20608
20617
20620
20624
20626
20631
20639
20641
20644
20646
20653
20658
20662
20665
20674
20679
20681
20683
20687
20692
20698
20702
20704
20707
20709
20712
20717
20722
20724
20726
20730
20732
20735
20738
20742
20744
20748
20751
20754
20759
20762
20765
20768
20770
20772
20775
20779
20784
20786
20791
20794
20796
20804
20811
20816
20821
20823
20825
20827
20831
20833
20835
20840
20842
20846
20851
20863
20866
20869
20873
20877
20882
20885
20889
20893
20899
20902
20904
20909
20912
20914
20917
20920
20922
20924
20927
20931
20933
20936
20938
20941
20949
20951
20954
20960
20962
20968
20974
20976
20981
20985
20987
20990
20994
20998
21003
21009
21014
21016
21023
21025
21032
21037
21039
21042
21048
21054
21061
21065
21069
21072
21075
21080
21086
21090
21096
21100
21102
21105
21109
21113
21119
21121
21125
21127
21131
21138
21146
21150
21158
21161
21169
21174
21178
21180
21183
21191
21194
21196
21198
21202
21205
21208
21212
21216
21218
21220
21223
21227
21229
21232
21234
21236
21238
21243
21246
21250
21254
21259
21266
21272
21274
21278
21280
21283
21290
21293
21298
21302
21308
21311
21313
21320
21326
21330
21332
21336
21339
21342
21345
21348
21353
21356
21360
21367
21369
21374
21376
21382
21384
21396
21399
21403
21408
21420
21424
21428
21435
21438
21443
21446
21451
21453
21456
21462
21467
21470
21473
21477
21481
21484
21486
21488
21494
21496
21498
21502
21504
21513
21515
21517
21519
21524
21530
21535
21540
21544
21546
21548
21553
21557
21559
21563
21566
21571
21575
21577
21580
21583
21587
21589
21591
21595
21598
21601
21603
21609
21613
21615
21617
21619
21622
21624
21627
21629
21633
21636
21639
21641
21646
21648
21651
21654
21658
21666
21668
21672
21675
21683
21688
21692
21706
21710
21712
21717
21721
21727
21730
21733
21735
21743
21745
21750
21754
21756
21759
21763
21766
21771
21774
21776
21778
21784
21787
21789
21791
21794
21803
21810
21812
21814
21817
21820
21823
21826
21832
21834
21839
21843
21845
21851
21855
21857
21861
21865
21868
21871
21873
21876
21880
21883
21885
21888
21890
21892
21895
21898
21902
21913
21918
21921
21927
21931
21933
21937
21940
21942
21948
21952
21954
21958
21962
21966
21971
21973
21977
21981
21984
21986
21988
21994
21996
21998
22004
22007
22010
22012
22015
22020
22022
22024
22031
22033
22038
22041
22046
22053
22056
22060
22063
22066
22078
22082
22084
22088
22092
22095
22100
22102
22104
22106
22116
22120
22123
22125
22128
22130
22137
22139
22142
22147
22153
22158
22160
22162
22164
22166
22172
22174
22179
22181
22184
22191
22194
22200
22202
22210
22218
22222
22226
22229
22232
22236
22241
22243
22245
22247
22250
22253
22255
22261
22264
22271
22276
22279
22286
22296
22298
22304
22307
22311
22314
22317
22322
22328
22336
22339
22342
22344
22347
22350
22354
22358
22360
22362
22364
22368
22370
22376
22379
22383
22385
22387
22389
22396
22400
22404
22406
22408
22417
22420
22424
22427
22430
22434
22437
22440
22445
22449
22451
22456
22458
22460
22462
22466
22473
22475
22479
22486
22488
22492
22498
22502
22505
22512
22523
22526
22528
22531
22535
22540
22544
22548
22551
22554
22557
22565
22570
22576
22581
22584
22586
22590
22593
22595
22598
22600
22607
22612
22615
22617
22620
22627
22631
22633
22635
22640
22646
22652
22654
22659
22661
22663
22666
22668
22673
22676
22678
22680
22686
22690
22694
22701
22703
22709
22714
22717
22719
22723
22727
22734
22740
22743
22746
22748
22751
22755
22758
22760
22762
22764
22769
22773
22775
22779
22782
22784
22787
22790
22795
22798
22800
22803
22808
22812
22814
22818
22826
22830
22832
22834
22836
22839
22846
22851
22855
22857
22862
22869
22872
22874
22880
22883
22887
22892
22897
22901
22903
22906
22908
22911
22915
22918
22920
22926
22930
22934
22940
22942
22946
22953
22958
22960
22969
22972
22977
22984
22987
22990
22994
22997
23000
23004
23008
23011
23013
23015
23025
23028
23031
23034
23038
23042
23045
23054
23056
23058
23065
23070
23073
23075
23079
23081
23083
23085
23088
23094
23098
23103
23110
23115
23118
23123
23132
23134
23136
23144
23147
23149
23153
23155
23159
23165
23173
23176
23181
23185
23187
23190
23192
23197
23202
23205
23208
23214
23217
23220
23226
23228
23233
23236
23240
23247
23250
23252
23257
23263
23268
23270
23275
23278
23283
23290
23292
23295
23302
23305
23307
23315
23317
23320
23322
23325
23328
23330
23333
23336
23339
23344
23346
23349
23353
23356
23360
23362
23364
23366
23368
23371
23375
23380
23383
23389
23392
23395
23397
23400
23403
23406
23409
23414
23419
23421
23423
23426
23433
23436
23438
23446
23451
23456
23459
23467
23473
23475
23477
23480
23482
23488
23492
23494
23496
23498
23501
23505
23509
23512
23514
23518
23522
23524
23526
23531
23533
23537
23541
23545
23548
23550
23553
23556
23565
23567
23571
23573
23575
23579
23581
23583
23588
23592
23595
23599
23602
23604
23607
23610
23626
23628
23635
23643
23646
23648
23655
23659
23662
23665
23668
23672
23675
23678
23680
23682
23685
23689
23691
23695
23698
23700
23702
23704
23706
23709
23712
23714
23718
23725
23729
23732
23735
23743
23745
23747
23750
23753
23758
23761
23765
23769
23773
23779
23783
23786
23792
23795
23798
23802
23804
23807
23810
23813
23815
23817
23819
23822
23827
23829
23834
23838
23844
23849
23852
23861
23863
23868
23870
23874
23877
23883
23885
23887
23894
23896
23900
23903
23908
23910
23913
23916
23919
23921
23927
23930
23936
23941
23943
23951
23953
23956
23959
23964
23966
23972
23975
23977
23979
23985
23987
23989
23993
24000
24002
24005
24008
24011
24015
24022
24027
24032
24037
24041
24046
24049
24055
24057
24059
24061
24067
24069
24077
24089
24094
24099
24102
24114
24119
24122
24125
24128
24131
24135
24143
24146
24149
24154
24157
24161
24166
24168
24176
24180
24184
24186
24189
24195
24199
24204
24208
24211
24218
24225
24228
24233
24236
24238
24241
24244
24252
24255
24258
24263
24270
24275
24280
24283
24288
24290
24292
24298
24301
24306
24308
24312
24314
24316
24319
24322
24327
24334
24337
24341
24344
24349
24354
24356
24362
24364
24367
24370
24374
24376
24381
24384
24393
24396
24400
24403
24412
24415
24419
24423
24426
24428
24431
24436
24443
24447
24449
24454
24456
24461
24463
24466
24468
24471
24473
24479
24483
24485
24492
24495
24502
24504
24511
24518
24521
24524
24526
24532
24535
24538
24540
24542
24553
24557
24562
24566
24569
24572
24575
24580
24582
24589
24594
24598
24601
24603
24607
24609
24613
24616
24627
24630
24635
24638
24643
24647
24649
24654
24659
24663
24674
24676
24678
24682
24685
24695
24699
24702
24706
24712
24715
24718
24720
24724
24735
24737
24746
24748
24750
24753
24759
24763
24766
24768
24774
24781
24784
24787
24789
24792
24794
24799
24804
24808
24815
24821
24825
24828
24835
24838
24842
24846
24851
24853
24856
24858
24861
24865
24868
24870
24876
24879
24884
24888
24892
24897
24902
24904
24911
24913
24916
24919
24923
24925
24927
24931
24933
24940
24943
24947
24952
24960
24965
24969
24972
24975
24978
24980
24982
24986
24989
24991
24993
24996
25001
25003
25005
25010
25014
25016
25026
25031
25033
25038
25042
25045
25048
25052
25055
25058
25062
25064
25066
25075
25080
25082
25084
25087
25089
25094
25099
25106
25110
25112
25118
25120
25125
25127
25132
25135
25142
25144
25148
25152
25154
25156
25161
25163
25167
25172
25175
25178
25183
25185
25188
25192
25194
25196
25202
25208
25210
25212
25218
25221
25223
25230
25233
25239
25242
25246
25252
25254
25256
25259
25262
25265
25267
25269
25273
25277
25281
25287
25291
25293
25295
25299
25304
25307
25313
25315
25317
25320
25324
25327
25331
25335
25342
25344
25346
25352
25355
25357
25362
25364
25366
25370
25372
25378
25383
25390
25394
25397
25399
25402
25404
25408
25410
25413
25420
25422
25426
25428
25435
25440
25447
25451
25453
25459
25465
25472
25476
25479
25482
25490
25492
25499
25503
25508
25514
25520
25523
25528
25535
25538
25547
25555
25558
25562
25567
25571
25575
25582
25592
25598
25601
25608
25611
25614
25617
25622
25624
25627
25629
25632
25634
25642
25644
25647
25649
25651
25654
25658
25664
25672
25674
25677
25682
25686
25689
25691
25694
25707
25712
25717
25719
25727
25730
25732
25736
25739
25741
25747
25751
25757
25763
25771
25773
25778
25781
25784
25787
25796
25798
25801
25803
25812
25816
25822
25824
25831
25843
25845
25849
25851
25856
25859
25863
25869
25873
25876
25879
25890
25892
25894
25898
25904
25907
25921
25923
25925
25927
25931
25937
25941
25943
25947
25953
25958
25960
25966
25968
25970
25974
25976
25980
25982
25988
25991
25993
25996
26001
26011
26014
26016
26018
26021
26023
26025
26030
26034
26036
26040
26043
26045
26050
26052
26055
26058
26060
26066
26068
26070
26074
26076
26079
26085
26087
26089
26092
26094
26097
26100
26107
26112
26114
26117
26122
26127
26131
26134
26137
26141
26148
26152
26155
26157
26159
26161
26164
26166
26168
26171
26177
26179
26188
26196
26199
26206
26208
26210
26212
26215
26218
26222
26229
26231
26234
26238
26242
26244
26247
26249
26253
26260
26262
26266
26269
26271
26279
26283
26286
26299
26301
26304
26307
26311
26314
26319
26324
26335
26339
26342
26346
26351
26356
26358
26364
26366
26369
26373
26379
26383
26387
26390
26392
26394
26399
26406
26412
26418
26422
26425
26428
26434
26439
26441
26446
26448
26452
26454
26459
26462
26465
26467
26471
26478
26481
26483
26486
26489
26492
26495
26498
26504
26507
26510
26514
26516
26520
26525
26527
26535
26541
26544
26547
26550
26557
26563
26567
26572
26574
26578
26580
26583
26585
26588
26595
26598
26604
26609
26612
26614
26617
26624
26628
26631
26633
26638
26641
26645
26647
26650
26656
26668
26670
26672
26674
26677
26682
26684
26686
26696
26698
26701
26706
26708
26713
26718
26721
26723
26727
26729
26733
26737
26739
26744
26746
26751
26754
26762
26766
26771
26773
26777
26779
26781
26783
26786
26790
26793
26797
26799
26801
26804
26808
26817
26819
26831
26833
26840
26842
26846
26855
26861
26872
26874
26876
26880
26882
26885
26893
26896
26900
26904
26906
26908
26916
26919
26922
26924
26927
26930
26933
26940
26942
26945
26951
26956
26959
26966
26970
26978
26981
26986
26989
26994
26998
27001
27007
27012
27014
27021
27031
27035
27039
27041
27045
27050
27054
27062
27067
27070
27073
27080
27084
27089
27091
27097
27099
27102
27106
27109
27111
27116
27122
27128
27132
27137
27141
27151
27158
27162
27169
27175
27179
27183
27188
27198
27202
27204
27208
27217
27220
27224
27226
27230
27233
27240
27247
27258
27261
27264
27267
27269
27278
27282
27288
27293
27299
27306
27310
27315
27318
27322
27324
27326
27332
27336
27340
27342
27345
27348
27351
27359
27362
27365
27370
27373
27379
27382
27397
27402
27406
27410
27413
27416
27418
27422
27426
27430
27440
27443
27445
27449
27453
27460
27462
27465
27470
27472
27475
27480
27482
27486
27491
27494
27499
27503
27509
27514
27517
27521
27527
27531
27536
27539
27543
27545
27548
27550
27552
27559
27570
27575
27578
27582
27584
27588
27592
27600
27604
27606
27612
27614
27618
27621
27625
27639
27641
27645
27647
27650
27653
27656
27658
27660
27665
27668
27670
27672
27675
27677
27681
27684
27687
27689
27691
27693
27696
27701
27705
27709
27713
27715
27717
27725
27732
27734
27736
27739
27747
27749
27753
27755
27765
27769
27771
27773
27775
27777
27783
27786
27790
27792
27799
27803
27807
27809
27815
27819
27824
27826
27828
27833
27844
27850
27853
27855
27863
27866
27868
27870
27874
27879
27884
27888
27891
27893
27896
27901
27904
27909
27911
27917
27925
27934
27939
27946
27951
27954
27956
27960
27964
27969
27973
27977
27981
27985
27992
27995
27997
28006
28008
28013
28016
28018
28021
28024
28029
28035
28039
28042
28045
28047
28054
28057
28060
28066
28069
28073
28076
28078
28082
28084
28087
28089
28096
28099
28101
28112
28114
28123
28125
28130
28137
28139
28142
28153
28156
28164
28167
28169
28173
28175
28181
28189
28192
28200
28202
28205
28207
28211
28214
28217
28221
28229
28232
28236
28239
28241
28243
28245
28249
28253
28256
28262
28267
28270
28278
28281
28292
28296
28299
28303
28308
28311
28313
28317
28320
28322
28325
28328
28331
28333
28336
28345
28348
28354
28356
28359
28362
28366
28370
28383
28389
28391
28394
28399
28402
28405
28407
28409
28412
28417
28421
28423
28425
28427
28434
28437
28442
28444
28448
28451
28456
28459
28462
28468
28471
28475
28477
28488
28490
28492
28496
28499
28503
28509
28512
28518
28522
28528
28532
28534
28545
28550
28552
28555
28559
28568
28570
28573
28575
28579
28581
28587
28591
28599
28605
28612
28618
28625
28627
28631
28636
28640
28643
28648
28653
28657
28661
28664
28668
28671
28674
28680
28683
28690
28692
28695
28699
28705
28711
28714
28717
28722
28725
28728
28733
28735
28741
28743
28746
28748
28754
28758
28761
28765
28769
28771
28776
28779
28781
28790
28795
28799
28812
28819
28824
28826
28829
28832
28835
28839
28841
28845
28849
28854
28857
28860
28863
28870
28876
28884
28886
28889
28894
28897
28899
28901
28907
28910
28915
28917
28919
28926
28929
28931
28935
28937
28939
28941
28947
28953
28959
28962
28964
28970
28975
28979
28982
28989
28991
28993
28996
29009
29014
29018
29022
29031
29033
29037
29039
29046
29049
29052
29055
29057
29062
29067
29073
29076
29078
29082
29085
29090
29095
29098
29104
29106
29111
29117
29119
29122
29125
29136
29139
29141
29150
29153
29162
29167
29172
29175
29181
29186
29193
29196
29201
29212
29214
29222
29225
29227
29229
29233
29235
29240
29244
29246
29248
29250
29258
29261
29264
29267
29271
29274
29277
29281
29287
29293
29297
29301
29303
29307
29316
29324
29330
29335
29339
29345
29347
29350
29364
29369
29374
29376
29380
29382
29385
29390
29394
29398
29401
29405
29408
29410
29417
29420
29423
29425
29429
29432
29439
29442
29448
29455
29460
29463
29467
29474
29476
29482
29484
29491
29494
29497
29504
29507
29513
29516
29518
29521
29525
29532
29539
29542
29546
29552
29555
29563
29565
29571
29574
29576
29580
29584
29590
29593
29600
29602
29608
29611
29615
29617
29622
29627
29636
29639
29644
29646
29649
29651
29655
29658
29660
29663
29668
29670
29673
29675
29682
29688
29695
29702
29704
29710
29712
29716
29722
29724
29728
29735
29738
29742
29745
29747
29751
29754
29757
29760
29768
29774
29776
29781
29786
29789
29791
29794
29797
29800
29806
29811
29816
29821
29825
29827
29830
29833
29836
29843
29851
29854
29856
29861
29864
29872
29875
29880
29886
29888
29892
29894
29897
29904
29906
29908
29914
29916
29918
29920
29922
29927
29929
29933
29939
29942
29946
29948
29956
29960
29968
29970
29981
29985
29991
29993
29995
30005
30008
30014
30023
30026
30029
30032
30042
30046
30050
30054
30061
30064
30068
30078
30083
30086
30088
30096
30102
30104
30106
30109
30113
30116
30124
30129
30133
30136
30139
30146
30149
30153
30156
30159
30161
30166
30170
30179
30187
30191
30195
30201
30204
30208
30212
30214
30225
30232
30234
30236
30238
30242
30245
30248
30250
30254
30256
30260
30263
30265
30267
30271
30273
30277
30279
30286
30289
30293
30295
30307
30312
30316
30318
30321
30323
30325
30332
30346
30351
30354
30358
30360
30362
30366
30373
30378
30385
30388
30390
30392
30395
30398
30404
30408
30415
30418
30422
30425
30432
30436
30440
30442
30447
30452
30459
30462
30468
30471
30474
30479
30486
30492
30494
30498
30509
30514
30521
30525
30532
30535
30537
30540
30542
30548
30552
30554
30562
30568
30570
30573
30577
30581
30585
30589
30591
30594
30597
30600
30603
30611
30614
30618
30630
30633
30640
30645
30651
30659
30664
30669
30672
30681
30686
30688
30692
30697
30702
30710
30712
30716
30722
30725
30731
30733
30740
30747
30749
30754
30756
30758
30760
30762
30764
30770
30777
30780
30782
30784
30786
30794
30798
30802
30804
30808
30817
30825
30829
30831
30837
30839
30844
30848
30853
30856
30863
30869
30872
30877
30879
30881
30885
30891
30896
30904
30907
30912
30919
30922
30926
30928
30931
30934
30939
30944
30947
30950
30958
30965
30970
30977
30981
30989
30994
30999
31006
31013
31015
31020
31022
31030
31034
31049
31051
31053
31059
31062
31064
31068
31073
31077
31081
31083
31089
31091
31097
31099
31104
31108
31111
31116
31120
31129
31131
31136
31141
31145
31148
31154
31156
31161
31166
31169
31171
31173
31175
31185
31190
31193
31197
31203
31206
31209
31212
31216
31223
31225
31234
31238
31242
31244
31250
31255
31258
31262
31267
31273
31275
31280
31283
31285
31289
31292
31294
31299
31303
31310
31317
31321
31324
31326
31329
31334
31338
31344
31347
31349
31354
31361
31365
31373
31377
31380
31383
31385
31388
31391
31398
31400
31402
31404
31410
31413
31418
31422
31427
31431
31433
31445
31453
31456
31463
31467
31470
31475
31485
31488
31490
31492
31502
31505
31509
31511
31514
31516
31518
31523
31526
31531
31538
31547
31556
31558
31560
31562
31573
31579
31584
31588
31590
31598
31603
31612
31614
31619
31621
31624
31627
31629
31641
31643
31645
31654
31658
31661
31663
31667
31671
31673
31675
31677
31680
31683
31688
31690
31692
31698
31706
31708
31711
31716
31720
31726
31729
31732
31735
31740
31744
31747
31753
31757
31760
31764
31768
31772
31774
31777
31782
31784
31787
31793
31796
31800
31802
31805
31809
31813
31816
31819
31826
31830
31835
31838
31842
31844
31848
31851
31854
31857
31860
31863
31866
31868
31872
31877
31879
31882
31889
31891
31893
31897
31899
31902
31905
31909
31911
31917
31926
31933
31936
31943
31947
31949
31952
31954
31958
31962
31965
31971
31974
31981
31985
31992
32004
32008
32013
32015
32022
32029
32031
32042
32046
32049
32056
32060
32064
32067
32075
32079
32081
32084
32087
32089
32092
32096
32099
32102
32106
32110
32116
32125
32128
32130
32135
32140
32144
32152
32162
32174
32176
32185
32192
32194
32197
32201
32203
32207
32213
32216
32222
32224
32230
32233
32238
32244
32250
32252
32256
32260
32264
32269
32273
32276
32279
32283
32287
32291
32296
32299
32301
32305
32311
32314
32317
32319
32322
32324
32326
32330
32334
32338
32346
32348
32350
32354
32358
32364
32367
32369
32371
32373
32375
32382
32384
32387
32393
32403
32405
32409
32413
32415
32417
32419
32433
32439
32442
32447
32450
32454
32457
32460
32464
32470
32473
32477
32481
32483
32488
32492
32494
32498
32501
32503
32506
32509
32512
32517
32521
32525
32528
32534
32536
32538
32542
32545
32549
32552
32554
32557
32563
32569
32572
32575
32582
32587
32589
32591
32594
32600
32604
32614
32617
32621
32624
32629
32631
32637
32642
32647
32651
32659
32664
32669
32671
32673
32678
32681
32685
32688
32691
32693
32699
32702
32708
32710
32713
32717
32721
32725
32727
32734
32742
32748
32752
32759
32764
32766
32768
32774
32779
32782
32785
32788
32791
32793
32797
32801
32804
32806
32813
32815
32821
32824
32828
32831
32839
32844
32848
32856
32859
32869
32871
32874
32877
32879
32883
32893
32896
32901
32904
32912
32914
32917
32919
32924
32926
32930
32932
32938
32941
32944
32947
32950
32952
32954
32956
32960
32964
32967
32969
32973
32975
32978
32980
32983
32986
32993
32996
32999
33002
33004
33006
33012
33015
33021
33024
33028
33031
33036
33038
33041
33047
33049
33052
33054
33057
33063
33066
33070
33073
33077
33081
33083
33087
33089
33091
33097
33100
33105
33107
33111
33114
33120
33123
33130
33137
33139
33150
33154
33162
33166
33169
33174
33179
33182
33184
33188
33191
33194
33196
33198
33203
33207
33211
33213
33215
33225
33229
33233
33244
33249
33252
33254
33256
33264
33270
33272
33274
33279
33282
33284
33288
33290
33303
33306
33308
33311
33315
33319
33322
33325
33328
33331
33335
33344
33346
33352
33354
33360
33362
33365
33367
33376
33381
33383
33388
33390
33394
33396
33400
33407
33409
33411
33417
33424
33427
33432
33434
33439
33444
33447
33452
33456
33465
33471
33476
33479
33482
33484
33490
33493
33497
33503
33505
33510
33513
33516
33520
33525
33530
33537
33539
33545
33550
33554
33559
33564
33570
33573
33578
33587
33590
33592
33595
33600
33602
33606
33608
33611
33613
33615
33618
33622
33624
33626
33629
33635
33638
33642
33644
33653
33659
33663
33666
33670
33673
33678
33681
33683
33686
33688
33695
33698
33701
33703
33706
33713
33716
33722
33726
33729
33731
33733
33736
33739
33741
33743
33746
33750
33752
33756
33758
33761
33765
33767
33769
33771
33773
33775
33781
33783
33785
33787
33791
33798
33801
33803
33805
33813
33817
33820
33823
33831
33834
33836
33839
33844
33847
33849
33852
33855
33857
33862
33864
33869
33874
33880
33883
33888
33891
33899
33901
33903
33908
33911
33914
33921
33929
33938
33941
33944
33946
33948
33952
33955
33957
33959
33962
33964
33969
33971
33976
33978
33981
33992
33995
33997
34001
34012
34016
34020
34025
34027
34030
34032
34037
34040
34042
34046
34048
34054
34061
34064
34066
34075
34077
34080
34083
34085
34090
34095
34098
34104
34108
34115
34117
34123
34129
34136
34138
34142
34145
34149
34153
34164
34166
34169
34173
34175
34186
34188
34192
34195
34199
34204
34206
34210
34213
34218
34220
34222
34224
34230
34233
34235
34249
34254
34256
34264
34274
34286
34289
34294
34298
34304
34307
34315
34317
34321
34327
34335
34338
34340
34346
34356
34360
34362
34371
34373
34378
34382
34386
34392
34395
34403
34405
34408
34415
34418
34422
34426
34430
34432
34439
34443
34445
34447
34449
34452
34456
34459
34462
34465
34468
34474
34477
34479
34481
34484
34493
34496
34498
34500
34509
34512
34518
34521
34525
34527
34533
34537
34542
34544
34547
34550
34556
34562
34567
34585
34588
34590
34593
34595
34597
34599
34602
34605
34610
34619
34621
34625
34630
34632
34637
34639
34641
34645
34647
34650
34652
34658
34660
34662
34664
34672
34676
34679
34681
34684
34687
34689
34692
34694
34698
34700
34702
34704
34709
34713
34715
34719
34723
34725
34728
34731
34745
34747
34753
34757
34759
34764
34766
34774
34780
34784
34791
34798
34809
34813
34815
34819
34822
34825
34832
34836
34838
34844
34847
34851
34854
34856
34861
34864
34875
34877
34886
34889
34892
34894
34902
34909
34914
34917
34920
34923
34932
34937
34942
34945
34952
34958
34960
34967
34973
34978
34980
34983
34986
34992
34996
35001
35010
35013
35016
35021
35025
35030
35035
35037
35041
35044
35047
35052
35058
35060
35063
35067
35073
35075
35079
35084
35089
35091
35093
35096
35099
35104
35107
35111
35114
35122
35130
35136
35138
35143
35148
35151
35160
35164
35169
35174
35179
35191
35193
35199
35202
35207
35209
35211
35214
35216
35221
35225
35228
35240
35242
35244
35246
35258
35261
35264
35267
35270
35279
35284
35286
35289
35293
35298
35305
35308
35311
35318
35320
35324
35329
35332
35334
35336
35338
35343
35348
35350
35360
35368
35376
35384
35397
35399
35402
35406
35413
35418
35426
35442
35446
35455
35460
35463
35466
35473
35477
35481
35483
35486
35491
35494
35505
35507
35511
35517
35519
35527
35533
35535
35540
35545
35547
35551
35556
35561
35563
35565
35570
35572
35574
35576
35582
35584
35588
35594
35598
35603
35610
35614
35619
35624
35629
35631
35642
35646
35651
35655
35657
35663
35668
35672
35675
35678
35682
35684
35690
35693
35696
35698
35701
35708
35710
35712
35721
35725
35732
35737
35740
35746
35750
35755
35760
35763
35766
35769
35772
35777
35779
35782
35786
35791
35795
35798
35800
35807
35809
35816
35819
35826
35828
35831
35833
35836
35840
35842
35847
35854
35857
35860
35864
35867
35870
35877
35880
35882
35892
35894
35898
35900
35905
35908
35913
35917
35922
35927
35929
35932
35934
35936
35938
35940
35946
35949
35952
35954
35965
35968
35971
35973
35985
35993
35997
36002
36004
36007
36009
36016
36020
36029
36033
36038
36040
36048
36053
36059
36064
36068
36070
36073
36078
36087
36091
36095
36110
36115
36117
36120
36123
36126
36129
36133
36136
36143
36145
36148
36152
36156
36159
36161
36163
36165
36168
36178
36183
36186
36188
36191
36193
36197
36199
36204
36210
36217
36223
36228
36233
36239
36242
36247
36250
36257
36261
36263
36270
36273
36276
36283
36288
36291
36295
36297
36300
36303
36306
36308
36312
36314
36320
36324
36326
36330
36333
36336
36341
36345
36348
36351
36355
36360
36362
36364
36368
36373
36377
36379
36386
36391
36399
36403
36405
36408
36411
36421
36424
36426
36432
36437
36440
36444
36448
36451
36453
36456
36460
36467
36469
36473
36475
36479
36485
36491
36493
36497
36500
36506
36510
36512
36517
36520
36524
36528
36531
36534
36536
36540
36544
36551
36555
36557
36560
36562
36567
36574
36577
36580
36583
36585
36588
36593
36595
36597
36599
36602
36605
36609
36615
36617
36622
36627
36631
36633
36637
36642
36649
36655
36659
36665
36668
36675
36677
36679
36683
36686
36694
36697
36700
36703
36707
36709
36713
36716
36719
36724
36729
36733
36736
36740
36748
36751
36756
36759
36764
36769
36771
36773
36776
36782
36786
36789
36791
36805
36808
36812
36814
36819
36824
36830
36838
36841
36844
36846
36849
36852
36856
36859
36864
36868
36871
36874
36876
36879
36890
36897
36900
36907
36909
36917
36920
36923
36930
36932
36942
36945
36951
36955
36957
36960
36962
36968
36970
36973
36977
36979
36986
36988
36991
36996
36998
37001
37004
37008
37013
37015
37023
37026
37031
37034
37039
37047
37053
37056
37061
37066
37071
37081
37084
37089
37093
37095
37098
37100
37103
37108
37110
37119
37121
37124
37129
37135
37137
37143
37147
37150
37154
37158
37162
37167
37171
37173
37177
37181
37189
37195
37199
37202
37205
37209
37213
37217
37219
37223
37225
37232
37235
37244
37253
37263
37270
37272
37277
37283
37287
37292
37295
37297
37300
37305
37307
37309
37316
37318
37320
37328
37332
37338
37344
37347
37349
37351
37362
37367
37370
37374
37379
37381
37383
37386
37391
37399
37401
37403
37405
37413
37416
37422
37424
37427
37429
37432
37436
37441
37448
37454
37461
37463
37469
37472
37477
37481
37483
37489
37493
37496
37501
37504
37509
37512
37519
37522
37527
37531
37533
37535
37538
37545
37550
37553
37565
37573
37575
37578
37581
37584
37587
37589
37594
37598
37602
37605
37609
37614
37619
37622
37630
37634
37637
37639
37642
37648
37650
37654
37657
37661
37664
37673
37675
37677
37681
37684
37686
37692
37698
37706
37711
37713
37716
37722
37726
37733
37737
37739
37746
37750
37752
37757
37761
37763
37767
37778
37780
37782
37785
37788
37797
37801
37803
37806
37816
37821
37823
37827
37832
37837
37843
37848
37853
37859
37861
37869
37872
37875
37877
37881
37884
37886
37893
37897
37905
37908
37912
37915
37921
37923
37925
37932
37935
37939
37943
37946
37948
37952
37957
37960
37964
37970
37972
37976
37979
37987
37989
37991
37997
38004
38009
38012
38018
38021
38024
38026
38034
38040
38048
38050
38052
38055
38065
38067
38073
38076
38079
38081
38084
38086
38089
38092
38096
38100
38104
38108
38116
38120
38122
38126
38130
38133
38137
38140
38145
38149
38151
38154
38160
38164
38173
38179
38181
38184
38192
38197
38204
38213
38220
38224
38227
38232
38235
38237
38241
38243
38250
38257
38259
38264
38269
38272
38278
38281
38285
38287
38292
38296
38303
38307
38320
38323
38327
38331
38335
38337
38343
38347
38350
38358
38361
38367
38374
38378
38381
38389
38391
38394
38399
38401
38404
38406
38409
38413
38422
38424
38426
38430
38433
38435
38437
38439
38445
38448
38455
38460
38464
38466
38468
38487
38491
38495
38498
38503
38509
38513
38521
38523
38525
38528
38532
38536
38538
38541
38547
38556
38565
38567
38572
38576
38581
38587
38593
38595
38598
38600
38604
38610
38613
38617
38620
38625
38628
38633
38637
38639
38642
38646
38648
38650
38655
38662
38670
38673
38683
38685
38687
38692
38702
38707
38710
38715
38717
38719
38721
38732
38739
38747
38752
38754
38757
38761
38765
38767
38770
38774
38777
38783
38788
38791
38795
38799
38801
38806
38808
38811
38813
38817
38822
38826
38830
38832
38834
38836
38843
38852
38857
38860
38866
38868
38870
38874
38876
38880
38883
38886
38891
38894
38896
38903
38905
38907
38909
38911
38914
38917
38924
38926
38929
38933
38936
38947
38953
38955
38967
38969
38972
38974
38976
38980
38982
38986
39001
39012
39015
39028
39031
39035
39037
39039
39043
39045
39048
39053
39055
39059
39068
39072
39080
39086
39089
39095
39100
39102
39107
39119
39125
39129
39131
39138
39140
39143
39145
39153
39157
39161
39173
39176
39179
39184
39187
39190
39193
39198
39203
39207
39210
39215
39218
39223
39228
39237
39245
39251
39253
39255
39259
39262
39268
39270
39272
39274
39278
39280
39284
39297
39301
39303
39306
39308
39311
39313
39315
39318
39324
39327
39335
39345
39348
39351
39361
39363
39365
39367
39371
39375
39379
39384
39387
39390
39398
39402
39407
39409
39413
39415
39417
39421
39425
39429
39435
39439
39443
39452
39457
39462
39464
39469
39472
39482
39487
39491
39497
39502
39506
39513
39518
39523
39526
39528
39532
39536
39538
39540
39546
39550
39554
39558
39566
39568
39571
39573
39578
39586
39590
39593
39603
39606
39610
39614
39619
39622
39625
39632
39638
39645
39648
39653
39655
39657
39660
39667
39673
39683
39692
39696
39699
39701
39703
39706
39713
39723
39729
39736
39738
39740
39744
39752
39754
39758
39762
39772
39778
39781
39783
39785
39790
39795
39797
39802
39805
39808
39815
39817
39821
39824
39828
39831
39834
39837
39839
39845
39848
39860
39866
39871
39873
39880
39882
39886
39888
39891
39894
39901
39903
39905
39907
39911
39913
39919
39922
39928
39935
39938
39941
39947
39959
39961
39965
39971
39979
39982
39985
39991
39994
40000
40005
40008
40019
40023
40027
40037
40042
40044
40047
40051
40053
40057
40063
40069
40072
40074
40081
40089
40091
40094
40099
40106
40108
40111
40120
40129
40135
40140
40143
40149
40151
40157
40160
40167
40171
40177
40179
40185
40187
40192
40195
40197
40203
40206
40208
40210
40215
40218
40221
40224
40227
40232
40237
40241
40246
40250
40254
40259
40262
40267
40269
40284
40286
40289
40292
40294
40298
40302
40304
40307
40309
40312
40318
40320
40322
40327
40329
40335
40339
40345
40347
40350
40357
40360
40364
40371
40373
40376
40380
40383
40385
40387
40390
40393
40396
40398
40404
40409
40417
40421
40423
40428
40431
40433
40437
40441
40443
40452
40454
40456
40460
40462
40464
40468
40470
40472
40475
40477
40482
40484
40486
40488
40490
40495
40497
40499
40501
40503
40507
40511
40516
40521
40527
40531
40534
40540
40544
40546
40550
40553
40555
40559
40562
40573
40576
40583
40586
40591
40594
40599
40607
40612
40617
40619
40621
40623
40626
40630
40637
40639
40644
40649
40657
40661
40663
40665
40670
40675
40678
40683
40687
40691
40694
40696
40699
40707
40712
40717
40720
40724
40729
40737
40742
40745
40747
40749
40751
40753
40758
40763
40766
40769
40773
40783
40786
40789
40796
40798
40804
40807
40811
40815
40820
40825
40829
40831
40837
40840
40845
40852
40863
40868
40874
40880
40883
40889
40893
40897
40899
40901
40904
40906
40910
40915
40923
40927
40934
40938
40941
40948
40953
40956
40958
40962
40965
40971
40975
40978
40982
40984
40987
40990
40996
41006
41009
41014
41016
41018
41024
41027
41033
41037
41040
41046
41051
41055
41060
41065
41071
41082
41085
41090
41093
41097
41101
41104
41106
41108
41110
41112
41115
41119
41123
41128
41131
41133
41135
41145
41151
41156
41160
41163
41166
41170
41174
41179
41184
41188
41191
41193
41201
41206
41209
41212
41216
41220
41232
41235
41239
41242
41249
41252
41256
41258
41262
41264
41272
41274
41277
41283
41285
41288
41292
41295
41301
41303
41311
41315
41317
41322
41325
41331
41338
41346
41348
41354
41360
41365
41370
41372
41375
41377
41379
41384
41388
41391
41396
41398
41400
41404
41407
41416
41421
41425
41427
41430
41434
41437
41442
41446
41448
41458
41464
41472
41488
41491
41495
41501
41504
41510
41515
41521
41528
41533
41535
41538
41540
41542
41544
41548
41551
41558
41563
41568
41572
41577
41579
41587
41589
41593
41599
41603
41605
41610
41613
41616
41623
41625
41632
41634
41640
41645
41648
41651
41658
41663
41666
41674
41678
41681
41683
41687
41692
41697
41702
41708
41713
41718
41721
41724
41728
41737
41741
41743
41748
41753
41763
41768
41773
41777
41781
41784
41792
41795
41799
41803
41811
41814
41818
41822
41831
41839
41841
41846
41849
41852
41859
41862
41864
41866
41869
41872
41874
41876
41878
41882
41887
41892
41899
41903
41908
41910
41912
41920
41924
41926
41929
41941
41944
41952
41955
41962
41965
41975
41980
41983
41989
41992
41998
42003
42007
42013
42015
42018
42020
42025
42033
42036
42040
42046
42051
42053
42058
42060
42071
42077
42083
42087
42090
42092
42097
42105
42107
42110
42114
42117
42121
42127
42129
42131
42134
42137
42140
42143
42145
42148
42151
42153
42155
42162
42168
42171
42176
42181
42184
42188
42194
42197
42200
42202
42205
42208
42215
42221
42224
42226
42230
42232
42238
42240
42244
42246
42260
42265
42269
42272
42277
42282
42287
42290
42293
42296
42304
42306
42308
42316
42320
42325
42327
42333
42335
42341
42344
42351
42354
42357
42363
42371
42374
42377
42383
42386
42388
42395
42398
42400
42402
42405
42409
42414
42418
42421
42426
42428
42435
42443
42448
42450
42455
42458
42461
42463
42475
42478
42484
42488
42490
42492
42498
42500
42511
42518
42521
42526
42531
42534
42536
42538
42541
42543
42546
42550
42554
42556
42559
42563
42566
42570
42574
42579
42584
42591
42594
42597
42601
42603
42612
42616
42623
42626
42630
42636
42638
42643
42654
42656
42662
42665
42667
42670
42675
42678
42684
42687
42689
42691
42695
42698
42702
42718
42721
42726
42731
42741
42748
42752
42755
42760
42765
42767
42772
42776
42778
42780
42784
42791
42796
42803
42807
42809
42811
42821
42824
42828
42833
42837
42840
42842
42846
42849
42853
42859
42863
42866
42870
42872
42880
42883
42885
42889
42893
42895
42897
42899
42901
42904
42906
42908
42910
42913
42920
42924
42926
42931
42935
42940
42944
42947
42950
42957
42959
42963
42970
42972
42978
42980
42985
42988
42991
42994
42998
43002
43004
43007
43012
43016
43022
43025
43031
43035
43037
43039
43042
43045
43047
43049
43052
43061
43063
43066
43068
43076
43078
43080
43083
43088
43092
43095
43101
43104
43108
43110
43115
43119
43126
43129
43135
43138
43140
43144
43149
43152
43154
43156
43165
43167
43171
43174
43178
43181
43185
43190
43193
43201
43206
43208
43213
43216
43219
43224
43227
43229
43232
43235
43238
43246
43250
43254
43257
43259
43265
43270
43275
43279
43281
43294
43300
43303
43309
43313
43315
43320
43325
43330
43332
43336
43343
43345
43353
43358
43364
43370
43381
43384
43388
43394
43401
43407
43412
43414
43418
43426
43428
43435
43439
43443
43455
43459
43461
43463
43465
43468
43470
43473
43475
43481
43487
43489
43492
43498
43501
43503
43505
43508
43510
43514
43517
43524
43528
43532
43539
43547
43557
43562
43564
43568
43573
43575
43577
43579
43583
43587
43590
43592
43595
43597
43602
43604
43609
43611
43617
43619
43621
43625
43627
43629
43632
43640
43647
43650
43654
43659
43662
43668
43670
43673
43676
43678
43682
43686
43691
43693
43695
43697
43704
43709
43714
43718
43724
43726
43730
43736
43739
43745
43748
43751
43754
43760
43763
43765
43767
43774
43777
43783
43788
43792
43795
43800
43806
43809
43811
43813
43816
43820
43824
43828
43830
43832
43838
43844
43848
43851
43853
43858
43868
43874
43876
43878
43881
43886
43888
43898
43901
43904
43909
43921
43926
43929
43934
43938
43942
43944
43946
43951
43958
43964
43967
43970
43972
43980
43984
43988
43990
43992
43994
43997
44002
44007
44009
44014
44019
44023
44026
44032
44036
44039
44043
44045
44050
44053
44058
44060
44064
44066
44068
44074
44082
44087
44092
44096
44098
44104
44107
44112
44114
44123
44125
44128
44131
44134
44139
44144
44149
44155
44160
44165
44172
44175
44181
44186
44191
44195
44199
44202
44205
44210
44212
44217
44224
44227
44230
44232
44241
44246
44250
44254
44257
44261
44268
44271
44273
44277
44281
44291
44293
44297
44299
44304
44307
44314
44318
44323
44328
44330
44336
44342
44352
44358
44361
44363
44366
44368
44372
44378
44380
44385
44388
44398
44401
44411
44416
44420
44427
44430
44437
44444
44446
44450
44454
44464
44467
44472
44481
44483
44486
44491
44497
44500
44503
44505
44512
44517
44519
44526
44528
44530
44532
44536
44541
44545
44549
44553
44558
44560
44564
44566
44569
44571
44575
44577
44583
44585
44588
44594
44598
44600
44605
44609
44618
44622
44624
44626
44631
44636
44638
44643
44647
44657
44661
44663
44667
44674
44678
44680
44683
44685
44690
44693
44703
44707
44710
44714
44722
44725
44727
44732
44736
44741
44747
44749
44752
44761
44766
44771
44781
44786
44797
44800
44806
44808
44811
44813
44818
44823
44827
44831
44834
44837
44839
44844
44851
44854
44856
44859
44862
44866
44873
44875
44880
44885
44891
44896
44898
44900
44905
44911
44921
44927
44929
44931
44934
44937
44944
44947
44952
44954
44957
44963
44967
44970
44977
44979
44984
44986
44990
44992
44996
45006
45011
45014
45016
45024
45027
45029
45034
45043
45050
45058
45061
45068
45073
45075
45081
45085
45090
45096
45103
45109
45111
45118
45122
45126
45130
45134
45139
45141
45143
45146
45148
45152
45154
45156
45161
45167
45174
45179
45186
45189
45194
45200
45202
45207
45209
45211
45215
45225
45227
45230
45241
45244
45248
45250
45253
45256
45262
45267
45275
45280
45284
45286
45289
45293
45295
45298
45302
45306
45309
45313
45316
45324
45326
45332
45334
45337
45341
45349
45351
45360
45364
45366
45368
45375
45377
45380
45384
45390
45394
45397
45401
45404
45406
45409
45411
45417
45424
45427
45431
45434
45436
45442
45448
45450
45453
45460
45464
45469
45476
45481
45484
45486
45488
45491
45493
45498
45503
45510
45513
45521
45523
45526
45528
45531
45534
45537
45546
45553
45557
45560
45575
45580
45582
45587
45593
45597
45602
45604
45608
45610
45614
45622
45624
45630
45633
45642
45645
45650
45657
45663
45666
45668
45674
45676
45680
45682
45687
45693
45699
45702
45705
45712
45715
45717
45720
45723
45725
45732
45736
45739
45743
45746
45758
45761
45765
45768
45773
45776
45779
45785
45790
45794
45797
45799
45806
45810
45813
45818
45820
45822
45825
45827
45844
45850
45852
45855
45861
45863
45865
45877
45882
45888
45890
45893
45897
45899
45907
45910
45914
45916
45918
45921
45926
45928
45941
45943
45950
45952
45954
45961
45965
45972
45978
45981
45985
45996
46002
46007
46009
46012
46022
46027
46029
46038
46040
46042
46046
46056
46060
46065
46067
46069
46073
46075
46083
46086
46097
46103
46107
46111
46113
46119
46122
46128
46131
46139
46145
46147
46159
46164
46166
46169
46171
46173
46177
46180
46183
46189
46200
46203
46206
46212
46214
46223
46234
46238
46241
46245
46251
46254
46257
46260
46269
46272
46282
46297
46303
46308
46311
46313
46315
46318
46331
46334
46337
46344
46347
46350
46355
46358
46361
46363
46367
46375
46377
46380
46383
46386
46391
46399
46401
46412
46416
46422
46429
46431
46436
46439
46441
46443
46449
46451
46456
46461
46463
46467
46473
46475
46479
46482
46486
46488
46490
46493
46498
46500
46502
46506
46510
46516
46518
46522
46528
46535
46537
46543
46545
46548
46550
46557
46561
46563
46573
46578
46582
46585
46589
46591
46594
46596
46598
46602
46611
46616
46621
46626
46634
46637
46639
46641
46643
46653
46661
46663
46668
46676
46678
46680
46683
46687
46690
46694
46697
46701
46706
46708
46713
46718
46721
46724
46731
46734
46736
46739
46744
46747
46749
46753
46758
46764
46771
46774
46778
46781
46786
46788
46793
46798
46802
46805
46810
46814
46817
46821
46824
46828
46830
46837
46845
46850
46854
46859
46868
46871
46874
46876
46878
46884
46895
46897
46899
46902
46909
46912
46915
46920
46924
46930
46935
46942
46945
46947
46950
46952
46954
46957
46960
46966
46975
46978
46983
46985
46988
46992
47000
47007
47012
47014
47018
47024
47026
47029
47032
47035
47039
47041
47044
47047
47052
47054
47062
47065
47073
47081
47087
47089
47095
47098
47103
47106
47108
47110
47121
47128
47130
47136
47139
47143
47147
47149
47152
47158
47160
47163
47165
47168
47170
47175
47179
47187
47190
47196
47198
47202
47205
47208
47212
47215
47223
47226
47230
47233
47236
47238
47240
47251
47254
47256
47259
47261
47264
47266
47273
47276
47278
47280
47284
47290
47293
47295
47305
47309
47314
47319
47322
47328
47330
47332
47335
47339
47342
47345
47350
47355
47359
47364
47366
47372
47375
47385
47389
47393
47397
47399
47402
47404
47417
47425
47427
47430
47435
47437
47442
47448
47450
47454
47457
47460
47462
47467
47473
47476
47481
47484
47492
47500
47508
47511
47514
47516
47522
47524
47529
47534
47537
47540
47545
47548
47550
47554
47556
47559
47561
47566
47569
47571
47573
47575
47582
47587
47589
47592
47602
47610
47614
47617
47619
47621
47630
47632
47636
47640
47645
47648
47651
47659
47663
47667
47670
47673
47678
47680
47685
47687
47690
47693
47696
47700
47704
47707
47720
47724
47731
47733
47741
47744
47746
47749
47752
47754
47763
47767
47769
47776
47779
47787
47789
47792
47796
47800
47802
47806
47811
47814
47817
47822
47828
47833
47835
47837
47841
47847
47851
47857
47859
47861
47863
47871
47873
47876
47881
47885
47889
47893
47908
47910
47913
47916
47918
47920
47923
47928
47931
47938
47947
47950
47962
47965
47967
47970
47982
47987
47990
47993
47995
47997
48000
48005
48010
48014
48016
48020
48027
48033
48039
48041
48050
48053
48056
48059
48061
48067
48075
48078
48086
48090
48096
48099
48103
48105
48107
48111
48117
48121
48127
48132
48134
48136
48141
48144
48149
48156
48163
48166
48170
48175
48178
48183
48189
48194
48198
48200
48204
48208
48213
48219
48224
48231
48234
48238
48241
48251
48254
48256
48259
48261
48264
48267
48269
48274
48276
48278
48282
48287
48290
48294
48305
48309
48312
48315
48318
48322
48330
48335
48338
48343
48348
48355
48364
48367
48370
48376
48379
48381
48384
48387
48391
48394
48398
48413
48420
48425
48430
48435
48438
48442
48444
48449
48451
48454
48457
48462
48465
48472
48475
48481
48483
48488
48491
48493
48498
48503
48507
48514
48518
48523
48527
48529
48534
48541
48544
48548
48552
48556
48563
48568
48571
48574
48577
48582
48589
48593
48595
48598
48600
48603
48606
48608
48611
48620
48622
48626
48632
48640
48643
48646
48649
48652
48657
48664
48674
48680
48682
48685
48688
48690
48694
48702
48704
48708
48711
48718
48722
48728
48733
48736
48741
48748
48754
48756
48766
48768
48772
48776
48780
48783
48789
48800
48802
48804
48811
48814
48823
48825
48828
48831
48840
48845
48849
48856
48860
48862
48864
48867
48876
48879
48886
48889
48895
48903
48908
48913
48921
48928
48932
48936
48938
48941
48945
48948
48954
48957
48964
48972
48975
48980
48984
48987
48999
49001
49004
49007
49017
49020
49023
49029
49031
49035
49038
49041
49045
49047
49052
49055
49059
49064
49070
49074
49081
49086
49089
49092
49096
49101
49104
49108
49110
49112
49115
49134
49147
49149
49153
49155
49158
49162
49164
49170
49182
49189
49194
49196
49199
49202
49212
49216
49223
49226
49229
49232
49236
49242
49247
49251
49261
49264
49271
49276
49280
49283
49296
49306
49309
49312
49316
49320
49323
49325
49330
49332
49341
49344
49347
49356
49361
49364
49368
49370
49377
49380
49384
49392
49395
49400
49403
49408
49411
49415
49419
49423
49425
49428
49432
49439
49443
49446
49453
49456
49458
49461
49464
49468
49471
49475
49478
49481
49483
49486
49488
49490
49496
49499
49502
49505
49513
49521
49523
49526
49529
49532
49535
49537
49543
49551
49553
49556
49560
49562
49564
49571
49576
49586
49596
49599
49602
49608
49612
49616
49619
49625
49627
49630
49632
49634
49648
49652
49654
49657
49663
49665
49669
49673
49676
49678
49683
49685
49688
49691
49695
49699
49703
49705
49707
49712
49720
49723
49730
49732
49736
49741
49747
49749
49754
49762
49766
49770
49778
49783
49791
49797
49804
49809
49812
49816
49821
49826
49835
49841
49850
49852
49855
49862
49864
49873
49875
49886
49888
49890
49893
49895
49904
49912
49915
49917
49919
49921
49923
49926
49932
49934
49937
49944
49948
49951
49955
49958
49962
49967
49973
49978
49980
49983
49985
49989
49996
49998
50000
50003
50007
50011
50017
50020
50023
50027
50034
50038
50041
50048
50050
50054
50059
50061
50063
50065
50068
50070
50072
50075
50079
50087
50089
50095
50097
50100
50108
50114
50117
50119
50121
50125
50127
50131
50133
50136
50140
50144
50147
50152
50154
50158
50162
50166
50168
50173
50175
50179
50183
50187
50193
50195
50198
50201
50211
50214
50220
50223
50225
50240
50247
50249
50252
50255
50257
50259
50267
50269
50277
50279
50281
50283
50287
50290
50292
50298
50302
50306
50308
50313
50316
50320
50322
50329
50333
50336
50340
50343
50348
50352
50365
50369
50372
50377
50380
50385
50387
50392
50394
50396
50401
50404
50407
50409
50412
50416
50424
50431
50437
50439
50446
50450
50452
50454
50456
50459
50468
50481
50485
50488
50498
50501
50503
50510
50512
50514
50516
50518
50526
50529
50538
50548
50554
50556
50561
50569
50574
50576
50579
50582
50584
50591
50596
50600
50604
50606
50609
50612
50620
50626
50629
50639
50645
50649
50653
50659
50661
50664
50671
50674
50677
50682
50684
50691
50696
50701
50705
50708
50714
50718
50722
50726
50732
50735
50737
50740
50742
50744
50753
50760
50765
50767
50772
50780
50784
50787
50792
50798
50804
50806
50811
50813
50818
50824
50830
50832
50835
50838
50841
50847
50849
50851
50859
50861
50866
50868
50870
50873
50880
50883
50887
50890
50896
50899
50907
50910
50915
50924
50926
50933
50935
50937
50941
50944
50947
50957
50960
50969
50977
50981
50983
50988
50991
50997
50999
51001
51009
51012
51018
51021
51025
51034
51036
51047
51049
51051
51053
51055
51058
51067
51077
51081
51083
51087
51089
51094
51106
51110
51113
51117
51121
51125
51128
51130
51137
51139
51147
51150
51164
51171
51175
51177
51181
51183
51185
51187
51190
51200
51202
51211
51215
51218
51225
51229
51231
51235
51237
51240
51242
51248
51251
51259
51270
51276
51282
51292
51296
51299
51307
51314
51322
51326
51333
51337
51341
51353
51355
51358
51361
51367
51374
51378
51386
51390
51393
51397
51399
51404
51406
51409
51412
51414
51418
51424
51434
51443
51449
51453
51455
51458
51460
51463
51465
51469
51473
51485
51488
51494
51498
51507
51511
51513
51515
51521
51524
51527
51530
51544
51548
51552
51557
51566
51568
51573
51579
51582
51585
51589
51592
51596
51600
51604
51608
51612
51618
51623
51629
51632
51634
51640
51642
51646
51648
51650
51652
51658
51661
51669
51673
51677
51682
51686
51689
51692
51699
51703
51705
51710
51712
51720
51724
51733
51742
51744
51747
51752
51755
51761
51769
51773
51783
51787
51793
51798
51803
51808
51815
51817
51823
51827
51829
51834
51838
51841
51845
51850
51855
51858
51860
51862
51866
51868
51871
51878
51884
51887
51889
51891
51897
51900
51902
51906
51910
51917
51920
51922
51925
51928
51931
51934
51936
51938
51942
51950
51954
51958
51966
51973
51975
51978
51982
51984
51987
51989
51996
52003
52006
52012
52018
52023
52034
52037
52040
52042
52044
52046
52048
52052
52054
52058
52060
52063
52069
52074
52078
52081
52084
52087
52091
52097
52105
52111
52113
52115
52120
52124
52132
52138
52145
52148
52157
52159
52164
52167
52170
52177
52180
52182
52185
52189
52191
52194
52196
52199
52205
52208
52210
52214
52220
52223
52230
52237
52252
52255
52259
52265
52271
52278
52283
52297
52300
52306
52309
52314
52319
52326
52331
52336
52341
52344
52346
52348
52352
52357
52364
52369
52371
52378
52381
52383
52386
52391
52394
52398
52401
52403
52405
52408
52411
52413
52416
52420
52423
52426
52437
52442
52450
52452
52456
52458
52460
52470
52472
52477
52479
52481
52487
52489
52492
52499
52511
52516
52519
52522
52524
52527
52530
52536
52540
52544
52546
52549
52551
52555
52559
52563
52568
52573
52576
52580
52582
52586
52589
52594
52600
52604
52609
52614
52618
52622
52628
52633
52640
52643
52648
52653
52657
52659
52663
52677
52680
52682
52685
52690
52699
52705
52710
52717
52726
52728
52737
52739
52742
52747
52754
52758
52760
52763
52767
52769
52773
52776
52780
52782
52786
52790
52794
52800
52803
52808
52812
52815
52828
52831
52839
52841
52846
52855
52861
52865
52869
52874
52877
52879
52881
52883
52885
52893
52897
52899
52904
52910
52912
52918
52920
52923
52928
52932
52936
52938
52944
52953
52955
52957
52960
52970
52972
52987
52990
52993
52996
53001
53013
53016
53022
53030
53036
53038
53041
53044
53057
53061
53063
53067
53069
53080
53086
53091
53094
53097
53101
53109
53114
53124
53128
53131
53137
53140
53145
53148
53151
53154
53163
53165
53170
53174
53178
53183
53187
53191
53193
53195
53197
53203
53212
53214
53219
53223
53232
53239
53242
53244
53246
53250
53259
53269
53272
53275
53279
53283
53292
53295
53300
53303
53308
53311
53314
53317
53322
53326
53333
53335
53339
53345
53347
53352
53356
53360
53362
53365
53372
53374
53376
53379
53382
53390
53392
53395
53398
53404
53407
53409
53416
53420
53423
53425
53430
53433
53437
53441
53445
53448
53450
53452
53455
53460
53463
53467
53471
53474
53478
53481
53483
53486
53495
53499
53502
53506
53510
53515
53524
53529
53535
53537
53540
53543
53545
53548
53550
53552
53555
53558
53567
53571
53575
53580
53583
53585
53587
53597
53599
53601
53607
53610
53617
53619
53623
53631
53634
53638
53646
53648
53660
53667
53670
53681
53684
53690
53695
53703
53705
53709
53721
53727
53729
53735
53738
53740
53751
53753
53757
53761
53765
53769
53771
53773
53776
53782
53788
53790
53793
53795
53800
53804
53808
53812
53814
53818
53820
53823
53827
53829
53835
53839
53842
53844
53850
53856
53861
53867
53869
53877
53880
53886
53889
53895
53898
53902
53905
53911
53913
53916
53931
53934
53938
53944
53947
53952
53955
53961
53964
53971
53974
53976
53979
53983
53988
53992
53996
53998
54000
54013
54018
54023
54025
54027
54032
54034
54041
54045
54049
54054
54056
54059
54068
54074
54077
54082
54086
54089
54091
54099
54104
54109
54122
54125
54127
54129
54132
54135
54139
54144
54148
54151
54157
54160
54166
54177
54181
54186
54190
54194
54196
54199
54202
54207
54210
54214
54216
54221
54230
54234
54239
54247
54262
54265
54270
54273
54277
54279
54288
54293
54296
54299
54305
54308
54311
54313
54316
54319
54322
54324
54328
54331
54333
54338
54341
54343
54347
54349
54352
54355
54358
54360
54368
54371
54374
54381
54383
54387
54391
54399
54402
54405
54408
54411
54416
54422
54424
54428
54433
54438
54443
54446
54452
54456
54459
54468
54471
54474
54476
54479
54481
54485
54490
54494
54498
54501
54505
54513
54520
54524
54528
54532
54535
54540
54542
54544
54547
54549
54553
54558
54563
54565
54570
54576
54581
54587
54590
54593
54599
54610
54624
54631
54635
54641
54645
54650
54654
54660
54663
54665
54667
54674
54680
54682
54687
54692
54694
54696
54701
54704
54708
54722
54731
54734
54738
54743
54746
54750
54752
54756
54760
54762
54767
54769
54776
54778
54787
54790
54797
54807
54813
54815
54819
54825
54829
54831
54834
54837
54839
54842
54847
54854
54856
54858
54860
54862
54871
54878
54881
54884
54890
54892
54895
54899
54906
54917
54921
54925
54928
54932
54935
54941
54951
54955
54957
54960
54964
54966
54974
54978
54980
54987
54990
54995
54998
55002
55007
55012
55017
55022
55024
55031
55033
55035
55041
55049
55053
55063
55069
55074
55078
55080
55082
55089
55092
55096
55098
55100
55105
55108
55113
55115
55120
55122
55125
55129
55133
55135
55137
55141
55148
55151
55154
55156
55161
55163
55165
55168
55171
55178
55184
55186
55190
55197
55201
55203
55207
55214
55216
55220
55223
55225
55227
55236
55246
55249
55251
55254
55258
55264
55268
55272
55276
55279
55282
55291
55295
55309
55315
55317
55320
55324
55331
55334
55336
55338
55340
55346
55350
55361
55368
55370
55376
55379
55388
55391
55395
55400
55404
55413
55420
55422
55426
55430
55433
55444
55449
55451
55456
55458
55460
55463
55465
55469
55473
55483
55485
55493
55497
55500
55506
55508
55515
55518
55522
55524
55526
55528
55533
55538
55541
55547
55550
55555
55559
55562
55566
55572
55576
55581
55583
55585
55589
55594
55597
55601
55603
55608
55610
55614
55616
55622
55632
55634
55638
55643
55648
55653
55655
55659
55662
55667
55670
55676
55679
55685
55688
55695
55697
55699
55704
55708
55712
55714
55719
55722
55727
55729
55734
55736
55740
55745
55751
55758
55766
55773
55775
55781
55785
55788
55790
55796
55801
55808
55812
55815
55821
55828
55831
55836
55840
55844
55848
55852
55856
55860
55871
55880
55882
55890
55892
55895
55899
55906
55908
55913
55917
55922
55928
55931
55941
55944
55947
55950
55957
55960
55963
55966
55969
55975
55979
55982
55984
55987
55996
56000
56003
56007
56011
56013
56020
56025
56028
56031
56034
56036
56039
56047
56049
56051
56056
56058
56060
56062
56074
56078
56080
56083
56087
56090
56096
56100
56103
56107
56109
56113
56128
56135
56140
56143
56145
56151
56153
56158
56163
56169
56173
56178
56180
56183
56187
56192
56196
56203
56210
56213
56215
56219
56224
56227
56232
56235
56239
56241
56244
56250
56256
56260
56264
56267
56272
56275
56279
56283
56288
56294
56300
56302
56305
56307
56316
56323
56333
56337
56343
56345
56347
56355
56360
56362
56370
56373
56375
56379
56381
56383
56388
56390
56399
56402
56405
56407
56409
56415
56418
56424
56429
56433
56437
56439
56443
56449
56457
56460
56462
56465
56468
56470
56472
56475
56477
56481
56488
56493
56496
56501
56508
56511
56514
56524
56535
56543
56547
56550
56556
56562
56576
56583
56593
56599
56606
56609
56613
56619
56625
56629
56634
56638
56646
56649
56651
56653
56659
56661
56665
56668
56673
56678
56680
56684
56686
56690
56693
56696
56699
56709
56711
56718
56722
56727
56730
56732
56737
56740
56742
56750
56752
56757
56761
56763
56767
56772
56779
56789
56792
56797
56799
56802
56806
56811
56816
56819
56830
56834
56842
56844
56847
56853
56860
56867
56877
56880
56885
56888
56892
56894
56898
56903
56907
56911
56916
56927
56930
56933
56935
56943
56945
56947
56949
56952
56961
56963
56969
56973
56977
56979
56986
56988
56990
56996
57001
57003
57008
57010
57012
57015
57019
57025
57031
57037
57040
57042
57044
57050
57056
57069
57076
57080
57086
57090
57094
57098
57103
57108
57115
57122
57132
57134
57137
57145
57149
57151
57157
57162
57167
57174
57176
57178
57184
57188
57197
57208
57211
57221
57225
57231
57233
57236
57241
57243
57249
57252
57256
57262
57268
57270
57272
57280
57283
57289
57296
57302
57307
57313
57317
57321
57325
57327
57330
57336
57343
57345
57349
57356
57358
57360
57364
57366
57369
57372
57381
57383
57390
57395
57398
57400
57404
57409
57412
57417
57425
57433
57436
57441
57443
57447
57456
57458
57466
57473
57481
57485
57491
57501
57504
57508
57515
57517
57532
57535
57538
57540
57543
57545
57547
57549
57551
57553
57556
57562
57567
57571
57577
57579
57584
57587
57590
57592
57596
57599
57601
57604
57607
57611
57613
57618
57621
57628
57636
57639
57645
57648
57651
57656
57661
57664
57666
57668
57675
57680
57686
57691
57693
57696
57701
57711
57714
57716
57720
57722
57730
57736
57740
57744
57746
57751
57753
57755
57759
57767
57770
57774
57778
57781
57787
57796
57799
57803
57805
57809
57814
57820
57825
57829
57832
57837
57841
57843
57847
57850
57852
57854
57857
57860
57862
57865
57867
57871
57874
57877
57879
57882
57886
57890
57892
57894
57898
57904
57915
57919
57921
57923
57929
57932
57936
57939
57941
57945
57949
57953
57957
57960
57967
57971
57973
57975
57982
57984
57988
57993
58002
58005
58007
58009
58014
58017
58021
58025
58029
58033
58037
58041
58044
58048
58050
58056
58066
58074
58076
58080
58084
58090
58093
58095
58100
58103
58107
58111
58116
58124
58126
58128
58130
58143
58147
58153
58160
58163
58165
58167
58169
58171
58176
58178
58182
58188
58193
58196
58202
58207
58215
58218
58221
58224
58228
58231
58235
58238
58242
58247
58251
58253
58259
58263
58271
58277
58282
58286
58296
58301
58308
58314
58316
58323
58332
58337
58339
58346
58349
58354
58366
58368
58374
58377
58388
58392
58396
58399
58402
58405
58414
58416
58420
58426
58429
58433
58435
58437
58443
58448
58453
58457
58465
58469
58473
58476
58483
58491
58493
58497
58502
58504
58508
58510
58514
58519
58524
58526
58531
58535
58538
58542
58545
58548
58551
58557
58562
58566
58572
58574
58579
58582
58585
58588
58591
58594
58599
58603
58607
58611
58613
58616
58619
58621
58625
58639
58642
58651
58665
58674
58676
58679
58681
58686
58689
58694
58696
58701
58704
58707
58711
58714
58719
58723
58726
58732
58736
58739
58743
58747
58751
58755
58757
58761
58763
58768
58772
58779
58783
58786
58791
58797
58805
58815
58821
58825
58833
58835
58847
58856
58864
58869
58873
58877
58883
58887
58896
58899
58906
58915
58918
58920
58923
58927
58929
58938
58942
58944
58947
58949
58951
58956
58960
58962
58966
58968
58972
58974
58980
58982
58987
58992
58997
59002
59004
59007
59014
59016
59018
59021
59023
59027
59032
59035
59047
59055
59064
59070
59073
59075
59079
59082
59089
59093
59095
59099
59108
59111
59113
59120
59128
59132
59134
59136
59140
59150
59153
59155
59158
59164
59171
59174
59179
59183
59188
59191
59195
59197
59202
59205
59208
59211
59216
59218
59222
59230
59232
59234
59238
59259
59263
59266
59275
59281
59291
59298
59304
59311
59313
59321
59324
59332
59335
59338
59344
59352
59358
59365
59373
59375
59386
59388
59392
59396
59400
59404
59408
59410
59416
59418
59429
59437
59440
59442
59444
59449
59452
59456
59462
59464
59466
59469
59475
59478
59481
59486
59493
59496
59510
59515
59517
59520
59522
59526
59533
59535
59538
59541
59550
59553
59564
59567
59572
59574
59579
59583
59592
59594
59599
59603
59606
59609
59617
59625
59628
59635
59640
59643
59645
59647
59651
59655
59660
59662
59666
59668
59672
59674
59681
59686
59688
59691
59693
59697
59700
59710
59716
59718
59723
59736
59741
59745
59749
59755
59758
59763
59766
59771
59779
59784
59786
59788
59790
59795
59799
59805
59811
59821
59823
59828
59833
59841
59849
59851
59857
59860
59865
59874
59878
59883
59885
59889
59891
59898
59900
59905
59909
59915
59918
59921
59924
59927
59929
59933
59937
59941
59947
59953
59957
59960
59967
59973
59976
59980
59984
59986
59988
59995
59998
60002
60005
60013
60021
60025
60028
60030
60033
60039
60043
60045
60048
60053
60057
60060
60062
60067
60069
60076
60078
60080
60086
60088
60096
60099
60103
60105
60110
60113
60118
60124
60131
60135
60137
60141
60144
60146
60156
60160
60163
60166
60168
60176
60179
60183
60186
60193
60196
60198
60202
60204
60206
60208
60210
60214
60219
60226
60235
60241
60243
60245
60249
60254
60259
60262
60264
60266
60268
60271
60274
60280
60287
60294
60297
60300
60305
60307
60314
60320
60323
60326
60332
60336
60345
60348
60351
60353
60355
60358
60365
60367
60370
60372
60378
60384
60388
60393
60396
60399
60405
60411
60414
60421
60423
60425
60427
60432
60436
60440
60446
60448
60455
60460
60462
60464
60471
60478
60483
60487
60491
60494
60496
60506
60513
60517
60523
60526
60528
60531
60535
60538
60541
60545
60550
60552
60556
60564
60566
60569
60575
60577
60581
60586
60588
60595
60610
60613
60615
60620
60623
60625
60643
60646
60649
60657
60660
60662
60666
60675
60686
60689
60695
60698
60705
60709
60711
60713
60717
60719
60721
60724
60727
60730
60732
60735
60739
60745
60749
60751
60755
60759
60761
60765
60768
60775
60778
60781
60785
60791
60795
60804
60807
60810
60812
60817
60819
60822
60830
60832
60836
60838
60840
60843
60848
60853
60856
60858
60864
60874
60876
60878
60881
60883
60885
60893
60897
60903
60909
60913
60917
60919
60924
60926
60929
60932
60935
60941
60944
60947
60954
60957
60962
60964
60966
60971
60976
60978
60980
60984
60988
60990
60995
60998
61001
61003
61009
61015
61019
61022
61025
61033
61036
61039
61043
61046
61049
61053
61062
61064
61070
61072
61074
61078
61080
61084
61087
61090
61092
61095
61098
61101
61103
61108
61116
61120
61123
61132
61135
61138
61143
61146
61151
61154
61165
61169
61175
61181
61186
61194
61199
61205
61211
61213
61216
61219
61224
61227
61229
61232
61239
61243
61245
61248
61256
61262
61269
61276
61279
61281
61286
61289
61292
61295
61302
61308
61312
61314
61317
61319
61321
61323
61325
61327
61332
61334
61338
61343
61346
61350
61353
61358
61360
61362
61366
61371
61377
61380
61384
61387
61390
61393
61398
61403
61406
61408
61416
61420
61422
61425
61428
61435
61439
