0.8339614272117615
0.6428212523460388
0.7215110659599304
0.7774667143821716
0.7899878025054932
0.6667733192443848
0.6770966053009033
0.8692612051963806
0.7776016592979431
0.672660768032074
0.630463719367981
0.7022586464881897
0.7049563527107239
0.7595992088317871
0.8393614888191223
0.6838095784187317
0.7577916383743286
0.6774348616600037
0.6937009692192078
0.7413263916969299
0.8223087787628174
0.8004584312438965
0.6796669960021973
0.7665265798568726
0.7114420533180237
0.7894267439842224
0.8052003383636475
0.826470673084259
0.7581567168235779
0.6763982176780701
0.7074131965637207
0.7564868330955505
0.8003978133201599
0.775180995464325
0.7741461992263794
0.8271122574806213
0.8323695659637451
0.7275863289833069
0.6929073929786682
0.6866762042045593
0.7048625946044922
0.7090744972229004
0.8169180154800415
0.7224576473236084
0.6259947419166565
0.6685429215431213
0.7655778527259827
0.7004542350769043
0.8778345584869385
0.7829034924507141
0.712809681892395
0.692989706993103
0.7319133877754211
0.752162754535675
0.8209834098815918
0.8327552676200867
0.6855595707893372
0.6592001914978027
0.6895351409912109
0.7216989994049072
0.8949943780899048
0.7036492824554443
0.6721315383911133
0.858680009841919
0.6749886870384216
0.7407341599464417
0.6291565895080566
0.7625888586044312
0.7249674201011658
0.7047944068908691
0.7095226049423218
0.8481302261352539
0.6419063210487366
0.7040084600448608
0.8181290626525879
0.6812998056411743
0.8123320937156677
0.7791287302970886
0.741509199142456
0.7342845797538757
0.7986035346984863
0.6341749429702759
0.6925513744354248
0.74810391664505
0.6775009632110596
0.8251864910125732
0.7689878940582275
0.9043464064598083
0.7928156852722168
0.7866171598434448
0.7782115340232849
0.763854444026947
0.7275543212890625
0.7588667869567871
0.7044652700424194
0.7623401284217834
0.7481972575187683
0.7307292222976685
0.7117372155189514
0.6459838151931763
0.7664476037025452
0.6770626306533813
0.7536634206771851
0.6479381918907166
0.7959248423576355
0.7973673343658447
0.8319501280784607
0.8366968631744385
0.7294715642929077
0.7258924841880798
0.8088570237159729
0.719290554523468
0.7350311875343323
0.7409889698028564
0.718151867389679
0.655900776386261
0.6674206852912903
0.810249388217926
0.7480580806732178
0.6149628162384033
0.763383150100708
0.7047856450080872
0.7299284338951111
0.7641788125038147
0.8371250629425049
0.7532683610916138
0.7697498202323914
0.7673112750053406
0.7012379169464111
0.8433300852775574
0.7817009687423706
0.7644864916801453
0.6321584582328796
0.5869461894035339
0.7935752272605896
0.8237512111663818
0.6735177636146545
0.725806713104248
0.689511239528656
0.8083972930908203
0.6954678297042847
0.7279440760612488
0.670316219329834
0.6749745011329651
0.6110825538635254
0.7400974035263062
0.720061182975769
0.8034867644309998
0.7000926733016968
0.8464605808258057
0.75883948802948
0.7575783133506775
0.762281060218811
0.7909961938858032
0.762325644493103
0.6617361307144165
0.7957798838615417
0.6508355140686035
0.7115966081619263
0.8355556130409241
0.8391238451004028
0.6244392991065979
0.6910358667373657
0.6928333640098572
0.7160056829452515
0.6950166821479797
0.7448825836181641
0.8309922814369202
0.7746903300285339
0.7144585847854614
0.7251892685890198
0.7167867422103882
0.7468876838684082
0.7531527876853943
0.8479205965995789
0.7358725070953369
0.8017520904541016
0.8433108925819397
0.6350365877151489
0.7167249917984009
0.7341397404670715
0.7876229882240295
0.8718461394309998
0.6804598569869995
0.7298195362091064
0.7256572842597961
0.6909272074699402
0.8480321168899536
0.8006379008293152
0.6786808967590332
0.8591740131378174
0.7138997316360474
0.7572846412658691
0.6421639323234558
0.711052656173706
0.7674964666366577
0.8177663683891296
0.7037802934646606
0.6651247143745422
0.7798914313316345
