34
34
82
115
153
199
241
273
320
358
406
441
476
523
561
605
639
678
715
759
794
829
873
914
957
999
1036
1083
1112
1143
1184
1227
1262
1299
1337
1384
1423
1460
1490
1534
1567
1603
1645
1680
1710
1747
1786
1822
1855
1896
1939
1967
2003
2037
2070
2103
2144
2185
2216
2269
2308
2344
2382
2415
2456
2492
2527
2578
2615
2649
2679
2726
2757
2796
2825
2865
2906
2945
2980
3013
3052
3097
3132
3165
3202
3253
3289
3328
3376
3418
3457
3492
3529
3569
3605
3641
3679
3719
3746
3782
3822
3861
3895
3935
3977
4007
4050
4084
4119
4154
4192
4225
4263
4307
4342
4384
4415
4452
4494
4529
4560
4594
4630
4674
4709
4750
4790
4832
4871
4917
4949
4988
5024
5067
5105
5145
5182
5212
5254
5294
5338
5383
5417
5450
5491
5530
5569
5602
5637
5673
5711
5749
5793
5832
5866
5905
5935
5975
6010
6051
6090
6120
6158
6196
6236
6273
6307
6344
6381
6418
6460
6495
6533
6572
6606
6638
6671
6710
6745
6777
6813
6850
6888
6921
6953
6998
7043
7082
7119
7156
7190
7226
7256
7300
7338
7377
7416
7450
7479
7518
7552
7587
7633
7670
7704
7741
7779
7820
7855
7903
7947
7989
8038
8074
8110
8144
8188
8226
8263
8295
8328
8369
8404
8446
8487
8525
8565
8603
8645
8677
8721
8755
8795
8839
8881
8919
8950
8990
9026
9062
9091
9130
9169
9213
9257
9299
9341
9381
9414
9446
9493
9520
9558
9594
9629
9670
9708
9741
9777
9820
9853
9885
9920
9963
9996
10027
10060
10101
10130
10180
10223
10255
10290
10323
10361
10402
10442
10489
10534
10580
10616
10652
10685
10720
10755
10794
10841
10874
10911
10952
10991
11020
11063
11106
11146
11185
11218
11249
11300
11336
11376
11411
11447
11484
11525
11560
11589
11626
11661
11701
11739
11772
11812
11850
11891
11931
11965
11993
12035
12076
12106
12138
12173
12218
12254
12293
12327
12357
12392
12423
12467
12513
12540
12582
12617
12661
12696
12732
12772
12817
12857
12896
12933
12973
13012
13047
13074
13105
13150
13186
13225
13260
13296
13326
13358
13392
13430
13463
13498
13527
13556
13596
13637
13679
13717
13746
13783
13816
13847
13887
13928
13970
14006
14053
14090
14123
14165
14206
14247
14287
14327
14365
14411
14447
14488
14528
14569
14601
14638
14684
14719
14755
14790
14830
14865
14909
14942
14980
15013
15049
15049
15083
15131
15167
15203
15232
15268
15308
15345
15385
15422
15464
15497
15526
15560
15592
15632
15660
15701
15736
15772
15805
15843
15883
15914
15948
15992
16024
16054
16093
16125
16166
16203
16241
16276
16318
16349
16392
16425
16460
16493
16532
16573
16602
16635
16679
16723
16760
16788
16818
16857
16896
16932
16967
17003
17041
17082
17118
17148
17179
17223
17263
17302
17339
17375
17411
17458
17498
17535
17573
17613
17653
17691
17727
17757
17800
17834
17869
17905
17941
17979
18017
18055
18086
18126
18156
18197
18242
18280
18315
18353
18391
18427
18464
18499
18533
18563
18590
18625
18667
18710
18741
18784
18824
18856
18892
18931
18972
19011
19054
19091
19131
19165
19206
19245
19276
19304
19343
19377
19416
19459
19505
19542
19581
19620
19649
19684
19727
19764
19800
19834
19864
19890
19931
19964
20001
20042
20078
20112
20154
20191
20230
20268
20314
20363
20393
20429
20457
20491
20520
20557
20592
20635
20672
20712
20735
20775
20802
20836
20868
20901
20934
20967
21003
21047
21086
21123
21163
21201
21234
21270
21300
21337
21368
21404
21438
21470
21509
21547
21579
21619
21652
21688
21724
21758
21789
21826
21868
21901
21942
21974
22002
22043
22088
22128
22162
22202
22234
22272
22313
22348
22379
22415
22455
22492
22525
22558
22588
22616
22654
22684
22718
22752
22786
22831
22864
22898
22934
22961
22992
23030
23056
23097
23132
23174
23207
23246
23281
23317
23357
23398
23444
23481
23508
23544
23583
23618
23657
23691
23727
23758
23791
23830
23863
23895
23935
23970
24005
24039
24075
24111
24148
24183
24220
24255
24291
24323
24356
24391
24429
24471
24512
24548
24582
24622
24653
24687
24716
24752
24785
24821
24861
24893
24923
24963
24994
25027
25051
25081
25114
25149
25180
25212
25245
25283
25316
25341
25375
25406
25434
25462
25499
25533
25565
25590
25621
25657
25686
25721
25760
25793
25829
25858
25895
25930
25965
26002
26031
26064
26100
26142
26175
26211
26241
26275
26308
26338
26371
26407
26446
26475
26507
26541
26577
26611
26645
26674
26710
26753
26789
26826
26858
26893
26927
26955
26986
27020
27046
27078
27112
27147
27182
27213
27236
27270
27304
27330
27362
27395
27430
27464
27500
27537
27568
27602
27635
27669
27702
27730
27760
27795
27824
27857
27893
27927
27959
27992
28029
28062
28093
28125
28162
28191
28230
28261
28292
28325
28355
28389
28428
28462
28493
28525
28559
28587
28624
28651
28694
28730
28765
28804
28850
28881
28919
28958
28996
29036
29066
29103
29139
29175
29208
29239
29276
29306
29340
29373
29413
29444
29481
29514
29545
29573
29605
29633
29665
29699
29734
29773
29816
29848
29881
29912
29946
29979
30018
30049
30084
30113
30151
30189
30222
30254
30281
30308
30339
30369
30404
30437
30463
30493
30526
30570
30607
30638
30672
30703
30737
30780
30813
30842
30874
30904
30938
30972
31006
31042
31075
31114
31149
31184
31211
31252
31281
31315
31353
31391
31421
31456
31485
31515
31546
31585
31622
31653
31692
31728
31759
31799
31832
31863
31895
31930
31963
32000
32032
32061
32088
32121
32153
32180
32209
32240
32280
32312
32349
32378
32415
32451
32488
32517
32551
32589
32622
32653
32685
32718
32749
32785
32823
32869
32896
32923
32957
32986
33017
33055
33088
33119
33148
33182
33218
33252
33291
33323
33353
33394
33427
33459
33489
33522
33553
33583
33620
33652
33681
33714
33749
33774
33808
33840
33875
33909
33945
33980
34012
34044
34076
34111
34140
34178
34209
34246
34276
34306
34336
34372
34410
34442
34476
34512
34546
34574
34607
34636
34670
34699
34726
34754
34787
34817
34854
34885
34922
34957
34994
35027
35062
35096
35126
35154
35185
35219
35262
35288
35321
35357
35391
35435
35466
35499
35535
35566
35597
35632
35665
35697
35729
35761
35793
35829
35863
35895
35928
35957
35988
36024
36058
36095
36133
36172
36204
36241
36271
36305
36335
36360
36394
36424
36452
36488
36526
36566
36596
36628
36657
36687
36715
36753
36791
36833
36868
36903
36934
36967
36992
37024
37064
37095
37129
37165
37196
37230
37263
37294
37330
37362
37392
37422
37459
37491
37518
37548
37576
37607
37642
37677
37707
37741
37773
37807
37831
37867
37900
37933
37968
38001
38042
38077
38123
38149
38180
38221
38262
38297
38332
38362
38395
38435
38462
38491
38518
38542
38573
38610
38644
38684
38713
38745
38774
38806
38834
38868
38898
38928
38959
38991
39018
39049
39081
39107
39134
39165
39196
39231
39258
39294
39327
39363
39409
39444
39477
39510
39545
39585
39616
39651
39679
39707
39742
39774
39800
39828
39854
39887
39918
39951
39979
40007
40037
40066
40093
40120
40156
40186
40216
40245
40284
40314
40344
40377
40404
40433
40467
40497
40538
40574
40609
40640
40670
40696
40729
40758
40794
40829
40858
40885
40915
40944
40983
41013
41051
41084
41108
41143
41180
41216
41249
41284
41317
41353
41381
41408
41443
41473
41507
41540
41576
41605
41639
41678
41712
41739
41771
41805
41836
41865
41894
41933
41965
41998
42035
42064
42093
42127
42159
42187
42216
42253
42281
42321
42355
42391
42434
42466
42498
42523
42554
42588
42630
42655
42686
42719
42758
42794
42832
42862
42899
42929
42960
42995
43029
43056
43091
43127
43170
43201
43229
43263
43299
43328
43362
43391
43433
43464
43494
43525
43554
43593
43622
43650
43684
43718
43749
43786
43817
43849
43888
43933
43970
44005
44033
44069
44099
44129
44163
44199
44226
44256
44288
44324
44357
44390
44416
44447
44476
44511
44544
44575
44604
44639
44670
44704
44734
44769
44807
44840
44878
44913
44943
44970
44994
45021
45052
45084
45109
45139
45172
45201
45228
45261
45286
45319
45358
45396
45429
45462
45495
45533
45566
45603
45633
45672
45703
45730
45766
45803
45837
45871
45898
45926
45956
45989
46018
46047
46084
46116
46145
46179
46210
46238
46271
46303
46336
46369
46392
46425
46455
46487
46520
46551
46583
46606
46638
46668
46695
46722
46749
46777
46805
46832
46868
46906
46941
46973
47008
47040
47072
47099
47127
47157
47187
47224
47257
47286
47317
47350
47386
47420
47455
47493
47524
47562
47597
47630
47663
47696
47727
47759
47792
47828
47865
47892
47922
47949
47978
48011
48038
48075
48105
48138
48166
48189
48222
48261
48292
48332
48367
48395
48430
48464
48500
48537
48570
48601
48628
48662
48695
48732
48760
48790
48827
48851
48886
48912
48943
48981
49013
49040
49068
49098
49127
49164
49194
49220
49256
49286
49316
49346
49380
49414
49442
49470
49500
49531
49565
49590
49619
49648
49686
49723
49755
49785
49816
49841
49867
49900
49929
49957
49991
50021
50056
50090
50127
50154
50189
50224
50261
50294
50321
50361
50392
50425
50451
50481
50509
50540
50566
50601
50628
50656
50685
50715
50751
50780
50808
50841
50876
50911
50944
50973
51004
51038
51071
51105
51130
51157
51188
51223
51255
51286
51324
51357
51390
51428
51456
51489
51518
51552
51583
51610
51640
51673
51711
51742
51773
51807
51837
51874
51910
51941
51971
52003
52040
52080
52107
52134
52165
52190
52226
52264
52299
52332
52363
52396
52431
52463
52495
52524
52551
52584
52620
52651
52684
52714
52744
52776
52808
52837
52863
52893
52926
52959
52983
53015
53046
53078
53113
53148
53183
53215
53244
53274
53301
53331
53368
53396
53429
53461
53497
53529
53566
53600
53635
53671
53705
53739
53770
53796
53828
53861
53894
53926
53959
53987
54011
54046
54073
54101
54139
54173
54208
54234
54261
54294
54329
54363
54395
54423
54452
54483
54510
54541
54572
54604
54633
54668
54710
54747
54780
54815
54847
54884
54920
54954
54985
55020
55054
55090
55119
55152
55183
55211
55239
55272
55301
55324
55354
55382
55416
55447
55480
55519
55552
55582
55617
55648
55679
55709
55739
55764
55796
55826
55853
55880
55910
55947
55981
56015
56047
56079
56107
56137
56169
56201
56230
56263
56296
56325
56356
56385
56413
56438
56467
56502
56532
56566
56602
56629
56657
56686
56718
56745
56777
56810
56840
56875
56903
56936
56966
56997
57028
57057
57089
57118
57149
57182
57213
57249
57281
57316
57350
57386
57422
57455
57484
57523
57552
57585
57619
57659
57689
57731
57756
57790
57829
57863
57898
57931
57968
58000
58034
58072
58105
58140
58166
58201
58236
58264
58309
58347
58383
58415
58443
58476
58502
58531
58560
58602
58632
58660
58686
58718
58755
58792
58820
58854
58885
58917
58958
58997
59029
59065
59090
59120
59155
59183
59214
59244
59275
59310
59346
59374
59413
59451
59480
59514
59548
59578
59609
59639
59671
59700
59737
59772
59807
59839
59864
59896
59925
59958
59993
60025
60056
60091
60128
60155
60187
60227
60260
60297
60325
60361
60393
60418
60449
60483
60518
60550
60582
60611
60640
60672
60702
60736
60769
60809
60844
60873
60898
60929
60955
60998
61033
61072
61103
61134
61166
61196
61229
61259
61294
61320
61356
61381
61415
61446
61479
61510
61547
61576
61609
61648
61681
61715
61751
61779
61811
61846
61873
61904
61932
61965
61992
62020
62053
62090
62123
62161
62190
62220
62250
62277
62308
62337
62374
62415
62444
62477
62505
62552
62581
62614
62653
62687
62719
62753
62779
62806
62839
62877
62910
62949
62984
63015
63046
63073
63109
63149
63180
63216
63243
63273
63312
63350
63379
63415
63453
63491
63536
63571
63612
63646
63673
63706
63735
63771
63805
63834
63864
63894
63928
63964
63999
64035
64066
64096
64124
64156
64186
64218
64248
64279
64312
64346
64380
64416
64446
64474
64505
64538
64569
64611
64637
64676
64712
64756
64789
64814
64847
64877
64905
64942
64976
65009
65045
65077
65113
65148
65181
65220
65257
65289
65319
65348
65384
65425
65456
65487
65515
65542
65569
65596
65627
65656
65698
65734
65768
65792
65822
65856
65883
65912
65945
65978
66010
66036
66063
66098
66135
66169
66199
66226
66256
66291
66323
66359
66400
66431
66466
66498
66531
66562
66589
66618
66650
66686
66718
66746
66781
66813
66845
66876
66903
66939
66971
67000
67037
67066
67100
67134
67163
67199
67227
67255
67286
67318
67346
67376
67407
67443
67473
67501
67531
67565
67602
67636
67673
67706
67732
67764
67795
67824
67848
67879
67916
67946
67976
68008
68041
68076
68102
68134
68170
68196
68234
68263
68296
68323
68355
68387
68417
68451
68485
68515
68539
68575
68609
68637
68667
68698
68730
68765
68794
68822
68849
68875
68908
68933
68958
68988
69017
69053
69093
69130
69159
69195
69227
69263
69294
69322
69345
69376
69404
69434
69469
69500
69538
69570
69601
69633
69666
69693
69721
69749
69781
69814
69839
69868
69898
69929
69956
69989
70026
70058
70099
70130
70158
70193
70229
70270
70304
70340
70373
70405
70440
70476
70509
70541
70569
70592
70624
70659
70689
70721
70755
70781
70813
70847
70877
70908
70942
70975
71007
71032
71065
71099
71134
71162
71192
71228
71253
71277
71304
71348
71372
71399
71427
71460
71492
71531
71561
71588
71621
71646
71687
71724
71757
71787
71816
71850
71881
71922
71959
71991
72025
72062
72089
72113
72142
72172
72204
72238
72274
72302
72328
72358
72393
72418
72448
72476
72504
72533
72565
72595
72629
72658
72692
72721
72753
72785
72821
72848
72881
72910
72941
72969
73003
73029
73057
73083
73119
73145
73175
73202
73237
73262
73292
73326
73354
73388
73416
73451
73487
73523
73565
73594
73625
73658
73685
73711
73743
73768
73797
73836
73861
73889
73923
73947
73980
74008
74039
74064
74089
74125
74159
74195
74227
74254
74282
74316
74344
74381
74414
74444
74477
74509
74544
74584
74618
74647
74678
74709
74739
74764
74793
74823
74864
74895
74924
74963
74999
75026
75060
75089
75119
75147
75183
75217
75246
75273
75300
75332
75362
75389
75418
75447
75477
75509
75550
75585
75620
75656
75692
75721
75745
75776
75803
75834
75870
75896
75930
75964
75997
76031
76061
76091
76117
76148
76184
76212
76237
76264
76293
76324
76353
76386
76414
76440
76468
76497
76527
76551
76585
76615
76643
76675
76706
76735
76767
76793
76817
76849
76882
76912
76941
76974
77005
77031
77066
77097
77129
77158
77195
77228
77252
77282
77313
77343
77370
77401
77432
77465
77495
77527
77559
77587
77618
77647
77677
77704
77730
77758
77790
77823
77853
77895
77926
77955
77984
78017
78053
78082
78117
78162
78200
78233
78262
78292
78317
78348
78375
78402
78431
78469
78501
78534
78571
78596
78625
78653
78686
78718
78750
78780
78813
78841
78869
78901
78927
78967
79003
79029
79062
79094
79123
79151
79180
79210
79237
79273
79298
79328
79361
79393
79424
79459
79489
79525
79559
79590
79616
79647
79685
79717
79749
79782
79814
79848
79879
79908
79939
79965
79995
80025
80054
80082
80105
80135
80162
80196
80223
80256
80288
80319
80346
80376
80406
80436
80464
80503
80531
80563
80586
80622
80652
80677
80708
80738
80766
80789
80825
80855
80883
80912
80940
80971
81004
81032
81057
81090
81121
81151
81183
81210
81237
81268
81297
81327
81355
81382
81413
81442
81473
81499
81526
81555
81586
81615
81647
81680
81713
81745
81775
81804
81836
81860
81888
81916
81943
81973
82008
82037
82074
82102
82135
82165
82200
82226
82261
82290
82320
82344
82376
82406
82432
82457
82485
82517
82550
82579
82604
82636
82665
82690
82717
82748
82779
82807
82838
82865
82893
82921
82952
82981
83009
83041
83066
83105
83141
83175
83198
83228
83256
83287
83313
83337
83368
83400
83432
83465
83490
83526
83552
83579
83607
83638
83668
83696
83730
83766
83793
83821
83847
83884
83916
83945
83976
84000
84033
84059
84088
84119
84150
84180
84208
84240
84266
84302
84330
84357
84388
84417
84450
84478
84510
84532
84562
84590
84622
84650
84685
84710
84741
84773
84798
84825
84852
84880
84910
84946
84971
85007
85034
85067
85099
85128
85161
85188
85218
85247
85276
85307
85331
85360
85386
85417
85443
85475
85506
85530
85564
85597
85624
85655
85682
85709
85734
85755
85786
85816
85846
85873
85898
85930
85963
85989
86016
86048
86076
86098
86126
86155
86184
86210
86239
86264
86289
86318
86351
86384
86408
86438
86467
86499
86527
86565
86588
86614
86639
86663
86690
86721
86754
86777
86800
86829
86853
86879
86915
86944
86970
86997
87031
87057
87084
87110
87138
87165
87192
87217
87245
87275
87300
87326
87356
87386
87413
87442
87470
87498
87527
87553
87580
87609
87639
87667
87693
87720
87748
87771
87802
87827
87865
87895
87921
87950
87977
88009
88038
88064
88090
88118
88143
88174
88204
88234
88260
88293
88322
88352
88382
88415
88439
88467
88490
88520
88547
88574
88597
88627
88659
88688
88713
88742
88764
88790
88817
88845
88874
88901
88939
88968
88988
89017
89042
89069
89097
89121
89147
89175
89209
89241
89269
89294
89327
89351
89378
89410
89439
89466
89490
89517
89546
89576
89602
89634
89663
89692
89719
89742
89764
89788
89819
89843
89868
89894
89922
89950
89977
90004
90034
90064
90093
90119
90150
90176
90200
90224
90256
90293
90318
90347
90376
90404
90436
90465
90492
90517
90544
90570
90596
90622
90644
90668
90697
90730
90756
90786
90810
90836
90865
90892
90921
90946
90975
90998
91020
91046
91076
91098
91128
91158
91184
91212
91237
91265
91292
91320
91347
91376
91401
91431
91458
91491
91524
91550
91585
91613
91637
91667
91695
91724
91759
91787
91814
91842
91874
91902
91931
91957
91978
92005
92031
92065
92094
92121
92144
92167
92194
92220
92242
92265
92293
92321
92348
92377
92408
92441
92465
92495
92520
92548
92574
92599
92623
92652
92678
92710
92740
92767
92796
92826
92852
92876
92909
92937
92967
92997
93023
93056
93083
93107
93136
93164
93202
93232
93264
93292
93320
93348
93376
93409
93434
93458
93487
93519
93547
93570
93603
93629
93655
93680
93707
93736
93762
93793
93820
93847
93876
93899
93925
93960
93984
94015
94045
94071
94098
94124
94152
94176
94202
94226
94256
94283
94309
94333
94358
94389
94414
94444
94475
94502
94525
94548
94580
94607
94640
94664
94689
94724
94748
94781
94808
94835
94859
94886
94912
94937
94963
94991
95017
95046
95072
95097
95123
95147
95180
95206
95237
95266
95290
95314
95343
95381
95409
95435
95465
95491
95520
95544
95566
95598
95624
95652
95686
95712
95737
95758
95789
95824
95861
95884
95910
95940
95971
95999
96025
96052
96080
96109
96135
96163
96190
96220
96246
96277
96309
96338
96361
96384
96408
96437
96463
96489
96522
96548
96579
96608
96633
96670
96701
96729
96758
96781
96814
96839
96865
96896
96923
96948
96973
97007
97032
97060
97087
97116
97151
97179
97208
97232
97258
97284
97306
97332
97359
97390
97419
97449
97477
97504
97526
97550
97581
97606
97632
97655
97678
97711
97742
97769
97797
97829
97853
97876
97909
97935
97963
97994
98023
98055
98081
98108
98135
98160
98194
98227
98258
98280
98305
98334
98363
98390
98416
98441
98467
98494
98522
98552
98574
98600
98628
98653
98677
98704
98728
98752
98775
98802
98827
98856
98881
98906
98935
98956
98983
99011
99043
99069
99100
99125
99153
99178
99203
99228
99254
99282
99312
99333
99357
99380
99407
99435
99459
99486
99511
99536
99562
99592
99618
99645
99671
99695
99721
99754
99777
99806
99831
99855
99878
99903
99938
99964
99991
100019
100046
100073
100104
100135
100161
100186
100215
100240
100266
100289
100315
100340
100369
100395
100418
100443
100471
100499
100527
100551
100580
100603
100625
100654
100682
100709
100734
100763
100787
100807
100830
100859
100887
100914
100938
100960
100981
101007
101035
101060
101087
101113
101136
101164
101190
101215
101241
101266
101292
101317
101345
101368
101397
101419
101446
101473
101499
101524
101549
101572
101600
101627
101651
101678
101704
101725
101751
101775
101800
101829
101851
101874
101896
101924
101950
101974
101998
102021
102044
102070
102090
102114
102138
102163
102185
102207
102235
102262
102288
102312
102343
102367
102392
102421
102443
102467
102499
102523
102546
102567
102592
102616
102643
102670
102695
102724
102748
102776
102797
102822
102848
102872
102897
102928
102952
102981
103008
103031
103054
103075
103096
103118
103143
103168
103192
103217
103244
103270
103292
103316
103338
103361
103384
103405
103431
103453
103479
103504
103534
103563
103591
103615
103640
103663
103687
103707
103733
103762
103784
103808
103837
103862
103892
103914
103944
103972
104001
104033
104063
104088
104113
104137
104161
104185
104209
104234
104259
104285
104313
104339
104360
104381
104409
104430
104451
104477
104502
104535
104557
104590
104612
104641
104665
104687
104712
104736
104761
104782
104809
104834
104863
104890
104910
104936
104957
104980
105005
105033
105053
105077
105099
105125
105155
105177
105201
105222
105252
105281
105305
105332
105359
105382
105409
105432
105453
105478
105505
105530
105555
105580
105605
105628
105651
105674
105702
105726
105751
105775
105801
105823
105849
105881
105906
105931
105957
105982
106004
106028
106053
106076
106101
106126
106152
106183
106206
106231
106257
106286
106309
106333
106355
106384
106406
106429
106455
106487
106518
106545
106569
106599
106628
106651
106678
106702
106728
106755
106779
106807
106835
106863
106887
106912
106938
106964
106984
107008
107028
107055
107076
107100
107132
107152
107174
107198
107223
107248
107276
107297
107320
107348
107372
107400
107421
107448
107476
107496
107524
107548
107577
107599
107623
107643
107663
107686
107710
107738
107768
107792
107817
107838
107867
107892
107915
107941
107970
107993
108015
108035
108058
108086
108114
108143
108167
108187
108214
108241
108265
108290
108319
108346
108369
108396
108423
108447
108469
108491
108516
108540
108571
108596
108619
108642
108667
108692
108715
108738
108763
108787
108814
108834
108861
108889
108916
108939
108966
108993
109014
109037
109060
109080
109102
109131
109160
109184
109210
109232
109258
109281
109306
109331
109360
109383
109404
109429
109454
109478
109501
109529
109556
109580
109604
109632
109657
109681
109704
109730
109756
109778
109802
109828
109851
109876
109896
109917
109947
109975
110002
110023
110045
110068
110092
110115
110139
110160
110182
110204
110235
110265
110290
110317
110339
110363
110393
110414
110434
110456
110483
110510
110534
110559
110586
110608
110630
110654
110678
110701
110722
110745
110770
110793
110815
110843
110863
110883
110909
110934
110961
110982
111007
111029
111052
111075
111097
111119
111141
111170
111191
111212
111237
111258
111278
111307
111334
111356
111382
111404
111426
111449
111475
111505
111532
111556
111580
111601
111624
111649
111676
111698
111718
111740
111762
111786
111810
111833
111857
111882
111906
111932
111954
111977
112007
112034
112058
112081
112106
112130
112154
112174
112196
112219
112247
112268
112292
112317
112341
112372
112400
112424
112448
112470
112493
112518
112541
112561
112581
112602
112628
112653
112679
112704
112731
112752
112780
112803
112825
112846
112868
112890
112915
112941
112966
112987
113012
113034
113056
113079
113108
113130
113153
113176
113202
113224
113245
113265
113292
113316
113341
113365
113388
113412
113437
113458
113478
113502
113535
113559
113580
113605
113628
113650
113671
113697
113725
113748
113771
113795
113818
113841
113872
113892
113915
113936
113958
113979
114002
114028
114056
114078
114101
114132
114155
114177
114201
114228
114251
114278
114304
114325
114350
114378
114401
114426
114449
114478
114501
114521
114542
114566
114592
114614
114637
114658
114685
114707
114728
114748
114770
114795
114824
114849
114873
114894
114924
114946
114971
114992
115014
115034
115055
115078
115104
115129
115151
115178
115203
115225
115248
115270
115295
115320
115343
115366
115389
115411
115436
115458
115485
115506
115528
115555
115575
115596
115617
115645
115668
115691
115716
115737
115759
115783
115805
115827
115857
115878
115901
115923
115947
115969
115992
116014
116034
116054
116075
116100
116123
116149
116171
116191
116212
116237
116260
116280
116305
116329
116354
116384
116406
116428
116450
116473
116494
116517
116541
116568
116588
116611
116632
116655
116679
116704
116731
116757
116779
116802
116828
116856
116880
116901
116927
116952
116976
116996
117018
117040
117065
117092
117118
117143
117163
117184
117207
117232
117256
117278
117299
117325
117350
117375
117402
117430
117452
117472
117499
117522
117544
117570
117592
117616
117641
117666
117693
117714
117736
117759
117784
117805
117827
117857
117878
117903
117925
117945
117969
117991
118017
118040
118069
118094
118117
118139
118162
118190
118214
118235
118256
118282
118303
118323
118346
118367
118390
118420
118441
118464
118494
118519
118540
118565
118588
118610
118632
118653
118675
118695
118719
118744
118766
118788
118812
118834
118856
118882
118904
118926
118951
118973
119009
119031
119053
119078
119102
119122
119144
119168
119188
119211
119235
119259
119279
119301
119324
119350
119375
119405
119429
119449
119473
119494
119516
119537
119566
119588
119608
119630
119651
119672
119696
119719
119741
119764
119787
119811
119837
119861
119886
119907
119932
119956
119983
120004
120029
120052
120077
120101
120121
120141
120164
120187
120214
120235
120256
120282
120306
120327
120350
120377
120403
120424
120447
120468
120488
120511
120532
120554
120574
120596
120619
120645
120667
120694
120715
120739
120761
120788
120810
120838
120861
120883
120905
120929
120949
120971
120993
121015
121039
121064
121086
121108
121128
121149
121169
121194
121215
121240
121263
121285
121306
121328
121351
121376
121400
121428
121450
121473
121497
121517
121537
121558
121579
121602
121628
121654
121675
121695
121716
121736
121758
121778
121798
121819
121843
121867
121893
121917
121940
121963
121985
122007
122027
122051
122075
122097
122117
122139
122163
122184
122205
122225
122252
122279
122299
122324
122344
122366
122386
122412
122433
122457
122480
122506
122527
122552
122576
122601
122624
122646
122668
122690
122712
122734
122758
122779
122802
122822
122847
122868
122892
122915
122940
122962
122984
123006
123027
123049
123071
123092
123117
123137
123161
123189
123209
123230
123252
123278
123301
123325
123348
123374
123402
123423
123447
123472
123492
123512
123535
123556
123581
123601
123622
123642
123665
123685
123707
123728
123750
123773
123797
123821
123845
123870
123891
123913
123935
123957
123980
124000
124022
124043
124065
124089
124114
124137
124161
124183
124211
124231
124253
124274
124298
124319
124344
124367
124388
124409
124436
124458
124478
124498
124525
124551
124573
124594
124615
124637
124661
124682
124703
124723
124743
124765
124786
124807
124829
124850
124871
124900
124922
124944
124965
124985
125005
125027
125048
125069
125089
125109
125129
125153
125173
125194
125214
125237
125259
125279
125301
125323
125343
125366
125389
125411
125433
125457
125477
125497
125519
125541
125562
125584
125605
125631
125658
125682
125703
125725
125748
125769
125792
125816
125838
125860
125882
125906
125927
125950
125970
125994
126019
126045
126068
126089
126117
126139
126159
126179
126200
126223
126246
126268
126290
126311
126335
126355
126378
126399
126419
126440
126463
126485
126506
126532
126552
126574
126596
126620
126640
126661
126684
126705
126726
126749
126770
126792
126813
126834
126856
126878
126901
126930
126950
126970
126990
127010
127033
127057
127078
127099
127119
127142
127167
127188
127211
127231
127251
127271
127293
127314
127335
127358
127378
127400
127420
127441
127465
127486
127508
127529
127551
127572
127595
127617
127637
127657
127678
127698
127719
127742
127763
127786
127809
127831
127856
127878
127904
127927
127949
127970
127992
128013
128036
128056
128077
128097
128117
128143
128163
128184
128204
128228
128251
128274
128296
128317
128339
128360
128381
128402
128426
128456
128477
128498
128519
128543
128563
128585
128605
128625
128648
128668
128690
128710
128731
128752
128775
128795
128816
128839
128862
128888
128910
128931
128951
128974
128996
129017
129038
129059
129081
129101
129123
129143
129163
129184
129205
129225
129247
129270
129290
129312
129337
129361
129381
129405
129426
129447
129471
129492
129513
129534
129554
129575
129597
129617
129638
129658
129680
129703
129724
129745
129766
129786
129807
129830
129852
129875
129897
129920
129947
129969
129991
130017
130037
130058
130081
130101
130123
130143
130164
130185
130205
130229
130249
130272
130292
130315
130339
130362
130382
130405
130429
130450
130470
130491
130511
130533
130556
130577
130603
130626
130646
130666
130692
130714
130735
130756
130777
130799
130820
130842
130864
130885
130905
130925
130951
130971
130991
131011
131032
131052
131074
131095
131118
131140
131161
131184
131207
131228
131251
131272
131292
131314
131336
131357
131378
131398
131421
131443
131466
131489
131511
131532
131552
131572
131595
131618
131639
131660
131680
131701
131721
131745
131767
131789
131809
131829
131849
131870
131890
131911
131932
131953
131974
131995
132015
132036
132056
132077
132099
132119
132139
132160
132180
132203
132224
132244
132265
132287
132310
132331
132351
132372
132395
132415
132437
132457
132477
132498
132518
132542
132562
132584
132605
132627
132647
132668
132688
132710
132733
132755
132775
132795
132815
132835
132855
132878
132899
132921
132944
132966
132986
133006
133026
133046
133068
133088
133109
133133
133153
133173
133194
133215
133238
133258
133278
133299
133320
133343
133365
133385
133407
133427
133447
133467
133491
133512
133533
133554
133574
133594
133616
133638
133660
133680
133702
133723
133743
133766
133786
133806
133826
133848
133868
133891
133912
133932
133952
133972
134000
134033
134055
134075
134095
134118
134138
134158
134180
134200
134222
134245
134265
134287
134308
134328
134348
134371
134391
134411
134431
134452
134473
134494
134514
134534
134555
134575
134597
134619
134639
134659
134680
134701
134727
134750
134774
134794
134820
134841
134861
134889
134910
134930
134951
134972
134992
135015
135037
135059
135079
135102
135122
135144
135165
135186
135206
135226
135247
135269
135290
135311
135331
135355
135376
135398
135418
135438
135459
135479
135499
135519
135539
135559
135579
135599
135619
135639
135660
135684
135705
135725
135745
135766
135789
135810
135831
135851
135871
135894
135914
135934
135954
135974
135995
136016
136036
136056
136079
136101
136122
136148
136172
136192
136212
136232
136252
136272
136297
136320
136341
136363
136384
136404
136426
136449
136469
136489
136510
136531
136551
136571
136593
136616
136636
136660
136683
136703
136725
136747
136767
136787
136808
136828
136848
136870
136890
136910
136934
136954
136974
137002
137024
137044
137064
137084
137104
137124
137144
137164
137186
137207
137228
137248
137268
137288
137310
137331
137351
137371
137392
137413
137433
137455
137476
137500
137520
137540
137560
137580
137602
137622
137642
137664
137685
137709
137729
137749
137769
137789
137809
137831
137851
137871
137891
137911
137933
137953
137974
137994
138014
138034
138055
138075
138095
138116
138136
138156
138176
138196
138216
138236
138256
138277
138298
138318
138339
138359
138380
138400
138421
138441
138461
138483
138503
138523
138544
138564
138587
138607
138627
138650
138671
138691
138711
138731
138751
138772
138795
138820
138842
138862
138882
138902
138923
138949
138969
138989
139009
139029
139050
139070
139090
139113
139134
139154
139174
139194
139214
139234
139254
139274
139294
139314
139334
139354
139376
139398
139419
139441
139465
139485
139506
139526
139546
139566
139589
139610
139630
139651
139671
139691
139712
139732
139755
139776
139796
139816
139840
139860
139884
139904
139925
139947
139968
139988
140010
140031
140051
140073
140094
140116
140136
140156
140177
140197
140217
140238
140258
140279
140301
140322
140342
140362
140382
140402
140423
140444
140464
140485
140505
140525
140547
140567
140591
140611
140631
140651
140671
140692
140714
140734
140754
140774
140794
140814
140841
140861
140882
140904
140924
140944
140964
140985
141005
141027
141048
141068
141088
141108
141128
141148
141168
141188
141208
141228
141248
141268
141288
141308
141328
141348
141369
141391
141413
141433
141454
141474
141494
141514
141535
141556
141579
141600
141620
141644
141664
141684
141704
141724
141744
141764
141784
141804
141824
141844
141864
141884
141904
141926
141946
141967
141989
142009
142031
142051
142071
142092
142112
142132
142152
142173
142193
142213
142234
142254
142275
142295
142315
142338
142358
142382
142404
142424
142444
142467
142488
142508
142528
142551
142579
142600
142620
142640
142661
142681
142701
142721
142742
142762
142782
142802
142824
142844
142864
142884
142904
142925
142947
142967
142991
143012
143032
143052
143072
143092
143112
143132
143152
143172
143192
143212
143232
143253
143274
143298
143318
143338
143358
143378
143398
143419
143440
143460
143483
143504
143524
143544
143564
143584
143604
143624
143648
143668
143689
143710
143730
143750
143771
143793
143815
143836
143857
143877
143898
143918
143938
143958
143979
144000
144021
144041
144062
144082
144102
144122
144143
144163
144183
144203
144223
144243
144263
144283
144303
144323
144344
144364
144384
144404
144424
144444
144464
144484
144505
144525
144545
144566
144586
144606
144626
144646
144666
144686
144711
144731
144751
144772
144792
144812
144832
144852
144872
144892
144914
144934
144954
144974
144994
145015
145035
145055
145075
145095
145115
145135
145155
145176
145196
145216
145236
145256
145277
145297
145318
145338
145360
145380
145401
145421
145441
145461
145481
145501
145521
145541
145561
145581
145601
145622
145642
145663
145683
145703
145723
145743
145763
145783
145803
145823
145844
145864
145884
145904
145924
145944
145964
145984
146005
146025
146045
146066
146086
146106
146126
146147
146167
146187
146208
146228
146249
146269
146289
146309
146330
146350
146370
146390
146410
146430
146450
146471
146491
146511
146531
146551
146572
146592
146612
146632
146653
146674
146695
146715
146735
146755
146775
146795
146815
146835
146857
146877
146897
146917
146937
146958
146978
146999
147019
147039
147059
147079
147099
147119
147139
147159
147179
147200
147220
147240
147260
147281
147301
147321
147341
147361
147381
147401
147421
147441
147461
147481
147502
147522
147542
147562
147582
147602
147622
147642
147662
147682
147702
147722
147742
147762
147782
147802
147822
147843
147863
147883
147903
147923
147943
147963
147983
148003
148023
148043
148063
148083
148103
148123
148143
148165
148185
148205
148225
148246
148266
148287
148307
148327
148347
148367
148387
148407
148429
148449
148469
148489
148509
148529
148549
148569
148589
148609
148629
148649
148669
148690
148711
148733
148753
148773
148793
148816
148836
148856
148876
148896
148916
148937
148957
148977
148997
149017
149037
149057
149077
149097
149117
149137
149157
149177
149197
149217
149237
149257
149277
149297
149319
149339
149359
149379
149399
149419
149439
149461
149485
149505
149525
149545
149565
149585
149606
149626
149646
149666
149686
149707
149727
149747
149767
149788
149808
149828
149848
149868
149888
149908
149928
149948
149968
149989
150009
150029
150049
150069
150089
150109
150129
150149
150172
150193
150213
150233
150253
150273
150293
150314
150335
150355
150375
150395
150415
150435
150455
150478
150498
150518
150538
150559
150579
150599
150619
150641
150661
150681
150701
150721
150741
150762
150782
150802
150822
150842
150862
150883
150903
150923
150943
150963
150984
151004
151025
151045
151065
151087
151108
151129
151149
151169
151189
151209
151229
151249
151269
151289
151309
151329
151349
151369
151389
151409
151429
151449
151471
151491
151514
151534
151554
151574
151594
151615
151635
151655
151676
151697
151717
151737
151757
151777
151797
151818
151838
151858
151878
151900
151920
151940
151963
151983
152004
152024
152044
152064
152086
152106
152126
152146
152166
152186
152206
152227
152249
152269
152289
152309
152329
152349
152370
152390
152410
152431
152451
152472
152492
152512
152532
152552
152573
152593
152613
152633
152655
152675
152695
152715
152735
152755
152775
152797
152817
152837
152857
152877
152897
152919
152940
152961
152981
153001
153021
153041
153062
153082
153102
153122
153142
153162
153182
153202
153222
153242
153262
153282
153303
153323
153343
153363
153384
153404
153424
153444
153464
153484
153504
153524
153545
153565
153585
153605
153625
153645
153665
153685
153705
153725
153745
153765
153785
153805
153825
153845
153865
153885
153906
153927
153947
153967
153988
154008
154028
154048
154068
154088
154109
154129
154149
154169
154189
154209
154229
154249
154269
154289
154310
154330
154350
154370
154390
154410
154430
154452
154472
154492
154512
154532
154552
154572
154592
154612
154632
154652
154672
154692
154713
154733
154753
154773
154793
154813
154834
154854
154874
154895
154915
154935
154955
154975
154996
155016
155036
155057
155077
155097
155117
155137
155158
155179
155199
155220
155240
155260
155281
155303
155323
155346
155366
155386
155406
155426
155446
155466
155486
155506
155526
155546
155566
155587
155607
155627
155648
155668
155688
155708
155729
155749
155770
155790
155810
155831
155853
155873
155893
155913
155933
155953
155973
155993
156016
156036
156056
156076
156096
156116
156136
156157
156177
156197
156217
156237
156257
156278
156298
156319
156340
156361
156381
156401
156421
156442
156463
156483
156503
156523
156543
156563
156583
156603
156623
156643
156663
156683
156706
156727
156748
156768
156788
156808
156828
156849
156869
156889
156909
156929
156949
156969
156989
157009
157029
157049
157069
157089
157109
157130
157150
157171
157191
157211
157232
157252
157272
157292
157313
157333
157353
157373
157393
157413
157433
157453
157473
157493
157515
157536
157556
157576
157596
157616
157636
157656
157676
157697
157717
157737
157758
157778
157799
157819
157839
157859
157879
157901
157921
157941
157963
157983
158003
158024
158044
158064
158086
158106
158126
158146
158166
158187
158207
158227
158247
158267
158289
158309
158330
158350
158370
158390
158410
158430
158450
158470
158491
158511
158531
158551
158572
158592
158612
158632
158652
158672
158692
158713
158733
158753
158773
158793
158813
158833
158855
158875
158895
158915
158935
158955
158976
158997
159017
159037
159058
159078
159098
159118
159138
159158
159178
159198
159218
159238
159258
159278
159298
159318
159338
159360
159380
159400
159420
159440
159460
159481
159501
159521
159541
159561
159583
159604
159625
159645
159665
159685
159705
159725
159745
159765
159785
159805
159826
159846
159866
159886
159906
159926
159947
159968
159989
160009
160029
160050
160070
160090
160110
160130
160150
160170
160190
160210
160231
160251
160272
160292
160312
160332
160352
160372
160392
160412
160432
160452
160472
160494
160514
160534
160554
160574
160594
160616
160636
160656
160676
160697
160717
160737
160758
160778
160798
160818
160838
160858
160878
160899
160920
160940
160961
160981
161001
161021
161041
161061
161081
161104
161124
161145
161165
161185
161205
161225
161245
161265
161285
161305
161325
161345
161365
161385
161405
161425
161447
161467
161488
161508
161528
161550
161571
161591
161613
161633
161653
161673
161693
161713
161733
161753
161774
161794
161815
161836
161856
161876
161896
161916
161936
161956
161976
161996
162016
162036
162056
162077
162097
162117
162137
162157
162177
162197
162218
162238
162258
162278
162298
162318
162338
162359
162379
162400
162420
162440
162460
162481
162501
162521
162541
162561
162581
162601
162623
162645
162665
162685
162705
162726
162747
162767
162787
162807
162827
162848
162868
162889
162910
162930
162950
162970
162990
163010
163030
163050
163070
163090
163110
163130
163151
163172
163192
163212
163232
163252
163272
163292
163312
163332
163352
163372
163392
163412
163432
163452
163473
163495
163516
163536
163556
163576
163596
163616
163636
163656
163676
163697
163717
163739
163760
163780
163800
163820
163841
163861
163882
163902
163922
163942
163962
163982
164002
164022
164043
164063
164083
164103
164123
164143
164164
164184
164205
164225
164245
164266
164286
164306
164326
164346
164366
164386
164406
164426
164446
164466
164486
164506
164526
164546
164566
164586
164606
164626
164646
164666
164687
164707
164727
164747
164768
164788
164809
164829
164849
164869
164889
164909
164930
164950
164971
164994
165014
165034
165054
165074
165095
165115
165135
165155
165175
165195
165215
165235
165255
165275
165295
165315
165335
165355
165375
165396
165416
165436
165456
165476
165496
165516
165536
165556
165576
165597
165617
165637
165657
165677
165697
165717
165737
165758
165780
165800
165820
165841
165862
165883
165903
165923
165944
165964
165984
166004
166024
166044
166064
166085
166106
166126
166146
166166
166186
166206
166226
166246
166266
166286
166306
166326
166347
166367
166387
166407
166427
166448
166468
166488
166508
166528
166548
166568
166589
166609
166629
166649
166669
166689
166709
166729
166749
166770
166790
166810
166830
166850
166870
166890
166910
166931
166951
166971
166991
167011
167032
167052
167072
167092
167112
167132
167152
167172
167192
167212
167232
167252
167272
167292
167312
167333
167353
167373
167393
167414
167434
167454
167474
167494
167514
167534
167554
167574
167594
167614
167634
167654
167674
167694
167714
167734
167754
167774
167794
167814
167834
167854
167874
167894
167914
167935
167955
167975
167995
168015
168035
168055
168075
168095
168115
168135
168155
168175
168195
168215
168235
168255
168275
168295
168316
168337
168357
168379
168399
168419
168439
168459
168479
168499
168519
168539
168559
168579
168599
168619
168639
168659
168679
168699
168719
168739
168759
168779
168799
168819
168839
168859
168879
168899
168919
168939
168960
168980
169000
169022
169042
169062
169082
169102
169122
169142
169164
169184
169204
169224
169244
169264
169284
169304
169324
169344
169364
169384
169404
169425
169445
169465
169485
169505
169526
169546
169566
169586
169606
169626
169646
169668
169688
169708
169728
169748
169768
169788
169808
169828
169848
169868
169888
169909
169929
169950
169971
169991
170011
170032
170052
170072
170092
170113
170133
170153
170173
170193
170213
170233
170253
170273
170293
170313
170334
170354
170374
170394
170414
170434
170454
170474
170494
170514
170534
170554
170574
170594
170614
170635
170655
170675
170695
170715
170735
170755
170775
170795
170815
170835
170856
170876
170896
170916
170936
170956
170976
170996
171016
171037
171057
171077
171097
171118
171138
171160
171180
171200
171220
171240
171262
171282
171302
171323
171343
171363
171384
171404
171424
171444
171465
171485
171505
171525
171545
171565
171587
171607
171627
171647
171667
171687
171707
171727
171747
171767
171787
171807
171827
171848
171868
171889
171909
171929
171949
171969
171989
172009
172029
172049
172069
172089
172109
172129
172149
172169
172189
172209
172229
172249
172269
172289
172310
172332
172352
172372
172392
172412
172432
172452
172472
172492
172512
172533
172553
172573
172593
172613
172633
172653
172673
172694
172714
172734
172754
172774
172794
172814
172834
172854
172874
172895
172916
172936
172957
172977
172997
173017
173037
173057
173077
173097
173117
173137
173157
173177
173197
173217
173237
173257
173277
173298
173321
173342
173362
173382
173406
173427
173447
173467
173488
173508
173528
173549
173570
173590
173610
173630
173650
173670
173690
173710
173730
173750
173770
173790
173810
173830
173851
173871
173891
173911
173931
173951
173972
173992
174012
174033
174053
174073
174093
174113
174133
174153
174173
174193
174213
174233
174254
174274
174294
174314
174334
174354
174374
174394
174414
174434
174454
174475
174495
174516
174536
174556
174576
174596
174617
174638
174659
174679
174699
174722
174742
174762
174782
174802
174822
174842
174862
174882
174902
174922
174942
174962
174982
175002
175022
175042
175063
175083
175103
175123
175143
175163
175183
175204
175224
175245
175265
175285
175305
175325
175346
175367
175388
175409
175429
175449
175469
175489
175509
175530
175550
175571
175591
175611
175631
175651
175671
175691
175711
175731
175751
175771
175792
175812
175833
175853
175873
175894
175914
175935
175955
175975
175995
176016
176036
176056
176077
176097
176117
176138
176158
176178
176199
176219
176240
176260
176281
176301
176321
176341
176361
176381
176401
176421
176441
176461
176481
176501
176521
176541
176561
176581
176601
176621
176642
176662
176682
176702
176722
176742
176762
176782
176802
176822
176843
176863
176884
176904
176924
176944
176965
176985
177005
177026
177048
177068
177088
177108
177128
177148
177168
177188
177208
177228
177248
177268
177288
177308
177328
177348
177368
177388
177408
177428
177448
177468
177489
177511
177531
177551
177571
177591
177611
177631
177651
177671
177691
177711
177731
177751
177771
177791
177811
177831
177851
177871
177891
177913
177933
177953
177973
177993
178013
178033
178053
178074
178094
178114
178134
178154
178174
178194
178214
178234
178254
178274
178294
178314
178334
178355
178375
178396
178416
178437
178458
178478
178498
178518
178538
178558
178578
178598
178618
178638
178658
178678
178698
178718
178739
178759
178779
178799
178819
178839
178859
178879
178899
178919
178939
178959
178980
179001
179022
179042
179062
179082
179102
179122
179142
179162
179182
179202
179222
179242
179262
179282
179302
179323
179344
179365
179385
179407
179428
179449
179469
179489
179509
179529
179549
179569
179589
179609
179629
179649
179669
179689
179709
179730
179750
179770
179790
179810
179832
179852
179872
179892
179913
179933
179953
179973
179993
180013
180033
180053
180073
180093
180114
180134
180154
180174
180194
180214
180234
180254
180275
180295
180315
180335
180355
180375
180395
180415
180435
180455
180475
180495
180515
180535
180555
180575
180595
180617
180637
180657
180677
180698
180718
180738
180758
180778
180799
180819
180839
180859
180879
180899
180919
180939
180959
180979
180999
181019
181039
181059
181079
181099
181119
181140
181161
181181
181201
181222
181242
181262
181282
181302
181322
181342
181362
181382
181403
181423
181443
181463
181485
181505
181526
181546
181566
181586
181606
181626
181646
181666
181686
181706
181728
181748
181768
181788
181808
181828
181848
181868
181888
181912
181933
181954
181974
181994
182014
182034
182054
182074
182094
182114
182134
182154
182175
182196
182216
182236
182256
182276
182297
182317
182337
182357
182377
182398
182418
182438
182458
182478
182498
182518
182538
182558
182578
182598
182618
182638
182658
182678
182698
182718
182738
182758
182778
182798
182818
182838
182858
182878
182898
182918
182938
182958
182978
182998
183019
183039
183059
183079
183099
183119
183139
183159
183179
183199
183219
183239
183259
183279
183299
183319
183339
183359
183379
183399
183419
183439
183459
183479
183499
183519
183540
183560
183580
183600
183620
183640
183660
183680
183700
183720
183740
183760
183780
183801
183821
183841
183863
183883
183903
183923
183943
183963
183983
184003
184023
184043
184063
184083
184103
184123
184143
184163
184183
184203
184226
184246
184267
184287
184307
184327
184347
184367
184387
184407
184427
184448
184468
184488
184508
184528
184548
184568
184589
184609
184629
184649
184669
184689
184709
184729
184749
184769
184789
184809
184829
184849
184869
184889
184909
184929
184949
184969
184989
185009
185029
185049
185069
185089
185109
185129
185152
185172
185192
185212
185232
185252
185272
185292
185312
185332
185352
185372
185392
185412
185432
185452
185472
185492
185512
185532
185553
185573
185593
185613
185633
185653
185673
185693
185713
185733
185754
185774
185794
185815
185835
185855
185875
185895
185916
185936
185956
185976
185996
186016
186036
186056
186076
186096
186116
186136
186156
186176
186196
186217
186237
186257
186277
186297
186317
186337
186357
186377
186397
186417
186437
186457
186477
186497
186518
186538
186559
186579
186599
186619
186639
186659
186679
186699
186719
186739
186759
186779
186799
186820
186840
186860
186880
186900
186920
186941
186961
186981
187003
187023
187043
187063
187084
187104
187124
187145
187165
187185
187205
187225
187246
187266
187286
187306
187326
187346
187366
187386
187406
187426
187446
187466
187486
187506
187526
187546
187566
187586
187606
187626
187646
187666
187686
187706
187726
187746
187766
187786
187806
187826
187846
187866
187887
187908
187928
187949
187969
187989
188009
188030
188050
188070
188090
188111
188131
188153
188173
188194
188214
188234
188255
188275
188295
188315
188335
188355
188375
188395
188415
188435
188455
188475
188495
188515
188535
188555
188575
188595
188615
188636
188656
188678
188698
188718
188738
188758
188778
188798
188818
188838
188859
188879
188899
188919
188939
188959
188980
189000
189020
189040
189060
189080
189100
189120
189140
189161
189182
189202
189222
189242
189262
189282
189302
189322
189342
189362
189382
189402
189422
189442
189462
189482
189502
189522
189543
189563
189583
189603
189625
189645
189665
189685
189705
189725
189745
189765
189786
189806
189826
189846
189868
189888
189908
189929
189949
189969
189989
190009
190029
190049
190069
190089
190109
190129
190149
190169
190189
190209
190229
190249
190270
190290
190310
190330
190351
190371
190391
190411
190431
190451
190472
190493
190513
190533
190553
190573
190593
190613
190634
190654
190674
190695
190715
190735
190755
190775
190795
190815
190835
190856
190876
190896
190916
190936
190956
190978
190998
191018
191038
191058
191078
191098
191118
191139
191159
191179
191199
191219
191240
191260
191280
191302
191322
191342
191362
191382
191403
191425
191445
191465
191485
191505
191525
191545
191565
191585
191605
191627
191647
191667
191687
191707
191727
191747
191767
191787
191807
191828
191848
191868
191888
191909
191929
191949
191969
191989
192009
192029
192049
192069
192089
192109
192129
192150
192171
192191
192211
192231
192251
192271
192292
192312
192333
192354
192374
192394
192414
192434
192454
192474
192494
192514
192534
192554
192574
192595
192615
192636
192656
192676
192696
192716
192737
192757
192777
192797
192817
192837
192857
192877
192897
192917
192938
192958
192978
192998
193018
193038
193058
193078
193098
193118
193138
193159
193180
193200
193220
193240
193260
193280
193300
193320
193340
193360
193380
193400
193420
193441
193461
193481
193502
193523
193543
193563
193583
193603
193624
193644
193664
193685
193706
193727
193747
193769
193791
193811
193831
193851
193871
193891
193911
193931
193951
193971
193991
194012
194032
194052
194072
194094
194114
194134
194154
194174
194195
194215
194235
194255
194275
194295
194315
194335
194355
194375
194395
194415
194436
194456
194477
194497
194518
194538
194558
194578
194598
194619
194639
194659
194679
194699
194719
194739
194759
194779
194799
194819
194839
194859
194879
194900
194920
194940
194960
194980
195001
195024
195044
195064
195085
195105
195126
195146
195166
195187
195208
195228
195250
195270
195291
195311
195331
195351
195371
195391
195411
195431
195452
195472
195492
195512
195532
195552
195572
195592
195612
195632
195652
195672
195693
195713
195733
195753
195774
195795
195816
195838
195859
195879
195899
195919
195939
195959
195979
195999
196019
196039
196059
196079
196101
196121
196142
196162
196183
196204
196224
196244
196264
196286
196306
196327
196347
196367
196388
196408
196428
196448
196468
196488
196509
196529
196551
196571
196591
196611
196631
196651
196671
196692
196712
196732
196754
196774
196794
196814
196834
196854
196874
196895
196915
196935
196955
196975
196995
197015
197037
197057
197077
197097
197117
197137
197158
197178
197198
197218
197239
197259
197279
197299
197319
197340
197360
197380
197400
197420
197441
197461
197481
197502
197522
197542
197562
197582
197602
197623
197643
197663
197683
197704
197724
197744
197764
197784
197804
197824
197844
197864
197884
197904
197924
197944
197965
197985
198005
198025
198045
198065
198085
198105
198127
198148
198168
198188
198208
198228
198248
198268
198288
198308
198328
198349
198369
198389
198409
198429
198450
198471
198492
198512
198532
198552
198572
198592
198613
198634
198655
198678
198698
198718
198738
198762
198782
198803
198826
198848
198868
198888
198908
198931
198954
198974
198996
199017
199039
199062
199082
199108
199130
199150
199170
199190
199212
199233
199258
199279
199302
199324
199346
199369
199392
199413
199436
199459
199481
199504
199525
199546
199567
199589
199611
199632
199653
199674
199698
199721
199743
199764
199786
199807
199833
199856
199879
199901
199922
199944
199965
199985
200008
200034
200056
200078
200101
200124
200144
200167
200188
200208
200228
200254
200274
200295
200317
200339
200361
200381
200401
200421
200446
200469
200489
200509
200530
200552
200575
200600
200620
200641
200662
200685
