0.9543433785438536
0.9606619477272031
0.9607264697551726
0.9543433189392088
0.9479825198650359
0.9671951532363888
0.9671951830387113
0.9671952128410337
0.9511205255985258
0.9575242996215819
0.9736425280570983
0.9543652534484861
0.9639121890068052
0.960790455341339
0.960704684257507
0.9543009698390958
0.9671950340270995
0.9512056708335874
0.9448444545269012
0.9639287590980528
0.9543433487415312
0.9607048332691192
0.9671518802642821
0.9511205255985259
0.963885277509689
0.9607912898063659
0.9543225467205045
0.9607047736644743
0.9671086370944975
0.9735989272594449
0.9607912898063659
0.9607477486133574
0.9511629641056059
0.9543862640857694
0.9575026929378507
0.9575029909610747
0.9607907533645628
0.9576097428798674
0.9448444545269012
0.9542796909809111
0.9607047140598296
0.9543433785438536
0.9607048332691192
0.9769204556941984
0.9576097428798674
0.9607911705970763
0.9607048034667968
0.9448444545269012
0.9607696235179899
0.9606833755969999
0.9607477784156797
0.9607913196086881
0.9511845707893369
0.967151641845703
0.9575243294239041
0.9479612112045285
0.9671411812305449
0.9671950340270995
0.9607047438621519
0.9606834352016447
0.9671521484851835
0.9511205255985258
0.9607913196086881
0.9671086072921751
0.9639068543910978
0.9639067053794859
0.9607048034667968
0.9575243592262267
0.9671789109706876
0.9575242996215819
0.9736424982547758
0.9542796909809111
0.9511845707893369
0.9639875888824462
0.9543219804763792
0.9543438851833342
0.9575678706169125
0.973642587661743
0.9607047736644743
0.9479825198650359
0.9639229774475095
0.9575243294239041
0.9543652534484861
0.9671950638294218
0.9575242996215819
0.9735990166664121
0.9736425280570983
0.9606619477272031
0.9671522080898284
0.9575026929378507
0.9607264697551726
0.9736424982547758
0.9543219804763792
0.9736317396163939
0.9575456976890563
0.9607048332691192
0.970375597476959
0.970375597476959
0.9542796611785886
0.9607484042644499
0.9575242996215819
0.9736425280570983
0.9543863534927366
0.9638852179050443
0.960704684257507
0.9671194553375243
0.9511205255985259
0.9448444545269012
0.9575237631797788
0.9542796611785886
0.960704684257507
0.9607048332691192
0.9606617987155912
0.960704684257507
0.9607482850551604
0.9703807830810546
0.9607050418853759
0.9607048034667968
0.9607048332691192
0.9671789705753323
0.9703917205333709
0.9543652534484861
0.9607470929622648
0.9736425280570983
0.9575242996215819
0.9703864753246305
0.9671515822410581
0.9575026929378507
0.960704684257507
0.9639287590980528
0.9448444545269012
0.9639281928539274
0.9511205255985258
0.9543009996414182
0.9543862938880919
0.973642587661743
0.9479825198650359
0.9639497995376586
0.9735987484455108
0.9607048332691192
0.9607048034667968
0.9735989868640897
0.9448444545269012
0.9607483446598052
0.9671789109706876
0.9671085476875303
0.9834549725055692
0.95756658911705
0.9671522080898284
0.9671629369258881
0.9543222784996032
0.9543439745903012
0.9671357572078703
0.9671407639980314
0.97363144159317
0.9867330491542814
0.9671840965747832
0.9671086072921751
0.9607483446598052
0.9479825198650359
0.9511845707893369
0.9671085476875303
0.9511845707893369
0.9607048332691192
0.967196226119995
0.9639933109283445
0.9607423245906829
0.9671518802642821
0.9736206531524656
0.9607047736644743
0.9735989272594449
0.9543652534484861
0.9704243838787077
0.9512056708335874
0.9607476890087125
0.9607264697551726
0.9575242996215819
0.9607477486133574
0.9479825198650359
0.963885277509689
0.9671086370944975
0.9543222784996032
0.9511845111846923
0.9672493934631345
0.9607484042644499
0.973642587661743
0.9607483744621275
0.9736431241035459
0.9511845111846923
0.9671520888805388
0.9639287590980528
0.9736531376838683
0.9671515822410581
0.9606834352016447
0.9672387242317197
0.957460045814514
0.9607045650482177
0.9543652534484861
0.967151641845703
0.9511845111846923
0.9703863859176634
0.9703540205955503
0.9704296290874479
0.9607048034667968
0.9544289410114286
0.9671085476875303
0.9606617391109465
0.9543649852275847
0.9607048034667968
0.9801332354545592
0.9671521186828612
0.9671515822410581
0.954386234283447
0.9606617689132689
0.980144053697586
0.9543599486351012
0.9607484042644499
0.9607269465923307
0.960704684257507
0.9512056708335874
0.9575243592262267
0.9543433487415312
0.9671521782875059
0.9448444545269012
0.9543439149856565
0.9511205255985258
0.9607913196086881
0.9607484042644499
0.9671515822410582
0.9671522080898284
0.9671086072921751
0.9607483446598052
0.9703754186630247
0.9511205255985259
0.9479825198650359
0.9511205255985258
0.9735990166664121
0.9672060906887053
0.963885277509689
0.9703972935676574
0.9479612112045285
0.9575244188308714
0.957460045814514
0.9575242996215819
0.9671950340270995
0.9736369252204894
0.9543009996414182
0.9671628177165983
0.9607047736644743
0.9672822356224059
0.954343944787979
0.9607484340667723
0.9607483446598052
0.9575243592262267
0.9543433189392088
0.960704684257507
0.9736424982547758
0.963928163051605
0.9607264697551726
0.9575237929821012
0.9638852179050443
0.954343944787979
0.9736313819885252
0.9607484042644499
0.9607484042644499
0.9543862640857694
0.9607484340667723
0.9639068543910978
0.9607048332691192
0.9607047736644743
0.9671518802642821
0.9607048034667968
0.967151641845703
0.9671086370944975
0.9607912003993986
0.9543009698390958
0.9511205255985258
0.9736319482326505
0.9704080522060392
0.9671628475189208
0.9703972935676574
0.9606617689132689
0.9543438851833342
0.9768768548965452
0.9671521186828612
0.9575237631797788
0.9671521782875059
0.9671522080898284
0.9448444545269012
0.9639985263347624
0.9606831669807433
0.9511205255985259
0.9671518802642821
0.9575243592262267
0.9639659225940704
0.9511629641056059
0.9801877737045286
0.9671521186828612
0.9575029909610747
0.957503020763397
0.9720199406147002
0.9543436169624328
0.9671411514282224
0.9639287590980528
0.9671515822410581
0.9448444545269012
0.9639281928539274
0.9671627283096311
0.9717050790786741
0.9639068543910978
0.9543433487415312
0.9607048332691192
0.9735989272594449
0.9607482552528379
0.9479612112045285
0.967151641845703
0.9671522080898284
0.9607476890087125
0.9543225467205045
0.9607050716876983
0.9575242996215819
0.9736369550228118
0.9543222784996032
0.9543652534484861
0.9671521782875059
0.9543862640857694
0.9703862369060514
0.9543862640857694
0.9607047736644743
0.9671522080898284
0.9575243592262267
0.9607048034667968
0.9607048332691192
0.9607048034667968
0.9703916907310485
0.9801878333091735
0.9769206047058105
0.9607048034667968
0.9448444545269012
0.9511205255985259
0.9834329485893248
0.960704684257507
0.963928163051605
0.9606831669807433
0.9736539721488952
0.9543438851833342
0.9606617391109465
0.9639391005039214
0.9606833755969999
0.9736098051071165
0.9543009996414182
0.9736098051071165
0.9671407639980314
0.9720359444618223
0.9801768660545349
0.9543652534484861
0.9720199108123778
0.9542796313762663
0.9607047736644743
0.9608335494995115
0.9785431623458859
0.9590983688831328
0.9736317098140714
0.9479825198650359
0.9671840965747832
0.9607477486133574
0.9543862640857694
0.9511845111846923
0.9736098647117613
0.9781901538372038
0.9543433189392088
0.9671521782875059
0.9671085476875303
0.973642587661743
0.9543222784996032
0.9543438851833342
0.9479612112045285
0.967196226119995
0.9607048034667968
0.9671521484851835
0.9671522378921508
0.9703810214996337
0.9639068245887755
0.954343944787979
0.9575243592262267
0.9575243294239041
0.973598778247833
0.9607912898063659
0.9671515822410582
0.973598778247833
0.9575243294239041
0.9511205255985258
0.9575237929821012
0.9575244188308714
0.9511205255985258
0.9607047736644743
0.9607047140598296
0.9671086370944975
0.9575243294239041
0.9542796909809111
0.9543009698390958
0.9543863236904143
0.9607048332691192
0.9671086370944975
0.9607471525669097
0.9606617689132689
0.9671085476875303
0.9575242996215819
0.97363144159317
0.9671515822410581
0.9543009400367736
0.9671515822410581
0.9607482552528379
0.9607373178005217
0.960790455341339
0.9575029909610747
0.967151641845703
0.9607048332691192
0.9735990166664121
0.9704295694828032
0.9543219804763792
0.9543009996414182
0.9575242996215819
0.954343944787979
0.9575029611587523
0.9591092169284818
0.9575237631797788
0.9639281630516051
0.9607048630714414
0.9543652534484861
0.9575243592262267
0.954386234283447
0.9479825198650359
0.9511205255985258
0.9671086072921751
0.9607484042644499
0.967162787914276
0.9704196453094481
0.9638852477073668
0.9575243294239043
0.9543009698390958
0.9543222784996032
0.9543223083019254
0.9575244188308714
0.9639068543910978
0.9671521186828612
0.967151641845703
0.9671953618526458
0.9511845111846923
0.9639281630516051
0.9543222784996032
0.9543438851833342
0.9543220400810241
0.9671627283096311
0.9639607667922971
0.9671951830387113
0.9688015580177306
0.9671086072921751
0.967196226119995
0.963885277509689
0.9607484340667723
0.9639281630516051
0.9607046842575072
0.960726350545883
0.9703808724880217
0.9671518802642821
0.9479825198650359
0.9607050716876983
0.9543646574020384
0.954343944787979
0.963955670595169
0.978548616170883
0.9671629369258878
0.9671626091003417
0.967151641845703
0.9607050716876983
0.9575242698192594
0.9575244188308714
0.9511629641056059
0.9543009102344511
0.9801440536975858
0.9543438851833342
0.9511845707893369
0.9671521484851835
0.9639337658882139
0.9639068245887754
0.9671518504619596
0.9607048332691192
0.9543433785438536
0.9671515822410581
0.9543646574020384
0.9671521484851835
0.9543438851833342
0.9768659174442289
0.9543219804763792
0.9575026929378507
0.9607048630714414
0.9575678706169125
0.9704352021217345
0.954343944787979
0.9543862640857694
0.957460045814514
0.9511845707893369
0.9671521484851835
0.9480248987674712
0.9544290006160733
0.9543438851833342
0.9671521186828612
0.9735989868640897
0.9607482850551604
0.9606617689132689
0.9671086072921751
0.9543436169624328
0.9703976213932035
0.9479825198650359
0.9543438851833342
0.9671086370944975
0.9606940746307371
0.9671621918678283
0.9575244188308714
0.9671522378921508
0.9607696235179899
0.9543219804763792
0.9511845111846923
0.9543439745903012
0.9671515822410581
0.9671521186828612
0.9671086072921751
0.9671522378921508
0.9575243294239043
0.9607913494110106
0.9575029909610747
0.954343944787979
0.9606619477272031
0.9543862640857694
0.9512056708335874
0.9575242996215819
0.9575242996215819
0.9542796611785886
0.9607373178005217
0.9606834352016447
0.9607484042644499
0.963906794786453
0.9671515822410581
0.9575242996215819
0.9671951532363888
0.9639281928539274
0.9544290006160733
0.9671840965747832
0.973598778247833
0.9607913196086881
0.9543433189392088
0.9607048332691192
0.9575080573558805
0.9671521782875059
0.9543439149856565
0.9671522378921508
0.9639875888824462
0.9671086370944975
0.9607048034667968
0.9543438851833342
0.9639334082603452
0.9671521782875059
0.9671522378921508
0.9606941640377042
0.9671950340270995
0.9671522080898284
0.954343944787979
0.9607050418853759
0.957524389028549
0.967151641845703
0.9575242996215819
0.9607048332691192
0.9671522080898284
0.9575029909610747
0.9543438851833342
0.9543220102787016
0.9607476890087125
0.9607048034667968
0.9479825198650359
0.9735990166664121
0.9801658391952515
0.973598778247833
0.9575243294239043
0.9704133272171018
0.960704684257507
0.9671085774898528
0.9703808724880217
0.9575242996215819
0.9671305716037748
0.9591305255889891
0.9639229178428649
0.9542796313762663
0.9671087265014646
0.9607048034667968
0.9448444545269012
0.9607048034667968
0.9543862640857694
0.9575242996215819
0.9607913196086881
0.9511845111846923
0.9543433189392088
0.9735990166664121
0.9607476890087125
0.9575243592262267
0.954386234283447
0.9543863236904143
0.9671522080898284
0.9575243294239041
0.9607913494110106
0.9543225765228269
0.957460045814514
0.9639287590980528
0.9720307588577269
0.9575465321540829
0.9543652534484861
0.9608335793018339
0.9671521186828612
0.9543433487415312
0.967151641845703
0.9511205255985258
0.9639281928539274
0.960726350545883
0.9511845707893369
0.9607048034667968
0.9769096076488493
0.9575465321540829
0.9543652534484861
0.9575243592262267
0.963928461074829
0.957524389028549
0.9575456976890563
0.9479825198650359
0.9672387838363645
0.9606834352016447
0.960747182369232
0.9575242996215819
0.9671518802642821
0.9671518802642821
0.9575884044170377
0.9607482850551604
0.9671515822410581
0.9511205255985259
0.9607048332691192
0.9543439745903012
0.9607913196086881
0.9639281630516051
0.9543222188949584
0.9607483148574827
0.960790455341339
0.9671515822410581
0.9511845111846923
0.9543009996414182
0.9607050120830534
0.9607484340667723
0.954365015029907
0.9704026281833648
0.9607476890087125
0.9687798619270324
0.9671515822410581
0.9736318886280059
0.9735989272594449
0.9639767706394194
0.9671521484851835
0.9606834352016447
0.9704406261444088
0.9479825198650359
0.963928461074829
0.9607047736644743
0.9607484042644499
0.9768768548965452
0.9448444545269012
0.9543222784996032
0.9511845707893369
0.9671086370944975
0.9639606475830076
0.9543225765228269
0.9607913494110106
0.9607047736644743
0.9639281630516051
0.9671085476875303
0.9735989272594449
0.9575029909610747
0.9575029909610747
0.9543436169624328
0.9543439149856565
0.9543652534484861
0.9672387242317197
0.960737198591232
0.9735989272594449
0.9512269794940946
0.9671951234340667
0.963885277509689
0.9607476890087125
0.960704684257507
0.9511205255985259
0.9479825198650359
0.9704298973083494
0.9671522378921508
0.9575026929378507
0.9607050716876983
0.9543009400367736
0.9575243294239043
0.9671410024166105
0.9671515822410581
0.967151641845703
0.9671518802642821
0.9543436169624328
0.9543433785438536
0.9671519100666044
0.9575244188308714
0.9575243294239043
0.9671522080898284
0.9511205255985259
0.9543436169624328
0.9543009698390958
0.9703754186630247
0.960704684257507
0.9511630237102507
0.9511630237102507
0.9639287590980528
0.9671521782875059
0.9543863236904141
0.9607047736644743
0.9606617391109465
0.9607048034667968
0.9736098051071165
0.9736316502094268
0.9769204854965208
0.967141032218933
0.9607484042644499
0.9543009996414182
0.9671086370944975
0.9543863236904141
0.9671522378921508
0.9543222784996032
0.9543009400367736
0.960704684257507
0.9575243294239041
0.9543436467647549
0.9511845111846923
0.9607476890087125
0.967184007167816
0.9606831669807433
0.9671522080898284
0.954343944787979
0.9687799513339994
0.9607047140598296
0.957503020763397
0.9543009400367736
0.9607048034667968
0.9607051014900205
0.95756658911705
0.9575029909610747
0.9671518802642821
0.9448444545269012
0.9639551639556883
0.9511845707893369
0.957524389028549
0.9479612112045285
0.9671521484851835
0.9543433487415312
0.9511205255985258
0.9671518802642821
0.9607484042644499
0.9607047140598296
0.9639068543910978
0.9511630237102507
0.9607048332691192
0.9479825198650359
0.9543433785438536
0.9639068543910978
0.9543862938880919
0.9543863236904141
0.9607484042644499
0.9671086370944975
0.9735990166664121
0.9542796313762663
0.9607484042644499
0.9607484042644499
0.967151641845703
0.9607050716876983
0.9671522378921508
0.9671518504619596
0.9511845111846923
0.951184809207916
0.960790455341339
0.9671952128410339
0.960704684257507
0.967151641845703
0.9671086370944975
0.9639334082603452
0.954343944787979
0.9671627581119536
0.963885277509689
0.9543868601322172
0.9703753590583799
0.9575243294239043
0.9543009698390958
0.9543649852275847
0.9607046842575072
0.9671086370944975
0.9543862640857694
0.9575242996215819
0.9543433189392088
0.9543009996414182
0.9671629965305327
0.9448444545269012
0.9479612112045285
0.9607477486133574
0.960726350545883
0.9671410918235778
0.9607046842575072
0.9575242996215819
0.963906794786453
0.9607484340667723
0.9703754484653471
0.970397114753723
0.9671950340270995
0.9607048332691192
0.960704684257507
0.9479825198650359
0.9543009400367736
0.9575237929821012
0.9671518802642821
0.9801332354545592
0.9607264697551726
0.9479612112045285
0.9607423245906829
0.9785213768482206
0.9543009996414182
0.9672387242317197
0.9607048034667968
0.9736424982547758
0.967151641845703
0.960747182369232
0.9543862640857694
0.960726350545883
0.9543009996414182
0.9606834352016447
0.9671408534049987
0.9575243592262267
0.9575242996215819
0.9736749529838561
0.9543862640857694
0.9607264697551726
0.973598778247833
0.9735989272594449
0.9512056708335874
0.9543436467647549
0.9607047736644743
0.951184809207916
0.9607047140598296
0.960737258195877
0.960737198591232
0.9606834352016447
0.957503020763397
0.9543222784996032
0.9703863859176634
0.9607913196086881
0.9672387242317197
0.951184809207916
0.9543433785438536
0.9607051014900205
0.9671522080898284
0.9607047140598296
0.9671522378921508
0.9671522378921508
0.9671086072921751
0.9671522080898284
0.9543863534927366
0.9606619477272031
0.9607913196086881
0.9448444545269012
0.9543225467205045
0.957460045814514
0.9543438851833342
0.9575679302215575
0.9671515822410581
0.9511845707893369
0.9834549427032468
0.9512269794940946
0.9736205935478208
0.9543222784996032
0.973686337471008
0.9575244188308714
0.9671086072921751
0.9606831669807433
0.9543862640857694
0.9607047140598296
0.9479825198650359
0.9543009698390958
0.9543433189392088
0.9736424684524535
0.9639068245887754
0.960704684257507
0.984763979911804
0.967151641845703
0.9511205255985258
0.9607048034667968
0.9448444545269012
0.9607477486133574
0.9607264697551726
0.9575029909610747
0.9543652534484861
0.9448444545269012
0.9479825198650359
0.9671086072921751
0.9607048332691192
0.9671086370944975
0.9671411216259
0.9607048034667968
0.9511205255985259
0.9607477486133574
0.9671086370944975
0.9543439745903012
0.9736097157001494
0.9671521186828612
0.9543438851833342
0.9575244188308714
0.9479825198650359
0.9575243592262267
0.9752814471721647
0.9543652534484861
0.9607048034667968
0.9543219804763792
0.951227009296417
0.9511205255985258
0.9753088355064391
0.9479825198650359
0.9607048034667968
0.9736423194408415
0.9671522080898284
0.9703862667083739
0.9607913196086881
0.9543009996414182
0.9544290006160733
0.9543863534927366
0.960736811161041
0.9769204258918761
0.9671522378921508
0.9607904255390165
0.9671519100666044
0.9607476890087125
0.9448444545269012
0.9607047140598296
0.9575456976890563
0.9671086370944975
0.9543439745903012
0.9607484042644499
0.9671086072921751
0.9607476890087125
0.9512269794940946
0.9736431241035459
0.9671086370944975
0.9543649554252623
0.9543222784996032
0.9607913494110106
0.9607050716876983
0.9543009400367736
0.960726350545883
0.9607046842575072
0.9736424684524535
0.9575026929378507
0.954279601573944
0.9543439745903012
0.9671515822410582
0.9671520590782164
0.9608337283134457
0.9511845707893369
0.9671522080898284
0.960704684257507
0.9479825198650359
0.9607047140598296
0.9511845707893369
0.9512056708335874
0.9607913196086881
0.9639229178428649
0.9543433189392088
0.9880486428737638
0.960747182369232
0.9575244188308714
0.9639068543910978
0.9511205255985258
0.967151641845703
0.957561820745468
0.9703972935676574
0.9511845111846923
0.9607048332691192
0.9671626091003417
0.967151641845703
0.9575242996215819
0.9671522080898284
0.9607048034667968
0.9607696235179899
0.9671521186828612
0.9448444545269012
0.978548616170883
0.9607476890087125
0.9575679302215575
0.9607482552528379
0.9671522080898284
0.9671522080898284
0.9671522378921508
0.9479825198650359
0.9735990166664121
0.960790455341339
0.9606831669807433
0.967151641845703
0.9543225765228269
0.9671950340270995
0.9575029909610747
0.967151641845703
0.9542796909809111
0.9606617391109465
0.9575244188308714
0.9607483744621275
0.9607476890087125
0.9511205255985258
0.9542796611785886
0.9671518802642821
0.9575243592262267
0.9543862640857694
0.9575678706169125
0.9543009996414182
0.9736099541187285
0.9638852477073668
0.9607484042644499
0.9606834352016447
0.9607477486133574
0.9638852179050443
0.9607264697551726
0.9479825198650359
0.9575243592262267
0.9543433487415312
0.9606833755969999
0.957503020763397
0.9543433189392088
0.9575237929821012
0.9511629641056059
0.9607051014900205
0.9479825198650359
0.9736313819885252
0.954343944787979
0.9607477784156797
0.963923007249832
0.9671087265014646
0.9607047140598296
0.9543652534484861
0.9511629641056059
0.9606617987155912
0.960737258195877
0.9511202871799467
0.9671086370944975
0.9671522080898284
0.9671522080898284
0.9608335793018339
0.9575242996215819
0.9735990166664121
0.9543652534484861
0.9639281332492826
0.9671522080898284
0.9511629641056059
0.9511845707893369
0.9575242996215819
0.9479825198650359
0.9543433189392088
0.9639281630516051
0.9607913494110106
0.967151641845703
0.9655456840991973
0.9542796909809111
0.9575243294239043
0.9671086370944975
0.9543868601322172
0.9671519100666044
0.9703916907310485
0.967151641845703
0.957503020763397
0.9543222784996032
0.9575243592262267
0.9543439745903012
0.9607047140598296
0.9543010294437407
0.9511629641056059
0.9511205255985258
0.9736756086349485
0.9639068543910978
0.9639287590980528
0.9703540205955503
0.9639068543910978
0.9575242996215819
0.9736424684524535
0.9543009400367736
0.9512056708335874
0.9607913196086881
0.9575026929378507
0.9607484042644499
0.9543438851833342
0.9801658391952512
0.9639287590980528
0.963885277509689
0.967151641845703
0.9543225765228269
0.9575242996215819
0.9542796909809111
0.9479825198650359
0.9607045948505399
0.9543862640857694
0.9671522080898284
0.951184809207916
0.9607471525669097
0.9448444545269012
0.9543868601322172
0.9543599486351012
0.9671518802642821
0.9638852179050443
0.9671086370944975
0.9671789109706876
0.9543010294437407
0.9480248987674712
0.9736533164978025
0.9639121890068052
0.9671411514282224
0.963928163051605
0.9575029909610747
0.9607913494110106
0.9736099839210508
0.9511205255985258
0.9543433189392088
0.9543436467647549
0.9511205255985259
0.963928163051605
0.9448444545269012
0.9479825198650359
0.9671519100666044
0.9479612112045285
0.9671518802642821
0.9543862640857694
0.9479825198650359
0.957503020763397
0.963885277509689
0.9544290006160733
0.9607050716876983
0.9543438851833342
0.9575029909610747
0.9543222784996032
0.9544290006160733
0.9639065861701963
0.9575243294239041
0.9607423245906829
0.9671626687049865
0.9575242996215819
0.9671521186828612
0.9606834352016447
0.9607475996017454
0.9479825198650359
0.970375597476959
0.9671522080898284
0.9543652534484861
0.9752924144268035
0.9671086370944975
0.9639933109283445
0.9607047140598296
0.9543009996414182
0.9607047438621519
0.9479825198650359
0.9607264101505278
0.9607048034667968
0.9511629641056059
0.9671515822410581
0.9639068543910978
0.9639287590980528
0.9607269465923307
0.9704352021217345
0.9543439149856565
0.9736533761024474
0.9607907533645628
0.9543438851833342
0.9511845707893369
0.9543439745903012
0.9448444545269012
0.9607047736644743
0.9448444545269012
0.9671192765235899
0.973675340414047
0.9736424684524535
0.9671086370944975
0.9607047140598296
0.9607048332691192
0.9575673639774321
0.9736315608024596
0.9607477486133574
0.970375597476959
0.960704684257507
0.9607048034667968
0.9671515822410581
0.9607047736644743
0.9607483148574827
0.9671085774898528
0.960704684257507
0.9671522080898284
0.957524389028549
0.9544290006160733
0.9607050716876983
0.9607264697551726
0.9575242996215819
0.9543433189392088
0.9543652534484861
0.9607047736644743
0.9607047140598296
0.9607911705970763
0.9575244188308714
0.9543438851833342
0.9606834352016447
0.967119514942169
0.9607477486133574
0.9511845111846923
0.9542796313762663
0.9543863534927366
0.9671303629875181
0.9639175236225127
0.9672387838363645
0.9512269794940946
0.9479825198650359
0.9448444545269012
0.9448444545269012
0.973598778247833
0.9671086072921751
0.9608335793018339
0.9607047736644743
0.9511845111846923
0.9607048332691192
0.9607050716876983
0.9607047736644743
0.9479825198650359
0.9543439149856565
0.9543009996414182
0.9448444545269012
0.9543652534484861
0.9543009400367736
0.9607476890087125
0.9607484042644499
0.9607047140598296
0.9671950340270995
0.9543652534484861
0.9607047736644743
0.9671519100666044
0.9511205255985259
0.9448444545269012
0.9543438851833342
0.9736751317977905
0.9671522080898284
0.960726350545883
0.9542796909809111
0.9543009996414182
0.9671085476875303
0.9607264697551726
0.9575244188308714
0.954386234283447
0.9735990166664121
0.9607047438621519
0.9575026929378507
0.9543009996414182
0.9543436169624328
0.9639497995376586
0.9607047736644743
0.9671844244003296
0.960726350545883
0.9671951532363888
0.9671515822410581
0.9575237929821012
0.9543438851833342
0.960704684257507
0.9703972935676574
0.9575027227401732
0.9607484042644499
0.9543219804763792
0.9511845707893369
0.9671515822410581
0.9575027227401732
0.9543862640857694
0.9448444545269012
0.9575243592262267
0.9606832861900327
0.960726350545883
0.9511845707893369
0.9607047140598296
0.9687799811363219
0.9543433487415312
0.960704684257507
0.9511205255985258
0.9511845707893369
0.9671515822410582
0.9607048332691192
0.9511205255985258
0.9448444545269012
0.9448444545269012
0.9480248987674712
0.9543222784996032
0.9543863534927366
0.9671522378921508
0.9543009996414182
0.9671628475189208
0.9607911705970763
0.9671522080898284
0.9736479222774505
0.9671086072921751
0.9704352021217345
0.957481414079666
0.9448444545269012
0.9543439745903012
0.9607476890087125
0.9511205255985258
0.9479612112045285
0.9607048630714414
0.9543222784996032
0.9607046842575072
0.9511205255985258
0.9607048332691192
0.9512056708335874
0.9671952128410337
0.9543432891368864
0.9638852179050443
0.9543862640857694
0.9671518802642821
0.9607913494110106
0.9607047140598296
0.9671951532363888
0.9543652534484861
0.976865768432617
0.9768768548965452
0.9543220102787016
0.960790455341339
0.9543599486351012
0.9544289410114286
0.9543436467647549
0.9543225765228269
0.9479825198650359
0.9479825198650359
0.9671950340270995
0.9543863534927366
0.960747182369232
0.9671951234340667
0.9671410024166105
0.9672387242317197
0.9575242996215819
0.9511205255985259
0.9543433189392088
0.9575243592262267
0.9607048332691192
0.9606617689132689
0.9575884044170377
0.9671521484851835
0.9511205255985259
0.957524389028549
0.9607046842575072
0.9575884044170377
0.9671629369258881
0.9511629641056059
0.9511845111846923
0.9575237631797788
0.9543863534927366
0.9639065861701963
0.9591092169284818
0.9607046842575072
0.9511205255985258
0.9607050716876983
0.9639287590980528
0.9671085476875303
0.9575134515762327
0.9575237631797788
0.9671515822410581
0.9607484340667723
0.9448444545269012
0.9590984284877775
0.9639066755771635
0.9511205255985259
0.9671951532363888
0.9479825198650359
0.9543222784996032
0.951184809207916
0.9543862640857694
0.963906794786453
0.9607046842575072
0.9671518802642821
0.9671522080898284
0.9543862640857694
0.9448444545269012
0.9511845707893369
0.9607047736644743
0.9511205255985258
0.968801587820053
0.973642587661743
0.9448444545269012
0.9671518206596373
0.9543438851833342
0.9607048034667968
0.9543222784996032
0.9448444545269012
0.9671521484851835
0.9607048332691192
0.967119514942169
0.9607047140598296
0.9479825198650359
0.9575243294239041
0.9511845111846923
0.9607477486133574
0.9543649852275847
0.9575237631797788
0.9448444545269012
0.9785540997982024
0.951227009296417
0.9575242996215819
0.9639068543910978
0.9640147686004638
0.9511845111846923
0.9543652534484861
0.9671951234340667
0.9543438851833342
0.9543863534927366
0.9607156515121458
0.9768767952919005
0.963885277509689
0.9479825198650359
0.9671515822410581
0.9543225467205045
0.9736207127571105
0.9511845111846923
0.9479612112045285
0.9575243592262267
0.9511845111846923
0.9639065861701963
0.960704684257507
0.9671086072921751
0.9736425280570983
0.960704684257507
0.9671951532363888
0.9511205255985259
0.967151641845703
0.9479612112045285
0.9671515822410581
0.9575465321540829
0.9607050716876983
0.954365015029907
0.9575029909610747
0.9607050716876983
0.9639551043510436
0.9511845111846923
0.9575243592262267
0.9575030505657194
0.9671518206596373
0.9479612112045285
0.9575133919715879
0.9607484340667723
0.9639664292335508
0.9608337283134457
0.960704684257507
0.9671521484851835
0.9607050120830534
0.9575242996215819
0.9543438851833342
0.9671521782875059
0.9606833755969999
0.9672066271305083
0.9671515822410581
0.9606831669807433
0.9606619477272031
0.9735989868640897
0.9736642539501189
0.9704406261444088
0.9543438851833342
0.9480248987674712
0.9671522080898284
0.9704195261001586
0.9736430943012235
0.9543439745903012
0.9575242996215819
0.9511202871799467
0.9543652534484861
0.967196226119995
0.9671522080898284
0.9575243592262267
0.963906794786453
0.9543439149856565
0.9512056708335874
0.9543222784996032
0.9543868601322172
0.9543223083019254
0.9479825198650359
0.9479825198650359
0.9671412706375121
0.9606834352016447
0.9606831967830656
0.9511845111846923
0.970375597476959
0.9448444545269012
0.9479825198650359
0.95756658911705
0.9542796611785886
0.9671518206596373
0.9575243294239041
0.9608335793018339
0.9575242996215819
0.9575242996215819
0.9448444545269012
0.9575242996215819
0.9511205255985259
0.9511845111846923
0.967151641845703
0.9607046842575072
0.9606617391109465
0.9575405120849607
0.9543222784996032
0.9671086370944975
0.9671951532363888
0.9639067053794859
0.9607046842575072
0.9575465321540829
0.9703971445560453
0.9736097157001492
0.9639552533626554
0.9543009996414182
0.951227009296417
0.967151641845703
0.9671520888805387
0.9575243592262267
0.9575237929821012
0.9543438851833342
0.9671522080898284
0.9511202871799467
0.9606834352016447
0.9639281630516051
0.9671846032142636
0.9607047140598296
0.9687799811363219
0.9608337283134457
0.9543438851833342
0.9801549613475798
0.9606833755969999
0.9607483446598052
0.954343944787979
0.9543433189392088
0.9511205255985259
0.9479612112045285
0.960704684257507
0.960704684257507
0.9606831669807433
0.9544290006160733
0.9607913494110106
0.9448444545269012
0.9607423245906829
0.9639664292335508
0.9607476890087125
0.9543433487415312
0.9543009996414182
0.9543009400367736
0.9542796909809111
0.9543223679065703
0.9590984284877775
0.9543652534484861
0.9607477486133574
0.9512056708335874
0.9639659225940704
0.9735989272594449
0.9511630237102507
0.9511845111846923
0.9671086370944975
0.9671628475189208
0.9511845111846923
0.9607051014900205
0.9639068543910978
0.9606833755969999
0.9543436169624328
0.9543439745903012
0.9736316502094268
0.9607051014900205
0.9607048332691192
0.973686337471008
0.9543652534484861
0.9671086072921751
0.9543436467647549
0.9671522080898284
0.9511845111846923
0.9671522080898284
0.9671520888805388
0.9575242996215819
0.9591197967529296
0.9543009996414182
0.9511845707893369
0.9511845707893369
0.9479612112045285
0.9575243592262267
0.954386234283447
0.9607913494110106
0.9606617391109465
0.9671521782875059
0.954365015029907
0.9671521484851835
0.9543433785438536
0.960726350545883
0.9576097428798674
0.9607047140598296
0.9480248987674712
0.9511205255985258
0.9511205255985259
0.9479825198650359
0.9671518802642821
0.9671086370944975
0.9543222784996032
0.9575243294239043
0.9671086370944975
0.9607484340667723
0.9607051014900205
0.9671518504619596
0.9607048034667968
0.9543862938880919
0.9543009996414182
0.9607047140598296
0.9607484042644499
0.9544289410114286
0.9735990166664121
0.9479825198650359
0.960704684257507
0.9607482850551604
0.9671522378921508
0.9511202871799467
0.9543433189392088
0.9639497995376586
0.960737258195877
0.9671521484851837
0.9606617987155912
0.9511845111846923
0.9575030505657194
0.9639287590980528
0.9543436169624328
0.9607050418853759
0.9575029909610747
0.9607264697551726
0.967151641845703
0.9575244188308714
0.9575678706169125
0.9543863236904141
0.9543219804763792
0.9479612112045285
0.9542796611785886
0.9735989272594449
0.9671085774898528
0.9480248987674712
0.9543009400367736
0.9607913196086881
0.9607047140598296
0.9704295694828032
0.9575456976890563
0.9623324871063231
0.9512056708335874
0.9752758443355559
0.9575456976890563
0.9575244188308714
0.967141032218933
0.9511205255985258
0.9607048332691192
0.9671629965305327
0.9671522378921508
0.9607048332691192
0.9639121890068052
0.9639281630516051
0.9736534655094146
0.9575456976890563
0.9543433487415312
0.9703810214996337
0.9511845111846923
0.9607047140598296
0.9543439149856565
0.9768660962581633
0.9575883746147155
0.9736430943012235
0.9607470929622648
0.9542796909809111
0.9511629641056059
0.960726350545883
0.9575237929821012
0.9479612112045285
0.9638852477073668
0.9671522080898284
0.954279601573944
0.954386234283447
0.9671518802642821
0.9671086370944975
0.9479825198650359
0.9479825198650359
0.9671522080898284
0.9479825198650359
0.9607050418853759
0.9448444545269012
0.9607047438621519
0.9511845707893369
0.960704684257507
0.9448444545269012
0.9671086370944975
0.9607913196086881
0.9607477486133574
0.9639068245887755
0.9607476890087125
0.9736431241035459
0.9512056708335874
0.9575029909610747
0.9607484042644499
0.963885277509689
0.9607904255390165
0.9511845111846923
0.9639120697975156
0.9703810214996337
0.9607484042644499
0.9543439149856565
0.954279601573944
0.9480248987674712
0.9543009996414182
0.9606831669807433
0.9479825198650359
0.957460045814514
0.967162787914276
0.960726350545883
0.9671412110328673
0.9640146493911741
0.9590983688831328
0.9671518206596373
0.9543009698390958
0.9543009698390958
0.9575673639774321
0.963906794786453
0.95756658911705
0.9607484042644499
0.9639281928539274
0.9671522080898284
0.9543009996414182
0.9607050716876983
0.9543009102344511
0.9543219804763792
0.9543433487415312
0.9785432219505308
0.9511205255985258
0.9511205255985259
0.9607264697551726
0.9543439745903012
0.9575029909610747
0.951184809207916
0.9575027227401732
0.9607048034667968
0.9479612112045285
0.9543438851833342
0.9543646574020384
0.9672057628631592
0.9543220102787016
0.9607696235179899
0.9606619477272031
0.9543225467205045
0.9575405120849607
0.967151641845703
0.9511845111846923
0.9543652534484861
0.9543225467205045
0.967151641845703
0.9512056708335874
0.9607264697551726
0.963906794786453
0.9801768064498898
0.954386234283447
0.9671628773212432
0.9607047140598296
0.9607482552528379
0.960704684257507
0.9575678706169125
0.9607483446598052
0.967151641845703
0.9479825198650359
0.9543862640857694
0.9607048034667968
0.9575242996215819
0.9543222784996032
0.9607484042644499
0.960704684257507
0.9607048034667968
0.9575133919715879
0.9479612112045285
0.9480248987674712
0.9511205255985258
0.9672274887561797
0.9575237631797788
0.9607477486133574
0.9543862640857694
0.9543652534484861
0.9607047140598296
0.9671951532363888
0.9511629641056059
0.9607048332691192
0.9511629641056059
0.9607913196086881
0.9671519100666044
0.9575456976890563
0.9606834352016447
0.9448444545269012
0.9672822356224059
0.9575456976890563
0.9607048332691192
0.9543652534484861
0.9543439149856565
0.9511205255985259
0.963928461074829
0.9671629071235656
0.9543436169624328
0.9575029611587523
0.9671522378921508
0.9671412110328673
0.9511845111846923
0.9638852179050443
0.9575243592262267
0.9607264697551726
0.9607048332691192
0.9671951234340667
0.9607585966587067
0.9671411514282224
0.9834549129009246
0.9575080573558805
0.9607048034667968
0.9638852477073668
0.9640147686004638
0.9672387242317197
0.9607483148574827
0.9511845111846923
0.9575243294239041
0.9607913196086881
0.9575242996215819
0.9639500081539152
0.9448444545269012
0.9607048034667968
0.9736806750297545
0.9543438851833342
0.9448444545269012
0.9607484042644499
0.9607470929622649
0.9512056708335874
0.960704684257507
0.9607913196086881
0.9575026929378507
0.9575347900390624
0.9606617987155912
0.9607484042644499
0.9543862938880919
0.9671085476875303
0.9671626985073087
0.9607048332691192
0.9607047736644743
0.9671518504619596
0.9639281630516051
0.9448444545269012
0.9511205255985259
0.960790455341339
0.9672387242317197
0.9607484042644499
0.9543433785438536
0.973642587661743
0.9607046842575072
0.9688020050525663
0.9512056708335874
0.9607048034667968
0.9511205255985258
0.9511205255985258
0.9671522378921508
0.9575243294239043
0.9607912898063659
0.9671522080898284
0.9736859202384947
0.9543438851833342
0.9608354568481443
0.9607047140598296
0.9543862640857694
0.9607048332691192
0.9703540205955503
0.9543433189392088
0.9479825198650359
0.9543433189392088
0.9575243592262267
0.9671521484851835
0.9606617391109465
0.9606619477272031
0.9607048332691192
0.9575242996215819
0.9607048034667968
0.9575667977333068
0.9607048034667968
0.9511205255985258
0.9448444545269012
0.9607101082801818
0.9542796611785886
0.980176657438278
0.9542796611785886
0.9607101082801818
0.9671522080898284
0.9607047736644743
0.9479825198650359
0.9607050716876983
0.9575242996215819
0.9479825198650359
0.9606833755969999
0.9671515822410581
0.9671522080898284
0.9511205255985258
0.9543436467647549
0.9720199406147002
0.9639281630516051
0.9543438851833342
0.951184809207916
0.9543222784996032
0.9607483744621275
0.9543010592460631
0.9607047736644743
0.9575242996215819
0.9543116390705106
0.9607913196086881
0.9575456976890563
0.9575883746147155
0.9543433785438536
0.9479825198650359
0.9607050120830534
0.9639497995376586
0.9575456976890563
0.9479825198650359
0.9607477784156797
0.9542796909809111
0.9671408534049987
0.9511845707893369
0.9607913196086881
0.960790455341339
0.967151641845703
0.9575237631797788
0.9543862640857694
0.9735989272594449
0.9575026929378507
0.9590983092784882
0.9448444545269012
0.9542796909809111
0.9543225765228269
0.9575029909610747
0.9480248987674712
0.9736313819885252
0.9607911705970763
0.9607476890087125
0.9543436467647549
0.9575080573558805
0.9511205255985259
0.9606833755969999
0.9607047140598296
0.9688232243061066
0.9639281630516051
0.9511845707893369
0.9671522080898284
0.9543863236904143
0.9448444545269012
0.9479825198650359
0.9543433487415312
0.9607476890087125
0.9672387242317197
0.967151641845703
0.9543009996414182
0.9575465321540829
0.9574816823005674
0.9479825198650359
0.9736431241035459
0.9607047140598296
0.9672057628631592
0.9543222188949584
0.9735989272594449
0.9543225467205045
0.960704684257507
0.9639334082603452
0.9607048034667968
0.9480248987674712
0.9752814769744872
0.9752978384494779
0.9511205255985259
0.9543009996414182
0.9543225467205045
0.9606834352016447
0.9543439745903012
0.9543439745903012
0.9448444545269012
0.9736749529838561
0.951227009296417
0.9607483148574827
0.9575242996215819
0.9671952128410337
0.9511845111846923
0.9543433189392088
0.9543439745903012
0.9448444545269012
0.9735990166664121
0.9543652534484861
0.9543222188949584
0.9543862640857694
0.9607913494110106
0.9575243592262267
0.9480248987674712
0.9671950638294218
0.9801332354545592
0.9511205255985258
0.9591305255889891
0.963955670595169
0.9511629641056059
0.9719982147216795
0.9607484340667723
0.9607048332691192
0.9511845111846923
0.9607482552528379
0.954365015029907
0.960790455341339
0.9607047140598296
0.9575456976890563
0.9639065861701963
0.9542796313762663
0.9671086072921751
0.9479825198650359
0.9480248987674712
0.9671518802642821
0.9543009996414182
0.9607048332691192
0.9543433785438536
0.9671843647956847
0.967200547456741
0.9671522080898284
0.9575244188308714
0.960790455341339
0.9671521186828612
0.9479612112045285
0.9575242996215819
0.9671951532363888
0.9736097753047941
0.9543438851833342
0.9607047140598296
0.9543652534484861
0.9575243592262267
0.9607048034667968
0.9511845111846923
0.9607047140598296
0.976898670196533
0.9818213284015653
0.9703916907310485
0.9575244188308714
