0.04855046421289443
0.49999997019767756
0.2133881943300366
0.7499999329447745
0.16394727956503627
0.039292446337640285
0.0065345037728548015
0.07098261266946791
0.005361698567867286
0.18213816922636278
0.027458722237497565
0.14784847944974897
0.09303214307874438
0.08917348645627497
0.11336239241063592
0.02098661847412586
0.36427631974220265
0.06249993853271006
0.039030212443321936
0.031249965541064732
0.05334706231951713
0.0366116166114807
0.8535532802343366
0.05334695894271134
0.11757497256621717
0.05488375015556811
0.13937409222126004
0.12499991129152453
0.0781249329447746
0.2503585144877433
0.052236584946513176
0.045764534734189496
0.1761160288006067
