2.499999850988387784e-01
2.499999105930327814e-01
4.999998509883880060e-01
7.450580152834617448e-09
1.249999627470970015e-01
8.535530716180800281e-01
2.499999552965163907e-01
3.725290303397831472e-09
4.999999105930327814e-01
2.499999552965163907e-01
4.999999403953551136e-01
4.999997913837432306e-01
4.999997913837432306e-01
2.499999105930327814e-01
2.499999105930327814e-01
2.499999552965163907e-01
4.999998509883880060e-01
2.499999552965163907e-01
1.249999850988387784e-01
2.499999701976775568e-01
1.249999362374964867e-01
4.999998509883880060e-01
2.499998807907103937e-01
1.249999627470970015e-01
2.499999105930327814e-01
4.999998509883880060e-01
2.499999254941940030e-01
2.499999254941940030e-01
2.499999552965163907e-01
4.999998807907103382e-01
4.999998211860655628e-01
4.999997317790984552e-01
1.249999403953551969e-01
2.499999552965163907e-01
2.499998807907103937e-01
4.999999105930327814e-01
3.661162778735160828e-02
2.133882716298103055e-01
4.999998211860655628e-01
4.999999105930327814e-01
2.499999403953551691e-01
2.499999254941940030e-01
2.499999254941940030e-01
4.999998807907103382e-01
2.499998658895492276e-01
2.499999254941940030e-01
4.999998509883880060e-01
2.499999105930327814e-01
2.499999403953551691e-01
2.499998807907103937e-01
2.499999105930327814e-01
3.661163896322249672e-02
2.499999552965163907e-01
4.999999105930327814e-01
4.999998807907103382e-01
4.999999403953551136e-01
2.499999552965163907e-01
1.249999552965163907e-01
2.499999105930327814e-01
4.999998807907103382e-01
2.499999552965163907e-01
4.999998509883880060e-01
2.499998956918716153e-01
2.499998509883880060e-01
4.999999701976775568e-01
4.999997913837432306e-01
1.249999627470970015e-01
4.999998807907103382e-01
1.249999776482581954e-01
2.499999403953551691e-01
1.249999478459358077e-01
9.999996870756147072e-01
1.249999850988387784e-01
1.249999403953551969e-01
4.999999105930327814e-01
4.999998807907103382e-01
4.999999105930327814e-01
4.999998509883880060e-01
2.499999701976775568e-01
4.999997019767760120e-01
2.499999552965163907e-01
2.499999552965163907e-01
2.499999254941940030e-01
2.499998807907103937e-01
2.499999403953551691e-01
4.999999105930327814e-01
-1.490116121359132258e-08
2.499999254941940030e-01
6.249997019767759843e-02
4.999998509883880060e-01
4.999998807907103382e-01
-7.450580587169505892e-09
-7.450578820566987070e-09
2.499999403953551691e-01
4.999998807907103382e-01
2.499999254941940030e-01
2.499999552965163907e-01
7.322327792644499345e-02
4.999998509883880060e-01
7.322327047586439652e-02
2.499998956918716153e-01
1.249999180436134200e-01
2.499999105930327814e-01
9.999998807907102272e-01
2.499999403953551691e-01
0.000000000000000000e+00
4.999997615814207874e-01
1.249999552965163907e-01
4.999998509883880060e-01
2.499999552965163907e-01
7.322328537702559037e-02
1.249999403953551969e-01
4.999998211860655628e-01
1.249999552965163907e-01
1.249999627470970015e-01
2.499999105930327814e-01
2.499999552965163907e-01
4.999998509883880060e-01
2.499999105930327814e-01
4.999998509883880060e-01
4.999998807907103382e-01
2.499999105930327814e-01
4.999998509883879505e-01
1.464465856552123746e-01
4.999997913837432306e-01
2.499999552965163907e-01
1.249999552965163907e-01
2.499999552965163907e-01
7.322327792644500732e-02
4.999997913837432306e-01
1.249999478459358077e-01
9.999998211860655628e-01
6.249994225800037384e-02
1.249999552965163907e-01
2.499998956918716153e-01
1.249999403953551969e-01
2.499999701976775568e-01
2.499999254941940030e-01
2.499999105930327814e-01
2.499999552965163907e-01
4.999997317790984552e-01
2.499998509883880060e-01
2.499999403953551691e-01
4.999999105930327814e-01
4.999999105930327814e-01
2.499999254941940030e-01
4.999997913837432306e-01
1.249999478459358077e-01
4.999997913837432306e-01
2.499999105930327814e-01
4.999998509883880060e-01
1.249999552965163907e-01
4.267764687538146418e-01
1.249999776482581954e-01
4.999998807907103382e-01
4.999997913837432306e-01
1.464465707540512085e-01
2.499999254941940030e-01
4.267765805125235956e-01
3.661163896322249672e-02
4.999998509883880060e-01
7.322327792644499345e-02
4.999999403953551136e-01
9.999999403953551136e-01
2.133882679045200070e-01
2.499999254941940030e-01
2.499999105930327814e-01
4.267765060067175709e-01
4.999998509883880060e-01
4.999998211860655628e-01
4.999997913837432306e-01
2.499999701976775568e-01
1.249999701976775845e-01
2.499999105930327814e-01
2.499998956918716153e-01
1.249999701976775845e-01
2.499999254941940030e-01
4.999999105930327814e-01
4.999998211860655628e-01
2.499999403953551691e-01
2.499999701976775568e-01
4.999999403953551136e-01
4.999999999999998890e-01
4.999997317790984552e-01
2.499998956918716153e-01
2.499999701976775568e-01
4.999998807907103382e-01
1.249999627470970015e-01
1.249999627470970015e-01
1.249999478459358077e-01
1.249999031424522261e-01
4.999999701976775568e-01
4.999998807907103382e-01
4.999999403953551136e-01
4.999999105930327814e-01
1.249999850988387784e-01
1.249999627470970015e-01
4.999999403953551136e-01
4.999999105930327814e-01
4.999999105930327814e-01
2.499999403953551691e-01
2.499998294873595206e-01
2.499998658895492276e-01
4.999998509883880060e-01
4.999997615814207874e-01
4.999998807907103382e-01
2.499999254941940030e-01
1.249999403953551969e-01
4.999998509883880060e-01
2.499998956918716153e-01
2.499998807907103937e-01
2.499999701976775568e-01
1.249999552965163907e-01
2.499998807907103937e-01
3.661163151264189980e-02
2.499999105930327814e-01
4.999999105930327814e-01
4.999997615814207874e-01
2.499999552965163907e-01
9.999996423721311256e-01
1.249999552965163907e-01
2.499999701976775568e-01
2.499998956918716153e-01
4.999998807907103382e-01
4.999998211860655628e-01
4.999998807907103382e-01
2.499999552965163907e-01
4.999998211860655628e-01
1.249999627470970015e-01
4.999998509883880060e-01
1.249999552965163907e-01
4.999998509883880060e-01
2.499999403953551691e-01
4.999997913837432306e-01
4.999998211860655628e-01
2.499999403953551691e-01
4.999997615814207874e-01
4.999998509883880060e-01
2.499999105930327814e-01
4.999998807907103382e-01
0.000000000000000000e+00
1.249999552965163907e-01
2.499998956918716153e-01
2.499999403953551691e-01
2.499999552965163907e-01
2.499998807907103937e-01
2.235174180076082847e-08
2.499999105930327814e-01
4.999998807907103382e-01
4.999999105930327814e-01
2.499999254941940030e-01
2.499999403953551691e-01
4.999999105930327814e-01
2.499999403953551691e-01
2.499999701976775568e-01
4.999998211860655628e-01
1.249999552965163907e-01
4.999999105930327814e-01
2.499999254941940030e-01
4.999998211860655628e-01
1.249999552965163907e-01
2.499999254941940030e-01
2.499999254941940030e-01
4.999999403953551136e-01
8.535531163215634987e-01
4.999999105930327814e-01
1.249999850988387784e-01
4.999998807907103382e-01
1.249999478459358077e-01
2.499998807907103937e-01
2.499998163264880446e-01
2.499999552965163907e-01
4.999999105930327814e-01
2.499999254941940030e-01
4.999997615814207874e-01
9.999997168779372059e-01
4.267764687538146418e-01
4.999998509883880060e-01
1.249999701976775845e-01
1.249999560860535069e-01
2.499999254941940030e-01
2.499999552965163907e-01
1.249999776482581954e-01
2.499999105930327814e-01
4.999997913837432306e-01
4.999997913837432306e-01
2.499998211860656183e-01
4.999998807907103382e-01
4.999999701976775568e-01
4.999996423721312366e-01
1.249999627470970015e-01
4.999998807907103382e-01
2.499999403953551691e-01
4.999998807907103382e-01
4.999997913837432306e-01
2.499999701976775568e-01
4.999998211860655628e-01
2.499999254941940030e-01
2.499999552965163907e-01
2.499998807907103937e-01
4.999998807907103382e-01
4.999997019767760120e-01
2.499999552965163907e-01
4.999998509883880060e-01
4.999998807907103382e-01
4.999997615814207874e-01
1.249999627470970015e-01
2.499999552965163907e-01
4.999997913837432306e-01
9.999998211860655628e-01
4.999999701976775568e-01
2.499999403953551691e-01
2.499999403953551691e-01
2.499999701976775568e-01
2.499998956918716153e-01
2.499998956918716153e-01
4.999998796564275594e-01
8.535528779029843971e-01
4.999998509883880060e-01
2.499999552965163907e-01
2.499999105930327814e-01
4.999998211860655628e-01
2.499999552965163907e-01
4.999998807907103382e-01
4.999999105930327814e-01
4.999998211860655628e-01
2.499999254941940030e-01
4.999999105930327814e-01
1.249999478459358077e-01
1.249999701976775845e-01
2.499999254941940030e-01
2.499999552965163907e-01
4.999999105930327814e-01
4.999996721744536798e-01
4.999998509883880060e-01
4.999999105930327814e-01
7.322327047586441040e-02
4.999999701976775568e-01
2.499999552965163907e-01
4.999998807907103382e-01
1.249999776482581954e-01
4.999998509883880060e-01
2.499999105930327814e-01
2.499998733401297968e-01
2.499997951090335568e-01
4.999998211860655628e-01
4.999998509883880060e-01
1.249999329447746138e-01
2.499999701976775568e-01
9.999996423721311256e-01
4.999997913837432306e-01
1.249999627470970015e-01
1.249999701976775845e-01
9.999998807907102272e-01
2.499999105930327814e-01
4.999998211860655628e-01
4.999999999999998890e-01
2.499999552965163907e-01
2.499999403953551691e-01
2.499999254941940030e-01
4.999999105930327814e-01
4.999999105930327814e-01
1.249999787823112690e-01
2.133882679045200070e-01
4.999998807907103382e-01
2.499999552965163907e-01
4.999998509883880060e-01
2.499999254941940030e-01
4.999999403953551136e-01
1.249999627470970015e-01
4.999998509883880060e-01
2.499999552965163907e-01
2.499999254941940030e-01
2.499998807907103937e-01
0.000000000000000000e+00
2.499999403953551691e-01
4.999999105930327814e-01
4.999997913837432306e-01
4.999997913837432306e-01
2.499998807907103937e-01
4.999997913837432306e-01
4.999998807907103382e-01
2.499999403953551691e-01
4.999999403953551136e-01
2.499999701976775568e-01
2.499998509883880060e-01
4.999998509883880060e-01
2.499999254941940030e-01
2.499999403953551691e-01
2.499999403953551691e-01
1.249999776482581954e-01
4.999999105930327814e-01
2.499998509883880060e-01
4.999998807907103382e-01
4.999998807907103382e-01
2.499999403953551691e-01
4.999998211860655628e-01
2.499999552965163907e-01
4.999998211860655628e-01
4.999998807907103382e-01
4.999998807907103382e-01
4.999999105930327814e-01
9.999998211860655628e-01
4.999999105930327814e-01
2.499998807907103937e-01
4.999998807907103382e-01
4.999999403953551136e-01
2.499999552965163907e-01
4.999998807907103382e-01
2.499998956918716153e-01
4.999997913837432306e-01
4.999998211860655628e-01
2.499999105930327814e-01
2.499999403953551691e-01
2.499998658895492276e-01
1.249999776482581954e-01
1.249999552965163907e-01
4.999999403953551136e-01
2.499999552965163907e-01
4.999999105930327814e-01
4.999999403953551136e-01
4.999999403953551136e-01
4.999999105930327814e-01
9.999997615814206764e-01
4.999998807907103382e-01
9.999999403953551136e-01
2.499999254941940030e-01
2.499999403953551691e-01
2.499999552965163907e-01
2.499999254941940030e-01
2.499999701976775568e-01
4.999999403953551136e-01
2.499998956918716153e-01
2.499999254941940030e-01
4.999999105930327814e-01
4.999998509883880060e-01
1.249999627470970015e-01
4.999999105930327814e-01
4.999998807907103382e-01
4.999998807907103382e-01
4.999999105930327814e-01
2.499999105930327814e-01
4.999998211860655628e-01
4.999997988343237720e-01
2.499999254941940030e-01
4.999997317790984552e-01
4.999997913837432306e-01
4.267764985561369739e-01
4.999998211860655628e-01
4.999999105930327814e-01
4.999998807907103382e-01
2.499999105930327814e-01
-1.490115764113397414e-08
2.499999403953551691e-01
4.999997913837432306e-01
2.499999552965163907e-01
4.999999105930327814e-01
4.999999403953551136e-01
4.999997615814207874e-01
4.999998807907103382e-01
4.999999105930327814e-01
2.499998509883880060e-01
4.999999105930327814e-01
4.999999403953551136e-01
4.999997615814207874e-01
2.499998956918716153e-01
4.999999105930327814e-01
4.999998807907103382e-01
4.999998807907103382e-01
4.999999403953551136e-01
4.999998807907103382e-01
4.999999403953551136e-01
4.999999105930327814e-01
2.499999552965163907e-01
2.499999254941940030e-01
4.999998509883880060e-01
4.999999105930327814e-01
2.499999701976775568e-01
2.499999552965163907e-01
2.499999552965163907e-01
2.499999105930327814e-01
1.249999701976775845e-01
4.999999105930327814e-01
4.999999999999998890e-01
4.999999105930327814e-01
2.499999552965163907e-01
4.999999701976775568e-01
2.499999403953551691e-01
4.999998211860655628e-01
4.999998509883880060e-01
4.999999403953551136e-01
0.000000000000000000e+00
2.499999105930327814e-01
4.999999701976775568e-01
4.999999701976775568e-01
2.499999403953551691e-01
1.249999776482581954e-01
9.999996423721311256e-01
4.999999403953551136e-01
4.999998807907103382e-01
2.499999552965163907e-01
4.999997615814207874e-01
2.499999254941940030e-01
4.999999105930327814e-01
2.499999403953551691e-01
4.999998509883880060e-01
4.999999403953551136e-01
4.999998509883880060e-01
2.499999105930327814e-01
2.499999552965163907e-01
2.499999403953551691e-01
4.999999701976775568e-01
2.499998956918716153e-01
3.661163523793219826e-02
4.999999105930327814e-01
2.133882790803908747e-01
2.499998956918716153e-01
2.499999254941940030e-01
4.999998807907103382e-01
2.499999105930327814e-01
9.999994039535520240e-01
4.999999999999998890e-01
4.999998807907103382e-01
4.999998807907103382e-01
4.999998807907103382e-01
4.999998211860655628e-01
4.999998807907103382e-01
4.999998509883880060e-01
2.499998658895492276e-01
1.464465856552123746e-01
3.925231079531967926e-17
2.499999254941940030e-01
2.499999552965163907e-01
4.999999105930327814e-01
2.499999254941940030e-01
2.499999254941940030e-01
4.999999105930327814e-01
4.999999105930327814e-01
2.499999552965163907e-01
4.999998509883880060e-01
2.499999254941940030e-01
4.999998807907103382e-01
4.999999105930327814e-01
2.499999701976775568e-01
4.999999403953551136e-01
4.999997913837432306e-01
4.999998509883880060e-01
8.535532802343367420e-01
4.999999403953551136e-01
4.999999403953551136e-01
4.999997913837432306e-01
4.999999701976775568e-01
4.999999105930327814e-01
4.999998807907103382e-01
4.999999403953551136e-01
4.999998807907103382e-01
4.999998807907103382e-01
4.999999701976775568e-01
4.999999105930327814e-01
2.499999552965163907e-01
4.999999105930327814e-01
4.999999701976775568e-01
4.999999701976775568e-01
9.999999403953551136e-01
2.499999701976775568e-01
4.999999105930327814e-01
4.999999403953551136e-01
2.499999105930327814e-01
4.999998211860655628e-01
4.999997913837432306e-01
4.999999403953551136e-01
4.999998807907103382e-01
2.499999701976775568e-01
4.999998211860655628e-01
4.999998807907103382e-01
2.499999552965163907e-01
2.499999701976775568e-01
2.499999403953551691e-01
4.999998807907103382e-01
2.499999105930327814e-01
2.499999403953551691e-01
4.999998807907103382e-01
0.000000000000000000e+00
4.999998211860655628e-01
4.999997615814207874e-01
4.999999403953551136e-01
2.499998807907103937e-01
2.499999701976775568e-01
4.999999701976775568e-01
2.499998956918716153e-01
4.999998211860655628e-01
4.999999105930327814e-01
4.999997913837432306e-01
2.499999552965163907e-01
2.499999105930327814e-01
2.499999701976775568e-01
4.999998807907103382e-01
4.999999701976775568e-01
4.999998509883880060e-01
4.999998807907103382e-01
2.499999552965163907e-01
4.999999105930327814e-01
4.999998807907103382e-01
4.999999403953551136e-01
4.999998509883880060e-01
4.999999403953551136e-01
4.999998509883880060e-01
2.499999403953551691e-01
1.249999552965163907e-01
2.499999552965163907e-01
2.499999254941940030e-01
4.999999403953551136e-01
4.999998807907103382e-01
4.999998509883880060e-01
4.999998509883880060e-01
4.999997317790984552e-01
2.499999701976775568e-01
4.999998211860655628e-01
4.999999403953551136e-01
4.999999701976775568e-01
2.499999403953551691e-01
4.999999701976775568e-01
4.999999105930327814e-01
2.499999701976775568e-01
4.999998509883880060e-01
2.499999701976775568e-01
4.999999403953551136e-01
4.999999701976775568e-01
4.999998509883880060e-01
2.499998807907103937e-01
4.999998807907103382e-01
4.999998509883880060e-01
4.999999403953551136e-01
4.999999403953551136e-01
4.999998807907103382e-01
2.499999701976775568e-01
4.999999105930327814e-01
4.999999105930327814e-01
2.499999254941940030e-01
4.999999105930327814e-01
4.999999701976775568e-01
4.999997913837432306e-01
4.999998211860655628e-01
4.999999403953551136e-01
2.499999552965163907e-01
4.999999403953551136e-01
4.999999105930327814e-01
4.999999701976775568e-01
4.999997913837432306e-01
4.999999105930327814e-01
4.999999105930327814e-01
4.999999403953551136e-01
2.499999403953551691e-01
4.999999403953551136e-01
9.999997615814206764e-01
4.999999701976775568e-01
4.999999403953551136e-01
4.999999999999998890e-01
4.999999105930327814e-01
4.999999403953551136e-01
2.499999701976775568e-01
9.999998807907102272e-01
4.999999105930327814e-01
2.499999552965163907e-01
2.499999701976775568e-01
4.999998509883880060e-01
4.999998211860655628e-01
4.999999105930327814e-01
1.249999776482581954e-01
1.249999627470970015e-01
1.249999824646607915e-01
4.999999403953551136e-01
4.999999403953551136e-01
4.999999105930327814e-01
4.999999105930327814e-01
4.999998807907103382e-01
4.999999105930327814e-01
4.999999701976775568e-01
4.999999999999998890e-01
4.999999701976775568e-01
4.999999403953551136e-01
4.999999105930327814e-01
4.999999105930327814e-01
1.249999627470970015e-01
1.249999627470970015e-01
4.999999105930327814e-01
4.999999701976775568e-01
4.999999403953551136e-01
2.499999701976775568e-01
4.999998509883880060e-01
4.999998807907103382e-01
4.999998211860655628e-01
4.999998807907103382e-01
4.999998211860655628e-01
4.999998509883880060e-01
4.999999403953551136e-01
2.499998956918716153e-01
2.499999403953551691e-01
4.999999105930327814e-01
2.499999701976775568e-01
4.999999105930327814e-01
4.999999403953551136e-01
4.999999403953551136e-01
4.999998509883880060e-01
4.999999403953551136e-01
4.999999403953551136e-01
2.499999701976775568e-01
4.999999701976775568e-01
4.999999999999998890e-01
9.999999403953551136e-01
4.999999701976775568e-01
4.999998211860655628e-01
4.999997615814207874e-01
4.267765507102011524e-01
2.499999105930327814e-01
4.999999105930327814e-01
4.999998211860655628e-01
4.999999105930327814e-01
2.499999403953551691e-01
4.999999105930327814e-01
2.499999552965163907e-01
2.499999701976775568e-01
4.999999403953551136e-01
4.999999403953551136e-01
4.999999403953551136e-01
2.499999552965163907e-01
4.999998807907103382e-01
4.999998807907103382e-01
4.999999701976775568e-01
4.999998807907103382e-01
2.499999403953551691e-01
4.999999403953551136e-01
4.999999403953551136e-01
2.499999403953551691e-01
4.999998807907103382e-01
2.499999254941940030e-01
1.464465856552123746e-01
4.999999105930327814e-01
2.499999552965163907e-01
4.999999701976775568e-01
4.999999105930327814e-01
4.999999701976775568e-01
4.999999403953551136e-01
4.999998807907103382e-01
4.999999403953551136e-01
1.249999850988387784e-01
2.499999254941940030e-01
4.999999701976775568e-01
4.999999105930327814e-01
4.999997615814207874e-01
4.999999701976775568e-01
4.999999403953551136e-01
4.999999105930327814e-01
4.999998211860655628e-01
4.999999403953551136e-01
2.499999552965163907e-01
4.999999701976775568e-01
1.249999552965163907e-01
4.999999403953551136e-01
4.999999403953551136e-01
4.267765581607817493e-01
4.999998807907103382e-01
2.499999552965163907e-01
4.999999105930327814e-01
1.249999701976775845e-01
4.267765879631041925e-01
4.999999403953551136e-01
2.499999701976775568e-01
4.999998807907103382e-01
4.999998211860655628e-01
4.999998807907103382e-01
4.999998807907103382e-01
2.499999552965163907e-01
2.499999552965163907e-01
4.999998807907103382e-01
4.999999105930327814e-01
2.499998658895492276e-01
4.999998509883880060e-01
4.999998807907103382e-01
4.999999105930327814e-01
4.999998807907103382e-01
1.249999776482581954e-01
2.499999105930327814e-01
2.499999701976775568e-01
2.499999552965163907e-01
4.999999403953551136e-01
4.999999403953551136e-01
4.999999403953551136e-01
4.999998807907103382e-01
4.999999999999998890e-01
4.999999403953551136e-01
4.999998509883880060e-01
4.999999105930327814e-01
4.999998211860655628e-01
2.499999552965163907e-01
4.999999105930327814e-01
4.999999403953551136e-01
2.499999403953551691e-01
4.999999701976775568e-01
4.999999999999998890e-01
2.499999403953551691e-01
4.999999403953551136e-01
4.999997913837432306e-01
4.999999403953551136e-01
4.999999403953551136e-01
4.999999701976775568e-01
4.999999701976775568e-01
4.999999403953551136e-01
4.999999701976775568e-01
4.999999403953551136e-01
4.999999999999998890e-01
9.999999403953551136e-01
4.999999105930327814e-01
4.999998807907103382e-01
4.999999701976775568e-01
9.999998211860655628e-01
2.499999552965163907e-01
4.999999105930327814e-01
4.999999403953551136e-01
4.999998807907103382e-01
4.999999105930327814e-01
0.000000000000000000e+00
4.999998509883880060e-01
4.999999105930327814e-01
4.999999105930327814e-01
4.999999999999998890e-01
1.249999627470970015e-01
4.999999105930327814e-01
4.999999105930327814e-01
4.999999701976775568e-01
4.999998509883880060e-01
2.499999552965163907e-01
4.999999105930327814e-01
4.999999403953551136e-01
4.999999701976775568e-01
4.999998807907103382e-01
4.999998509883880060e-01
4.999999105930327814e-01
2.499999552965163907e-01
4.999999403953551136e-01
4.999999105930327814e-01
2.499999403953551691e-01
4.999999403953551136e-01
4.999999105930327814e-01
4.999999403953551136e-01
4.999999105930327814e-01
4.999999105930327814e-01
4.999999999999998890e-01
4.999999999999998890e-01
4.999999403953551136e-01
4.999999999999998890e-01
2.499999850988387784e-01
4.999999999999998890e-01
2.499999552965163907e-01
4.999999403953551136e-01
4.999998807907103382e-01
2.499999701976775568e-01
4.999998509883880060e-01
4.999999701976775568e-01
4.999999105930327814e-01
4.999999105930327814e-01
4.999999105930327814e-01
4.999999701976775568e-01
4.999998807907103382e-01
4.999998807907103382e-01
4.999999701976775568e-01
4.999999403953551136e-01
4.999998807907103382e-01
4.999998807907103382e-01
4.999999403953551136e-01
4.999998509883880060e-01
4.999999999999998890e-01
4.999999105930327814e-01
4.999999403953551136e-01
2.499999552965163907e-01
4.999999403953551136e-01
4.999999701976775568e-01
4.999999403953551136e-01
4.999997913837432306e-01
4.999998509883880060e-01
4.999999403953551136e-01
2.499999254941940030e-01
4.999999701976775568e-01
4.999998807907103382e-01
4.999998509883880060e-01
4.999998807907103382e-01
4.999999105930327814e-01
9.999998062849043690e-01
2.499999403953551691e-01
4.999998211860655628e-01
4.999999701976775568e-01
4.999999105930327814e-01
4.999999701976775568e-01
4.999999999999998890e-01
4.999999105930327814e-01
2.499999701976775568e-01
2.499999552965163907e-01
4.999999105930327814e-01
4.999999105930327814e-01
4.999999701976775568e-01
4.999999105930327814e-01
4.999999403953551136e-01
4.999999403953551136e-01
4.999999701976775568e-01
2.499999552965163907e-01
2.499999850988387784e-01
2.499999701976775568e-01
4.999999403953551136e-01
4.999999701976775568e-01
4.999999403953551136e-01
4.999999105930327814e-01
4.999999701976775568e-01
4.999999701976775568e-01
4.999998211860655628e-01
4.999999105930327814e-01
4.999998807907103382e-01
2.499998956918716153e-01
2.499999552965163907e-01
9.999998211860655628e-01
4.999999403953551136e-01
4.999998509883880060e-01
2.499999701976775568e-01
4.999998807907103382e-01
2.499999701976775568e-01
4.999999105930327814e-01
4.999998807907103382e-01
4.999999403953551136e-01
4.999999105930327814e-01
4.999998807907103382e-01
4.999999105930327814e-01
4.999998807907103382e-01
4.999999701976775568e-01
4.999999999999998890e-01
4.999999403953551136e-01
4.999999403953551136e-01
4.999999701976775568e-01
4.999999403953551136e-01
4.999999403953551136e-01
4.999999105930327814e-01
4.999999403953551136e-01
4.999999105930327814e-01
4.999999403953551136e-01
4.999998509883880060e-01
4.999999403953551136e-01
4.999999403953551136e-01
4.999999403953551136e-01
4.999999999999998890e-01
2.499999552965163907e-01
4.999999105930327814e-01
9.999998807907102272e-01
4.999999403953551136e-01
4.999999701976775568e-01
4.999999403953551136e-01
4.999998807907103382e-01
4.999999105930327814e-01
4.999999701976775568e-01
4.999999403953551136e-01
4.999999105930327814e-01
4.999998807907103382e-01
4.999997615814207874e-01
4.999999701976775568e-01
4.999999403953551136e-01
4.999999403953551136e-01
4.999999105930327814e-01
4.999999403953551136e-01
4.999999105930327814e-01
4.999999105930327814e-01
4.999999403953551136e-01
4.999999403953551136e-01
4.999999105930327814e-01
4.999999403953551136e-01
4.999999403953551136e-01
4.999999701976775568e-01
4.999999403953551136e-01
4.999999105930327814e-01
4.999998807907103382e-01
4.999998807907103382e-01
4.999999403953551136e-01
4.999999403953551136e-01
4.999998807907103382e-01
4.999999403953551136e-01
4.999999105930327814e-01
4.999999403953551136e-01
4.999998807907103382e-01
4.999999999999998890e-01
4.999999701976775568e-01
4.999999403953551136e-01
4.999999701976775568e-01
4.999999999999998890e-01
4.999999105930327814e-01
2.499999701976775568e-01
4.999999403953551136e-01
4.999998211860655628e-01
4.999998807907103382e-01
4.999998807907103382e-01
4.999999105930327814e-01
4.999999999999998890e-01
4.999999403953551136e-01
4.999999403953551136e-01
4.999999105930327814e-01
9.999998807907102272e-01
4.999998807907103382e-01
4.999999105930327814e-01
4.999999403953551136e-01
2.499999701976775568e-01
2.499999701976775568e-01
4.999999403953551136e-01
4.999999403953551136e-01
4.999998807907103382e-01
4.999999105930327814e-01
4.999999403953551136e-01
4.999998509883880060e-01
4.999998807907103382e-01
