0.03839230426009387
0.002668196709847201
0.003620221325994494
0.002288228130771948
0.0010053111796118732
0.02562757777520213
0.010490865548291291
0.0024557789912716473
0.034653596443031995
0.019433098447541538
0.015289898687285324
0.02098171519157026
0.006139450136174179
0.006668385111315015
0.023437503642489928
0.0006211319404329633
0.01660156672347421
0.013336771303962514
0.011205982165179781
0.0039062488940545623
0.00033510322985083976
0.043749024291937465
0.018707866694880445
0.00976562960191169
0.0019531251770075367
0.03334193744069895
0.05563530873109998
0.04051296421402732
0.007199786867605844
0.02677168953881884
0.003906252706268449
0.016384940739910373
0.009765623617445722
0.02610148373840431
0.009598074855159134
0.007812500718789587
0.0019531265736107903
0.036439174659499037
0.015052947584873504
0.005148514798362634
0.0185781779656027
0.03334192914009894
0.052202976608424746
0.02000516018888831
0.011718750657831232
0.011718748479076597
0.05334709043941221
0.0034323412238206306
0.003906250895270607
0.015652514666749256
0.006717462362588887
0.020493438704421905
0.0016670959976240816
0.0005170275441920618
0.004073802459130724
0.010002581949710435
0.00343234344750581
0.008956616359345243
0.007526472535648521
0.009528672035657227
0.04765947399478329
0.019433100801775544
0.009103837092708022
0.0018101099373102308
0.0078125033545847
0.017815077660509437
0.01667096936466279
0.003334194878761911
0.013183600396605752
0.00033510295289292905
0.023437502789575706
0.051393968860828955
0.0044783064291886625
0.0621217910853171
0.01528989328281484
0.014342080782611137
0.0569182338722586
0.009528669257222849
0.0066929244189970075
0.004576458910359735
0.02929688000258195
0.0247204189816375
0.02515367201700334
0.00041887907344337924
0.0019603111850033006
0.0019531245627162225
0.007501934109635528
0.004764338049748784
0.01028860737488155
0.03903376219386748
0.0005026544503978005
0.005630842682062933
0.03903375733746564
0.000572056759812643
0.0066683872607310405
0.01333676964882606
0.003383267989668159
0.007240440566811863
0.00781250182582878
0.0003351025774236797
0.10002580658496288
0.0008580841307987177
0.02153971191402013
0.009005074296236388
0.02788049201414986
0.0011195774378908892
0.016670959218238683
0.0016467688258071007
0.006292626518859904
0.00895661080108913
0.012360210847519629
0.008956615415818032
0.003334189957748956
0.05563532476338475
0.0019531255113689255
0.0019653945315689226
0.054871169637110175
0.006752163252242362
0.009404239559270238
0.0033341938622931428
0.01953125180101577
0.009040387387150907
0.0033587313939736144
0.015003871111222871
0.0013116670705638077
0.0052466637607883684
0.014648439806444901
0.00033510325692916914
0.010717653852772395
0.007156665554186959
0.0008233852770638661
0.011718750984955072
0.004478306197294445
0.008482705411012365
0.05677522978918971
0.004764335033105199
0.010288607796150939
0.0037183699522993162
0.02589328336700185
0.022579416573946683
0.019057339171888826
0.01752904633877869
9.814956205665575e-05
0.06651631338352594
0.0655397471470528
0.006668387225866531
0.02724560100987915
0.023102400523760096
0.003763236007812201
0.002929687645333406
0.005148514064996519
0.027915805953599115
0.010002580983426702
0.0031810147449632966
0.011865974916608133
0.06148030554724989
0.04220039964519522
0.009528670041233908
0.0011441127816251694
0.0025407892542493324
0.019719130558715738
0.0008377576565428116
0.009459272016400122
0.011425534662107245
0.002145214122858676
0.038964355486876746
0.0023821690169299305
0.0028602855354257248
0.011392065590805524
0.0056224175151867815
0.0013404134066291578
2.2889780204998077e-16
0.0
0.007841248698343415
0.005720568054765895
0.0039062497225649507
0.0029296883715007366
0.002288228411011276
0.0026808263632736246
0.02724560619161731
0.0038224753290602423
0.009765623472049286
0.09106918329380935
0.02343750038010818
0.03229597093346102
0.012789252904870386
0.0022882278529027284
0.0021637987979556427
0.0305798025854793
0.023437502730552798
0.011962888180278573
0.0008652721238596314
0.01333677220139257
0.006752163643562585
0.015289900647311236
0.02374385905001364
0.007240441333296514
0.005597883566023622
0.06830188482155349
0.018554690082742752
0.013336772848318586
0.011718751247137971
0.050012900386746495
0.017326800070240046
0.0011441136645952141
0.008956617260332164
0.006668385571059909
0.008907542134018266
0.013828648553944563
0.006668386742567599
0.011718749985758324
0.006668383923051137
5.169478688107444e-16
0.0011441150191712599
0.003105657429639899
0.010217102542802572
0.015003866964708148
0.00016755177678512951
2.1163626406917044e-16
0.013336769889088015
9.21571915372069e-17
0.016601565759629337
0.018648627703922737
0.009124167193530765
0.019057339282033525
0.024720422485407907
0.0019531250977835282
0.02057722221014286
0.001430144081106012
0.02896176702123053
1.249000902703301e-16
0.03303558953582226
0.004073798627985833
0.030118159698168744
0.01953125151339938
0.0
0.00292968847016592
0.002484525424186316
0.01805624662720939
0.011432722780115478
0.01969880371039907
0.0079800516092015
0.020005162022828458
0.00562242372586114
0.005859371754400767
0.014648441416341819
0.001716171916567669
0.019531255317640227
0.00390625052483929
0.003906250232830782
0.004408905935552551
2.4012952805915285e-16
0.017909018326925832
0.045534588651294755
0.0009765639688789015
0.0022882283687482726
0.04182043077110998
0.029325628138903444
0.004478306027512288
0.07792870388654556
0.0026233317856581757
0.02374385401185145
0.042968745823751785
0.005859374684869123
0.06233628599160359
0.06115958798170063
0.013336773608838386
0.006668388429861257
0.04615757182173127
0.10448973079987618
0.026101493390932165
0.005720570173746841
0.01205385999885182
0.003334192689222323
0.009765627190326958
0.03281894685047481
0.006668387488887054
0.003432345893032392
0.015625001096464655
0.007526470820441007
0.013336772631607437
0.013908828447916542
0.03415094643356622
0.01383942131527082
0.004241355220407153
0.04804786191212325
0.03672519987769235
0.006668386199675806
0.005147896811343577
0.0005720572733222441
0.01000257781783336
0.016266462608742916
0.06334966090865583
0.0024845270822641693
0.004408905820515876
0.014174530817510108
0.022767298028979165
0.016670966123366635
0.061159586555818504
0.002093162911539803
0.002631753551700864
0.009528672874684436
0.006445802195786695
0.039152239396638165
0.0
0.020369013829478495
0.009765625899798727
0.0039062497671693737
0.0011441132162592093
0.01138364815649058
0.00041887886019555744
0.008789063056670867
0.01333677326718609
0.027817655922784023
0.012241733120563269
0.0005720574883897332
0.008789061850680562
0.0006744169491835308
0.0022882264291766044
0.0026233329130566866
0.01919615261021812
0.01146742251075682
0.04926139313029814
0.002209623029859158
0.001227889939744024
0.00976562528312268
0.014480885326239912
0.10550099982033022
0.01953124930150808
0.006766536228423376
0.013336775224559456
0.0034894741486177026
0.01000257804869184
0.02717619930448291
0.0009401177892495871
0.07718489419570758
0.023437502187525338
0.036153144370303925
0.0005720572498649844
0.003906251183383517
4.3368086899420184e-17
0.006668387108627378
0.015289900321947535
0.038964348849683625
0.053347094587457435
0.006864683508568889
0.06115958841116576
0.010002578105832336
0.004576457998919721
0.008482706173407307
0.01676911542580409
0.006864683836646121
0.002811210934550554
0.0005720581185946331
0.004799035586986609
0.03334193227840718
0.013434918498181717
0.0005720573207190367
0.02086324232261681
0.010860666726016596
0.006668389156600466
0.006243557858291845
0.0350581100156119
1.078030247973469e-05
0.0001962987996846244
0.005001292145411665
0.022293388524753845
0.024577401786320768
0.027008647877369004
0.0026855455985813404
0.012724064080640494
0.003432343870157704
0.00041887973765379074
0.011718746638199384
0.04944084554554489
0.0044926795791734135
0.07163608248355052
0.0039062506894754845
0.01562500093132288
0.0022391536346494864
0.002288228643058375
0.0036202224451731806
0.0021925470684096104
0.03579770562409815
0.0028112090675891928
0.0019531235079166505
0.04224947422191628
0.027733881667570192
0.012695316113297701
0.004576456338024896
0.009765629451458079
0.0011441140096775833
0.03660672434667477
0.003934998028696335
0.011383648860648856
0.020005158084617287
0.025613201478800314
0.011718751658899981
0.022767295739045235
0.018540313374016747
0.020088934986038736
0.053347087084710317
0.011383650434491346
0.014648437216200655
0.02700864753232619
0.002537449907926737
0.01497163329971473
0.009724972208640636
0.02000516686372814
0.024720414582224775
0.0044783056251295455
0.011367529218293029
0.01000257787969856
0.03867237379502141
0.011146697091758667
0.024720416765248963
0.007812499126885242
0.052643422862401555
0.008482706763978849
0.026673548486701823
0.00447830510300889
0.01269531965558376
0.002484528561365772
0.01679364496747087
0.0037183742887706038
0.013059164383663285
0.013336773694125413
0.0036244326448416977
0.001632396178519182
0.026673545683653956
0.008482706809553693
0.007812496912032937
0.019196145608309505
0.0004500930874300383
0.036927458763298275
0.003432342038526218
0.04620479670505756
0.01667096298345444
0.022293381378982086
0.00390624986629487
0.013908830863850577
0.06032604788531962
0.008789063542915688
0.013336771403329208
0.007240439668183106
0.013479791943032277
0.010002578158681797
0.01333677343724262
0.029149654335970148
0.003432345814184671
0.021316827427853336
0.02522308191061644
0.005622418086672778
0.03886619659868197
0.0022882288078365496
0.009765626074449524
0.00390625103622086
0.0794485778261978
0.01919615394224579
0.02834063746207398
0.009528669377252457
0.020005156320608408
0.030900531513617414
0.00016755179296110256
0.007812498086228549
0.0056918262756806715
0.045534587379423085
0.003906250988687653
0.008147600621790319
0.005573345552841592
5.279161555518841e-17
0.0633496632023759
0.0027908850009842165
0.000719281357299194
0.010076194258941833
0.003293538975016147
0.006180105037910782
0.02148437422677135
0.08327106030549954
0.015514940896041312
0.001464843139085403
0.0038613838547051434
0.00496905544779617
0.010431622529683065
0.005001291079158443
0.0021206764292865054
0.025496836464578905
0.0034323404021025746
0.047250753457739963
4.765046675420487e-18
0.0006702067067416279
0.002120676540084752
0.0011441140208246024
0.008956615366020462
0.01000257825767537
0.006145404099300394
0.004478308164390501
0.002288227913533459
0.02148437409558093
0.0033510330514994993
0.008537738236824731
0.02914965313903668
0.023102398973710785
0.02675942748969207
0.011383646598018025
0.01528989457704905
0.006219015496939058
0.0005720560092556818
0.01171874785186473
0.004580667266912224
0.018463720649100717
9.814922758401671e-05
0.02057721745203726
3.2121393489861666e-17
2.888315555302784e-16
0.004478305981788611
0.04886878947678744
0.0033587301323226722
1.58229826579087e-17
0.02000516136607688
0.0019531253998599585
0.0033760784435659364
0.0022882276707158825
0.0027866730002134815
0.009340794362823545
0.005148515735241563
0.01962940230660674
0.06001546746406585
0.012102923121163806
0.0017999480883932292
0.0638379551700722
0.019342754413377634
0.0003351032524468609
0.005001289317975872
0.022293384652441087
0.0019531247380669685
0.0016670958260748567
0.0255785091754219
0.01171875069843745
0.007589918903427898
0.009765626147462115
0.0009765630529728786
0.012053852105008065
0.0496921640749542
0.011718749648898753
0.0060269285185820835
0.007240441997440344
0.009765624744658915
0.006735427618525935
0.02191763168862194
0.004929782316608067
0.054491199623922265
0.007812500203951439
0.011718748090365072
0.012081366278095891
0.005859375316330401
0.01350433058558137
0.06230371108281461
0.007146502621410826
0.007240445417317961
0.009455055304965857
0.015551395156369847
0.013336776820922632
0.002491717095160048
0.008956615931060969
0.00971654739973605
0.04952461743958148
0.022767295518047802
0.006668382551423472
0.011383648709712268
0.05814612341251722
0.0039062508149073005
0.023437502893917127
0.020660991673414234
0.01756374860167568
0.00878906350964166
0.018868233530891218
0.011718749105602923
0.0010053100179426326
0.0014301414123442924
0.012360210613341005
0.0039062496367575548
0.014342081354736866
0.0272455994388889
0.01333677324402175
0.006815614691460967
0.0012207029325093444
0.000429041650956718
0.012290808586584224
0.006668384432796841
0.022796040101510644
0.0010053103527991947
0.012221399866798554
0.0017652465024061846
0.01138364256505096
0.002623331334838457
0.03072702434430704
0.007812502874342488
0.00033510281700481877
0.0012422641358796494
3.469446321407675e-18
0.017913228894289424
0.003906249636109518
0.007526473138760599
0.004551916419131253
0.003432339903763093
0.004576459667243724
0.0396895933433312
0.0003638511176062023
0.020005158812979307
0.004053473192999281
0.0017305437027752574
0.011718748747980913
0.0005720569399417747
0.004241351498367082
0.0004882818376345698
0.06553975775958291
0.015723155243186758
0.04001031842655105
0.016679389720080918
0.001311664981428731
0.01000258362847199
0.002623330237264565
0.007812501788119212
0.0019531256598865963
0.011718751983185234
0.027507092694085678
0.06858790624694881
0.013336772227985537
0.04960838615375079
0.0012422636344898192
0.005859375131238419
0.0017161701973081927
0.0005720574899031823
0.0008174310593691417
0.0010053093173980157
0.03318874690815147
0.015289898051642298
0.059570305412926315
0.003906248916646124
0.004882810939135492
0.020986653207105084
0.0017161720763330072
0.0
0.0033341933572137764
0.0019531248508293352
0.0022882285361677103
0.007812502735761086
0.02700865022172702
0.04886878827294451
4.6599740990270994e-18
0.0033341915445962
0.027768582989801983
0.04582061617065871
0.011718751109706797
0.011816898966642045
0.007861573911616678
0.022293387344829007
0.005148516351403624
0.0544912106774265
0.00262332995728066
0.03305589606249011
0.020005160377881973
0.05691823997849925
0.004241353771183081
0.007644946636648564
0.0005720576730921531
0.01505294351332302
0.011718746872053045
0.00195312493314738
0.007861572362894273
0.009765630209586354
5.276320480443165e-17
0.008335484252620628
0.02276729527263518
0.0011441132865741125
0.012640281260822487
0.024720417006937414
0.004073807433041056
0.0030900518034914126
0.005144304398905238
0.005859373601688734
1.523416813040454e-17
0.011718748716370133
0.0284591196211345
0.002198499022237912
0.12167772376428032
0.0072404451232755225
0.010109993796863564
0.013336772201392755
0.0021942891358112727
0.053347096909978284
0.024720416162490277
0.004882811925108573
0.00521791328086023
0.0004290421413836905
0.021100198893636377
0.0018633950309364853
0.021124721642748295
0.02000516018341672
0.0034323420426769905
0.028167133546958868
0.0022882305423702143
0.005691822336468812
0.024483462164515392
0.040331047839384515
0.00717104346494227
0.00940808939090955
0.0019531238371850133
0.0019531245925464818
0.0003351025095071572
0.02088777897312508
0.01390883072528872
0.015624999034691328
0.01333677315252663
0.09278535889633505
0.007812500488394951
0.007506145853583602
0.013050750198428334
0.002239153141408031
0.06456319364842746
0.004674608557007034
0.013336771556070668
0.020005155447959378
0.06295953670008919
0.013050748577388768
0.02610148915811903
0.0034323436625242967
0.031235627423473095
0.03891526819133703
0.020577210333906124
6.964936663906313e-17
0.003334196884920552
0.03222656861687466
0.01958032500383506
0.005246662143161881
0.01562499884177716
0.002288228778271735
0.00028602812147148654
0.02293485703606128
0.0039062493674852186
0.020005163720253807
0.01696926309863113
0.006362030137399425
0.04001031299224593
0.019531247555278318
0.027733880031202116
0.009765621478901856
0.00028602819929789657
0.004453768019180194
0.01124484543349972
0.007961649661660495
0.00976562342339039
0.040596755395719684
0.0029296887836008255
0.021721323733080167
0.006752165352764252
0.00016755172953247907
0.009455059254607061
0.0019531253266283424
0.004478307260355712
0.01686725775076776
0.03284348754283483
0.0008580860611974446
0.02374385706499939
0.004478305907962471
0.008537736204493796
0.009765624551594713
0.006558332733363855
0.013336771999506994
0.023437499145942085
0.0006211315522017117
0.013336777052605695
0.0027908843249946453
0.005691823300158133
0.019224902900046335
0.0022882279817279224
0.00033510263477562496
0.01305916837145126
0.03708063901203227
0.00781250287303079
0.009528672606284502
0.008147605319254923
0.011077293456985108
0.006668387283787402
0.026673540961065396
0.04455802720158675
0.00033510300848558404
0.004576455325906851
0.05758844319972188
9.417701005358402e-19
0.007644945905286096
0.00585937615187956
0.02667354691592961
0.0006702070021612218
0.013336768312975018
0.001787678654270053
0.0017161717165090965
0.025721517158863474
0.009598072495568835
0.00019629888794002887
0.019531252561123598
0.01043583397916697
0.006668382990016683
0.00390625300052239
0.004216815318609691
0.02293484767581994
0.04553458725431083
0.0003351027988316868
9.81496279374811e-05
0.005706197523964513
0.0020369004119189515
0.024769499517058004
0.009765625497495434
0.014342081084123456
0.04501159712997245
0.0372972563826029
0.01564954019726761
0.013336771631486976
0.07611438458412878
0.0021206747446610866
0.010480694867994054
0.0012871286200550876
0.008956614660693857
0.12460741165519199
0.0011441142324286864
0.015289898220938083
0.0025742574907425364
0.01752905618648949
0.023102400033147816
0.04896693428102024
0.001522337790123886
0.018303360069837897
0.01124484374659834
0.039152230367738794
0.04220039882493422
3.49552866574999e-17
0.12660119078934384
0.01757812297482111
0.003432343435938001
0.09531052815771877
0.0
0.015373670014293078
0.004241352171595057
0.01888978704412011
0.0031463147131692666
0.01757812482606209
0.008147602911942258
0.011383647552622222
0.013908829765239114
0.00033510296169686563
0.01667097079702865
0.0008580859983572318
0.011816899508232582
0.016266454424655637
0.015185175281840635
0.005246661962446641
6.938896075256552e-18
0.0007192816910142337
0.018816180387499562
0.024581613676240545
0.0025742568022492592
0.018558907647522212
0.01919614851484012
0.007812502397338128
0.009050556176177697
0.011718750612505855
0.0032935376045369977
0.006668387014903061
0.0229348438526918
0.03281896245406102
0.002010620640484193
0.027176200070744602
0.055941675449643395
0.017913231415791146
0.003963745385230221
6.867946427542625e-16
0.031249998915630788
0.0018980972821793023
0.0007683561917603583
0.014313338100097767
0.00959807778244287
0.010326909395190124
0.023388424591094546
0.03891527821642541
0.10002580724937202
0.01562500003280324
0.02781765925427965
0.006668384345965871
0.011146695921274723
0.0009765604700090159
0.004241355213414058
0.0115511979061477
0.0030075094876487007
0.0011441151782711227
0.04429654412520906
0.0034323419693203473
0.010268280149823821
0.013533074324345813
0.00016755193956321154
0.007812501047738752
0.0078124986025287
0.004605201591578983
0.03000774214293153
0.008956614319579352
0.02472042552298392
0.0033341942334393295
0.018080784084537616
0.00472963288335045
0.0029296876456287005
0.015302163472495158
0.009765622648944651
0.007812498133022615
0.009151677421084834
0.01821959011016165
0.005859378476909496
0.04944084062811448
0.0011441154458050285
0.025696985355788744
0.007436740822434908
0.010002577361955598
0.0078615809880728
0.01562499837018564
0.002929688183609298
0.00959808038764356
0.0037183725717991676
0.0400103144433051
0.015308298321646565
0.0026233305364730102
0.00019208967915446321
0.005817487065254604
0.045534593115750394
0.0005720573633665756
0.02000516211275171
0.010002579267993686
0.0005720569674071359
0.06477982449041317
0.004478309655952821
0.0074367430726061095
0.012053857800545433
0.05248900132397466
0.005622421951157233
0.008050687684555368
0.02374386669409263
0.027817662271985105
0.011816900766853787
0.0066683859627426085
0.03784476940486803
0.008372651634689702
0.004372096674366673
0.0034323419602955113
0.021832618477600846
0.005859374946544485
0.020005163525836558
0.00848270320280299
0.011134430865192642
0.002929687296412897
4.907483095416919e-05
0.0388662049196741
0.011432723367438108
0.0012422639991066283
0.003405701045583503
0.026673546101094417
0.0029728098859584614
0.021972651185711598
0.022781664700649643
0.01638493511751793
0.02648566126474323
0.06082448026740566
0.001430143238823627
0.022824788993208597
0.023437499661971874
0.0039062497725438966
0.001391848382863315
0.018648620942635197
0.0006456686559295136
0.009152913205355048
0.013336774075960648
0.0
0.04677684726965322
0.0036244323110816916
0.0022882306923686663
0.000670207267900677
0.02636718356903554
0.0
0.0019531254002097677
0.023743859473999287
0.005246664585750098
0.09387319596138774
0.0038945067390183524
0.006717464956267416
0.07240444367917827
0.00848270616902173
0.0383922973481605
0.004478307252365586
0.019196158166489962
0.011970079601425567
0.004674427007030464
0.0015695652924259537
0.05691824388143836
0.0034446106315796517
0.01229080780504199
0.010002579562235117
0.05858532660839794
0.0033341932900640275
7.307523118181163e-17
0.0009765629399026226
0.015338974189486182
0.06261006146486842
0.0013404123291959663
0.00044762700932101074
0.00781250328293828
0.0021206774562187026
7.254803924327678e-17
0.01431333677881471
0.017075471561025297
0.003906253468876042
0.00895661703092934
0.014480887488792555
0.002288227511929992
0.10448972495239871
0.0017386038253183469
0.05334710246489532
0.03782023238149674
0.011718749837806252
0.006668386908209733
0.0005720563385276664
0.015289897768358438
0.0034323422501789467
0.0072404451597406485
0.08773498036901653
0.0022882295270092363
0.004394534161932208
3.3972307021025136e-18
0.006919715270245242
0.004806224790588692
0.0003351029812694645
0.0022391514326477605
0.003906249650754063
0.016266461523485116
0.004167740718253681
0.042512978969802794
3.133344278483109e-16
0.024720420649031693
0.0022882274943795138
0.017913228581808886
0.0042006985322190875
3.122505766322293e-17
0.02555396903331316
3.469446951953615e-17
0.03177298395319843
0.0039349977036022485
0.012433824264027695
0.000335103402065868
0.007150714868431014
0.009765626920853225
0.0341509423643423
0.00880132947426817
0.0006211313889201371
0.01464843812573365
0.012813794285169067
0.036676126316272706
0.00017473912000572347
0.008956619067060387
0.008073991013858322
6.418481911027724e-16
0.0042413531490019885
0.0019531238358469626
0.0022882279978244323
0.047487709652033236
0.01904297291679424
0.0074917701980761675
0.01224173070295049
0.0013116665926596496
0.06736721997157953
0.030412246021005118
0.0022882290440101047
0.0033832671925211125
0.04532007294622119
0.011718751105884969
0.02858181249995637
0.0026808286906177536
0.03582646040327397
0.017815082521913432
0.005859375765943451
0.024826989562879136
0.0426336548338127
0.013908828383593782
0.0005720575394414934
0.008147603804797439
0.03267593407334952
0.05373967660422018
0.029223269254484936
0.09302230549230957
0.006954414849129822
0.0032935385262607636
0.014762016044639729
0.004180007263104707
0.07924038136029554
0.017341173366708557
0.0033832673618092285
0.002120676604839239
0.013336774730352672
0.005859372967639194
0.013479785416145348
0.004216817865102439
0.015289896493679194
0.012503219765239793
0.016587191535026368
0.008907538050422437
0.051067295042116885
0.053347088447941254
0.04915481654586531
0.003906250374026319
0.00314631217035582
0.007980047978244385
0.04296875254102189
0.00033510365769269713
0.012053852949223363
0.039152240989204695
0.0011441137330860482
0.0034323424762430165
0.03353822627732897
0.06830188902318167
0.037443249284749354
0.00390625021946861
0.005859376630255335
0.022279010146049594
0.0026233335646352694
0.005859374594034133
0.01953125234357865
0.07163607666674078
0.04172649750216525
0.003906250863687074
0.0008580860721702434
0.0003351030449570735
0.011146690667984967
0.0006456690630813545
0.009765623865775763
0.0013404134034961197
0.03896434611983338
0.0011441147224810545
1.0450713918944785e-16
0.0022116400131323333
0.008956616429056236
0.000588897334110203
0.006026928148368265
0.030204040324341163
0.07416126288834206
0.002120676855630857
0.04294000599107545
0.01464844055694706
0.0005965953365559891
0.015052943860428512
0.0011441136969005852
0.024749170921206348
0.023801353539480152
0.026101483428535563
0.003930785254300596
0.006668387540554309
0.0022882294713099972
0.0034323429494255765
0.013336770372979053
0.0
0.01140521423225269
0.06668387123970522
0.0022882276283448617
0.007240444050462339
0.0005720568894321508
0.02229338980300578
0.0010053097394096971
0.003906250600599189
0.0011441154352851734
0.0022882300331200003
0.00019629889717900982
0.0013954407534412395
0.016670966431809153
0.008817809441964444
0.04553459657829477
0.016769119087841313
0.0006211322800454537
0.013336769423057187
0.06115959459474287
0.06220555612219818
0.011718747198898847
0.07887652647339409
0.004862487191300953
0.004478308160246015
0.008907543174062437
0.003934997274757144
0.002929687524842621
0.001953125704529466
0.0033341944407000966
0.003906250298165193
0.0039062486124383042
0.005859377564530905
0.09002320579710352
0.003432342199297655
0.0022882266935961336
0.011383648401359601
0.013908830674144697
0.007171040608713208
5.672136380158217e-17
0.01528989701324302
0.008956609894836006
0.015003869896213436
0.00945505738096021
0.0029296868789748815
0.009765629700758376
0.01953125355987373
0.002811209621644755
0.013336773120916764
0.004882812549410941
4.7533146847346745e-17
0.0198447957290577
0.0030790189333134103
0.015052951628228499
0.015625003188738055
0.019196148667386247
0.0009215334696452557
0.007812498909408423
0.00033510349699844246
3.367024592406255e-16
0.019196146357331377
0.019531252561137392
0.008956611970104554
0.0019531266399728815
0.04799037287544134
0.009728817010565445
0.0021206776473308496
0.003906250392901745
0.030579798993068914
0.019196148968252332
0.0048828128355612906
0.005573344318733009
0.011383645742661848
0.022767294209818406
0.011718753804242
0.04017786878406544
0.06634875413371755
0.006529580453228343
0.002288231290288418
1.1845432278721538e-17
0.002623333143509865
0.0026233314129084063
0.003906252240002732
0.017386038047494803
0.002441405579428061
0.018007165401969897
5.552873096551043e-18
0.0011441152398963038
0.01353307586873064
0.011718749732589519
0.01660155749414161
0.0032935382547607485
0.0043945307375686665
0.03867113617668362
0.004772757295920064
0.024769499808524657
0.013336773304630449
0.004478310574757179
0.020005159002332414
0.006668387336783143
0.0006702067357322979
0.006668383496159166
0.0900232124494054
0.01134299448552818
0.003906252139300775
0.01171874964715903
0.011383642634193766
0.0017161720202875288
0.020005158430971698
0.0006702073089283619
0.005148514489721037
0.0333706904278686
0.018816176885076728
0.011551203123077983
0.0022882291637156614
0.008789066039012694
0.017329265343110477
0.008956612606465018
1.6919185082816915e-17
0.008073994761695975
0.0005720575940500929
0.013336768500259114
4.395589184937534e-17
0.004882813804606092
0.01233988215247361
0.0058961819788325995
0.012374584590375522
0.003906250586601456
0.042200397350512356
0.022154585861341832
0.005859373409045952
0.003906248083896372
0.003575356331985475
0.03886620220135723
0.0034772106120245206
0.013336772650271576
9.480707868948988e-17
0.004478307137105674
0.02086324586430236
0.01891012372430632
0.04531200791248517
0.005859373172438567
0.008670586225273075
0.008482709115668651
0.015289895857176886
0.018219583442663716
0.008208943129090485
0.024581623971692206
0.012360206379350494
3.910336570227518e-16
0.007400808642247354
0.012360208931067342
0.03057979437849185
0.001144113680207105
0.002288228423988379
0.02229338569449253
0.030625276831075982
0.001144114154465743
0.008384559034077588
0.01464843448775506
0.0028602850181550115
7.700461092068005e-17
0.009124164027174378
0.0034772090918823374
0.0022882298951933913
0.007240444186683471
0.01119576605193894
0.02276729419880056
0.021917626078761535
0.007812499443432083
0.02181527346012413
0.007812501683607209
0.0017161713601710803
0.0035304908626217087
0.004073802568256273
0.003358730838456962
7.104543424727892e-19
0.0011441143213478423
0.0039062499486128945
0.006668390004294423
0.003278549811706089
0.004216815454648848
0.002574256242715562
0.03000774283230859
0.011383649118211837
0.00021313854029396447
0.013908830547338474
0.007812500440678594
0.0034323417558007243
0.005217914744996381
0.0026233312651375283
0.011792361992518525
0.004907352844532061
0.03708061707509959
5.0300608487874636e-17
0.004576457868471686
0.0045764547711909555
0.026673549013192736
0.0
0.0017927615688034984
0.0025006450749034547
0.016295209753621056
0.003906248146279413
0.005246663718901524
0.0037429086582702756
0.020577220240210095
0.004394531085551064
0.00201062134066898
0.002699921478071462
0.047250762575647684
0.00228822764420759
0.05334708803321936
0.0022882296052214586
0.0058593739905191304
0.03125000323156009
0.011816895044720903
0.002010618649731413
0.03643916845820656
0.011244845932158676
6.938899092845167e-18
0.01562500442746459
0.001953125320336048
0.013819098346698993
0.0069544177010546415
0.0005720573006753654
0.006529584125010084
0.0010053096978540708
0.00781250273065033
0.03512750293189882
0.010002579600961365
0.00976562566361508
5.020071451331306e-17
0.0009765607419999215
0.01756375561258204
0.010435827623513621
1.2239428436439809e-17
3.553631415351251e-17
0.008956614067565306
0.007240444913497854
0.01707547344692413
2.976316153483177e-19
0.03582645157160265
0.013336774767673643
0.0006211312263607819
0.005720571173884809
0.010002576364598866
2.434036674135248e-17
0.0133367682177452
0.0033341933607454227
0.006668384571008862
0.006529583849168187
0.024720425217127317
0.003906249973730071
0.008956615906788559
0.033258152237652425
1.4777602970831157e-17
5.699137258457387e-17
0.00382247576135821
0.00951429852479665
0.022636552675291306
0.007240443082782877
0.004478306607009886
0.002288228748362808
7.361209819643692e-05
0.007812501049678568
2.676494769973874e-18
0.0003351033872096252
0.01318359794568401
0.06663477514890549
0.003906252310650098
0.017341173298716574
0.016629073559623408
0.05668127614823952
0.0028459132538219407
0.007612355125022272
0.008482706604189651
0.0034323407553906705
0.011718753558944415
0.04748772198531548
0.01562500275790264
0.002288227974264785
0.0013404133386981552
0.00248452498453208
0.0039062484817527065
0.01113950382847245
0.020005153737109614
0.009466460467576918
2.645456207953665e-17
0.03970396392305263
0.0022882298904646366
0.008789061592853017
0.0025742575112333217
2.2460057220405815e-17
0.015723150885767725
0.024414068684553113
0.016670965756190443
0.008147603264310571
0.007812499701778171
0.013336768071871207
0.009124167328689892
0.02724559669020425
6.066576595992781e-17
0.013908826779977571
0.04001031607721843
0.0
0.014399574879913028
0.026185269411712706
0.009528669992444507
0.00833547921556176
0.033341917198072134
0.026673545696637158
0.003579565993672229
0.061159585937221345
0.011441141700583841
0.006251970149074655
0.003906251047998612
0.00782687066581637
0.023437506267392386
0.004478305557949228
0.008398932277057295
0.005246662931033561
3.122502256758253e-17
0.009765628246573212
0.013336773257457408
4.384012256354571e-17
0.021917624180335018
0.00033510333747921624
0.006815610410108611
0.0009765628420267355
0.00343234251171874
0.01043583229112065
0.11757517952085851
0.017578121644391157
0.03805718957686489
0.020005160255737873
0.019719133630559996
0.0332031230537032
0.0008233847092802873
1.7038720836548645e-17
0.027245602239085353
0.06668385872173893
0.005859374982710083
0.03729725035323712
0.022767307244572443
0.00019629900952686854
0.007959724042129834
0.003432342715764009
0.009765624848547755
0.002623332330157192
0.0764494757174692
0.008482706136592901
0.007240441217007381
0.0028602842885771676
0.0032626818390737848
0.001096270352604145
0.011383650047142377
0.00025132774128028854
0.013336773210190337
0.021484375377830066
0.0006702065475602616
0.0013116655232584737
0.013622795254911788
0.022934840236344872
0.025780753873547273
0.00019629898711457993
0.0032935377996354937
0.0039062516207767715
0.008956615332919499
0.0039062502778846216
2.1163652680249417e-16
0.0006702064627453019
0.018540318512191175
0.02561320844921278
0.014342081900782153
0.01821958714733119
0.02276729622553636
0.021721323418185324
0.00014722402360020095
0.0006702075252911966
0.030412256523408576
0.00228822710033979
0.034402266701455624
0.04150391225994151
2.7687550554499233e-17
0.0006558331007870668
0.01676911330676697
0.007812503026446038
0.028961772164378546
0.0006702075164726286
2.221019388431387e-18
0.019057341122930966
0.013908831416487799
0.03763235884864035
0.0006456698517163041
0.0005965943405590472
0.01562499976716922
0.01000257603570489
0.00500129094433904
0.010435828557944763
0.011718755216091451
0.0017161704598099663
0.017578126394763107
0.0011441134934366576
0.003432341532899589
0.07335225089634605
0.021296499969008488
0.0014301427237104717
0.004241353347892167
0.01229080880477787
2.0903417885520528e-16
0.00033510324487394925
0.03196296730000613
0.001119577174619829
0.011718745780935833
0.03317438290042264
0.001340414254936905
0.018338059073640722
0.011718753468532185
0.023437500943477484
0.01614797884713725
1.734724618934072e-18
0.005336390270745451
0.00198187324035863
0.0014648440563174053
0.0008580852175467477
0.0037183722155706127
0.007994425623857002
0.006668388477563333
0.022767291803290783
0.002288227652143699
0.014648439314854144
0.006668385468833617
0.0037818193490696296
0.011467425663436524
4.896766326992269e-17
0.00863947732867932
0.007011906625003235
0.00016755117664074107
0.02059406019323477
0.003906251142105981
0.00228822893958411
0.0040738037176478665
0.0
0.008433633309959299
0.032769879754291166
0.005859375632200305
0.0005720566826642689
0.010297026766058323
1.1385622717158575e-16
0.015960102039300747
0.005691825502671823
0.001244060399233809
0.010717648065393704
0.002337300952236917
0.013336770240032719
6.263719351575572e-17
1.0544392007464012e-17
0.02110019531079173
0.00393499567887515
4.3304111704440163e-17
1.2916477214260173e-17
0.02276730020995294
0.004764336146978381
4.0647102642827824e-18
0.0153736801746055
0.03276987259988757
4.907454159505287e-05
0.08911603977094579
0.007812499564961529
0.02310239706404166
7.372574772901433e-17
0.002623332210931974
0.023102395345008363
0.05206416910746
0.006954414640951558
0.0022882287413526848
0.003477208195539585
0.0005026549892687503
0.011718751673977146
0.009765622820664233
0.06668385833972729
0.008147603894855342
0.006766533340451671
0.008335482593973155
0.005859374727219134
0.006668389085978926
0.004241354783730998
0.0023929480816347417
0.004940307066669525
0.004699143874821698
0.030579795424029492
0.00781250137044455
0.0007324218698249603
0.0034323420756572137
0.007644949561716649
0.010550100682303564
0.00019629912804047626
8.377600746267447e-05
0.024867639788157595
0.004073799741173404
0.008106949436613144
0.021345576164813973
0.003906251330521147
0.038866200699085855
0.01626646110735733
0.0003841779709917171
0.03415094365091274
0.007240445120595009
0.002386376358437018
0.00016755209259029243
0.0
0.0005026549908353164
0.005691822219484379
0.011551199754639757
0.020005157419044507
0.015625001979060617
7.046077805452038e-17
0.007812504747174431
0.02254471933171702
0.004241353185568146
0.005908451400710904
0.00039259766052923093
0.013336766787397978
0.021316826619863723
0.0003351031777822266
0.0002944481116404089
0.01967723712771003
0.015723146920746795
0.009765626893372762
0.03086581954159574
9.814943021712359e-05
0.01015822612480841
0.007171040567850367
0.0005720572143165112
0.022293382751042982
0.010129481073033063
0.025376251879451223
7.403401228166675e-17
0.0012422637275590624
0.01943310189580418
0.009765627047785054
2.874737641469106e-05
0.06830188619588001
0.011980240081910478
0.0002860286033339986
0.008670585389609105
0.0655397478247142
0.0019531242433005922
0.0023373025739840962
0.0666347796861442
0.077732401861765
0.005859374193405143
0.0039062490631014187
0.004576457450027179
0.015575928421356211
0.020005160417221387
0.01297415693274407
0.0038249396002496086
0.011383648467131031
0.0077164506523797185
0.051916948183989946
0.0019531251713585007
0.0022882288412749423
0.005859375526552878
0.0196988096512042
0.00895661199271019
0.03729725033765112
0.0003925980086183658
1.0148132334464323e-16
3.1578341692631836e-16
0.0005026547258716818
0.007812502119813922
0.013336770732546703
0.0005063535058453572
0.02310239563661416
0.00488281071889189
0.035630159439031264
0.0
0.026673552964458794
0.00488281107391267
0.0066683874899479394
0.011147926714248677
0.004241353104654947
5.055092629213665e-18
1.540743955509789e-32
0.021721336708844657
0.012695316990216287
0.0006702060149722561
0.0028771246066497795
0.028626666269299623
0.025153676838869574
0.017913231457297518
0.010435833368341356
0.0007851956150883854
0.038392281075900835
0.006717457658525943
0.02986173235288509
0.0021206770674275584
1.9895174102711513e-17
0.0034323418534192573
0.026673548444422462
0.020577216862509507
2.5799511488543116e-17
0.007812500125077958
0.07554232747783855
0.009152911785076668
0.0022882278188055
0.001716173661679901
0.011383649344579697
0.007812501001378288
1.2296248949626241e-17
0.005246661574543248
0.05725334679403236
0.003334190469059012
0.0029296858327647994
0.0024845273815771547
0.0012913397592873078
0.04695754356057919
0.002860286021298632
0.008482706460524
0.00033510348594617306
0.00447830624176127
0.00033510312592214815
0.024434386441403624
0.01943310561667293
0.004882814711105974
0.020005155387271198
0.005769645274578715
0.006766533036501336
0.0341509457751213
0.0013404128460127163
0.03518499536527428
0.028961776164942738
0.0006702059514951337
0.0009765618597158731
0.041963444347931166
0.0023863778716061053
8.088572603135055e-17
0.023743856162530608
0.0050177677764312485
0.002623331660749869
6.938898930545176e-18
0.0033510342221987643
0.0003841786042727732
0.0034323435128735423
0.013504321070751573
0.006668384003236287
0.0029296878946722
0.007159131712139681
0.03320312485132235
0.10440595904012084
0.002288227662953577
0.05449119417779622
0.05613796726614086
0.008956617370307979
5.952631847086163e-19
0.020005160681194973
0.08106659957173326
0.01333676921726224
0.0005720577913999319
0.0021972661810097773
0.00038417777826757406
0.01716171499135732
0.0006558322935183585
0.011718753181916518
0.003906249251453204
0.0338077694224898
0.007240442980568892
0.0002860284318999981
0.011718752990970051
0.035679235054584556
0.045534583642066674
0.0006702069960664656
0.01144114483641162
0.0006702063330302828
0.0022882288231687756
0.006668385709938357
0.018918536656936873
0.030677944654546006
0.0009765619466334869
0.006668387714002371
0.007812500162567869
0.0038224752103005392
0.05334707732404312
0.05525956098364452
0.0002860283767929112
0.0
0.004882814392456248
0.0011441134125811656
0.0019531261623128636
0.05903890950371267
0.003432343569624225
0.023625386505837294
0.0019531258149087967
0.02888817009116929
0.026673545500757557
0.0006702064888422087
0.010051652015834606
7.361213065005925e-05
0.020172712092998094
0.0034323413379164884
0.00033510325933880245
0.0066683878530579286
0.0009215336503379707
0.03253291459707478
0.0020106210551200966
6.93889390390723e-18
0.02276729058380892
0.009340794125583808
0.00042904292126776756
4.665531347130486e-17
7.388828999385867e-17
0.013908832394905514
0.024720416949742
0.063733840059374
0.014229554840221629
0.000883345285110209
0.052587159311611974
0.00292968671426179
6.93889390390723e-18
0.0011441139587963034
0.00390625043677781
0.027458736759279862
0.002668195424431303
0.0022882277072113996
0.010002579917514152
0.04344265228673813
0.0037530739315681932
0.008335483486510075
0.012503224733996763
0.006864683541776657
1.6276585114438638e-17
0.0006702065555240108
0.004382261382072007
0.007910652738570764
1.48144904857222e-17
7.703719777548943e-34
0.013336773038190393
0.0032647912093792396
0.021721330867358266
0.00878906235727777
0.0006211318247825305
0.0013404134665978026
0.004241354305491888
0.0006702061286187699
0.0039062476745349156
0.01333677409642201
0.0024845275099186948
0.017161707320898632
0.002623331480195245
0.0008335483283262649
0.0058593791281385975
0.03334192926661284
0.03334192603663889
0.0011441141355499039
1.3911696792324942e-16
0.002929688677048763
0.0
0.03276987711252302
0.0013116655253624743
6.732147574138149e-18
0.005430334737132923
0.0017161712055524902
0.0007683562414546396
0.0
0.0003351031544599954
0.001552829923709706
2.075945095191969e-18
0.05563532346658523
0.0024845281000571463
0.004394530767625571
0.0005720568637993326
0.0011441141388062609
0.005859375932664814
0.007812499375950967
0.003906249224020123
0.044419221573573336
0.004307267534355901
1.0489469667447994e-15
0.0022882277702148727
0.0
0.0031810167967611723
7.80625674606499e-18
0.0020997308323995587
2.244257305303764e-16
0.0006702080826567933
0.003906249290069181
0.005965944628133911
0.02410770060328329
2.0323571202572777e-18
0.00019629902083237037
0.029923964734601547
1.2611686335530658e-44
1.555491055136457e-16
0.03334193977449211
0.013479796531737778
0.0034323410378261626
0.046511155255504054
6.895959031657455e-18
0.02276728843687761
0.0039062476437059864
6.165316099839613e-07
0.01686726794044938
2.07369920006043e-17
3.9527586861330815e-05
0.11659861778400599
0.0039062486521034383
0.010002581011761656
0.00028602867961495873
0.006110704438053095
0.04001031482079125
9.671879315246454e-33
0.017913227561609003
0.006668387176233648
0.0004823274793250689
0.0039062495672887226
0.00424135504341015
0.0010053092561737673
1.0148143104711824e-16
0.001340413537391385
0.0
0.024720422022989446
0.038866197688804324
2.874741205648027e-05
0.00033510322557663317
1.913734651645874e-16
0.0026808252355548204
0.051255154290308545
0.022934846353032178
0.027772788045497362
0.0556353129984183
0.0026233319240629134
0.00033510323884634223
0.007812498723441909
0.022767291779513515
2.1991911826283211e-16
0.0004882811024877629
0.008294827236906515
3.2364510541818826e-17
0.011134789165777486
0.02000515471223336
0.06115958965036657
1.3960908460903937e-15
0.013336771978092576
0.004075034202627539
0.020005157630506643
0.0
0.003906251638856821
0.0039062499921833707
8.129429853352591e-18
0.037080635058292837
0.01000258027311606
0.011718750497469173
0.0005720571598254481
9.814945528140933e-05
0.0011441134750753458
0.007812499534338783
5.551116612050995e-17
0.0008335483163644248
0.023437498801268122
2.155229622452801e-31
0.0
0.0010053091357073852
0.05396472835896926
0.05691822865007393
0.01333677045203302
0.06668387077399456
0.0
0.0021206802475121564
0.0
0.001953125611180488
0.0
0.005775603052813147
0.00895661176673485
7.10726154062715e-17
0.011383646150369929
0.028340636963186203
0.0
0.0033510334372660435
2.5723261211056492e-17
0.00543033266366477
0.009765629094559636
0.01093848762270481
0.00390625040519132
0.011718752310438044
0.0046746092256331065
0.001455402600464821
1.332611312938557e-17
0.03906251085472372
9.36313354901238e-17
0.013720948699929915
0.0005720570493890228
0.000768355885740157
3.611757508536538e-17
0.0011441133414244599
0.03125000090599172
0.0
0.01333677229470433
0.004576456573312768
9.814937988787449e-05
0.04220039333444404
0.020005163430021122
0.023102396897748536
0.00390625017427129
0.0003925981431752298
0.0022882295616084916
0.005246660854680803
0.03886619823093306
0.06115958357432736
0.0022391532992672484
0.008956613498985055
0.045534593200373806
0.03353822737357337
0.00424135257695809
0.0156250014408127
1.1889017975032795e-17
0.0060318590587120306
6.325829897659821e-19
0.000781496785407546
0.003906251140190543
0.041726493935128305
0.0026233315264641397
0.015624997575045357
7.46194449566632e-18
4.440897127760368e-16
0.006766537155070068
0.0022882280639239918
0.002010620096405413
0.012004780923504236
0.002120675254510015
0.0018311599443543722
0.00152829415485936
0.022767295490909438
0.010493328958508097
0.0003351030950878269
6.824731564022642e-17
3.469451232614661e-17
5.144645722491256e-17
0.040010316121615666
0.0022882278332183874
0.005148512642597067
0.0003351041300614959
0.0
0.008147605251501685
0.03002457604590139
0.046875001325392636
0.0019531254722077373
1.4163714436908324e-16
0.01562500247621084
0.025306842408375697
0.015625001942809486
0.005859375881336409
1.5583889520422605e-17
0.0018430678644043193
0.0
0.000488281753292121
0.004576459165587192
1.0009404575039496e-15
0.010002582041821664
1.387779294939039e-17
0.004576458698599922
7.860683054724075e-17
0.000572057178817053
0.006864684734494219
0.013336772179839555
1.0469860826713039e-16
0.001144114366079269
0.03661164734760696
7.703719777548943e-34
0.027817653173542192
0.02695958155105703
0.006668393725151296
5.922716564911431e-17
0.006717460809496001
0.0034323404138807516
0.0011441130773866897
7.86067771249498e-17
0.001340412306537735
0.019196150140186535
0.0019531243025904916
0.08002063228210879
0.004772756267858822
0.01562500146592565
0.10440595007030809
4.885286452163498e-18
1.7275032822631382e-17
0.09054618977944891
0.0
0.020005156682975013
0.006587076396051667
0.0
0.015289898909137957
2.1460988344685814e-17
0.0
0.015624999627618983
0.06250000252478619
4.574966871920481e-17
0.028459119513230356
3.251773596654123e-17
0.005622420828665241
0.015625002402395883
0.033341931808964054
0.009218105803516898
6.9100139014004e-17
8.691300667964036e-16
3.469446686973329e-18
0.0007683568908388257
0.003824939884484798
8.778054025830832e-18
0.01524924155190223
2.7755612011587896e-17
1.6134157949122213e-31
0.01629520754218288
0.0
0.016769115466257083
1.0864130389239143e-16
0.003906247004809513
0.013059161938281714
0.05563531160100951
0.006529576272691445
6.938902442253555e-18
0.0005965948788445531
0.011718752614465047
0.0021206789013144636
0.015624996966727556
0.044586780367682696
0.003906250812952923
0.0625000030241699
0.0022882275959399743
0.002929688986714474
0.015624999770978466
0.024107708904173544
9.814956444692118e-05
0.11107434922626677
0.0
0.07126031423190184
0.013336776845104713
0.004021238981496057
1.9028767452042475e-18
0.0035855194487217088
0.0
4.807917573096555e-17
0.00033510344458475156
1.2041971013599735e-16
1.7049618684451414e-17
0.028961776073563553
0.00833548420224335
0.0019531252328306523
0.009528674783134631
0.017537473686908063
0.08002063268784888
0.003906250815706677
7.703719777548943e-34
0.008147599866650765
0.015625000446288662
0.0
0.0292968743835751
0.0
0.006668386119951731
0.002623332725243941
0.008907545318800218
0.015837416535248682
0.03363637334262051
0.0011777934065072236
0.007812502033866324
0.00686468670545389
3.4099221385265006e-17
0.013174157139448686
0.0010053102338953004
0.0016395817365324784
0.0034323423751341803
1.5399075773055343e-16
2.328271693370497e-15
2.041427337320573e-17
0.05334708868948221
0.0
0.0017161714787266521
0.0022882290885603116
1.997400091134386e-16
0.01953125259630035
0.003334190398157273
0.0022882270569653178
0.001144113728929496
0.00014722442189027282
0.002288227325781343
0.0029296876746399032
1.3877810729008685e-17
0.05594167164133757
0.038392292135016215
0.055635316776946546
0.06115958544110961
1.387779194371784e-16
0.0
1.8431538925766921e-16
0.008789061229483572
0.009152914182580105
4.996003610813204e-16
0.005859373604641071
0.00013495546095017416
0.019057346280299658
0.019057346140591697
0.002239153490604207
9.161508357502563e-18
0.04886878893683864
0.006668393193614685
0.005720572150439413
0.002288229082906694
0.016670964653802006
0.05792353736093605
0.016601561541845496
0.05401729323402095
3.0457095144000964e-18
0.014480887230627248
0.012674991600383344
9.629663533999916e-32
8.129442281926457e-18
0.00248452789719178
0.062499999999999944
0.0007683564046334942
0.01333677048053257
0.002288229556958191
1.5542791055976032e-16
0.0022882309574328353
0.0066683892264075345
0.00032791680440307755
0.045534589067371414
0.001054384502175765
0.0024845264407877053
0.0023373025291159866
0.006864686463173578
0.0006702070872709549
0.0022067380080126927
0.00781250000000011
0.02862667014724923
1.8065746548863635e-17
0.006864689100325709
0.004576456306011459
0.0019531247882815619
0.00887284119756297
0.061159575064659126
3.2877686621019135e-34
0.004478306177721721
0.034318490588925964
0.0
0.02472041751109727
9.319952666153129e-18
6.027334052182215e-17
5.5392459490955504e-18
2.42831787501035e-16
0.000196299065040708
0.013336773254274036
1.3304982015864969e-17
0.0
0.046875004879769956
0.007812500492872188
0.0005026548038021073
0.07031250079878837
0.004576456140866643
5.698007062349074e-16
0.014480889344914141
0.00019629912670171294
0.0
0.0
7.361214464162386e-05
0.026673552146654487
5.952630908374222e-19
0.007812495781323037
0.0022882277702149273
0.010002577971921152
0.01562500179565526
0.06668385480338064
0.001340413471463599
7.049256556985562e-46
0.0
0.010742186986737616
0.015289906566492269
0.00228822717168156
0.007812499732589574
0.012724061819036403
0.0070609852346052
4.507510783227605e-31
0.0006702065917826157
0.0005720569012374364
0.03057980366057456
0.01791323246659557
2.0277685909234994e-16
2.2309995349400553e-30
0.031250002773107216
0.0009765638350191018
0.011441139816891125
0.007159133950735479
0.0
0.0
0.004576460562989117
0.0006702068996248263
0.0045764576119440665
0.04001031540546071
0.02667354005263814
0.0
2.369087986171864e-16
2.77556001580567e-17
0.0
0.0004781180258529631
0.0
0.0
0.00019629875040087633
0.004576458923479371
0.0034323423760615887
8.78523432749276e-18
0.0006702064629537167
1.3532829237314811e-17
9.121221613942635e-31
0.0
0.0
0.0006702064102602981
4.06471274582499e-18
0.0003351033375751735
0.002484526228545535
1.292657802397972e-18
0.02667354934713219
0.003906250465661502
0.006864684521344453
0.002335198421142713
4.356797084817641e-17
3.4694497222443645e-18
8.070887258612185e-18
3.977536129762926e-18
1.9279705837178726e-18
0.0034323411417041144
5.922717692958431e-18
0.001536712577720817
0.03805719696107244
4.3368095285266416e-18
0.0034323427755559503
2.9469154764227125e-17
3.2592126474979595e-17
0.007812501096810755
3.7092459461479713e-16
6.869513234093843e-16
0.08995875162249432
1.1849185188478961e-17
0.03334193090396492
0.0
4.1633391716263816e-17
0.00114411432613208
0.009152917318208184
0.0016467693109242097
1.249002055348663e-16
0.029603235216541603
0.006668383734514326
0.00016755171091057983
2.2122964603879436e-16
0.0
0.009152917916438307
0.002288227841154288
0.000196298921106976
0.019531251352783295
1.706095526020676e-19
6.245010221064099e-17
0.0006702070251174213
0.003906250879497897
0.006668388483075506
0.001144114265208569
0.02791581791106089
0.01964624008021537
0.005720572693408521
7.716969955861492e-17
0.0
0.019196148273166153
0.023437504329301105
0.003432343173487952
0.006634919890295498
0.0017161717596027581
0.0
0.004758383042710187
0.010836127866932211
1.3117784355507893e-30
8.377587606373774e-05
1.1494557007107323e-30
5.450997582966506e-17
0.003432342766996791
0.001716171638441257
0.002288229038131065
6.636278811396513e-32
0.008335485615967435
0.013174153566917172
0.018197147719491522
0.0017161721977565652
0.015625001866211324
0.0006702070442872471
0.008482709976869049
0.0066683830891920886
0.007812501974227018
0.03415094952560348
0.00016755169263329368
0.0683018820060566
0.031249997175283397
2.4388268088898395e-17
0.0
4.004162638155085e-17
0.0
0.0001430142829248089
0.0078124991850927784
6.618663601133316e-18
0.019057347856094076
0.0
0.019531242643922107
0.00625197326477871
0.012053853589141409
0.007869991820975421
0.003293537990162081
0.0
0.011383648902018324
0.0013404135892663566
0.0011441144836409282
1.1905262290131245e-18
0.0017161716537773247
0.0
0.0032647937567264057
4.064709906956782e-18
0.0
9.121204216617949e-31
0.035826440303883295
0.0013404118347956587
0.013336766612057181
0.006251972842067081
0.0028530984517889306
0.007011910095950172
5.241003373915418e-17
0.006668385435658299
0.0003351032527876316
0.008956614686030515
0.0024291365198303013
0.05910135441440032
0.0
3.723493318169548e-17
0.026673548692403907
0.0005301696103787207
2.4405114291394676e-17
3.767084003635422e-18
0.013336772342925575
0.013336773492038023
1.18454463691802e-15
0.0022882257798242933
2.2563681622221546e-34
0.022767298807482083
4.996004633013786e-16
0.019196148776116126
0.046875011707452195
0.003906249883585359
0.004241352102166701
3.469444470413453e-18
0.008956619286117972
2.996231381956619e-17
0.02781765756540093
0.02610148656183002
0.00019629880157266404
0.0001962997090337989
0.0
0.0029296871038751553
4.332227221366961e-32
2.567393230150325e-16
1.1155001212497476e-30
0.0004598949579173957
5.4320653514334744e-17
0.026150563175550427
0.007240445834242718
0.0047727552404459575
2.572325052983193e-17
5.204170135630611e-17
2.498006557196833e-16
0.001144114142618938
2.77556043601629e-17
0.006668389757523741
1.7564922264391956e-16
4.7621090288433606e-18
0.0013116653292121886
0.0
0.004969054217888417
0.011718747643610859
0.0020106198452240973
0.007812501062816205
0.00016755185457448393
1.190525695966033e-18
0.038449786654954146
7.699541571433535e-17
0.0003841776070939804
0.00447830430245917
0.007085159392646639
0.013336779109295751
0.02539062874565117
0.0
0.005246658636965305
0.009765625321572938
1.2194131575588519e-17
0.001144114491306915
0.016295206325234023
0.06115958098693748
1.5591994204304138e-17
0.0
0.019351791095257764
0.0002944484256080496
0.006002389107999874
6.819843558775925e-17
9.476358973099569e-17
3.486974405218929e-19
0.0
1.3877787807814457e-17
0.015625002406727543
0.0015629933517434691
0.0053363931256684306
0.0001675516413113681
3.787514121095196e-31
3.849767231627186e-17
3.455006028172607e-17
0.020536560970304242
0.0022882304103799167
1.232597601037372e-31
0.0066683839654330355
8.575795373978023e-17
1.0109516664933982e-16
0.036439170999435076
0.009152912818287519
0.0
0.003906251370345683
0.006668389518979234
0.0015367125947098647
3.8584842217171123e-17
8.129416756452995e-18
1.1845435150699197e-17
2.5326991038846325e-16
0.009849400799010711
0.0056224194138996516
0.05984794108332096
4.366577383229546e-17
0.003906250698491966
0.003906250204730751
0.06668386071300159
0.003906250517831236
0.020005153056225886
0.0
0.0779287100959295
0.0009765626516205523
0.00781249973258952
0.094975397907639
0.0
0.0
9.476347828931234e-17
4.23056660379582e-17
5.620508352101036e-16
0.0002860289423529046
0.049498327392975064
1.387780000873174e-17
6.938899515450354e-18
0.00033510360228481724
0.0
0.0011441144456817449
3.469445539689019e-17
0.0005720564201183467
1.834896979569645e-16
0.0019124707231347301
0.0006558327853977476
0.0022882285837104136
0.00033510317495022163
0.10440593386455686
0.003620221434153579
0.003906248253770413
0.01333677200452283
0.12003091182893236
3.182031930977862e-17
0.0013404135141678922
0.0034323408120172758
0.005859376595384204
0.06668389016809632
1.3877809286701388e-17
1.3877802697075442e-17
0.0021087691435995246
6.414627374482527e-17
0.00028602876114821495
0.0011441155355228552
0.030579793598908087
0.05903891690921604
0.01448088666585521
0.001311665134142115
0.0
0.007812500931322632
9.814946506476114e-05
0.006668384999923365
0.0
0.0013404114463794095
0.008537734867679243
0.008956620578489847
0.0
0.003906252182569633
0.0
0.0020106208466767737
1.4173194322672023e-17
5.92272364424689e-18
2.2067060619782252e-17
0.010493325000430528
0.007812499627965056
0.043442658868002235
0.020981725449166235
0.0017161719328969958
1.2490027485779007e-16
0.009152912477319043
0.0
2.5638034432848014e-30
0.006668388026780665
0.0006702064970509495
2.0323577240985687e-18
1.0864135430578949e-16
3.469450981727262e-18
1.213285749082929e-16
0.04896693119681747
1.0619185452092388e-16
0.0022882280852324546
0.07416126568304718
0.008655191924023864
0.008956612910993795
6.938897971610881e-18
0.011383645772812388
0.004478305842685464
1.7226752608424966e-17
0.0026808245123676367
0.002288228060739251
0.017913227821661548
0.010002581139190373
0.0003351035386997862
0.03353822185057943
4.404947484584517e-17
0.0
1.6258848098702096e-16
0.01114669391397911
4.2083485709324804e-32
0.007240443217707776
0.0005720566929873357
0.0020106204687871687
0.006668386309919973
0.0
0.0003351030860750385
0.0
6.991988230622783e-17
5.413390552068202e-17
0.07469265322213732
0.028961758051433504
6.938900521353711e-18
0.001430143024424421
9.814946823879208e-05
0.006587077351247858
1.929243629409453e-15
0.013336771023071634
0.004576455120396149
1.38778010657612e-17
1.0520870444812566e-30
1.6691611597022244e-15
2.7228059798075157e-29
0.0017161708192622194
2.6395863793242918e-17
0.0005720570590615186
0.01562500585940388
0.017913232150480775
0.015624998486487235
0.0003351032810395443
0.003432341320414566
0.00781250109681077
4.7381794395446045e-17
0.0002299783518683849
3.113788624338573e-17
0.0
0.0
1.5862535173927466e-16
0.01562499999999999
0.0005720567764426502
0.02500644817387082
0.0007683558547370455
0.026673552997627505
0.0
0.0
0.0023863762556551598
3.0485349589227815e-18
0.040345422155426025
0.003906250027506936
0.00033510335333413225
0.005859373067085783
2.0323558540636498e-17
0.0039062485464044835
0.002385760366474913
0.0045764565620792265
2.1560459821584014e-05
1.6531707734878634e-17
0.0040738003958107945
0.0022882297131471955
0.006864684797093747
0.0
1.9721522630525295e-31
3.6582422744825647e-17
0.003105659490553105
0.004969055268760474
0.005344813506411608
0.006864683283382303
0.0
0.003906258551735856
0.0019531249331473874
3.6582425430824454e-17
2.2020358641501272e-29
0.024442812687616902
0.004021242155707713
9.145592256198007e-18
0.0
0.00524666011345436
1.8291210758556732e-17
0.003906251132389785
0.0
0.009152911364617568
0.015289897739050111
2.0214589221064486e-30
4.9219829479526806e-30
0.009765625323811698
0.0011441139288272844
0.002680827791382372
3.251770527532355e-17
8.236179588857561e-32
0.017913229491735155
1.237121134049339e-32
0.02896177790503703
2.6035794849588206e-31
0.0002453737708388397
0.00814760354371997
2.5408243122647354e-15
8.129425948641431e-17
0.03192021433409083
0.009152916373156225
0.0006702067446781009
4.3187541022304296e-17
0.019482177457349058
2.460121248220847e-16
0.017913227629803255
1.8965249691369842e-17
0.0
0.017578134582918625
0.040010316565302316
0.0
5.868423647242877e-16
0.0005720563811359661
0.005720568730833795
0.0
0.0
0.01049333161668945
0.01236021189594881
0.003906249977551889
0.0011931883431693334
0.0013404140239589104
1.0836167130746495e-17
0.0030565865123895492
4.862751145357077e-16
3.7033474031278814e-30
0.00390625313193434
0.0089566152193932
0.0
0.0
4.358711538697706e-20
0.0005026544769753948
0.024399682462100652
5.0808883733212244e-18
8.129434064522887e-18
6.938898032870643e-18
0.0240095557538751
0.0009765615816547799
1.7843878262146041e-16
0.001340413711564473
0.0006702067745968196
0.0004262772229419004
0.0007683561592262
0.01953124447470855
0.004969054240995367
6.938902541370107e-18
0.00212067784948783
5.922717159544135e-18
0.00036385048437096536
5.649163803274484e-16
0.01791322217565239
0.0003638506951486578
0.0
0.0074535787445723966
0.0003351032314768522
1.2490024908905823e-15
5.432063095626399e-17
3.4996378235013386e-16
2.775559656146896e-17
0.03805719583940776
0.009938112084601929
0.00014301436750297188
2.0221428190251582e-17
0.0
5.421010862427522e-20
2.7755588703318083e-16
6.93889390390723e-18
0.000981494775447834
0.0006702063691961709
3.944311499584757e-31
2.9265921005442243e-16
0.0
9.080098622142839e-17
0.02667353910134211
0.0006702067077380848
0.0009765624127672211
0.0033341930744073666
3.6582449336253802e-16
0.0022882298513500227
2.3810526502403594e-18
4.0647154289822164e-17
9.814951836956183e-05
0.011163535200030137
0.006702068803364506
0.0
2.0816695883220297e-16
0.05334707848041181
3.9354490871789187e-16
0.0
0.005720569484731102
2.3690895764500213e-17
0.0017161734486273981
0.00686468256593906
0.003432344105335718
4.907483657500775e-05
0.02000515641458196
0.008956620876554982
2.711486448037572e-16
0.003432354299634047
0.022327068895754552
0.10783829011393783
0.009765626831143475
0.011383648949668288
0.0006702063209750806
0.0006702064736636814
1.316074145350022e-16
0.0011441140716162213
0.0011441134437414943
0.004576458177120615
1.2797874692992552e-16
0.012063711423161996
0.004576457879168219
4.064710228667377e-17
0.0
2.235684455448694e-31
0.0
0.002769323585925309
0.000572057029957669
5.551121806390792e-17
0.0
1.0213100946562373e-19
9.386494970739366e-32
0.0
0.0
0.0005888966652489926
0.0006702066593994683
5.432068271069695e-17
0.0
3.6582438860839936e-17
0.0
4.064714672843202e-18
3.3679592211809465e-05
0.009598076674167056
0.00019629894955357395
0.028961781174239015
0.0033510336605622713
0.009152911547475287
1.9327118930311438e-29
0.005246662817404156
5.080893167059771e-18
0.01791323314753728
6.85518303581258e-32
4.0318096250305097e-17
0.0
0.021484384135259577
1.6258855695864513e-17
0.0011441135533744125
1.387779773398378e-17
0.0005720571000625209
3.0078895256121235e-16
1.7646624851973517e-16
2.5940404112823727e-31
0.0034323423878653094
0.004241354962858904
1.4836213016920585e-16
0.004576460706719132
1.3877787807814457e-17
3.8143532065324674e-16
0.012063717560667663
1.9190804859122644e-16
0.0
0.0013404135966968206
0.0279158079706748
0.0
1.5840411559645735e-16
0.0
0.0
4.762108667177129e-18
0.0
0.0
0.003906250465661301
0.005720566796222682
0.001242263043530814
0.001340413453655804
2.735642069275391e-16
0.0007952531533717668
2.9816846164859677e-16
8.37758641816362e-05
0.0
0.0066683865846881175
0.0
2.498002235139899e-16
8.88179355963828e-16
7.149062180369928e-30
4.7381793434889255e-17
1.89527101539844e-16
6.16298755959545e-33
4.00594001486246e-30
0.011441138444170836
5.4320633100268185e-17
4.930387710599951e-32
0.0022882284656493904
0.011244845820475835
1.1845446299900667e-17
0.1044059627780502
2.369088714928357e-17
0.0017161703693758885
0.00402123980780179
0.008956616323862143
0.0
0.004969053791881744
0.0
0.001144114042616225
1.787265545092482e-30
0.0013404118347953992
0.015624999495971629
6.245012578530086e-17
8.129425686404028e-18
0.00016755156885469858
0.01144114307693777
0.0
3.4694494334958956e-18
0.003992494419214814
0.0
4.198208469519106e-17
1.3877795521469395e-17
1.2325974713165793e-31
0.0
0.0013404129286567234
0.0
1.8291218640613917e-15
0.0011441136645951753
1.0408342310058523e-17
8.12942341625416e-18
0.0
3.469450260679534e-18
1.0849196097710986e-15
0.023437504811868324
0.0057205698701870865
0.0
8.478125878488347e-18
5.134785506869875e-16
0.13269753239266946
0.0
1.7262638022102332e-17
9.476349659688106e-17
4.458243075398452e-16
6.926199193834569e-17
5.856928663760253e-16
0.0
0.0
1.0148137751348218e-15
4.0442870761935355e-17
3.469451294653201e-18
0.0
0.022342462058879277
2.1728263844720838e-16
2.104175052465022e-31
3.405048473374694e-30
0.0022882285620910146
0.008482707462832657
0.00895661977583502
3.5307284422459034e-17
4.877655683049413e-17
0.002288229345303178
7.888616844836765e-31
6.686689081424769e-19
5.080890928724146e-19
0.007812501653032811
7.454202921732339e-17
3.3480193605677733e-16
0.0
4.3665760067799626e-17
0.0
0.0049690563564460475
0.0045764563691958774
0.0015367123896310535
2.7616135084273926e-16
5.58598690744949e-17
0.017913227402784827
0.013336768717503502
0.0
0.0
0.002010618452037621
0.0
6.938899563941574e-18
0.0
1.0858254188311073e-16
1.7347245754429984e-17
0.0013404142897979754
2.137234623692654e-30
6.162986001094014e-33
7.39823584937755e-30
3.048535834796033e-18
9.814950642926735e-05
0.0
6.709827381832315e-32
0.0
5.551121993811677e-17
0.0
1.2542830565390467e-17
5.5466895828867e-32
2.2204471080416273e-16
0.0022882281975559354
2.03235585406354e-18
8.826827725423712e-18
0.016965416164884697
3.9443117056607685e-30
1.0679768518736026e-16
5.421014424798264e-19
0.0004262775043162987
0.010493328745944063
5.551118011536724e-17
4.1093416212496803e-16
0.0020106207596613133
0.01144114000219766
6.938900934944315e-18
2.6420621038052083e-17
0.0006702062245335448
1.3877796398826877e-17
2.5153515269212385e-16
1.7653643118350532e-17
1.5612512648639314e-16
4.064711954124577e-18
0.0022882282902035775
0.0
0.0066683893479301155
9.14560199295214e-18
4.0647158318827283e-17
0.0
0.002484526463340003
0.0011441126565394522
1.0213106668087143e-19
5.204173509034915e-18
3.2517698729790965e-17
0.017913245093070695
3.94430971077914e-30
0.0006702060134214913
0.0
0.0
0.0009765624608053516
0.0013404131986854417
0.0
4.440894216083252e-16
0.0
1.5777236912335458e-30
0.00993812152709912
2.87857798964563e-18
3.944310168479962e-31
0.0
0.00457645739696011
0.0
1.5420284263580717e-31
8.673625491010336e-18
0.0
1.124102063130409e-15
0.0013404129637086548
3.2517713924116826e-17
0.0
1.561251427838091e-17
0.002288228993655079
0.0006702071407289558
6.364063160021113e-17
0.0039062491953132496
1.1102237353023819e-16
4.996009169468467e-16
5.551121408662319e-17
3.469446951953614e-18
0.007812499910553558
1.817022635632024e-30
0.0
8.67362615535907e-18
9.03545161731155e-17
0.0013404131986854417
9.64372360670842e-16
0.004576454821924106
4.7381757618788225e-17
0.039062502972168844
7.316485632926189e-17
0.0033341918672571487
1.9721550842399804e-31
6.389784504193389e-29
2.775559381360646e-17
2.369087198769286e-17
0.0
3.0136644142746477e-17
8.129423416254154e-17
0.0
4.064714873611541e-17
0.0029108012228230788
2.7755601652034853e-17
7.316480694770683e-17
0.0
0.013336772436556628
0.03906249697320166
1.524267614976969e-17
1.2490014982734133e-15
9.77865152376215e-17
0.0
2.775559129206285e-17
0.03057979877410166
2.191404534867502e-16
0.003906251041285181
0.0
0.0120637163331664
1.2325978974337118e-31
1.6258866959234686e-17
8.129425948641428e-18
8.587938063641323e-17
4.080580730764122e-31
6.938892847532006e-17
0.0013404131986854417
0.0
2.2274566514591684e-30
0.006702071117964158
8.129428416176448e-18
6.503547849601931e-17
5.473822126268818e-47
0.07165289784707855
0.0
0.0
6.938892670186548e-18
0.0
0.0
0.03906249906867743
0.002288228553957688
1.625884873358196e-17
4.877977036700974e-16
0.0015367132816478987
4.510285887974825e-17
0.004576457779278558
2.9650286213087225e-30
0.02000515120544591
0.0
0.0
4.2273013382370386e-16
0.0
0.0
0.0
0.04553457972874838
0.005720570716641698
2.7755579344836314e-16
8.129420791624886e-18
0.0
2.172359896866464e-16
8.129422150060663e-18
5.424598306323454e-16
0.0013404133894460608
0.0010053081140499395
1.7347246340298622e-17
6.93889769025498e-17
0.0
4.064712353018598e-18
0.0
6.097061688902045e-18
0.0
1.7347238895671402e-17
0.0
1.3877800563780198e-17
0.002484527081760521
0.0
1.7411448809785718e-16
0.007812498693959049
2.0323558540635385e-17
0.040010314530967254
0.0034323424280950404
0.0
3.251771366470579e-17
6.364063623788494e-17
0.0039062495343391533
0.006031861807298043
0.002288229266761207
0.00022997838988121524
0.0
0.0013404135633071346
1.994948808295373e-45
1.101236775262806e-17
0.0
1.7434850622699144e-19
1.1102238425114178e-16
0.0011441142405883141
7.347424806387349e-18
1.4035504578459332e-18
1.3877801042707462e-17
0.004021240509878119
0.0007277014193188521
0.0010053103842775884
1.576562134790028e-29
1.927076144899234e-16
0.0
9.025482099293469e-33
6.245012229554307e-17
8.826817330881236e-18
1.047807074537922e-31
0.022882287856188132
1.300707746600685e-16
7.099763381404065e-30
1.1093377638578883e-31
0.0
5.330450217672611e-15
1.3215539005840117e-15
6.938897440907851e-18
4.345655430120053e-16
0.022489681454930133
0.004969054547211907
1.6258847816498294e-17
6.245006498750172e-17
1.6245867565793244e-32
5.551116336891656e-17
0.0005720568283043594
3.1225035024817814e-16
0.004021239753369169
3.658243483183505e-17
0.0005720571315643351
0.000196298638917415
0.012063721243171802
0.015625001185565084
2.438828745816613e-17
0.0
6.162983874131034e-32
0.0
4.930388800875213e-32
0.0
0.0013404147324114352
6.162986525119788e-32
1.7885489644992617e-31
5.551119093593433e-17
9.900260718059541e-18
2.58531761066845e-18
1.444077917044876e-31
0.002288228375756797
5.874086330381068e-32
0.004576455162408691
0.0
4.440897935924691e-16
2.4651944430476414e-32
0.0010053090904187342
0.008482708264736544
2.4980041063166554e-16
9.814933434716624e-05
0.002288228553957663
2.654129288251787e-16
2.2204468747581343e-16
1.0660894664065734e-16
0.004969054390505271
4.06471449957149e-18
3.2517703794565714e-17
2.168404344971009e-19
0.004576456112964712
0.0006702062727545766
0.006702067646064934
0.010493328806738656
0.0
0.03661163975604098
0.0
0.000670206373644884
0.0
8.129424682447741e-18
0.012063721243171802
2.498002562166929e-16
0.0
1.6258840283693096e-17
0.0003351034331038679
8.129429747223082e-18
0.0
0.0
3.4550071044373675e-17
8.12942773091714e-18
0.0
5.5466859981009246e-31
0.07031250000000001
3.081493156397147e-32
1.1241019382147028e-15
0.0
0.0011441141677692227
2.498005088957639e-16
6.364059267105533e-17
1.972155554438085e-31
7.316476516332706e-17
3.658243080283046e-17
4.064714079602103e-18
0.003351033911827047
2.7755615369562877e-17
0.0
2.842905554315339e-16
2.218674024059772e-30
0.010493329984395281
1.0061400677072133e-15
8.758115402030108e-46
7.418491549231818e-16
3.8927225706521363e-31
0.020594050570388118
9.476360835214136e-17
6.296718723118022e-16
0.0
1.3877787807814457e-17
0.008956614670238939
0.0
2.132180035192367e-16
1.9721555544380854e-30
2.4832436790408033e-31
0.0017666926765474373
4.536452064812432e-31
3.251769366502442e-17
0.0022882281646242238
2.4980058503214123e-16
2.7755577721615577e-17
0.0
1.4082062352070218e-17
0.0
0.010297034700011752
0.0
0.005908451137185994
4.439644558212757e-31
0.0
1.0714732508502333e-17
9.99201619823228e-16
2.220447057393871e-16
8.129428481029099e-17
0.0
7.316486772500773e-17
2.6933446492598726e-30
0.013336766730170107
0.0
4.064710325577506e-17
1.2819010898135569e-30
3.506599985267768e-16
0.00033510377703325464
2.172827377238854e-16
0.003906252144991257
2.286399919622116e-17
0.0
8.129425948641428e-18
5.551123725807516e-17
4.930388886095213e-32
5.981944813485665e-16
7.888616575375757e-31
7.767925934527085e-31
0.006702066585207028
4.738177721667837e-17
1.7653633879022444e-17
0.01953125425074472
6.162987576988267e-32
3.8597178213444523e-31
0.0
0.01049332642117574
3.6582390512795786e-17
0.011441139532239698
1.3877796223355632e-16
0.0
0.0
0.01144114811581505
2.3810541391932473e-18
0.0
4.930380657631324e-32
0.0
3.701736021353903e-16
1.2490015530643582e-16
0.0625000032081358
3.6582428116827544e-17
0.0
0.0039553240164864915
4.594770157763396e-17
3.2517708859340857e-17
0.0
0.0
1.2325970451995097e-30
0.007869994100949778
4.064717219651862e-18
0.0
0.003906251164153947
7.888624098544983e-31
0.0
0.006702064367049986
3.0814879110195774e-33
4.930388886095213e-32
2.1503137759713645e-16
3.155449639417993e-30
0.0
0.0
0.0011441138537518329
0.013059180276441954
1.7749395758159824e-30
0.010493327138072623
7.316486772500773e-17
0.006864687112990491
0.005859375317003246
8.129429747223082e-18
0.0
0.0
0.0
0.00335102842768251
1.3877803369652173e-17
4.0647132801798557e-17
0.0
0.0029108029574987032
6.93890068526091e-18
0.0011441140208245093
8.129418323286996e-18
1.0161780853059677e-17
0.003906252352033936
8.129432279611343e-18
1.0520872106091133e-32
8.32667763617981e-17
1.6258854429670428e-17
0.0
2.2432386245447573e-16
0.0033510326309147275
3.202017855739078e-17
3.182027855642438e-17
5.551120583645738e-17
5.952635876704705e-19
3.469450001330872e-17
8.129423416254153e-18
0.0022882287321585384
5.689896798621767e-16
0.0028602867059647117
0.0013404132688206
2.0323561706119353e-18
0.000502654608495948
0.0
0.0
7.888620336959922e-31
0.011441141938246706
6.93890071330275e-18
2.795883780415813e-16
3.352663087922173e-30
2.542561365194797e-17
4.7621050791702655e-18
0.0
8.129427276627036e-18
6.364062313150669e-17
2.7755619743703767e-16
0.0022882289103594183
3.366679018743819e-30
5.432069137813826e-17
1.3877798981037846e-17
0.0
0.01333678037746539
1.3393420828703536e-18
0.0011441142712369115
0.010493335585023677
6.938899280582498e-18
7.818592519039148e-17
9.814950245674624e-05
0.0078124991773871385
0.0052466606516944955
5.551117740663612e-17
0.002288229447777326
0.003990023896805535
0.0
2.1321804242674569e-16
4.064710504644244e-18
0.0
0.0
3.4694507985448304e-17
0.022327064359500853
0.0011441138851107353
4.7381766296603734e-17
4.7068988219522565e-31
3.723493746634743e-17
0.010493332751778068
0.00019629899490564235
1.7347242939573913e-17
0.03582645627275427
0.0
0.0
0.0005720576073772614
1.380805759550652e-16
0.011441133018885389
0.0
0.0
3.155449639417996e-30
1.5974458721413556e-29
6.0600270246981265e-30
5.415222384652154e-31
0.020594050570388118
0.010297030919799614
0.0
3.155447382467091e-30
1.283696902507426e-16
2.451682929576391e-16
1.2789810581976698e-31
0.000976562732830772
0.0013404134714635335
8.874702833898193e-31
7.888621695950194e-31
3.4114872262810133e-15
0.0029108069141519344
0.010493324948236703
2.498004187687335e-16
1.734724624257477e-16
1.0864132834166242e-16
0.0013404127383917633
0.002010620965869659
0.0
0.017784287873824738
1.1905270456562373e-18
0.0
0.008956617101771027
1.7749392936971476e-30
0.031249993662002346
4.064710952312442e-18
1.2224144973646643e-17
6.060828175171949e-16
7.4184978298314255e-16
0.003906249561872868
0.0011441145466444035
2.0323576900445867e-17
2.4651944430476064e-31
7.519714317577224e-17
0.03906252500473562
2.032356708744267e-17
0.0
0.013336771314865771
1.1845436426151914e-16
0.001340413847470371
0.007812501096810729
0.0
9.099643634607654e-17
1.9830439901083546e-17
8.673611416732399e-19
0.005246664334720843
0.017913230320475645
2.775560742028628e-17
1.2702234072877754e-18
2.172827108902128e-16
6.481757107037886e-32
0.0
3.251770898546315e-17
9.072030174446855e-16
0.0013404131986854417
1.4632975544335975e-16
0.0
0.0
1.1102240809157795e-16
0.009152911718640577
0.0716360885383392
0.013336771783590945
1.4421385983669082e-30
4.440893443852318e-16
0.002288228562091004
2.498003825562124e-16
6.733360097324453e-31
2.3839678593203324e-17
0.0014554000621231989
2.498003825562124e-16
0.056918229255916296
0.01333676925135932
8.129423416254154e-17
0.011441146726514641
0.0
0.0
1.3877796691279857e-17
0.0026233326057067503
0.140625
0.001340412798556259
0.0
0.0
0.00029444835838665824
0.004562082454145305
8.129426561106576e-18
0.017913230593253733
8.691304183059646e-16
0.0013404131986854417
0.0
0.0013404131986854417
0.0
0.0
0.0011441136960969225
0.0
7.767476128879089e-16
4.930391069383206e-32
1.9721560246362476e-31
4.510284428980852e-16
0.0045764566744930235
0.0005888966951198652
0.0013404131986854417
7.316486772500773e-17
8.129423416254153e-18
0.0001962989166148965
0.0011441146396218873
0.010493326616902603
4.574846050801292e-19
0.0013404134134830277
0.07098269191581792
0.0
0.061159597331773854
0.020594044830952844
3.0814945525662377e-30
1.1102235294157577e-15
2.2551421400441427e-16
1.2490016407055004e-16
2.498003404430357e-16
0.0
0.00781250139698404
0.0
0.0022882285094074435
0.001340413667557092
6.938904648228238e-18
4.06471448150419e-17
0.012063704058157265
0.0013404127459784735
6.96880544084782e-18
0.000196298894820936
0.0013404134677368073
5.957585767998777e-17
3.0382352187479014e-16
0.028961775797731303
8.10643620873274e-17
2.498003404430357e-16
0.0022882278353519897
1.2728135091700818e-16
4.0647144779263355e-18
3.469447406902967e-17
0.00457645853352251
0.0
0.020594057672569725
0.0
0.013729375934591797
3.851868198810677e-32
0.0
5.551117714439968e-17
8.129437977486388e-17
0.016965410161557795
3.2126392495312174e-16
3.833742703182078e-16
5.059739580625544e-18
4.437352466026231e-31
3.11839229048009e-15
4.930387969674533e-32
0.0
4.0647123412238707e-17
1.5407466003732134e-30
6.761817472757716e-17
0.045534586784880364
0.0
0.006864682102012532
0.0
1.1102238460885507e-16
0.0013404130636187651
0.03393082640961083
0.022489685787835893
0.020594053778003416
0.0
4.3404183024772824e-17
1.5774481727155253e-17
4.437348234242869e-31
4.44089410534289e-16
1.190526632067633e-18
3.4694518871530296e-16
9.563473147111213e-30
1.320964514106476e-16
0.03515625838190371
0.0
0.0
1.3877794425260146e-16
9.814954759674669e-05
0.004576454812422795
2.498004246693927e-16
0.009938111916028504
0.002288228249365722
0.0
0.0006702067914670868
4.064715428982215e-18
3.367954556497189e-05
6.027331230204443e-17
1.7358925297344322e-16
0.0
1.1093377701140709e-31
2.775560983431439e-17
8.231440227928034e-16
0.004576455666436804
0.020594055791260862
3.366681680387849e-31
3.4694497577251725e-18
2.5853140767562282e-18
9.145599443995712e-17
0.01791322783438684
0.0
1.1905261795207598e-17
0.006864685946474562
5.41762090664884e-17
6.66134193960969e-16
1.387780101144566e-17
0.013336771732601563
6.93889951545036e-18
0.008956611994318867
0.006702066022767013
4.064710059271251e-18
3.5745313840587694e-31
6.4095054343742775e-31
0.0003351030268933389
8.083822780061176e-16
3.79054228478643e-16
3.65824160298151e-17
0.004576455666436774
0.0
2.3299865870650443e-18
0.012063711423161996
0.0017666909541506565
5.791849701931589e-16
3.9834181830329484e-16
0.0
0.0
4.345651444975344e-16
0.00781250481571454
0.0
5.551120736670179e-17
3.122504490147568e-17
1.3877794425260146e-17
0.0
1.7434834991107493e-19
4.930387710599951e-32
6.3968782392104295e-31
0.001340412303099136
0.0
6.162975822039156e-32
7.534167721165704e-18
0.01791323205812301
3.208729550563395e-16
0.0
5.08088857847227e-17
2.032356487160406e-18
8.129428481029106e-18
0.0
0.003351036708008491
0.0
0.0
0.001340412380351333
0.017913223473952987
0.0
0.004021240509878119
0.006668386127584689
0.0
0.00915291637315524
1.6258847002939683e-16
3.5307255191349425e-17
0.0
0.0005720570581680801
6.938902891085553e-18
2.9265930376244254e-16
0.0011441144568640764
