34
71
107
149
183
223
261
294
334
368
408
446
479
521
562
601
631
669
710
754
789
828
867
908
938
973
1007
1045
1086
1134
1177
1212
1251
1296
1333
1378
1415
1458
1491
1523
1568
1598
1628
1663
1701
1732
1765
1802
1847
1883
1918
1962
1995
2030
2076
2115
2158
2204
2244
2275
2318
2360
2395
2435
2466
2516
2554
2583
2618
2648
2682
2725
2758
2794
2829
2866
2904
2940
2987
3021
3058
3095
3137
3179
3219
3251
3297
3338
3378
3421
3458
3493
3536
3568
3610
3649
3693
3733
3779
3817
3852
3896
3936
3975
4024
4057
4089
4132
4165
4217
4250
4284
4326
4364
4402
4443
4481
4525
4565
4608
4641
4680
4724
4767
4804
4841
4873
4913
4951
4986
5025
5071
5108
5144
5188
5226
5264
5301
5334
5371
5412
5456
5498
5536
5571
5600
5643
5678
5712
5747
5788
5821
5855
5897
5938
5985
6027
6074
6114
6150
6191
6234
6273
6312
6349
6394
6441
6476
6513
6553
6588
6630
6659
6691
6735
6774
6813
6843
6882
6923
6958
7002
7031
7064
7099
7144
7185
7227
7257
7296
7344
7387
7424
7463
7500
7535
7572
7614
7641
7679
7705
7741
7783
7827
7858
7892
7932
7965
8007
8042
8082
8116
8156
8191
8228
8270
8311
8360
8397
8435
8472
8513
8555
8599
8640
8672
8710
8749
8791
8841
8881
8918
8958
8998
9037
9080
9119
9157
9202
9252
9291
9334
9366
9406
9438
9478
9524
9558
9601
9642
9677
9718
9759
9795
9831
9864
9902
9941
9979
10011
10047
10080
10115
10155
10191
10242
10270
10308
10349
10385
10424
10464
10509
10541
10586
10638
10678
10716
10751
10793
10831
10873
10906
10944
10980
11020
11060
11100
11145
11190
11231
11267
11308
11343
11378
11412
11444
11479
11522
11564
11599
11645
11682
11718
11748
11791
11832
11871
11912
11951
11990
12027
12067
12103
12149
12198
12245
12287
12329
12370
12412
12455
12497
12538
12571
12615
12648
12698
12730
12764
12797
12839
12884
12926
12964
13003
13046
13087
13121
13161
13211
13247
13292
13328
13374
13400
13426
13457
13501
13537
13575
13610
13651
13689
13733
13767
13808
13847
13887
13926
13975
14005
14042
14089
14143
14181
14220
14266
14294
14332
14375
14421
14461
14494
14539
14584
14613
14652
14681
14716
14747
14782
14832
14879
14913
14952
14991
15035
15077
15112
15146
15189
15217
15258
15299
15335
15376
15411
15443
15484
15522
15555
15586
15624
15659
15698
15734
15765
15799
15836
15871
15909
15943
15984
16024
16056
16094
16138
16172
16210
16246
16279
16318
16361
16400
16437
16483
16519
16560
16600
16637
16681
16719
16759
16800
16840
16875
16920
16959
16994
17037
17080
17118
17155
17189
17234
17274
17305
17345
17385
17416
17459
17495
17532
17576
17609
17651
17688
17719
17764
17806
17853
17892
17930
17964
18010
18043
18083
18121
18172
18207
18247
18287
18329
18363
18402
18450
18496
18542
18581
18614
18659
18697
18740
18783
18813
18854
18893
18935
18965
18997
19044
19083
19121
19162
19202
19241
19281
19321
19354
19390
19423
19461
19503
19536
19576
19616
19650
19690
19726
19764
19803
19845
19886
19921
19954
19999
20043
20079
20119
20152
20192
20222
20257
20290
20327
20372
20403
20447
20491
20532
20584
20623
20663
20706
20753
20795
20830
20858
20896
20933
20964
20991
21024
21054
21096
21130
21172
21218
21257
21300
21336
21374
21415
21461
21497
21539
21574
21612
21660
21701
21745
21779
21818
21851
21887
21926
21959
22005
22041
22086
22126
22160
22197
22234
22268
22314
22354
22402
22443
22481
22513
22552
22586
22629
22671
22715
22756
22796
22840
22870
22912
22947
22994
23032
23066
23105
23140
23174
23211
23241
23278
23317
23361
23391
23433
23467
23508
23548
23583
23618
23656
23692
23735
23777
23814
23851
23887
23920
23958
23995
24036
24083
24126
24167
24199
24238
24278
24313
24357
24401
24436
24475
24513
24561
24594
24632
24666
24708
24749
24792
24824
24856
24890
24920
24970
25002
25040
25069
25114
25152
25195
25228
25264
25294
25340
25381
25420
25464
25499
25539
25581
25623
25668
25706
25745
25787
25822
25861
25904
25944
25991
26027
26079
26119
26154
26193
26228
26271
26303
26337
26375
26422
26465
26493
26529
26566
26599
26652
26684
26728
26764
26794
26828
26863
26908
26947
26990
27030
27067
27116
27158
27199
27241
27279
27314
27353
27400
27443
27471
27512
27552
27581
27617
27651
27680
27710
27751
27795
27832
27867
27912
27950
27990
28034
28078
28107
28146
28191
28237
28280
28313
28346
28389
28426
28464
28496
28535
28583
28616
28655
28691
28733
28763
28804
28846
28885
28927
28968
29009
29048
29087
29130
29173
29214
29250
29293
29339
29374
29411
29445
29488
29523
29569
29614
29656
29703
29741
29783
29817
29853
29892
29928
29961
30003
30047
30081
30124
30161
30206
30236
30272
30309
30355
30384
30421
30464
30508
30538
30583
30623
30662
30699
30740
30770
30805
30847
30886
30920
30962
31004
31043
31092
31136
31174
31222
31265
31300
31345
31380
31423
31469
31510
31556
31590
31630
31666
31704
31738
31777
31821
31854
31892
31938
31973
32019
32048
32083
32119
32150
32181
32225
32264
32296
32328
32365
32400
32437
32480
32512
32548
32582
32625
32659
32701
32740
32788
32820
32860
32902
32948
32994
33033
33072
33116
33158
33192
33231
33275
33320
33356
33395
33443
33474
33511
33553
33588
33623
33664
33706
33748
33780
33818
33852
33883
33926
33970
34006
34050
34098
34139
34174
34215
34254
34284
34325
34365
34405
34447
34489
34531
34582
34624
34662
34698
34739
34783
34822
34868
34906
34946
34987
35025
35060
35099
35135
35171
35207
35249
35293
35333
35380
35410
35449
35493
35529
35578
35619
35654
35692
35729
35770
35809
35843
35888
35927
35968
36003
36036
36080
36126
36160
36196
36239
36279
36316
36354
36392
36437
36476
36521
36555
36601
36644
36682
36720
36759
36803
36838
36880
36929
36977
37016
37061
37106
37140
37169
37203
37234
37269
37309
37351
37388
37434
37471
37515
37548
37593
37628
37667
37703
37740
37776
37814
37858
37898
37934
37974
38008
38045
38093
38132
38169
38218
38254
38293
38333
38366
38404
38448
38487
38517
38556
38594
38634
38679
38719
38763
38806
38842
38894
38939
38971
39020
39057
39094
39129
39171
39209
39246
39287
39329
39366
39403
39447
39477
39518
39551
39591
39623
39669
39713
39741
39776
39815
39851
39890
39933
39973
40019
40065
40097
40143
40173
40219
40256
40297
40342
40379
40417
40451
40495
40533
40572
40604
40648
40688
40720
40757
40793
40827
40861
40903
40942
40984
41022
41051
41094
41129
41162
41202
41228
41268
41305
41341
41382
41422
41454
41490
41523
41563
41599
41632
41681
41725
41764
41811
41856
41896
41929
41976
42017
42049
42089
42134
42180
42216
42250
42295
42333
42372
42410
42445
42479
42512
42542
42593
42636
42672
42703
42741
42777
42811
42846
42889
42935
42976
43014
43059
43103
43145
43179
43210
43241
43275
43323
43360
43406
43444
43486
43528
43569
43596
43631
43673
43721
43762
43808
43845
43889
43925
43968
44016
44046
44087
44125
44161
44209
44247
44286
44326
44360
44391
44431
44462
44498
44540
44583
44627
44663
44701
44742
44784
44822
44862
44903
44945
44983
45026
45058
45093
45137
45180
45209
45251
45279
45316
45352
45393
45431
45471
45509
45546
45595
45634
45670
45715
45750
45793
45833
45867
45909
45946
45981
46018
46053
46096
46139
46181
46222
46256
46293
46337
46375
46421
46467
46504
46543
46590
46631
46665
46701
46740
46783
46826
46863
46905
46945
46985
47024
47053
47090
47123
47155
47198
47246
47284
47325
47359
47400
47433
47469
47511
47548
47580
47627
47669
47709
47751
47790
47831
47865
47904
47937
47974
48002
48044
48093
48135
48179
48218
48266
48304
48343
48385
48416
48445
48482
48526
48572
48618
48652
48678
48718
48757
48795
48841
48882
48920
48959
48993
49023
49065
49107
49142
49183
49217
49250
49286
49322
49366
49405
49451
49485
49536
49573
49612
49649
49693
49733
49769
49806
49844
49884
49920
49955
49992
50034
50067
50100
50139
50172
50211
50248
50290
50323
50358
50401
50442
50488
50525
50569
50614
50657
50700
50735
50763
50798
50841
50877
50913
50955
50997
51043
51079
51118
51150
51188
51226
51266
51305
51346
51386
51435
51477
51517
51565
51593
51644
51687
51733
51767
51809
51845
51888
51938
51977
52017
52059
52095
52135
52174
52216
52251
52283
52324
52372
52402
52450
52483
52520
52553
52589
52625
52665
52709
52755
52795
52833
52871
52911
52946
52992
53027
53059
53091
53129
53174
53209
53254
53284
53325
53362
53398
53428
53466
53498
53528
53577
53622
53658
53704
53745
53780
53815
53852
53900
53939
53972
54015
54059
54100
54135
54164
54203
54247
54284
54320
54366
54407
54446
54487
54522
54570
54605
54653
54696
54732
54785
54822
54863
54895
54927
54960
55004
55043
55077
55125
55171
55210
55249
55286
55331
55373
55417
55462
55502
55530
55561
55603
55654
55686
55731
55770
55822
55857
55887
55933
55974
56012
56046
56082
56119
56153
56187
56234
56274
56323
56355
56399
56432
56464
56511
56549
56587
56630
56678
56724
56758
56785
56827
56869
56901
56943
56985
57024
57054
57089
57124
57166
57208
57251
57290
57321
57365
57408
57449
57489
57523
57561
57601
57636
57678
57718
57749
57779
57813
57848
57885
57926
57964
58003
58049
58085
58125
58168
58209
58257
58302
58345
58385
58427
58472
58505
58551
58592
58635
58679
58724
58762
58798
58837
58879
58923
58962
59002
59047
59086
59129
59165
59197
59240
59285
59336
59387
59424
59460
59495
59540
59576
59621
59657
59693
59732
59781
59819
59866
59906
59944
59986
60032
60070
60114
60156
60199
60231
60274
60316
60361
60391
60429
60473
60509
60552
60590
60624
60669
60716
60751
60794
60827
60859
60899
60939
60969
61009
61041
61076
61116
61160
61196
61239
61273
61299
61335
61376
61409
61447
61485
61518
61555
61589
61628
61668
61709
61761
61798
61837
61869
61916
61955
61993
62032
62068
62100
62145
62181
62222
62257
62305
62354
62386
62418
62453
62491
62533
62578
62619
62660
62704
62750
62786
62819
62864
62914
62953
62993
63029
63067
63099
63130
63164
63209
63248
63290
63328
63372
63413
63456
63503
63540
63583
63625
63656
63693
63731
63768
63810
63850
63901
63936
63975
64018
64051
64084
64119
64162
64192
64229
64265
64310
64362
64407
64444
64479
64523
64558
64591
64626
64672
64716
64754
64800
64838
64866
64900
64932
64972
65005
65040
65069
65103
65143
65175
65220
65263
65302
65346
65391
65430
65459
65497
65534
65567
65610
65648
65697
65729
65767
65812
65855
65893
65933
65977
66020
66062
66105
66134
66167
66214
66259
66299
66336
66374
66415
66451
66490
66537
66577
66606
66642
66695
66732
66772
66807
66839
66881
66924
66959
66996
67032
67059
67101
67147
67188
67214
67255
67288
67330
67371
67415
67456
67502
67535
67573
67612
67652
67695
67729
67760
67789
67827
67862
67908
67947
67982
68033
68069
68103
68135
68175
68207
68245
68280
68317
68356
68392
68433
68468
68511
68539
68568
68604
68643
68675
68718
68762
68801
68838
68880
68915
68953
68987
69033
69072
69120
69165
69210
69247
69286
69327
69362
69401
69446
69484
69524
69565
69606
69651
69687
69730
69767
69810
69852
69895
69939
69976
70013
70051
70089
70131
70166
70207
70243
70289
70333
70378
70415
70457
70492
70527
70569
70605
70640
70683
70724
70760
70806
70846
70894
70934
70971
71006
71035
71082
71112
71149
71186
71235
71283
71319
71368
71398
71429
71468
71516
71557
71591
71624
71669
71708
71746
71785
71824
71863
71912
71954
71998
72043
72081
72125
72159
72189
72230
72270
72306
72353
72402
72434
72484
72524
72569
72613
72657
72693
72728
72765
72804
72842
72877
72912
72958
72985
73031
73072
73116
73144
73183
73223
73263
73306
73341
73371
73412
73458
73490
73536
73573
73606
73640
73684
73727
73769
73807
73850
73888
73930
73965
74009
74046
74091
74130
74164
74212
74252
74283
74321
74364
74405
74441
74483
74528
74572
74610
74640
74672
74709
74744
74783
74825
74867
74898
74936
74968
75015
75058
75096
75130
75171
75219
75257
75297
75334
75382
75426
75469
75507
75545
75589
75627
75672
75719
75750
75802
75839
75883
75937
75972
76003
76045
76077
76104
76144
76177
76230
76265
76292
76323
76360
76398
76435
76487
76528
76564
76606
76647
76680
76725
76754
76795
76837
76876
76923
76963
76999
77029
77074
77111
77154
77198
77239
77282
77316
77355
77403
77444
77480
77514
77547
77587
77618
77661
77705
77741
77774
77810
77856
77889
77924
77970
78007
78051
78089
78131
78158
78185
78224
78270
78310
78341
78377
78412
78452
78487
78530
78560
78600
78646
78683
78734
78763
78799
78833
78867
78901
78944
78983
79018
79057
79094
79119
79154
79186
79224
79262
79309
79348
79383
79421
79461
79496
79536
79568
79603
79639
79679
79722
79764
79792
79822
79855
79885
79920
79968
80002
80035
80075
80108
80141
80173
80210
80236
80277
80319
80350
80384
80417
80450
80484
80513
80547
80572
80613
80650
80685
80719
80752
80780
80821
80855
80896
80929
80966
80998
81034
81069
81109
81142
81175
81220
81269
81305
81342
81377
81420
81462
81500
81530
81564
81598
81623
81670
81698
81737
81778
81814
81857
81898
81933
81965
82009
82042
82079
82120
82162
82209
82243
82282
82317
82351
82385
82430
82459
82495
82531
82569
82612
82649
82695
82736
82760
82798
82844
82885
82935
82983
83022
83055
83091
83130
83166
83212
83245
83286
83323
83354
83388
83433
83477
83520
83558
83596
83638
83669
83706
83746
83776
83815
83847
83887
83934
83969
84013
84044
84083
84125
84161
84198
84231
84262
84291
84326
84363
84392
84429
84467
84496
84525
84556
84600
84632
84671
84709
84746
84788
84826
84866
84917
84949
84980
85014
85054
85087
85123
85167
85208
85241
85281
85302
85336
85366
85416
85449
85482
85510
85541
85575
85615
85646
85683
85711
85750
85792
85820
85854
85896
85937
85967
86001
86035
86074
86114
86164
86192
86227
86259
86299
86342
86378
86411
86445
86473
86512
86547
86580
86608
86646
86686
86714
86763
86795
86834
86871
86899
86937
86975
87023
87060
87102
87132
87182
87212
87245
87283
87323
87360
87401
87446
87471
87503
87542
87577
87617
87658
87693
87740
87772
87806
87834
87875
87910
87943
87983
88016
88060
88090
88135
88176
88217
88255
88280
88318
88353
88390
88419
88454
88490
88532
88563
88598
88636
88675
88710
88755
88796
88828
88875
88920
88958
88992
89029
89077
89109
89145
89184
89220
89259
89290
89324
89348
89395
89437
89467
89500
89537
89567
89601
89630
89668
89705
89734
89768
89809
89848
89888
89925
89962
90004
90038
90059
90092
90138
90173
90207
90232
90274
90309
90363
90396
90432
90466
90506
90553
90587
90629
90670
90702
90737
90780
90814
90849
90886
90926
90963
91010
91040
91070
91106
91139
91168
91205
91240
91268
91309
91337
91372
91402
91443
91480
91518
91570
91616
91651
91680
91712
91742
91776
91822
91853
91887
91920
91957
91988
92026
92070
92119
92156
92196
92228
92258
92294
92339
92370
92416
92448
92485
92522
92560
92592
92629
92659
92707
92735
92771
92816
92859
92897
92927
92962
93006
93042
93081
93128
93168
93200
93228
93261
93292
93341
93376
93405
93452
93492
93533
93578
93613
93650
93678
93716
93757
93792
93827
93861
93899
93946
93978
94018
94068
94107
94136
94183
94213
94266
94307
94338
94384
94418
94446
94482
94524
94566
94612
94658
94696
94725
94764
94798
94837
94882
94909
94948
94985
95021
95065
95111
95154
95199
95237
95273
95309
95356
95400
95442
95485
95517
95559
95587
95615
95651
95695
95738
95776
95814
95846
95883
95914
95944
95984
96028
96073
96115
96162
96203
96238
96278
96327
96363
96395
96435
96482
96523
96551
96600
96630
96660
96697
96738
96768
96802
96829
96859
96900
96943
96989
97028
97080
97119
97159
97196
97227
97265
97295
97325
97356
97389
97438
97480
97514
97558
97604
97640
97669
97713
97754
97792
97832
97867
97904
97954
97989
98028
98070
98117
98157
98188
98231
98268
98311
98344
98377
98421
98460
98500
98523
98554
98595
98641
98682
98723
98766
98796
98835
98876
98909
98945
98986
99021
99050
99102
99136
99179
99211
99247
99280
99324
99352
99390
99428
99465
99504
99552
99586
99629
99666
99702
99739
99778
99827
99862
99904
99945
99986
100029
100063
100095
100134
100174
100215
100241
100278
100313
100355
100392
100434
100471
100522
100555
100580
100611
100643
100685
100729
100765
100811
100850
100895
100937
100976
101014
101058
101091
101129
101163
101206
101248
101280
101320
101350
101393
101426
101465
101490
101528
101564
101606
101638
101676
101720
101754
101795
101826
101873
101916
101948
101981
102014
102055
102095
102128
102169
102211
102248
102290
102333
102371
102405
102450
102495
102537
102586
102631
102675
102712
102746
102784
102810
102846
102885
102917
102952
102989
103032
103072
103108
103149
103196
103230
103274
103306
103350
103395
103433
103478
103504
103546
103591
103640
103675
103707
103745
103786
103827
103862
103910
103946
103982
104022
104057
104103
104140
104182
104226
104265
104309
104341
104378
104416
104447
104493
104533
104578
104619
104667
104708
104747
104785
104824
104853
104897
104936
104979
105016
105060
105099
105138
105173
105207
105247
105282
105323
105354
105394
105436
105474
105510
105547
105595
105633
105671
105723
105759
105788
105823
105860
105886
105925
105971
106000
106037
106088
106134
106177
106219
106263
106301
106336
106379
106408
106451
106481
106517
106558
106605
106638
106665
106710
106750
106799
106842
106883
106914
106943
106979
107020
107062
107094
107132
107161
107189
107228
107260
107305
107346
107378
107407
107442
107486
107515
107549
107585
107618
107655
107689
107728
107772
107801
107844
107872
107920
107973
108009
108042
108074
108112
108151
108183
108220
108248
108284
108317
108350
108386
108417
108455
108497
108522
108559
108599
108625
108666
108701
108733
108768
108803
108837
108891
108928
108972
109010
109045
109088
109123
109158
109197
109226
109263
109305
109336
109370
109402
109445
109476
109522
109560
109588
109630
109667
109705
109748
109785
109815
109851
109879
109908
109940
109982
110018
110053
110087
110118
110153
110184
110216
110248
110280
110319
110360
110403
110443
110490
110532
110573
110622
110661
110694
110735
110772
110812
110852
110893
110928
110967
110998
111039
111076
111113
111156
111195
111234
111282
111323
111362
111406
111439
111476
111511
111551
111581
111630
111668
111707
111745
111785
111825
111855
111886
111921
111966
112013
112050
112093
112140
112182
112212
112247
112283
112314
112347
112397
112435
112474
112509
112543
112586
112627
112678
112721
112765
112808
112852
112891
112927
112975
113007
113043
113084
113126
113154
113194
113230
113268
113310
113342
113379
113419
113463
113496
113537
113570
113607
113643
113683
113724
113767
113807
113850
113892
113932
113970
114003
114034
114071
114101
114126
114164
114203
114237
114274
114306
114350
114384
114421
114465
114506
114538
114576
114601
114630
114665
114696
114737
114767
114799
114831
114864
114895
114928
114967
115004
115050
115096
115132
115169
115205
115240
115276
115312
115352
115386
115427
115457
115496
115537
115579
115608
115656
115690
115729
115762
115792
115830
115872
115910
115944
115979
116016
116061
116092
116126
116167
116200
116234
116276
116312
116352
116390
116428
116464
116514
116547
116587
116620
116654
116685
116718
116761
116798
116849
116890
116932
116967
117002
117039
117074
117108
117135
117172
117217
117255
117295
117327
117360
117390
117427
117464
117499
117539
117572
117610
117637
117674
117720
117754
117790
117832
117876
117912
117944
117979
118018
118059
118091
118123
118152
118190
118224
118261
118310
118354
118398
118438
118468
118503
118530
118568
118611
118637
118676
118717
118758
118795
118834
118885
118918
118960
119001
119041
119080
119120
119147
119188
119223
119253
119291
119333
119376
119411
119441
119484
119526
119573
119609
119642
119681
119719
119754
119790
119820
119858
119892
119925
119966
119999
120029
120077
120104
120147
120183
120224
120260
120283
120332
120367
120410
120450
120492
120531
120569
120613
120661
120699
120737
120773
120806
120844
120881
120922
120966
121003
121030
121073
121110
121140
121173
121203
121238
121286
121320
121353
121395
121437
121472
121498
121537
121566
121602
121637
121667
121692
121727
121761
121792
121822
121862
121900
121935
121967
122002
122044
122089
122121
122161
122202
122232
122268
122317
122350
122387
122417
122451
122490
122522
122564
122600
122630
122669
122696
122726
122761
122798
122844
122875
122910
122941
122976
123009
123049
123084
123124
123165
123204
123245
123285
123313
123359
123395
123437
123467
123496
123538
123573
123615
123645
123690
123733
123770
123801
123828
123863
123896
123934
123973
124005
124036
124072
124106
124144
124178
124213
124255
124289
124330
124375
124411
124446
124486
124524
124567
124593
124638
124676
124715
124742
124771
124811
124844
124883
124916
124955
125003
125039
125072
125108
125140
125192
125228
125268
125307
125347
125384
125426
125458
125485
125516
125560
125603
125644
125683
125724
125770
125812
125853
125879
125920
125960
125996
126036
126068
126107
126148
126181
126217
126248
126293
126325
126373
126413
126459
126500
126539
126574
126611
126643
126679
126723
126763
126789
126821
126855
126897
126931
126966
127005
127040
127072
127114
127144
127181
127207
127238
127282
127325
127358
127407
127431
127474
127513
127551
127589
127639
127676
127721
127753
127795
127820
127852
127894
127920
127959
127986
128020
128061
128100
128136
128167
128197
128241
128274
128306
128339
128366
128405
128436
128469
128509
128551
128588
128623
128661
128698
128726
128759
128783
128817
128851
128891
128938
128977
129016
129053
129095
129132
129164
129196
129233
129265
129298
129327
129361
129402
129433
129461
129500
129540
129587
129622
129663
129697
129723
129760
129799
129832
129873
129904
129945
129972
130006
130049
130082
130121
130164
130196
130229
130264
130302
130338
130373
130398
130439
130475
130512
130552
130590
130632
130661
130690
130721
130758
130796
130828
130851
130903
130943
130980
131011
131040
131073
131109
131138
131172
131198
131239
131269
131314
131351
131375
131415
131460
131498
131530
131566
131601
131637
131670
131706
131744
131783
131819
131848
131880
131907
131950
131982
132011
132055
132090
132117
132155
132197
132232
132272
132313
132345
132382
132418
132450
132479
132503
132532
132569
132604
132642
132674
132708
132748
132791
132831
132876
132906
132934
132968
133010
133041
133067
133101
133132
133163
133197
133235
133269
133304
133350
133383
133413
133456
133495
133533
133557
133591
133626
133677
133713
133753
133781
133820
133853
133887
133923
133957
133998
134032
134071
134101
134140
134180
134215
134259
134300
134338
134384
134419
134447
134490
134524
134565
134604
134650
134693
134743
134775
134817
134853
134897
134927
134960
134999
135034
135073
135106
135155
135182
135223
135258
135285
135324
135366
135404
135437
135469
135506
135537
135579
135610
135650
135688
135720
135756
135784
135820
135856
135887
135927
135959
135989
136024
136068
136107
136141
136177
136219
136254
136294
136336
136365
136404
136444
136470
136505
136542
136582
136619
136656
136684
136721
136755
136793
136827
136870
136909
136946
136978
137006
137041
137076
137109
137136
137173
137213
137249
137288
137315
137345
137381
137419
137453
137488
137526
137564
137604
137649
137684
137719
137763
137800
137834
137868
137907
137946
137979
138015
138051
138091
138126
138169
138206
138245
138281
138320
138352
138389
138425
138463
138510
138544
138572
138606
138632
138668
138707
138738
138780
138808
138846
138875
138918
138948
138979
139018
139056
139092
139131
139167
139206
139242
139278
139317
139357
139394
139431
139459
139494
139527
139566
139598
139634
139673
139701
139745
139780
139812
139844
139868
139906
139945
139980
140017
140054
140085
140110
140151
140180
140215
140250
140281
140320
140354
140393
140424
140456
140492
140525
140564
140593
140624
140655
140693
140735
140773
140804
140844
140869
140898
140928
140969
141012
141042
141080
141120
141153
141193
141229
141267
141307
141336
141366
141408
141444
141477
141507
141553
141576
141605
141648
141686
141726
141747
141777
141807
141838
141875
141912
141953
141987
142030
142069
142114
142147
142181
142224
142263
142292
142321
142359
142393
142431
142467
142505
142536
142571
142599
142630
142662
142693
142734
142777
142808
142846
142888
142929
142969
143007
143046
143079
143114
143151
143187
143232
143267
143302
143329
143371
143413
143442
143475
143514
143549
143584
143617
143652
143691
143720
143755
143796
143837
143872
143907
143947
143982
144024
144064
144099
144134
144171
144208
144236
144272
144315
144357
144398
144436
144469
144507
144549
144583
144625
144651
144695
144731
144766
144798
144837
144873
144913
144950
144980
145013
145056
145090
145121
145157
145190
145222
145257
145293
145326
145362
145399
