15
30
42
53
68
83
98
113
118
134
149
153
168
183
187
202
217
227
241
256
271
280
295
306
321
336
351
366
381
396
411
416
425
440
450
462
477
492
507
509
511
526
541
556
571
586
601
616
631
636
651
666
681
691
706
721
725
734
744
759
774
789
804
812
827
842
857
871
886
901
916
924
928
932
943
951
953
962
977
992
1007
1022
1025
1040
1055
1070
1085
1088
1103
1106
1121
1136
1140
1155
1170
1186
1201
1212
1227
1239
1245
1252
1256
1271
1286
1301
1315
1330
1345
1356
1371
1376
1391
1407
1413
1421
1436
1441
1450
1455
1460
1475
1490
1496
1511
1526
1541
1556
1571
1586
1598
1613
1628
1632
1636
1651
1666
1681
1696
1700
1715
1730
1745
1760
1772
1787
1802
1817
1832
1847
1857
1872
1887
1902
1906
1910
1925
1940
1953
1960
1975
1990
1998
2007
2022
2037
2048
2063
2066
2081
2091
2106
2112
2127
2132
2147
2150
2158
2173
2182
2191
2206
2210
2220
2235
2240
2255
2263
2270
2286
2301
2316
2332
2337
2352
2367
2382
2397
2408
2423
2430
2445
2456
2466
2470
2485
2489
2504
2519
2534
2549
2557
2568
2583
2595
2610
2614
2629
2644
2659
2674
2683
2698
2708
2723
2736
2751
2757
2761
2776
2791
2806
2818
2821
2836
2848
2863
2868
2883
2898
2913
2928
2943
2958
2973
2988
3003
3019
3025
3032
3047
3063
3072
3079
3094
3109
3124
3139
3154
3157
3172
3187
3191
3203
3218
3234
3247
3262
3277
3279
3294
3306
3321
3336
3339
3354
3369
3380
3385
3393
3408
3413
3428
3443
3454
3469
3472
3477
3492
3507
3510
3520
3525
3540
3555
3570
3585
3600
3615
3630
3645
3656
3671
3686
3693
3708
3723
3738
3753
3766
3772
3787
3801
3804
3819
3822
3838
3850
3865
3880
3887
3894
3909
3925
3940
3956
3966
3981
3996
4011
4026
4031
4036
4051
4066
4081
4096
4106
4109
4117
4122
4129
4144
4150
4165
4169
4184
4199
4212
4228
4243
4258
4261
4276
4291
4296
4310
4318
4333
4348
4363
4367
4382
4393
4396
4411
4414
4429
4434
4440
4455
4470
4481
4496
4511
4525
4540
4550
4565
4575
4590
4595
4610
4625
4640
4649
4657
4663
4678
4691
4699
4714
4729
4745
4760
4775
4790
4800
4815
4830
4845
4860
4875
4884
4891
4906
4915
4930
4945
4960
4975
4990
4998
5013
5025
5040
5055
5060
5074
5089
5094
5098
5104
5119
5134
5138
5150
5152
5161
5176
5181
5190
5202
5217
5233
5248
5261
5264
5275
5290
5292
5297
5312
5315
5330
5342
5357
5372
5387
5397
5412
5424
5429
5433
5448
5463
5478
5494
5499
5504
5519
5525
5536
5551
5566
5581
5597
5601
5615
5630
5645
5660
5666
5681
5696
5702
5717
5732
5747
5762
5769
5784
5799
5814
5818
5833
5848
5862
5877
5879
5890
5905
5920
5923
5937
5944
5946
5961
5964
5978
5993
6008
6023
6038
6043
6053
6062
6077
6092
6107
6122
6137
6147
6162
6177
6191
6195
6210
6218
6228
6243
6245
6256
6258
6261
6266
6273
6289
6292
6306
6321
6330
6335
6344
6351
6360
6368
6382
6389
6391
6406
6421
6436
6451
6464
6466
6474
6489
6503
6511
6517
6522
6537
6547
6562
6565
6580
6583
6588
6592
6607
6622
6633
6648
6664
6670
6674
6682
6687
6694
6709
6721
6724
6726
6729
6738
6743
6758
6762
6773
6788
6797
6803
6808
6820
6835
6850
6858
6860
6862
6864
6870
6873
6882
6897
6899
6914
6917
6925
6940
6947
6962
6975
6990
6993
7008
7023
7030
7032
7043
7058
7061
7064
7067
7071
7076
7091
7097
7108
7123
7133
7148
7154
7169
7176
7184
7199
7211
7223
7232
7235
7238
7253
7258
7263
7269
7276
7284
7299
7303
7310
7323
7329
7344
7348
7352
7367
7382
7394
7407
7420
7435
7448
7463
7471
7474
7489
7501
7506
7521
7528
7540
7551
7561
7568
7572
7586
7601
7612
7621
7636
7651
7658
7664
7679
7682
7686
7690
7699
7706
7711
7726
7728
7731
7746
7753
7758
7761
7776
7785
7800
7802
7817
7822
7837
7852
7855
7871
7886
7894
7901
7914
7929
7944
7951
7962
7965
7980
7995
7998
8000
8015
8030
8045
8050
8065
8079
8084
8099
8107
8122
8125
8129
8133
8144
8147
8155
8164
8166
8168
8173
8188
8200
8205
8209
8216
8218
8225
8233
8239
8254
8257
8264
8267
8273
8284
8290
8303
8314
8316
8322
8324
8330
8335
8344
8355
8365
8367
8369
8372
8378
8384
8388
8402
8409
8420
8436
8439
8451
8457
8472
8480
8491
8502
8508
8510
8513
8522
8527
8531
8533
8536
8546
8558
8573
8575
8588
8598
8609
8612
8614
8629
8632
8645
8660
8664
8670
8672
8682
8686
8688
8694
8709
8724
8726
8734
8742
8757
8772
8779
8784
8786
8789
8804
8810
8825
8829
8832
8837
8847
8851
8853
8863
8866
8869
8877
8884
8896
8911
8926
8933
8938
8953
8961
8976
8980
8996
9003
9008
9011
9013
9015
9019
9030
9045
9050
9057
9061
9066
9068
9077
9092
9103
9111
9120
9124
9129
9144
9149
9155
9157
9165
9171
9173
9175
9182
9192
9196
9199
9209
9213
9215
9217
9225
9240
9242
9246
9250
9253
9268
9281
9285
9294
9302
9307
9317
9325
9329
9343
9351
9356
9362
9365
9370
9385
9394
9404
9415
9421
9425
9433
9449
9455
9467
9472
9487
9492
9507
9511
9521
9536
9541
9549
9564
9579
9585
9590
9593
9596
9598
9603
9612
9614
9621
9629
9644
9653
9668
9672
9677
9689
9703
9707
9722
9725
9735
9750
9758
9763
9774
9776
9781
9789
9794
9809
9816
9823
9825
9831
9846
9849
9851
9855
9858
9863
9870
9885
9890
9895
9899
9905
9909
9911
9915
9921
9930
9945
9949
9953
9960
9975
9979
9984
9993
10006
10011
10026
10036
10039
10051
10055
10067
10070
10073
10076
10082
10084
10094
10098
10101
10116
10118
10127
10130
10142
10157
10159
10162
10165
10172
10185
10190
10197
10205
10213
10227
10229
10234
10247
10254
10260
10264
10270
10274
10276
10287
10291
10293
10302
10306
10311
10313
10322
10328
10336
10339
10347
10350
10355
10359
10363
10367
10370
10385
10390
10393
10396
10400
10404
10412
10428
10433
10437
10439
10443
10448
10452
10458
10461
10464
10470
10477
10479
10485
10496
10499
10501
10510
10523
10537
10539
10544
10548
10552
10555
10561
10563
10566
10573
10578
10586
10588
10591
10603
10609
10612
10616
10620
10633
10636
10641
10645
10648
10654
10657
10659
10664
10673
10678
10693
10699
10703
10705
10709
10711
10722
10726
10731
10734
10736
10741
10744
10747
10749
10758
10760
10769
10771
10774
10777
10780
10782
10784
10790
10798
10807
10812
10817
10819
10821
10826
10837
10842
10849
10853
10856
10858
10868
10870
10877
10884
10889
10904
10907
10922
10926
10930
10945
10951
10955
10960
10967
10969
10971
10979
10982
10991
11000
11003
11005
11015
11020
11022
11026
11029
11033
11035
11037
11042
11046
11048
11053
11059
11066
11069
11083
11098
11106
11109
11120
11125
11127
11130
11134
11148
11151
11153
11157
11163
11166
11171
11186
11192
11195
11199
11214
11220
11223
11227
11232
11244
11246
11249
11258
11273
11276
11280
11282
11285
11288
11290
11292
11296
11300
11307
11313
11319
11322
11330
11339
11343
11347
11350
11364
11370
11373
11379
11381
11385
11400
11410
11413
11416
11422
11427
11431
11437
11444
11448
11463
11466
11479
11482
11487
11492
11499
11503
11508
11510
11520
11525
11532
11539
11548
11550
11555
11562
11568
11572
11574
11576
11579
11587
11591
11601
11607
11609
11612
11618
11620
11622
11624
11627
11632
11646
11653
11657
11663
11665
11672
11680
11685
11696
11700
11710
11714
11729
11732
11744
11748
11752
11762
11764
11766
11770
11773
11775
11777
11784
11791
11794
11803
11814
11819
11828
11830
11834
11836
11842
11846
11848
11854
11863
11865
11876
11885
11893
11898
11909
11913
11915
11917
11920
11925
11928
11944
11947
11951
11956
11960
11964
11974
11982
11984
11991
12005
12008
12016
12026
12030
12039
12041
12052
12054
12056
12062
12069
12075
12080
12085
12087
12089
12094
12102
12106
12121
12125
12135
12138
12147
12149
12154
12158
12165
12169
12172
12175
12178
12180
12190
12198
12201
12203
12214
12220
12235
12251
12254
12257
12263
12266
12268
12283
12291
12295
12297
12301
12304
12313
12317
12324
12327
12330
12334
12340
12342
12353
12355
12357
12359
12365
12374
12378
12384
12387
12389
12392
12400
12404
12407
12410
12414
12418
12424
12428
12433
12441
12443
12447
12449
12461
12465
12470
12472
12479
12481
12488
12491
12496
12503
12510
12515
12517
12520
12523
12526
12530
12538
12542
12544
12549
12555
12562
12566
12570
12572
12576
12580
12583
12588
12597
12601
12605
12607
12613
12619
12623
12625
12627
12630
12641
12648
12653
12656
12660
12663
12674
12677
12685
12687
12689
12694
12697
12701
12704
12706
12711
12716
12719
12721
12729
12731
12737
12740
12749
12751
12757
12762
12772
12775
12779
12785
12787
12790
12795
12799
12808
12810
12815
12818
12820
12827
12839
12841
12846
12849
12853
12855
12869
12874
12887
12895
12900
12902
12905
12908
12913
12921
12923
12927
12929
12934
12937
12941
12946
12954
12961
12963
12967
12973
12975
12981
12987
12994
12997
13000
13005
13010
13012
13015
13017
13020
13024
13029
13038
13042
13051
13054
13058
13065
13074
13077
13083
13085
13092
13094
13097
13101
13111
13115
13120
13122
13128
13131
13133
13138
13140
13146
13150
13157
13162
13166
13181
13187
13190
13192
13196
13198
13200
13203
13210
13213
13221
13224
13226
13231
13235
13237
13243
13252
13254
13256
13258
13263
13270
13283
13289
13292
13297
13301
13305
13307
13310
13315
13329
13334
13336
13339
13341
13343
13345
13349
13357
13366
13371
13374
13378
13380
13382
13384
13388
13391
13393
13397
13400
13405
13409
13418
13422
13428
13430
13434
13438
13441
13449
13454
13459
13462
13464
13468
13477
13482
13485
13491
13493
13497
13499
13508
13514
13528
13530
13533
13541
13549
13552
13562
13564
13567
13569
13575
13578
13581
13585
13591
13593
13596
13598
13603
13605
13609
13613
13615
13621
13629
13633
13642
13649
13653
13662
13664
13668
13672
13679
13681
13684
13686
13690
13692
13695
13699
13707
13712
13714
13717
13719
13722
13726
13736
13740
13742
13747
13749
13755
13759
13768
13770
13772
13776
13779
13782
13785
13791
13793
13796
13798
13800
13809
13816
13818
13820
13825
13828
13831
13833
13835
13837
13842
13846
13850
13854
13856
13861
13865
13867
13869
13873
13875
13878
13882
13884
13891
13898
13911
13913
13918
13924
13930
13935
13939
13943
13945
13948
13951
13954
13956
13961
13965
13968
13973
13977
13988
13992
13996
14002
14006
14012
14018
14021
14029
14033
14037
14044
14053
14055
14057
14059
14063
14065
14074
14081
14089
14091
14093
14096
14099
14110
14113
14116
14118
14132
14140
14145
14148
14151
14155
14163
14165
14168
14170
14173
14177
14190
14192
14196
14198
14202
14204
14216
14218
14221
14226
14230
14243
14246
14249
14254
14257
14264
14267
14269
14278
14280
14283
14288
14292
14294
14301
14308
14311
14313
14321
14325
14331
14334
14337
14341
14345
14353
14355
14362
14364
14374
14382
14386
14390
14394
14401
14404
14407
14409
14413
14416
14420
14423
14425
14430
14435
14438
14440
14444
14448
14454
14460
14463
14468
14471
14473
14475
14480
14486
14490
14493
14496
14498
14501
14516
14519
14522
14534
14541
14546
14549
14554
14562
14564
14568
14573
14580
14582
14586
14592
14594
14598
14601
14603
14608
14614
14616
14619
14623
14626
14632
14642
14645
14651
14659
14662
14664
14666
14669
14674
14677
14680
14683
14686
14692
14694
14696
14699
14701
14705
14710
14712
14716
14722
14730
14732
14735
14741
14744
14747
14751
14756
14761
14772
14774
14776
14781
14785
14788
14796
14799
14804
14808
14810
14817
14819
14826
14828
14830
14833
14838
14841
14851
14853
14861
14867
14872
14876
14878
14881
14887
14892
14894
14897
14900
14905
14907
14909
14911
14913
14917
14919
14922
14927
14931
14934
14941
14948
14951
14956
14958
14965
14971
14976
14983
14988
14990
14995
14999
15002
15006
15016
15020
15025
15036
15039
15044
15047
15052
15055
15066
15068
15081
15086
15089
15092
15094
15102
15107
15112
15116
15121
15125
15128
15131
15137
15143
15147
15149
15155
15160
15165
15167
15172
15174
15176
15179
15189
15192
15201
15204
15207
15212
15214
15216
15219
15222
15224
15230
15232
15238
15241
15243
15246
15249
15251
15254
15261
15264
15268
15271
15275
15281
15288
15293
15297
15300
15303
15306
15308
15314
15316
15319
15327
15329
15334
15338
15341
15346
15348
15350
15359
15366
15371
15374
15376
15378
15381
15384
15386
15393
15395
15397
15402
15407
15412
15415
15418
15423
15427
15430
15432
15435
15438
15443
15450
15459
15465
15467
15469
15471
15473
15477
15483
15490
15492
15497
15502
15504
15508
15510
15516
15521
15524
15529
15532
15534
15538
15542
15546
15553
15555
15560
15566
15571
15576
15581
15584
15594
15599
15604
15607
15609
15613
15615
15619
15622
15626
15630
15637
15640
15644
15648
15652
15654
15658
15660
15668
15671
15677
15679
15681
15683
15691
15695
15700
15702
15704
15706
15710
15722
15725
15727
15734
15736
15739
15742
15744
15750
15755
15757
15763
15767
15772
15776
15783
15785
15788
15796
15799
15802
15807
15810
15814
15818
15821
15829
15832
15835
15840
15845
15848
15851
15854
15859
15861
15863
15866
15868
15871
15880
15884
15890
15892
15897
15900
15904
15908
15911
15916
15923
15926
15931
15934
15937
15939
15942
15945
15947
15950
15953
15960
15963
15965
15969
15977
15981
15983
15985
15987
15990
15992
15997
15999
16005
16007
16009
16012
16015
16018
16023
16030
16034
16036
16038
16041
16044
16048
16055
16057
16061
16065
16068
16071
16073
16076
16078
16084
16087
16091
16093
16095
16097
16101
16103
16109
16111
16115
16117
16120
16123
16127
16134
16139
16141
16147
16150
16155
16158
16164
16166
16171
16179
16185
16187
16190
16193
16198
16205
16213
16217
16220
16222
16225
16229
16232
16238
16240
16242
16245
16248
16250
16252
16254
16259
16262
16266
16270
16272
16285
16288
16292
16294
16299
16301
16303
16310
16318
16323
16330
16332
16341
16344
16348
16356
16362
16365
16367
16375
16383
16390
16398
16405
16407
16409
16413
16418
16420
16423
16425
16429
16431
16436
16439
16443
16447
16450
16453
16457
16461
16463
16468
16470
16479
16490
16497
16500
16505
16508
16518
16522
16527
16529
16534
16537
16539
16542
16544
16547
16552
16556
16559
16564
16567
16570
16579
16583
16585
16587
16592
16598
16604
16606
16615
16620
16622
16628
16631
16633
16636
16638
16645
16648
16653
16659
16662
16667
16669
16674
16682
16687
16691
16694
16699
16705
16710
16715
16718
16723
16727
16736
16739
16744
16747
16750
16752
16754
16758
16767
16770
16773
16778
16781
16792
16794
16797
16801
16807
16813
16818
16820
16824
16830
16832
16840
16845
16848
16851
16857
16861
16866
16870
16872
16876
16881
16885
16887
16889
16891
16895
16900
16903
16907
16915
16917
16921
16925
16930
16935
16937
16940
16945
16947
16951
16953
16960
16965
16968
16973
16977
16981
16984
16986
16993
16997
17000
17003
17010
17020
17023
17025
17028
17032
17035
17039
17043
17059
17062
17065
17071
17076
17078
17083
17096
17100
17109
17114
17122
17124
17127
17132
17135
17141
17150
17156
17158
17163
17166
17168
17173
17175
17182
17189
17192
17205
17213
17222
17232
17234
17238
17244
17248
17252
17260
17264
17266
17268
17270
17275
17280
17282
17284
17287
17289
17294
17300
17305
17307
17309
17312
17318
17321
17323
17328
17334
17337
17343
17346
17351
17357
17359
17363
17378
17384
17388
17391
17395
17403
17410
17413
17419
17423
17426
17428
17434
17437
17445
17448
17457
17459
17465
17470
17474
17476
17478
17481
17484
17488
17491
17494
17497
17499
17501
17503
17506
17512
17514
17522
17524
17527
17529
17532
17534
17537
17541
17545
17549
17552
17556
17559
17563
17568
17572
17578
17582
17588
17596
17598
17601
17603
17606
17610
17612
17614
17618
17620
17627
17635
17637
17639
17642
17646
17651
17653
17656
17658
17662
17667
17671
17676
17678
17685
17689
17693
17695
17701
17709
17712
17714
17721
17724
17726
17730
17738
17741
17744
17747
17749
17754
17756
17759
17765
17768
17770
17773
17776
17783
17785
17789
17800
17806
17813
17819
17826
17830
17832
17836
17842
17844
17849
17853
17857
17861
17864
17867
17871
17876
17878
17880
17883
17885
17887
17889
17891
17897
17901
17909
17912
17915
17918
17921
17924
17933
17938
17940
17943
17945
17951
17955
17959
17963
17965
17968
17970
17972
17974
17977
17980
17988
17990
17997
18002
18006
18009
18012
18017
18019
18024
18029
18031
18039
18042
18047
18050
18053
18055
18058
18060
18070
18073
18075
18079
18083
18085
18087
18089
18095
18097
18099
18101
18107
18109
18114
18118
18121
18125
18127
18130
18137
18143
18146
18149
18152
18155
18157
18162
18164
18168
18170
18173
18179
18183
18186
18188
18190
18194
18196
18203
18207
18209
18211
18213
18223
18225
18228
18231
18236
18239
18244
18247
18255
18260
18267
18271
18273
18278
18281
18284
18288
18291
18300
18303
18307
18315
18317
18320
18322
18326
18329
18331
18338
18341
18345
18347
18352
18360
18362
18367
18371
18386
18391
18396
18398
18400
18406
18412
18415
18418
18421
18426
18432
18434
18439
18442
18454
18459
18464
18469
18473
18477
18479
18482
18484
18486
18495
18500
18510
18516
18521
18524
18526
18529
18533
18537
18539
18542
18545
18548
18551
18553
18558
18562
18570
18573
18577
18587
18590
18592
18596
18598
18608
18610
18616
18622
18627
18630
18632
18639
18642
18646
18651
18656
18658
18661
18664
18667
18669
18671
18676
18678
18687
18690
18695
18698
18700
18703
18706
18708
18710
18715
18718
18722
18727
18729
18734
18737
18740
18743
18747
18755
18759
18764
18768
18774
18781
18785
18789
18792
18797
18799
18803
18808
18811
18817
18820
18826
18828
18835
18839
18841
18843
18846
18850
18853
18856
18862
18864
18868
18871
18875
18881
18884
18887
18891
18894
18897
18904
18912
18915
18917
18919
18922
18925
18929
18931
18935
18943
18947
18954
18956
18967
18971
18973
18975
18977
18980
18984
18987
18989
18991
18994
18999
19003
19009
19013
19020
19022
19026
19029
19032
19038
19044
19048
19052
19060
19066
19071
19073
19082
19086
19092
19097
19099
19101
19105
19108
19110
19114
19116
19118
19127
19131
19135
19139
19144
19149
19151
19156
19160
19168
19171
19173
19178
19183
19185
19189
19192
19194
19197
19201
19204
19211
19216
19221
19223
19225
19227
19231
19233
19235
19238
19241
19244
19248
19250
19252
19256
19259
19262
19265
19269
19271
19273
19278
19285
19288
19292
19294
19296
19299
19303
19306
19312
19316
19319
19322
19324
19326
19328
19330
19332
19335
19338
19341
19343
19345
19348
19350
19354
19358
19362
19368
19373
19377
19380
19385
19391
19394
19400
19405
19408
19413
19415
19417
19421
19423
19426
19428
19432
19436
19441
19444
19446
19448
19451
19455
19466
19478
19482
19488
19493
19497
19503
19511
19527
19529
19533
19538
19541
19548
19554
19557
19566
19569
19573
19575
19578
19580
19582
19588
19591
19593
19596
19600
19603
19607
19615
19617
19620
19623
19626
19629
19632
19640
19644
19650
19652
19656
19658
19662
19669
19672
19675
19677
19681
19684
19688
19690
19697
19703
19705
19707
19710
19714
19722
19725
19734
19741
19744
19748
19751
19753
19756
19760
19763
19765
19768
19770
19773
19775
19777
19779
19784
19790
19793
19796
19803
19805
19808
19811
19813
19817
19830
19833
19839
19843
19848
19851
19854
19856
19861
19865
19868
19870
19875
19877
19879
19884
19890
19892
19894
19897
19900
19902
19904
19906
19909
19911
19916
19918
19922
19925
19930
19935
19937
19942
19944
19947
19950
19953
19960
19963
19967
19971
19974
19977
19982
19984
19990
19996
19998
20003
20012
20015
20019
20023
20027
20030
20034
20036
20042
20045
20048
20051
20057
20060
20065
20069
20073
20075
20080
20082
20084
20087
20089
20092
20095
20104
20107
20109
20113
20117
20121
20124
20126
20133
20135
20139
20141
20145
20152
20155
20157
20161
20167
20169
20172
20177
20179
20186
20196
20198
20204
20211
20215
20219
20225
20229
20234
20241
20247
20249
20252
20254
20256
20259
20262
20265
20270
20274
20276
20280
20287
20289
20291
20293
20296
20300
20305
20309
20319
20323
20326
20328
20330
20333
20337
20339
20341
20348
20350
20353
20363
20367
20372
20380
20382
20384
20388
20396
20400
20415
20421
20424
20428
20430
20432
20438
20440
20442
20448
20455
20458
20460
20464
20466
20468
20471
20473
20475
20478
20480
20483
20490
20497
20499
20503
20507
20514
20522
20529
20534
20538
20542
20545
20547
20549
20552
20554
20562
20565
20568
20572
20575
20579
20586
20596
20600
20603
20611
20613
20617
20620
20622
20624
20627
20631
20637
20639
20644
20654
20660
20665
20667
20670
20673
20677
20683
20686
20688
20691
20693
20697
20702
20706
20712
20715
20717
20721
20723
20725
20730
20736
20738
20745
20748
20750
20752
20757
20762
20764
20770
20774
20778
20782
20788
20795
20797
20801
20803
20806
20811
20816
20820
20822
20825
20830
20833
20837
20839
20845
20847
20853
20859
20864
20871
20875
20881
20887
20889
20892
20901
20903
20908
20914
20917
20919
20926
20931
20933
20938
20940
20942
20948
20953
20955
20957
20960
20965
20967
20973
20978
20984
20990
20997
20999
21001
21003
21007
21009
21013
21016
21018
21022
21025
21027
21032
21036
21039
21044
21046
21051
21056
21060
21066
21069
21079
21083
21089
21091
21094
21098
21104
21109
21112
21115
21117
21119
21121
21123
21131
21135
21139
21142
21144
21150
21152
21154
21158
21161
21166
21170
21174
21176
21180
21183
21185
21188
21193
21197
21202
21206
21210
21214
21216
21219
21221
21226
21230
21234
21237
21240
21244
21247
21249
21252
21256
21258
21261
21267
21279
21281
21286
21288
21291
21293
21299
21307
21311
21317
21324
21326
21329
21331
21335
21338
21342
21346
21348
21356
21361
21364
21368
21371
21373
21375
21377
21380
21386
21390
21394
21396
21401
21406
21411
21415
21417
21422
21424
21427
21432
21435
21440
21443
21447
21451
21457
21461
21468
21470
21472
21474
21480
21483
21486
21488
21491
21493
21495
21498
21505
21507
21510
21514
21518
21522
21526
21528
21532
21540
21546
21555
21565
21568
21570
21572
21574
21577
21579
21581
21583
21589
21593
21598
21601
21604
21609
21612
21620
21623
21626
21630
21634
21636
21639
21642
21645
21650
21655
21660
21666
21668
21673
21677
21681
21684
21689
21692
21694
21700
21703
21709
21713
21716
21721
21726
21735
21739
21743
21746
21749
21753
21755
21761
21769
21775
21779
21781
21784
21786
21791
21793
21796
21798
21801
21804
21807
21812
21820
21823
21827
21829
21832
21835
21839
21846
21848
21852
21856
21861
21865
21867
21876
21882
21886
21888
21891
21895
21899
21903
21905
21911
21918
21920
21923
21926
21930
21940
21943
21945
21948
21950
21954
21958
21965
21969
21972
21977
21981
21987
21989
21991
21993
21995
21997
22004
22008
22010
22012
22019
22022
22028
22031
22035
22039
22041
22044
22047
22049
22055
22059
22061
22063
22067
22070
22072
22077
22079
22081
22086
22088
22092
22107
22110
22117
22120
22127
22131
22136
22139
22141
22145
22148
22150
22158
22160
22165
22168
22170
22173
22182
22187
22198
22203
22207
22214
22216
22221
22226
22230
22232
22236
22238
22242
22245
22252
22257
22259
22262
22269
22271
22273
22276
22280
22283
22285
22293
22296
22298
22301
22304
22306
22308
22310
22315
22317
22320
22328
22336
22340
22342
22345
22350
22353
22356
22359
22362
22368
22371
22373
22376
22381
22383
22388
22390
22397
22402
22404
22406
22409
22414
22417
22419
22423
22426
22433
22438
22441
22444
22447
22449
22451
22457
22461
22463
22469
22473
22477
22483
22488
22492
22495
22497
22499
22501
22507
22510
22514
22518
22528
22537
22541
22550
22552
22555
22557
22563
22569
22574
22577
22579
22584
22588
22592
22594
22598
22601
22610
22615
22618
22623
22626
22629
22631
22635
22637
22639
22645
22650
22654
22660
22663
22667
22669
22673
22676
22679
22684
22686
22688
22692
22696
22698
22702
22705
22713
22718
22722
22726
22730
22732
22735
22740
22743
22746
22750
22759
22764
22771
22774
22781
22785
22788
22795
22800
22803
22805
22809
22812
22814
22822
22824
22826
22830
22833
22838
22843
22847
22849
22852
22856
22861
22863
22867
22869
22873
22876
22879
22881
22884
22888
22891
22894
22897
22901
22906
22908
22913
22915
22920
22923
22928
22933
22936
22943
22945
22959
22966
22968
22972
22976
22979
22983
22985
22993
22996
23002
23008
23011
23015
23021
23027
23031
23036
23041
23047
23053
23057
23061
23065
23069
23073
23075
23078
23086
23088
23090
23095
23097
23103
23105
23112
23114
23119
23124
23129
23132
23135
23138
23141
23147
23150
23157
23163
23166
23168
23171
23174
23179
23181
23183
23185
23188
23191
23199
23201
23210
23221
23224
23228
23238
23240
23244
23247
23251
23253
23255
23261
23264
23269
23273
23278
23284
23287
23290
23293
23298
23301
23303
23308
23316
23318
23321
23331
23333
23335
23338
23341
23347
23350
23353
23356
23359
23363
23372
23376
23381
23386
23388
23395
23397
23399
23402
23405
23407
23409
23411
23414
23416
23418
23428
23431
23435
23438
23440
23443
23447
23449
23451
23453
23460
23462
23464
23468
23472
23474
23477
23479
23485
23487
23493
23502
23507
23518
23521
23525
23532
23534
23537
23539
23543
23547
23550
23556
23563
23567
23570
23573
23575
23579
23581
23584
23586
23592
23595
23599
23602
23606
23609
23617
23623
23627
23632
23635
23639
23644
23648
23650
23660
23662
23666
23668
23672
23676
23679
23683
23686
23690
23697
23703
23706
23708
23711
23715
23718
23723
23725
23727
23729
23732
23735
23737
23739
23744
23747
23753
23760
23765
23775
23787
23790
23795
23799
23804
23813
23815
23822
23825
23831
23834
23837
23840
23844
23846
23856
23858
23860
23865
23871
23875
23880
23882
23885
23888
23898
23902
23906
23909
23912
23924
23927
23930
23932
23937
23943
23948
23951
23963
23971
23973
23978
23980
23985
23989
23995
23997
24001
24006
24008
24010
24014
24016
24021
24028
24030
24036
24040
24044
24046
24051
24058
24061
24069
24073
24076
24080
24083
24085
24090
24092
24094
24097
24101
24104
24112
24117
24125
24128
24132
24139
24142
24144
24149
24151
24153
24156
24159
24161
24164
24168
24172
24174
24181
24185
24194
24197
24200
24202
24207
24209
24216
24221
24224
24229
24232
24234
24239
24242
24244
24250
24254
24259
24263
24266
24270
24277
24279
24281
24284
24293
24295
24302
24305
24309
24312
24314
24317
24321
24323
24330
24337
24345
24347
24352
24358
24362
24368
24373
24379
24381
24385
24387
24395
24408
24411
24413
24419
24425
24428
24430
24433
24436
24439
24445
24451
24456
24459
24462
24465
24477
24479
24482
24493
24496
24499
24503
24509
24512
24514
24517
24519
24528
24535
24542
24545
24548
24551
24558
24563
24566
24569
24571
24574
24578
24582
24586
24591
24595
24599
24603
24607
24610
24612
24614
24617
24622
24625
24630
24637
24640
24642
24647
24649
24651
24654
24657
24661
24667
24671
24678
24681
24684
24687
24690
24695
24698
24702
24704
24709
24715
24717
24719
24722
24728
24731
24742
24744
24746
24748
24752
24758
24762
24764
24767
24769
24777
24781
24785
24788
24791
24793
24798
24801
24805
24807
24813
24820
24824
24833
24837
24846
24852
24855
24859
24865
24875
24879
24885
24887
24889
24893
24897
24899
24901
24905
24908
24911
24914
24918
24920
24925
24931
24933
24938
24940
24945
24955
24959
24961
24968
24971
24977
24980
24982
24986
24989
24991
24995
24997
24999
25005
25007
25013
25017
25021
25026
25029
25033
25036
25039
25043
25047
25049
25051
25053
25057
25061
25063
25068
25072
25075
25081
25087
25089
25092
25099
25104
25113
25117
25121
25125
25129
25131
25138
25143
25146
25150
25154
25158
25161
25164
25171
25173
25178
25186
25188
25198
25201
25207
25210
25212
25217
25223
25225
25240
25245
25247
25250
25255
25257
25260
25263
25265
25268
25270
25276
25282
25286
25289
25293
25301
25304
25306
25311
25315
25317
25319
25321
25323
25325
25327
25330
25333
25337
25345
25353
25362
25365
25368
25370
25373
25375
25379
25383
25387
25393
25398
25410
25413
25416
25418
25425
25429
25440
25446
25451
25455
25460
25464
25468
25476
25485
25489
25494
25496
25499
25507
25514
25516
25519
25522
25524
25527
25532
25534
25539
25543
25553
25555
25558
25560
25564
25566
25568
25572
25579
25584
25588
25591
25594
25601
25604
25608
25612
25616
25618
25632
25637
25641
25644
25647
25653
25657
25660
25666
25671
25673
25675
25679
25683
25685
25689
25695
25701
25703
25707
25710
25713
25715
25719
25721
25723
25726
25732
25736
25739
25741
25744
25747
25753
25758
25764
25768
25771
25773
25776
25779
25782
25786
25790
25793
25797
25799
25801
25804
25807
25816
25818
25821
25828
25832
25834
25838
25844
25846
25849
25853
25868
25872
25878
25886
25889
25891
25895
25897
25899
25901
25905
25911
25916
25918
25920
25923
25928
25931
25934
25942
25944
25948
25955
25957
25962
25966
25971
25973
25975
25978
25980
25984
25987
25990
25994
26000
26005
26010
26013
26016
26021
26025
26028
26030
26035
26041
26043
26048
26051
26053
26058
26061
26063
26068
26070
26078
26080
26092
26095
26101
26104
26106
26108
26115
26121
26124
26126
26131
26138
26140
26152
26154
26158
26162
26165
26168
26170
26175
26177
26179
26182
26187
26192
26195
26199
26203
26205
26209
26213
26217
26223
26229
26232
26237
26247
26249
26253
26257
26263
26268
26276
26281
26284
26289
26297
26302
26304
26307
26309
26321
26324
26326
26332
26341
26343
26351
26355
26360
26363
26370
26373
26376
26381
26386
26390
26392
26398
26402
26408
26410
26412
26418
26429
26433
26437
26446
26449
26451
26459
26463
26467
26470
26473
26478
26481
26484
26488
26491
26493
26496
26499
26502
26513
26517
26522
26525
26528
26532
26538
26542
26545
26547
26554
26556
26559
26563
26566
26568
26571
26573
26582
26585
26591
26594
26602
26607
26609
26611
26614
26623
26633
26635
26638
26643
26651
26654
26657
26659
26673
26679
26686
26693
26697
26699
26704
26711
26718
26720
26723
26725
26730
26733
26739
26744
26747
26749
26751
26753
26757
26759
26762
26765
26771
26774
26777
26786
26795
26799
26804
26806
26808
26810
26812
26816
26819
26821
26823
26831
26835
26838
26840
26845
26850
26852
26856
26863
26867
26870
26876
26879
26881
26884
26888
26890
26893
26895
26898
26905
26909
26918
26923
26931
26938
26941
26943
26945
26947
26950
26953
26956
26959
26965
26970
26974
26976
26982
26989
26994
27000
27003
27010
27015
27020
27025
27027
27035
27037
27042
27044
27049
27051
27053
27058
27063
27065
27073
27075
27078
27084
27086
27090
27100
27103
27105
27107
27114
27117
27119
27124
27126
27129
27136
27142
27145
27154
27158
27161
27164
27169
27179
27183
27188
27190
27194
27196
27203
27205
27208
27211
27223
27228
27232
27239
27244
27250
27252
27254
27258
27262
27264
27272
27276
27280
27284
27290
27292
27295
27302
27306
27310
27312
27315
27321
27326
27328
27331
27334
27338
27344
27351
27360
27365
27367
27372
27374
27377
27380
27383
27385
27390
27394
27397
27402
27404
27409
27413
27416
27420
27422
27431
27434
27437
27440
27444
27446
27449
27459
27463
27465
27477
27482
27485
27494
27499
27501
27505
27507
27513
27517
27523
27527
27532
27534
27536
27539
27544
27547
27552
27556
27559
27563
27570
27573
27577
27586
27589
27596
27604
27607
27611
27615
27617
27622
27626
27630
27634
27639
27642
27644
27647
27654
27657
27660
27666
27672
27678
27683
27690
27692
27695
27701
27704
27706
27708
27710
27712
27718
27722
27725
27727
27735
27739
27741
27745
27748
27752
27756
27759
27761
27764
27766
27770
27778
27780
27782
27793
27797
27801
27806
27811
27816
27818
27820
27822
27826
27828
27835
27842
27845
27850
27854
27858
27860
27870
27876
27896
27898
27901
27903
27906
27908
27912
27921
27929
27934
27938
27942
27945
27947
27949
27955
27962
27965
27978
27983
27986
27988
27991
27993
27995
27997
28001
28003
28006
28008
28012
28017
28020
28024
28026
28030
28038
28042
28052
28054
28056
28061
28064
28066
28068
28070
28072
28077
28084
28089
28093
28098
28107
28109
28113
28115
28120
28122
28124
28129
28132
28140
28147
28151
28156
28162
28164
28167
28169
28171
28175
28177
28181
28183
28187
28189
28197
28200
28202
28205
28209
28213
28217
28222
28225
28227
28229
28235
28238
28243
28245
28252
28254
28260
28264
28266
28274
28276
28278
28280
28287
28291
28297
28300
28302
28304
28314
28318
28323
28326
28328
28333
28340
28344
28347
28349
28354
28356
28359
28361
28369
28372
28377
28379
28381
28385
28393
28397
28400
28408
28412
28414
28417
28420
28423
28425
28427
28433
28438
28440
28447
28451
28454
28456
28458
28462
28467
28476
28484
28488
28494
28499
28503
28506
28509
28511
28519
28524
28527
28529
28531
28539
28544
28548
28551
28553
28560
28564
28569
28572
28575
28583
28585
28587
28589
28592
28596
28601
28607
28610
28614
28617
28627
28630
28637
28640
28645
28650
28652
28656
28658
28664
28666
28668
28671
28679
28681
28683
28688
28690
28693
28700
28704
28709
28712
28714
28717
28720
28725
28729
28731
28735
28743
28746
28749
28751
28754
28757
28759
28762
28764
28768
28771
28774
28776
28780
28782
28786
28788
28791
28796
28800
28805
28807
28809
28811
28815
28817
28819
28825
28827
28831
28833
28835
28839
28844
28849
28851
28854
28859
28863
28868
28870
28877
28880
28882
28886
28894
28898
28904
28906
28909
28917
28922
28928
28932
28935
28937
28941
28944
28948
28951
28958
28960
28962
28966
28974
28976
28982
28984
28986
28991
28998
29001
29003
29005
29009
29012
29015
29018
29024
29030
29036
29039
29045
29047
29051
29056
29059
29063
29067
29072
29074
29077
29080
29086
29088
29096
29098
29103
29105
29107
29111
29114
29119
29124
29129
29133
29143
29145
29149
29155
29158
29161
29165
29170
29174
29181
29184
29188
29190
29193
29199
29205
29207
29214
29221
29223
29228
29231
29234
29237
29241
29244
29248
29251
29254
29257
29263
29265
29267
29270
29274
29277
29280
29289
29296
29301
29303
29306
29314
29317
29324
29326
29331
29335
29340
29345
29350
29352
29355
29367
29373
29375
29380
29382
29386
29390
29396
29399
29407
29409
29411
29414
29420
29423
29425
29429
29433
29439
29445
29448
29451
29453
29456
29459
29462
29467
29476
29482
29487
29491
29493
29495
29497
29499
29504
29512
29517
29520
29524
29526
29529
29534
29537
29539
29546
29554
29562
29564
29568
29574
29576
29579
29582
29584
29591
29593
29597
29600
29603
29606
29610
29612
29614
29617
29622
29625
29627
29636
29638
29643
29645
29647
29655
29658
29662
29669
29673
29679
29682
29685
29687
29689
29691
29695
29699
29702
29707
29709
29713
29720
29723
29725
29731
29736
29738
29742
29748
29752
29754
29757
29762
29766
29769
29776
29780
29783
29787
29790
29795
29799
29803
29809
29816
29819
29821
29823
29829
29831
29838
29840
29848
29851
29856
29860
29867
29873
29876
29881
29883
29885
29888
29897
29900
29911
29918
29922
29924
29927
29929
29933
29939
29941
29944
29947
29951
29954
29960
29965
29968
29975
29981
29985
29987
29991
29997
30006
30008
30013
30017
30019
30022
30025
30027
30030
30033
30035
30041
30048
30054
30059
30061
30068
30073
30083
30085
30093
30099
30106
30109
30112
30114
30117
30122
30124
30131
30134
30139
30143
30146
30151
30153
30159
30167
30174
30184
30187
30191
30196
30199
30203
30206
30215
30218
30224
30228
30231
30233
30236
30240
30242
30247
30250
30255
30260
30271
30275
30282
30285
30287
30291
30298
30301
30303
30308
30311
30317
30319
30322
30324
30328
30333
30338
30340
30342
30348
30354
30361
30365
30370
30372
30374
30377
30380
30384
30392
30395
30398
30403
30406
30409
30421
30424
30428
30431
30434
30437
30445
30451
30453
30457
30459
30467
30469
30472
30474
30479
30484
30486
30488
30494
30499
30502
30506
30509
30514
30519
30522
30527
30532
30538
30542
30544
30549
30553
30556
30559
30561
30566
30570
30574
30577
30583
30586
30588
30595
30598
30602
30604
30607
30609
30613
30621
30624
30627
30633
30636
30640
30644
30646
30655
30657
30660
30668
30672
30675
30680
30686
30690
30694
30697
30700
30704
30707
30709
30717
30719
30723
30726
30728
30731
30736
30739
30741
30744
30746
30748
30750
30753
30755
30763
30765
30767
30772
30780
30784
30794
30803
30806
30812
30814
30816
30828
30834
30837
30840
30843
30850
30856
30863
30865
30872
30876
30882
30890
30894
30902
30906
30911
30921
30923
30928
30933
30935
30939
30945
30950
30952
30954
30956
30958
30960
30965
30971
30977
30981
30995
30998
31001
31005
31007
31017
31025
31031
31034
31037
31041
31046
31049
31051
31053
31056
31063
31066
31069
31076
31081
31085
31089
31095
31100
31104
31112
31115
31123
31133
31136
31139
31142
31146
31149
31153
31155
31159
31163
31167
31170
31172
31175
31177
31181
31184
31187
31191
31193
31200
31203
31205
31208
31214
31222
31225
31228
31234
31237
31241
31243
31255
31259
31266
31270
31272
31276
31278
31282
31284
31287
31289
31291
31295
31299
31304
31308
31314
31321
31324
31329
31335
31337
31342
31347
31349
31351
31353
31359
31362
31366
31369
31373
31376
31384
31386
31390
31394
31403
31410
31414
31416
31421
31423
31428
31430
31432
31439
31442
31444
31446
31448
31453
31455
31457
31461
31464
31467
31476
31481
31486
31488
31490
31492
31494
31499
31501
31510
31514
31519
31522
31526
31529
31532
31539
31543
31552
31554
31557
31559
31562
31564
31569
31579
31582
31585
31587
31589
31597
31599
31605
31612
31614
31617
31621
31623
31626
31632
31636
31639
31647
31652
31658
31663
31665
31670
31673
31679
31687
31693
31696
31702
31706
31710
31715
31717
31719
31721
31724
31730
31735
31738
31742
31744
31748
31752
31754
31757
31760
31762
31765
31770
31774
31776
31785
31787
31791
31797
31799
31802
31804
31806
31811
31820
31829
31834
31840
31848
31854
31858
31864
31867
31870
31873
31877
31880
31884
31887
31890
31893
31897
31903
31906
31909
31915
31920
31922
31925
31927
31930
31934
31938
31945
31950
31953
31959
31963
31969
31973
31976
31979
31982
31985
31989
31992
31995
32000
32003
32008
32011
32014
32016
32020
32022
32025
32027
32033
32037
32040
32044
32051
32056
32059
32063
32068
32070
32072
32075
32080
32083
32086
32092
32094
32102
32117
32129
32134
32138
32142
32144
32148
32153
32155
32161
32166
32168
32173
32177
32182
32187
32189
32192
32198
32204
32206
32214
32218
32221
32225
32229
32231
32234
32236
32239
32242
32245
32249
32251
32255
32260
32266
32275
32280
32283
32286
32288
32290
32296
32298
32305
32309
32313
32318
32324
32327
32333
32337
32343
32348
32354
32366
32371
32376
32380
32382
32385
32392
32394
32398
32401
32404
32408
32411
32415
32418
32424
32427
32431
32433
32438
32441
32450
32455
32457
32459
32462
32464
32469
32471
32475
32484
32487
32492
32497
32499
32502
32513
32518
32522
32525
32533
32535
32540
32546
32550
32552
32562
32566
32568
32578
32581
32584
32587
32590
32595
32597
32599
32601
32605
32612
32614
32618
32623
32628
32634
32636
32643
32645
32648
32653
32657
32662
32665
32667
32671
32674
32679
32682
32685
32690
32696
32700
32708
32711
32713
32719
32724
32729
32731
32737
32742
32747
32749
32752
32754
32762
32764
32770
32774
32776
32779
32782
32790
32793
32797
32802
32804
32808
32813
32819
32821
32824
32827
32833
32835
32837
32842
32844
32847
32850
32861
32867
32871
32873
32876
32885
32889
32893
32895
32900
32905
32908
32914
32919
32924
32926
32930
32933
32936
32939
32943
32948
32952
32956
32958
32960
32962
32965
32970
32975
32980
32987
32995
32998
33002
33009
33013
33016
33022
33025
33028
33033
33036
33042
33044
33046
33050
33053
33057
33064
33072
33075
33079
33082
33085
33088
33095
33097
33100
33106
33108
33111
33116
33122
33129
33132
33134
33139
33144
33147
33155
33160
33165
33167
33170
33174
33181
33184
33188
33193
33196
33203
33212
33215
33218
33222
33225
33227
33234
33236
33241
33244
33247
33252
33258
33260
33264
33267
33270
33273
33275
33279
33285
33288
33300
33303
33306
33308
33314
33324
33328
33330
33337
33343
33345
33349
33351
33356
33358
33367
33369
33371
33375
33385
33387
33394
33399
33401
33408
33411
33415
33417
33420
33428
33431
33433
33437
33446
33450
33453
33455
33462
33465
33468
33475
33477
33483
33485
33491
33498
33505
33507
33512
33516
33519
33522
33527
33530
33533
33536
33538
33541
33543
33546
33550
33554
33557
33566
33573
33576
33580
33587
33596
33602
33608
33615
33617
33619
33623
33629
33632
33636
33643
33649
33652
33654
33656
33660
33662
33664
33667
33670
33673
33675
33680
33683
33688
33691
33697
33700
33704
33708
33710
33712
33716
33722
33725
33728
33732
33736
33741
33746
33750
33752
33755
33758
33763
33766
33770
33777
33783
33791
33795
33797
33807
33810
33812
33814
33818
33823
33827
33831
33836
33842
33846
33848
33861
33865
33867
33869
33872
33877
33879
33881
33884
33886
33888
33891
33894
33900
33906
33909
33917
33922
33926
33928
33931
33933
33935
33937
33942
33945
33949
33953
33956
33958
33960
33964
33967
33971
33973
33982
33984
33987
33990
33992
33996
33999
34002
34005
34009
34015
34018
34027
34030
34032
34037
34039
34041
34046
34048
34051
34053
34055
34059
34071
34075
34078
34080
34085
34089
34093
34097
34100
34107
34111
34116
34121
34134
34138
34140
34143
34147
34152
34154
34156
34160
34171
34174
34177
34179
34184
34188
34190
34194
34200
34204
34206
34208
34216
34218
34225
34227
34231
34237
34241
34243
34247
34252
34256
34259
34261
34263
34266
34268
34270
34273
34279
34282
34285
34290
34296
34305
34307
34309
34315
34322
34324
34329
34332
34338
34341
34343
34348
34357
34359
34363
34370
34372
34376
34381
34385
34388
34390
34395
34398
34405
34408
34414
34418
34420
34423
34428
34431
34433
34438
34440
34442
34444
34456
34458
34462
34472
34476
34480
34484
34491
34494
34499
34502
34505
34507
34511
34514
34520
34523
34534
34539
34541
34550
34554
34559
34561
34565
34574
34580
34582
34586
34588
34590
34594
34597
34602
34606
34609
34612
34614
34620
34628
34633
34637
34639
34643
34650
34653
34656
34660
34664
34668
34672
34675
34678
34681
34685
34692
34700
34703
34707
34715
34719
34721
34724
34731
34736
34739
34749
34753
34756
34759
34765
34771
34777
34780
34788
34790
34793
34801
34804
34807
34811
34815
34817
34825
34827
34830
34838
34841
34843
34846
34852
34859
34861
34865
34870
34873
34875
34877
34879
34883
34886
34891
34896
34900
34903
34911
34913
34917
34919
34932
34935
34937
34941
34951
34959
34961
34965
34967
34972
34977
34981
34984
34986
34990
34993
34997
35000
35005
35009
35011
35018
35029
35032
35034
35036
35041
35046
35049
35054
35058
35063
35067
35069
35080
35091
35093
35095
35099
35104
35108
35114
35117
35121
35125
35128
35132
35136
35140
35142
35145
35150
35153
35158
35162
35169
35171
35177
35179
35181
35185
35189
35193
35196
35200
35202
35210
35213
35218
35223
35227
35229
35232
35234
35237
35239
35247
35250
35252
35255
35259
35266
35270
35278
35282
35284
35286
35289
35296
35301
35303
35305
35309
35315
35319
35323
35327
35332
35334
35339
35342
35348
35357
35360
35363
35367
35369
35377
35379
35383
35386
35388
35391
35394
35398
35401
35405
35409
35413
35416
35419
35422
35425
35427
35432
35434
35438
35441
35446
35449
35456
35464
35469
35474
35476
35479
35482
35484
35490
35494
35499
35503
35506
35509
35512
35516
35518
35522
35526
35529
35534
35537
35539
35546
35554
35556
35559
35562
35564
35566
35568
35571
35575
35578
35581
35587
35594
35597
35600
35610
35614
35616
35621
35623
35627
35630
35638
35641
35643
35646
35653
35656
35662
35666
35669
35675
35680
35687
35690
35694
35697
35699
35701
35704
35706
35710
35712
35715
35718
35725
35729
35733
35735
35738
35741
35746
35748
35752
35760
35762
35764
35770
35773
35785
35790
35793
35798
35805
35809
35812
35814
35818
35820
35825
35828
35830
35833
35841
35844
35852
35854
35860
35863
35868
35870
35875
35884
35887
35891
35898
35902
35904
35907
35910
35912
35918
35923
35927
35936
35940
35942
35945
35952
35954
35957
35961
35964
35973
35978
35986
35989
35995
36003
36005
36009
36012
36014
36017
36019
36023
36028
36032
36037
36044
36050
36054
36058
36061
36065
36067
36069
36073
36075
36083
36089
36093
36098
36102
36104
36106
36108
36112
36119
36123
36128
36135
36138
36141
36144
36151
36153
36157
36161
36163
36170
36178
36182
36184
36187
36189
36192
36196
36201
36204
36206
36210
36214
36216
36226
36232
36235
36238
36246
36248
36260
36262
36266
36269
36274
36276
36280
36283
36289
36294
36300
36310
36312
36316
36319
36328
36330
36333
36337
36342
36349
36351
36354
36356
36358
36361
36365
36368
36370
36378
36380
36384
36392
36395
36397
36399
36404
36408
36411
36416
36424
36428
36433
36436
36439
36441
36446
36449
36456
36468
36470
36472
36476
36479
36484
36486
36488
36501
36504
36510
36523
36526
36530
36534
36540
36545
36549
36554
36557
36570
36574
36578
36580
36584
36587
36594
36597
36601
36603
36605
36610
36617
36619
36628
36630
36636
36644
36647
36649
36651
36656
36661
36666
36668
36673
36676
36679
36682
36685
36689
36693
36695
36697
36703
36707
36711
36713
36717
36720
36722
36733
36738
36743
36746
36749
36755
36761
36764
36767
36770
36772
36775
36777
36779
36782
36789
36796
36798
36800
36803
36806
36808
36810
36812
36822
36825
36830
36834
36836
36842
36844
36852
36855
36861
36864
36868
36872
36874
36878
36882
36886
36892
36898
36901
36908
36911
36916
36918
36920
36924
36927
36930
36935
36938
36941
36944
36949
36951
36957
36959
36963
36969
36975
36978
36985
36989
36995
36998
37002
37006
37009
37015
37017
37020
37028
37034
37036
37044
37047
37049
37051
37054
37056
37059
37064
37066
37069
37071
37073
37077
37079
37086
37090
37092
37096
37099
37102
37113
37117
37119
37122
37127
37131
37138
37140
37142
37146
37149
37152
37155
37164
37167
37170
37178
37183
37188
37193
37195
37208
37213
37216
37226
37230
37233
37237
37240
37242
37246
37256
37259
37265
37269
37273
37275
37277
37279
37284
37291
37293
37295
37298
37302
37305
37307
37314
37317
37325
37330
37332
37337
37341
37345
37349
37354
37356
37358
37361
37364
37370
37374
37377
37384
37387
37390
37392
37397
37400
37404
37406
37412
37416
37421
37427
37434
37436
37438
37440
37447
37449
37459
37463
37467
37471
37478
37480
37483
37486
37489
37494
37499
37503
37505
37510
37516
37518
37523
37526
37529
37531
37536
37538
37544
37546
37550
37555
37557
37561
37566
37571
37575
37579
37584
37588
37594
37599
37606
37615
37626
37628
37633
37640
37645
37647
37651
37653
37659
37664
37668
37672
37675
37680
37683
37686
37689
37695
37698
37709
37711
37715
37721
37725
37729
37732
37735
37739
37741
37746
37753
37758
37761
37763
37774
37776
37781
37786
37789
37791
37797
37803
37805
37810
37813
37817
37821
37823
37827
37832
37835
37840
37843
37845
37849
37854
37860
37868
37870
37877
37881
37883
37885
37891
37896
37900
37907
37910
37912
37914
37919
37921
37927
37931
37933
37940
37943
37951
37954
37959
37963
37968
37970
37975
37977
37986
37990
37995
37998
38003
38009
38014
38017
38021
38024
38026
38039
38046
38050
38055
38059
38061
38064
38068
38072
38075
38077
38081
38083
38085
38088
38094
38097
38101
38103
38106
38120
38123
38125
38131
38133
38138
38142
38152
38155
38160
38164
38168
38171
38176
38178
38181
38187
38194
38200
38208
38222
38227
38231
38234
38240
38243
38245
38247
38250
38255
38258
38260
38263
38265
38271
38273
38279
38281
38284
38289
38291
38295
38299
38304
38307
38315
38319
38321
38323
38326
38330
38334
38337
38342
38346
38349
38353
38355
38357
38362
38368
38377
38381
38384
38387
38391
38393
38396
38401
38403
38406
38411
38413
38416
38419
38427
38430
38432
38435
38438
38442
38445
38448
38456
38458
38461
38469
38473
38477
38480
38491
38494
38498
38500
38508
38515
38520
38522
38524
38533
38536
38541
38545
38549
38551
38555
38560
38567
38569
38571
38573
38575
38577
38581
38585
38589
38593
38595
38597
38602
38606
38613
38616
38618
38621
38628
38637
38641
38643
38647
38653
38655
38671
38673
38675
38679
38682
38684
38688
38697
38704
38708
38712
38716
38726
38728
38735
38741
38744
38746
38750
38758
38770
38774
38777
38779
38783
38787
38790
38793
38796
38801
38803
38817
38819
38824
38826
38831
38836
38848
38854
38857
38860
38863
38865
38871
38877
38881
38888
38893
38898
38902
38905
38912
38919
38925
38930
38937
38940
38943
38950
38953
38956
38958
38963
38968
38970
38974
38977
38979
38982
38986
38989
38992
38995
38997
39002
39004
39007
39010
39016
39019
39021
39025
39028
39031
39034
39036
39038
39043
39046
39050
39053
39061
39064
39067
39069
39076
39078
39083
39085
39088
39096
39101
39104
39107
39113
39117
39119
39124
39128
39132
39136
39138
39140
39142
39144
39147
39164
39173
39175
39181
39184
39186
39189
39191
39195
39197
39199
39201
39209
39212
39216
39219
39223
39225
39227
39230
39233
39236
39238
39245
39248
39253
39258
39265
39270
39279
39282
39286
39290
39292
39294
39296
39299
39306
39308
39314
39324
39326
39329
39331
39337
39341
39343
39351
39353
39355
39360
39362
39365
39369
39373
39379
39384
39386
39389
39393
39396
39401
39410
39412
39415
39418
39423
39427
39432
39434
39441
39446
39451
39453
39460
39463
39468
39472
39476
39479
39486
39489
39493
39495
39499
39503
39510
39516
39521
39524
39527
39532
39537
39539
39541
39543
39551
39554
39558
39564
39567
39570
39572
39576
39580
39584
39586
39589
39593
39603
39608
39612
39617
39621
39623
39630
39632
39634
39637
39640
39642
39645
39647
39653
39656
39659
39662
39665
39671
39676
39679
39681
39684
39689
39691
39694
39699
39703
39707
39711
39714
39716
39724
39726
39728
39733
39735
39741
39749
39758
39765
39769
39776
39780
39782
39785
39788
39790
39792
39795
39798
39806
39808
39811
39814
39817
39822
39824
39828
39831
39834
39839
39841
39848
39852
39857
39859
39866
39874
39877
39880
39884
39889
39892
39897
39901
39906
39910
39913
39918
39922
39929
39931
39935
39937
39941
39946
39948
39952
39956
39959
39962
39964
39966
39970
39972
39976
39979
39982
39989
39995
39997
40001
40004
40007
40010
40014
40016
40021
40023
40027
40030
40038
40040
40042
40044
40047
40051
40055
40060
40062
40065
40070
40072
40079
40081
40084
40086
40088
40091
40096
40101
40104
40114
40117
40120
40126
40132
40135
40137
40139
40147
40150
40154
40157
40163
40167
40169
40178
40180
40184
40187
40191
40196
40206
40209
40211
40215
40222
40225
40228
40230
40232
40236
40243
40245
40251
40256
40258
40269
40272
40274
40276
40279
40281
40284
40289
40291
40294
40297
40300
40305
40307
40309
40312
40316
40321
40325
40330
40336
40339
40344
40347
40357
40360
40364
40367
40370
40372
40375
40377
40380
40387
40390
40394
40396
40403
40410
40413
40420
40422
40426
40434
40437
40447
40453
40455
40459
40464
40467
40469
40474
40484
40488
40490
40496
40498
40503
40507
40512
40517
40525
40527
40533
40538
40541
40547
40554
40558
40561
40568
40572
40574
40580
40585
40588
40590
40594
40596
40601
40603
40605
40609
40614
40617
40626
40632
40634
40641
40652
40656
40658
40664
40669
40673
40675
40677
40682
40684
40687
40691
40694
40697
40699
40701
40709
40715
40717
40719
40723
40725
40727
40729
40731
40733
40739
40748
40757
40762
40764
40771
40773
40776
40779
40792
40794
40796
40798
40803
40806
40811
40813
40817
40822
40827
40830
40835
40838
40840
40848
40852
40855
40859
40863
40866
40869
40871
40876
40878
40883
40886
40888
40893
40898
40902
40906
40910
40914
40920
40927
40930
40934
40946
40951
40954
40956
40960
40963
40967
40973
40980
40982
40989
40992
40994
40996
41000
41004
41008
41011
41017
41020
41022
41026
41028
41030
41033
41037
41039
41043
41047
41050
41058
41060
41069
41072
41077
41079
41086
41088
41092
41096
41099
41102
41106
41108
41113
41117
41120
41125
41141
41145
41148
41150
41152
41155
41160
41164
41169
41172
41177
41184
41186
41190
41197
41201
41204
41208
41214
41221
41223
41227
41235
41239
41244
41250
41255
41257
41259
41261
41264
41267
41273
41275
41279
41282
41287
41289
41291
41295
41297
41304
41314
41317
41320
41322
41325
41327
41329
41333
41337
41341
41346
41350
41352
41355
41358
41360
41363
41370
41373
41379
41384
41391
41395
41398
41405
41408
41410
41412
41416
41420
41423
41427
41440
41444
41446
41449
41453
41457
41461
41464
41469
41473
41475
41477
41479
41483
41489
41493
41496
41508
41512
41517
41520
41523
41526
41529
41534
41538
41544
41546
41548
41550
41555
41561
41564
41568
41570
41573
41577
41580
41583
41587
41595
41598
41605
41608
41612
41618
41625
41628
41633
41637
41640
41645
41648
41655
41659
41666
41670
41674
41682
41684
41687
41693
41696
41700
41707
41720
41725
41728
41733
41736
41738
41744
41747
41749
41756
41761
41764
41773
41775
41780
41785
41787
41790
41796
41799
41802
41804
41812
41816
41819
41822
41826
41831
41836
41838
41847
41849
41853
41856
41865
41869
41874
41878
41880
41884
41894
41898
41901
41905
41908
41910
41914
41916
41924
41929
41931
41935
41937
41941
41943
41947
41950
41954
41957
41959
41962
41969
41971
41975
41981
41983
41988
41991
41999
42003
42005
42011
42013
42015
42017
42020
42023
42025
42027
42032
42034
42037
42040
42042
42044
42049
42051
42056
42062
42068
42072
42076
42079
42081
42084
42086
42090
42092
42096
42099
42104
42107
42109
42111
42113
42117
42119
42121
42123
42125
42129
42132
42135
42138
42144
42147
42154
42157
42166
42172
42179
42187
42194
42197
42199
42202
42206
42208
42211
42216
42218
42220
42225
42227
42229
42232
42237
42240
42245
42250
42252
42259
42261
42264
42266
42268
42271
42273
42279
42281
42288
42290
42294
42300
42302
42307
42316
42319
42321
42328
42333
42336
42340
42342
42348
42352
42355
42358
42360
42365
42368
42370
42372
42375
42380
42384
42389
42393
42395
42401
42408
42411
42415
42420
42428
42432
42437
42439
42447
42449
42452
42455
42459
42461
42464
42467
42469
42472
42474
42479
42483
42485
42488
42493
42498
42501
42505
42508
42510
42514
42518
42528
42531
42533
42535
42538
42541
42544
42550
42555
42561
42563
42569
42575
42578
42580
42583
42587
42589
42594
42597
42600
42603
42609
42612
42614
42621
42624
42628
42632
42638
42640
42646
42653
42655
42657
42663
42668
42672
42676
42679
42686
42691
42695
42697
42699
42702
42704
42707
42709
42712
42720
42722
42724
42727
42732
42735
42737
42741
42745
42749
42751
42755
42760
42764
42767
42772
42778
42780
42784
42788
42791
42793
42808
42812
42815
42820
42823
42825
42827
42831
42833
42835
42838
42849
42851
42854
42856
42858
42860
42866
42870
42872
42874
42879
42881
42886
42888
42892
42895
42898
42901
42906
42911
42913
42915
42918
42922
42927
42930
42933
42936
42940
42943
42948
42951
42953
42957
42963
42967
42969
42971
42978
42981
42983
42986
42991
42996
42998
43002
43004
43008
43011
43014
43018
43020
43023
43025
43033
43043
43047
43051
43053
43056
43062
43067
43070
43073
43075
43077
43081
43086
43090
43092
43097
43099
43101
43103
43105
43108
43111
43116
43119
43125
43131
43135
43137
43141
43146
43148
43151
43153
43157
43161
43165
43168
43171
43179
43181
43185
43189
43193
43196
43199
43202
43204
43207
43212
43219
43221
43223
43226
43230
43236
43242
43246
43253
43256
43261
43266
43273
43276
43280
43285
43288
43294
43299
43301
43303
43305
43307
43313
43315
43318
43324
43329
43332
43341
43344
43350
43352
43359
43363
43370
43374
43377
43379
43381
43385
43390
43394
43396
43406
43410
43416
43419
43425
43428
43432
43434
43440
43444
43446
43452
43455
43461
43470
43475
43477
43479
43481
43483
43486
43490
43495
43502
43506
43509
43512
43514
43516
43522
43527
43532
43534
43539
43542
43545
43550
43552
43555
43559
43563
43566
43572
43576
43578
43590
43593
43597
43600
43602
43605
43611
43614
43621
43625
43629
43637
43640
43642
43646
43649
43651
43654
43660
43665
43669
43672
43674
43676
43682
43685
43688
43697
43702
43711
43717
43721
43723
43726
43728
43738
43740
43745
43757
43764
43768
43771
43777
43782
43784
43789
43792
43796
43799
43806
43809
43812
43814
43817
43819
43824
43826
43828
43830
43837
43839
43843
43847
43851
43857
43862
43867
43873
43875
43879
43882
43885
43890
43892
43894
43897
43900
43905
43909
43916
43919
43930
43932
43941
43945
43952
43958
43965
43968
43973
43977
43979
43981
43984
43986
43988
43992
43995
43998
44005
44008
44011
44015
44018
44022
44025
44028
44035
44039
44041
44043
44047
44050
44054
44057
44060
44064
44066
44068
44071
44078
44081
44085
44089
44095
44099
44101
44108
44111
44118
44120
44125
44127
44135
44137
44140
44145
44147
44156
44161
44167
44177
44181
44186
44189
44194
44197
44200
44202
44205
44208
44212
44215
44219
44225
44231
44235
44239
44242
44249
44251
44254
44257
44265
44267
44274
44276
44278
44281
44284
44286
44288
44292
44294
44299
44301
44306
44311
44313
44319
44323
44328
44335
44339
44341
44343
44345
44347
44350
44353
44356
44358
44361
44371
44373
44381
44386
44388
44391
44395
44399
44403
44406
44411
44414
44418
44423
44426
44429
44437
44440
44442
44445
44452
44457
44459
44463
44465
44467
44471
44473
44479
44486
44488
44494
44496
44503
44505
44511
44513
44518
44522
44530
44533
44538
44540
44545
44550
44555
44567
44572
44577
44581
44583
44586
44592
44594
44605
44608
44611
44617
44626
44630
44634
44637
44639
44641
44643
44647
44649
44652
44657
44661
44668
44674
44676
44679
44683
44685
44694
44696
44700
44708
44712
44718
44720
44722
44727
44730
44732
44734
44739
44747
44752
44756
44761
44763
44767
44770
44776
44779
44782
44784
44787
44791
44798
44801
44804
44807
44811
44814
44817
44823
44825
44828
44830
44833
44842
44846
44848
44853
44859
44861
44864
44868
44873
44876
44880
44882
44884
44887
44889
44898
44906
44910
44913
44918
44921
44925
44927
44931
44935
44938
44946
44949
44952
44955
44960
44962
44966
44971
44973
44977
44981
44985
44990
44992
44994
44997
45001
45007
45012
45016
45019
45023
45025
45027
45029
45032
45034
45039
45045
45047
45049
45058
45061
45067
45069
45077
45083
45086
45092
45095
45099
45105
45110
45114
45116
45120
45126
45131
45141
45144
45147
45150
45154
45158
45160
45165
45172
45175
45177
45181
45184
45190
45192
45194
45197
45201
45205
45207
45211
45214
45220
45224
45227
45231
45234
45242
45247
45249
45254
45260
45263
45267
45273
45278
45285
45291
45296
45301
45306
45309
45313
45317
45320
45323
45331
45333
45336
45338
45341
45346
45348
45356
45358
45362
45366
45369
45374
45377
45379
45381
45385
45387
45389
45394
45397
45401
45407
45410
45413
45419
45427
45430
45436
45441
45445
45448
45454
45458
45463
45467
45469
45472
45478
45481
45486
45492
45498
45504
45517
45520
45525
45528
45534
45539
45544
45548
45553
45556
45558
45562
45567
45577
45580
45582
45588
45593
45595
45597
45599
45601
45606
45609
45611
45614
45618
45620
45624
45629
45632
45634
45639
45644
45647
45655
45662
45665
45667
45672
45677
45683
45685
45687
45689
45691
45697
45702
45708
45716
45719
45721
45725
45729
45734
45736
45739
45743
45748
45750
45754
45757
45760
45762
45764
45767
45772
45775
45780
45785
45788
45795
45801
45803
45807
45810
45814
45823
45825
45830
45835
45839
45849
45855
45857
45860
45862
45865
45870
45876
45878
45884
45894
45904
45911
45918
45925
45928
45931
45936
45941
45945
45948
45959
45964
45967
45974
45979
45981
45985
45987
45991
45997
46000
46003
46013
46016
46019
46026
46028
46030
46032
46036
46038
46042
46044
46050
46052
46056
46058
46060
46062
46066
46071
46078
46080
46083
46089
46093
46096
46098
46100
46102
46104
46109
46113
46118
46124
46131
46137
46145
46148
46153
46156
46161
46166
46169
46171
46175
46179
46184
46186
46190
46193
46196
46199
46204
46207
46211
46214
46218
46221
46224
46229
46237
46239
46241
46247
46251
46255
46258
46260
46268
46273
46275
46278
46281
46284
46286
46293
46295
46297
46301
46303
46308
46313
46316
46326
46330
46333
46336
46341
46346
46348
46361
46364
46367
46370
46376
46379
46384
46392
46395
46400
46403
46408
46410
46414
46423
46427
46429
46432
46437
46443
46445
46450
46455
46461
46465
46469
46471
46473
46478
46480
46486
46491
46494
46497
46500
46503
46506
46511
46515
46517
46526
46530
46536
46539
46542
46545
46547
46556
46561
46564
46566
46568
46572
46576
46579
46581
46583
46586
46591
46595
46601
46603
46605
46608
46611
46615
46618
46623
46632
46635
46643
46646
46648
46650
46652
46654
46660
46665
46670
46672
46674
46680
46683
46685
46687
46691
46696
46700
46705
46710
46714
46719
46726
46733
46737
46739
46741
46746
46749
46757
46762
46765
46768
46770
46773
46775
46778
46782
46784
46789
46795
46802
46809
46816
46819
46824
46827
46829
46833
46835
46839
46842
46845
46848
46851
46853
46855
46857
46860
46873
46876
46879
46881
46886
46890
46897
46904
46911
46916
46922
46925
46929
46931
46938
46944
46946
46948
46952
46955
46957
46961
46964
46968
46970
46973
46984
46993
46996
47006
47009
47012
47014
47016
47018
47024
47031
47038
47040
47042
47046
47048
47050
47055
47059
47062
47067
47075
47080
47083
47086
47089
47093
47097
47100
47105
47110
47115
47120
47123
47127
47130
47134
47137
47140
47142
47149
47154
47162
47165
47171
47175
47181
47183
47194
47196
47198
47201
47205
47207
47213
47215
47224
47228
47232
47246
47249
47255
47257
47263
47265
47270
47274
47279
47282
47287
47290
47294
47299
47303
47314
47327
47331
47334
47336
47340
47348
47350
47357
47362
47364
47368
47377
47385
47391
47394
47397
47400
47405
47408
47410
47412
47415
47422
47429
47432
47440
47443
47446
47449
47453
47462
47465
47469
47472
47474
47478
47486
47491
47495
47499
47503
47505
47516
47519
47523
47525
47530
47532
47534
47536
47539
47546
47551
47555
47558
47560
47568
47573
47576
47580
47582
47585
47590
47594
47599
47602
47609
47613
47616
47620
47624
47631
47634
47637
47641
47643
47645
47649
47652
47655
47664
47670
47673
47675
47677
47680
47682
47685
47687
47691
47698
47705
47712
47719
47721
47723
47726
47728
47732
47736
47739
47743
47746
47755
47758
47762
47765
47767
47771
47778
47782
47784
47789
47793
47796
47798
47800
47802
47809
47815
47820
47824
47827
47829
47831
47842
47851
47855
47858
47861
47869
47873
47876
47878
47883
47888
47893
47896
47898
47900
47904
47906
47910
47913
47916
47919
47922
47924
47930
47932
47936
47939
47942
47944
47950
47957
47959
47965
47968
47972
47975
47977
47979
47982
47986
47991
47994
47998
48001
48004
48010
48013
48016
48020
48026
48031
48036
48038
48046
48048
48051
48054
48057
48060
48068
48071
48077
48079
48083
48086
48089
48093
48096
48102
48106
48113
48117
48121
48128
48132
48136
48141
48149
48157
48159
48162
48164
48169
48171
48174
48177
48179
48182
48186
48190
48194
48197
48201
48206
48208
48210
48222
48228
48236
48240
48245
48248
48252
48257
48261
48266
48272
48275
48277
48285
48289
48292
48299
48305
48307
48311
48313
48316
48318
48328
48332
48334
48337
48341
48345
48349
48353
48355
48364
48367
48371
48374
48377
48383
48389
48392
48398
48408
48412
48414
48422
48424
48427
48435
48439
48445
48448
48450
48453
48456
48458
48469
48471
48477
48479
48482
48485
48487
48495
48498
48502
48505
48508
48513
48517
48520
48522
48526
48528
48533
48536
48542
48544
48552
48557
48559
48562
48565
48568
48573
48578
48581
48587
48590
48592
48595
48605
48608
48613
48617
48619
48621
48624
48636
48638
48649
48651
48657
48659
48662
48670
48675
48678
48682
48691
48695
48697
48699
48701
48703
48709
48713
48717
48720
48722
48725
48731
48734
48736
48741
48746
48748
48750
48755
48758
48763
48767
48771
48779
48781
48783
48785
48787
48792
48796
48798
48804
48807
48810
48817
48822
48828
48830
48834
48840
48843
48848
48851
48853
48855
48858
48860
48864
48868
48870
48878
48880
48884
48892
48898
48905
48910
48914
48918
48923
48927
48935
48938
48945
48948
48954
48956
48958
48962
48964
48968
48971
48974
48984
48986
48988
48992
48997
49003
49009
49015
49018
49025
49027
49029
49031
49034
49039
49043
49047
49049
49052
49061
49067
49071
49073
49080
49082
49084
49095
49102
49112
49117
49120
49122
49125
49129
49133
49135
49138
49140
49145
49150
49153
49158
49163
49172
49175
49179
49185
49191
49194
49197
49200
49202
49208
49210
49212
49214
49224
49226
49230
49232
49235
49237
49241
49245
49247
49252
49255
49257
49262
49266
49269
49273
49280
49284
49286
49289
49294
49297
49300
49303
49308
49313
49320
49326
49330
49334
49336
49341
49345
49348
49358
49366
49371
49373
49376
49380
49382
49384
49388
49392
49394
49400
49404
49410
49415
49417
49420
49424
49429
49433
49437
49442
49444
49448
49454
49460
49464
49469
49471
49474
49477
49479
49482
49484
49487
49489
49492
49497
49502
49506
49508
49510
49515
49517
49524
49526
49529
49534
49542
49544
49549
49556
49561
49565
49568
49573
49579
49583
49585
49587
49589
49593
49600
49602
49604
49608
49617
49619
49623
49627
49630
49641
49647
49650
49652
49654
49664
49666
49668
49671
49677
49680
49683
49689
49693
49702
49704
49707
49709
49711
49717
49719
49722
49725
49729
49731
49734
49737
49744
49747
49750
49752
49755
49758
49761
49764
49767
49769
49774
49785
49788
49794
49798
49802
49805
49812
49815
49817
49819
49823
49825
49828
49830
49838
49842
49844
49850
49852
49860
49864
49872
49876
49879
49886
49893
49899
49902
49905
49912
49917
49919
49922
49926
49928
49931
49936
49939
49948
49952
49957
49959
49965
49974
49978
49983
49994
49998
50003
50012
50016
50018
50029
50032
50040
50047
50051
50053
50058
50062
50066
50076
50078
50087
50089
50093
50102
50104
50112
50114
50117
50128
50130
50134
50141
50144
50147
50149
50154
50157
50159
50165
50173
50178
50183
50185
50189
50191
50193
50196
50201
50203
50207
50212
50214
50219
50224
50227
50231
50235
50237
50239
50241
50249
50252
50254
50260
50264
50267
50270
50276
50283
50293
50297
50299
50302
50308
50311
50315
50317
50321
50325
50332
50335
50337
50340
50345
50350
50358
50362
50367
50369
50375
50380
50382
50387
50390
50393
50399
50404
50407
50409
50412
50416
50421
50423
50426
50429
50433
50436
50438
50444
50452
50455
50461
50464
50473
50478
50480
50482
50486
50490
50492
50496
50506
50509
50511
50515
50518
50521
50523
50525
50531
50534
50537
50543
50546
50549
50551
50553
50557
50560
50563
50566
50571
50578
50583
50588
50596
50599
50602
50608
50612
50614
50618
50622
50627
50631
50633
50635
50638
50640
50645
50650
50653
50660
50663
50665
50668
50670
50674
50678
50680
50683
50687
50689
50694
50696
50700
50707
50713
50721
50725
50727
50729
50732
50737
50740
50744
50746
50753
50756
50758
50762
50766
50768
50774
50777
50781
50783
50785
50795
50799
50801
50806
50808
50810
50816
50820
50822
50828
50835
50840
50845
50849
50853
50862
50867
50876
50882
50885
50888
50896
50900
50904
50909
50912
50917
50921
50924
50929
50933
50939
50943
50949
50952
50954
50957
50961
50969
50973
50977
50980
50982
50985
50989
50992
50995
51008
51012
51016
51018
51020
51025
51029
51032
51037
51039
51041
51043
51047
51051
51055
51059
51063
51068
51073
51076
51080
51082
51086
51088
51092
51102
51105
51108
51112
51114
51119
51126
51135
51140
51142
51146
51148
51151
51154
51161
51164
51169
51177
51182
51191
51195
51198
51201
51203
51206
51212
51216
51219
51221
51223
51227
51232
51235
51238
51240
51245
51254
51259
51262
51265
51267
51269
51276
51280
51283
51285
51288
51290
51292
51297
51300
51302
51309
51314
51318
51321
51324
51330
51335
51339
51342
51344
51346
51349
51352
51357
51363
51368
51374
51378
51380
51384
51388
51394
51396
51398
51400
51404
51408
51414
51420
51423
51426
51429
51433
51436
51438
51442
51450
51453
51455
51460
51465
51469
51474
51476
51479
51484
51486
51489
51491
51496
51503
51507
51510
51512
51514
51521
51524
51533
51538
51540
51545
51548
51552
51554
51556
51560
51562
51565
51567
51569
51571
51577
51579
51585
51589
51593
51603
51605
51617
51619
51623
51625
51629
51633
51637
51639
51644
51651
51653
51656
51658
51661
51663
51668
51673
51675
51677
51687
51691
51693
51697
51702
51706
51708
51710
51714
51717
51721
51725
51728
51733
51736
51738
51745
51749
51754
51758
51761
51772
51775
51778
51782
51786
51788
51790
51796
51799
51802
51805
51810
51817
51820
51823
51826
51832
51836
51840
51842
51846
51850
51853
51857
51861
51863
51866
51868
51873
51876
51882
51890
51894
51900
51904
51906
51908
51910
51917
51923
51930
51936
51940
51943
51946
51949
51952
51956
51958
51961
51964
51967
51970
51972
51982
51990
51992
51995
51998
52001
52003
52005
52007
52011
52013
52017
52021
52023
52031
52036
52041
52043
52045
52047
52051
52054
52056
52061
52070
52072
52074
52078
52083
52085
52091
52094
52102
52107
52114
52117
52123
52125
52128
52134
52138
52143
52145
52154
52156
52162
52166
52171
52173
52179
52182
52184
52187
52190
52192
52197
52202
52207
52212
52214
52217
52223
52227
52229
52233
52237
52240
52242
52245
52249
52251
52256
52264
52266
52272
52275
52279
52282
52285
52288
52299
52302
52305
52307
52310
52314
52318
52321
52326
52332
52337
52340
52344
52348
52353
52369
52373
52380
52383
52387
52397
52399
52401
52405
52411
52415
52419
52424
52427
52429
52431
52433
52438
52447
52450
52457
52460
52464
52471
52475
52480
52484
52487
52491
52493
52498
52501
52503
52509
52516
52524
52526
52530
52533
52538
52543
52545
52549
52552
52556
52561
52565
52571
52576
52580
52583
52590
52592
52594
52596
52600
52604
52607
52612
52617
52623
52626
52630
52638
52641
52646
52649
52653
52657
52660
52666
52671
52674
52681
52683
52685
52689
52693
52695
52698
52704
52710
52714
52719
52721
52725
52729
52731
52734
52741
52743
52749
52753
52757
52761
52765
52771
52774
52780
52783
52789
52792
52796
52804
52807
52809
52817
52819
52822
52824
52829
52832
52835
52838
52841
52846
52851
52856
52858
52862
52867
52869
52873
52882
52888
52893
52896
52898
52901
52906
52908
52914
52919
52922
52929
52933
52940
52943
52946
52948
52955
52957
52959
52962
52967
52969
52971
52978
52982
52985
52989
52992
52995
52998
53001
53007
53013
53017
53020
53027
53031
53039
53043
53048
53052
53055
53058
53062
53066
53077
53079
53081
53085
53088
53091
53096
53099
53101
53107
53110
53112
53117
53120
53123
53127
53131
53133
53135
53140
53143
53147
53150
53156
53159
53164
53169
53171
53175
53177
53182
53186
53189
53195
53200
53203
53209
53211
53214
53216
53219
53222
53224
53227
53230
53237
53241
53245
53248
53251
53253
53257
53262
53267
53272
53274
53276
53284
53288
53290
53294
53296
53300
53307
53309
53311
53314
53316
53321
53324
53328
53330
53334
53338
53341
53346
53348
53350
53358
53369
53372
53376
53378
53382
53386
53391
53398
53400
53403
53410
53419
53425
53429
53437
53442
53446
53449
53454
53457
53462
53467
53470
53473
53478
53480
53482
53485
53488
53495
53498
53507
53513
53516
53520
53526
53531
53533
53535
53537
53541
53548
53550
53560
53564
53568
53573
53584
53590
53593
53596
53604
53607
53609
53611
53613
53616
53620
53629
53632
53635
53641
53643
53647
53649
53655
53658
53665
53668
53670
53673
53675
53679
53682
53686
53688
53690
53695
53699
53701
53705
53712
53715
53717
53720
53726
53730
53735
53737
53739
53741
53745
53748
53755
53758
53761
53769
53771
53776
53780
53784
53786
53789
53796
53798
53801
53803
53813
53815
53819
53821
53824
53827
53830
53836
53839
53841
53850
53853
53856
53859
53862
53867
53869
53872
53879
53884
53889
53892
53898
53901
53904
53916
53918
53922
53928
53932
53936
53940
53946
53948
53950
53955
53959
53962
53965
53970
53972
53974
53977
53984
53988
53994
53999
54003
54009
54014
54016
54019
54021
54024
54026
54030
54033
54036
54038
54043
54045
54050
54053
54055
54061
54063
54069
54076
54078
54082
54087
54090
54095
54098
54106
54109
54112
54120
54125
54132
54139
54141
54147
54151
54153
54156
54159
54162
54165
54173
54179
54183
54188
54195
54200
54203
54206
54209
54214
54219
54225
54233
54236
54239
54241
54247
54250
54257
54259
54262
54265
54275
54280
54282
54284
54287
54293
54297
54300
54304
54306
54312
54315
54325
54330
54336
54340
54342
54346
54348
54351
54354
54356
54360
54364
54368
54373
54375
54377
54383
54387
54391
54398
54401
54406
54409
54416
54420
54424
54428
54431
54436
54440
54443
54447
54449
54453
54458
54461
54464
54466
54468
54474
54476
54479
54482
54484
54486
54488
54491
54493
54496
54503
54507
54516
54519
54521
54526
54529
54533
54537
54539
54542
54544
54552
54557
54559
54564
54567
54569
54575
54577
54580
54583
54587
54593
54598
54600
54602
54605
54609
54612
54614
54624
54626
54629
54631
54635
54638
54641
54644
54652
54654
54656
54660
54662
54665
54669
54671
54673
54675
54678
54682
54685
54694
54699
54705
54709
54714
54721
54724
54727
54730
54735
54741
54744
54748
54751
54756
54767
54774
54776
54780
54786
54789
54796
54798
54802
54807
54810
54814
54816
54819
54821
54825
54830
54832
54836
54839
54844
54846
54849
54854
54856
54858
54860
54863
54867
54873
54875
54878
54880
54883
54886
54891
54895
54898
54904
54908
54911
54914
54917
54919
54926
54933
54937
54943
54948
54951
54953
54957
54962
54966
54968
54971
54973
54976
54979
54982
54985
54988
54992
54996
55003
55007
55011
55013
55017
55021
55026
55030
55034
55039
55042
55046
55048
55051
55059
55061
55065
55067
55072
55077
55081
55087
55090
55095
55100
55104
55113
55118
55122
55125
55134
55138
55142
55150
55154
55156
55162
55166
55173
55177
55182
55184
55187
55189
55192
55196
55198
55200
55202
55208
55212
55215
55219
55223
55226
55232
55234
55240
55243
55246
55248
55252
55256
55261
55267
55273
55275
55278
55281
55283
55287
55291
55296
55298
55305
55308
55314
55317
55321
55324
55333
55340
55342
55346
55350
55352
55355
55359
55362
55368
55372
55378
55382
55386
55392
55401
55403
55406
55412
55416
55423
55426
55429
55432
55438
55442
55446
55448
55453
55457
55461
55464
55467
55472
55477
55482
55488
55493
55496
55498
55505
55509
55511
55513
55516
55518
55524
55530
55536
55538
55540
55542
55545
55549
55552
55554
55559
55561
55568
55570
55573
55577
55580
55582
55587
55590
55599
55605
55610
55612
55615
55619
55621
55624
55627
55629
55634
55636
55641
55644
55647
55649
55651
55654
55659
55661
55665
55671
55674
55676
55678
55681
55687
55691
55693
55697
55705
55707
55709
55717
55723
55728
55731
55735
55742
55744
55746
55754
55758
55762
55767
55771
55774
55783
55788
55791
55796
55798
55803
55806
55808
55812
55815
55820
55826
55830
55832
55837
55842
55847
55849
55852
55855
55858
55861
55864
55866
55871
55874
55880
55882
55885
55892
55897
55900
55903
55905
55909
55915
55921
55924
55928
55931
55935
55938
55941
55944
55946
55949
55960
55964
55967
55971
55973
55976
55981
55983
55985
55988
55990
55994
56001
56005
56008
56011
56013
56015
56019
56022
56024
56028
56031
56036
56039
56046
56055
56057
56060
56062
56066
56079
56082
56085
56089
56098
56100
56102
56109
56111
56114
56116
56121
56125
56129
56131
56134
56141
56145
56149
56156
56159
56162
56164
56167
56171
56175
56180
56183
56188
56190
56192
56195
56201
56203
56209
56211
56224
56230
56233
56236
56240
56247
56251
56253
56255
56257
56268
56271
56277
56280
56282
56284
56287
56289
56297
56300
56306
56309
56312
56315
56321
56323
56329
56336
56341
56343
56348
56353
56361
56366
56369
56371
56374
56377
56380
56382
56384
56392
56396
56400
56406
56409
56411
56414
56416
56422
56425
56427
56433
56436
56439
56441
56444
56452
56458
56469
56475
56477
56484
56486
56495
56497
56500
56503
56509
56513
56516
56519
56528
56531
56539
56541
56545
56551
56554
56558
56562
56567
56570
56579
56583
56592
56595
56597
56599
56603
56607
56614
56616
56623
56626
56629
56631
56633
56635
56641
56644
56649
56655
56657
56661
56663
56666
56668
56671
56677
56684
56690
56693
56695
56697
56703
56707
56710
56712
56714
56722
56725
56729
56738
56740
56743
56750
56753
56760
56763
56767
56771
56774
56776
56780
56782
56793
56797
56800
56804
56806
56812
56817
56820
56823
56828
56830
56836
56843
56850
56853
56859
56861
56865
56871
56879
56881
56885
56892
56899
56904
56909
56914
56917
56919
56926
56928
56930
56936
56940
56946
56951
56955
56960
56964
56968
56970
56972
56986
56990
56993
56998
57002
57007
57009
57013
57020
57025
57028
57033
57036
57039
57043
57046
57050
57055
57061
57064
57069
57078
57083
57085
57090
57096
57103
57108
57112
57119
57123
57127
57130
57133
57137
57141
57147
57150
57152
57154
57166
57177
57179
57181
57186
57190
57195
57197
57200
57206
57209
57211
57214
57220
57223
57226
57229
57231
57233
57237
57242
57245
57254
57256
57260
57263
57266
57271
57273
57281
57284
57286
57288
57291
57293
57297
57299
57302
57306
57309
57311
57314
57321
57326
57329
57331
57335
57339
57343
57345
57348
57350
57353
57355
57357
57359
57362
57364
57367
57376
57380
57385
57387
57390
57399
57402
57404
57406
57410
57413
57418
57422
57425
57427
57431
57433
57435
57442
57444
57448
57451
57465
57473
57477
57481
57484
57486
57492
57499
57501
57506
57509
57512
57514
57516
57520
57523
57526
57528
57535
57538
57542
57545
57548
57550
57553
57556
57558
57560
57566
57579
57582
57587
57590
57593
57596
57600
57603
57605
57608
57614
57617
57622
57627
57637
57643
57649
57653
57656
57659
57662
57666
57671
57674
57677
57681
57685
57688
57692
57695
57700
57702
57704
57707
57710
57717
57719
57722
57726
57729
57734
57739
57743
57745
57748
57751
57758
57761
57767
57770
57773
57778
57784
57788
57792
57795
57802
57806
57809
57812
57814
57817
57827
57829
57833
57836
57839
57841
57847
57851
57855
57858
57861
57867
57871
57875
57880
57882
57887
57896
57900
57902
57916
57921
57926
57930
57933
57937
57950
57957
57959
57963
57967
57974
57979
57985
57990
57993
57995
58003
58007
58012
58016
58020
58023
58025
58028
58038
58043
58046
58048
58050
58057
58062
58068
58071
58075
58080
58087
58096
58100
58109
58111
58115
58119
58124
58127
58130
58134
58139
58144
58149
58152
58156
58162
58166
58169
58177
58180
58182
58186
58188
58195
58197
58202
58206
58215
58217
58219
58226
58228
58232
58238
58241
58243
58247
58251
58253
58256
58261
58263
58269
58271
58276
58279
58286
58293
58295
58298
58304
58307
58309
58312
58315
58320
58322
58324
58327
58329
58331
58336
58341
58349
58352
58354
58362
58364
58371
58374
58380
58385
58390
58392
58400
58405
58410
58414
58416
58422
58424
58428
58431
58438
58448
58451
58455
58462
58464
58467
58470
58474
58477
58479
58489
58495
58501
58505
58513
58515
58520
58522
58525
58531
58541
58546
58550
58552
58557
58562
58565
58570
58574
58578
58584
58587
58589
58591
58595
58597
58601
58608
58612
58615
58620
58623
58625
58627
58629
58632
58636
58640
58646
58649
58651
58654
58660
58664
58670
58674
58677
58681
58685
58687
58689
58692
58695
58699
58713
58722
58725
58731
58733
58736
58743
58748
58755
58761
58766
58770
58775
58778
58781
58783
58785
58788
58791
58795
58802
58808
58811
58813
58817
58819
58825
58838
58843
58855
58857
58860
58866
58871
58873
58876
58881
58883
58887
58891
58894
58901
58903
58905
58907
58909
58911
58914
58920
58922
58925
58928
58932
58934
58937
58939
58941
58946
58948
58950
58957
58960
58964
58967
58969
58975
58978
58980
58982
58984
58989
58991
58995
58997
59002
59005
59009
59011
59013
59017
59019
59021
59023
59028
59031
59034
59037
59042
59046
59053
59055
59066
59070
59074
59076
59078
59084
59086
59095
59100
59104
59109
59114
59117
59120
59122
59125
59128
59137
59140
59145
59148
59152
59154
59156
59160
59165
59171
59174
59178
59180
59182
59184
59189
59193
59195
59197
59202
59207
59213
59221
59227
59232
59234
59237
59240
59248
59254
59256
59263
59265
59268
59273
59276
59283
59287
59289
59292
59301
59304
59306
59310
59314
59320
59326
59328
59333
59337
59341
59346
59349
59355
59366
59368
59371
59373
59377
59380
59382
59387
59391
59397
59406
59414
59419
59428
59432
59434
59439
59447
59453
59458
59461
59466
59468
59474
59477
59479
59481
59485
59491
59497
59499
59504
59510
59514
59516
59520
59524
59527
59529
59533
59537
59539
59541
59546
59548
59551
59559
59562
59564
59574
59579
59583
59588
59590
59596
59601
59604
59613
59615
59618
59620
59623
59627
59635
59638
59641
59644
59648
59655
59659
59663
59668
59673
59678
59683
59685
59690
59697
59706
59709
59712
59718
59720
59723
59725
59732
59734
59738
59741
59748
59752
59757
59761
59764
59766
59774
59780
59784
59786
59788
59792
59797
59804
59808
59811
59814
59817
59821
59824
59828
59832
59838
59843
59845
59849
59853
59857
59860
59865
59869
59875
59880
59882
59885
59892
59894
59900
59906
59909
59912
59916
59919
59924
59931
59934
59938
59940
59948
59950
59952
59955
59958
59963
59967
59977
59981
59984
59986
59995
59998
60004
60007
60009
60014
60016
60018
60021
60023
60025
60027
60031
60035
60038
60040
60043
60045
60048
60053
60057
60062
60067
60073
60076
60079
60082
60086
60090
60094
60097
60100
60106
60110
60112
60115
60119
60125
60128
60135
60137
60144
60149
60151
60153
60156
60163
60165
60168
60179
60181
60189
60194
60198
60204
60207
60210
60218
60221
60225
60227
60230
60235
60237
60243
60246
60252
60258
60261
60268
60270
60275
60277
60279
60285
60287
60289
60294
60296
60298
60300
60302
60307
60309
60312
60317
60320
60324
60326
60331
60337
60340
60343
60346
60349
60352
60357
60359
60366
60370
60372
60377
60379
60382
60387
60389
60391
60393
60399
60401
60405
60409
60415
60417
60426
60433
60438
60440
60443
60445
60448
60463
60471
60473
60475
60486
60488
60492
60494
60499
60501
60505
60509
60511
60515
60520
60523
60527
60532
60537
60542
60551
60553
60559
60562
60567
60569
60573
60577
60584
60588
60593
60596
60598
60604
60606
60609
60611
60615
60626
60629
60634
60638
60642
60645
60648
60650
60654
60660
60663
60665
60668
60670
60674
60677
60679
60688
60690
60695
60699
60704
60707
60711
60715
60717
60721
60727
60732
60735
60737
60740
60749
60752
60757
60761
60766
60770
60775
60777
60789
60797
60801
60807
60811
60819
60822
60829
60835
60838
60844
60847
60849
60853
60857
60860
60867
60870
60874
60880
60885
60887
60893
60899
60902
60913
60916
60924
60926
60931
60935
60937
60943
60947
60950
60954
60958
60961
60964
60966
60970
60975
60981
60984
60988
60993
60995
61001
61004
61007
61017
61021
61023
61026
61030
61034
61037
61039
61041
61046
61050
61057
61059
61066
61070
61085
61094
61097
61101
61108
61111
61116
61118
61121
61125
61130
61135
61142
61146
61150
61154
61159
61162
61167
61170
61184
61187
61194
61197
61200
61202
61207
61211
61215
61218
61225
61228
61231
61235
61237
61242
61245
61249
61251
61254
61260
61263
61268
61270
61272
61274
61281
61287
61290
61297
61300
61303
61305
61310
61314
61318
61321
61326
61336
61341
61344
61349
61353
61355
61359
61365
61368
61370
61374
61379
61384
61387
61393
61400
61404
61406
61408
61416
61418
61422
61426
61429
61433
61436
61440
