20
47
74
99
131
155
178
205
228
253
283
322
351
380
408
436
459
488
513
547
568
597
628
656
686
717
750
777
804
831
857
888
917
941
969
1001
1030
1057
1083
1115
1138
1159
1190
1213
1240
1265
1291
1310
1341
1369
1395
1422
1445
1469
1497
1520
1550
1580
1611
1645
1670
1705
1731
1758
1784
1819
1847
1889
1908
1945
1972
1998
2028
2056
2083
2109
2137
2164
2190
2212
2241
2264
2291
2319
2350
2382
2414
2439
2462
2490
2518
2545
2581
2610
2639
2666
2690
2719
2745
2779
2805
2840
2870
2893
2921
2942
2968
2995
3017
3048
3076
3109
3138
3166
3192
3217
3253
3273
3302
3338
3364
3393
3414
3449
3470
3503
3527
3551
3590
3616
3641
3666
3697
3725
3756
3781
3811
3834
3864
3892
3922
3954
3983
4009
4033
4063
4095
4123
4151
4181
4214
4242
4267
4297
4330
4353
4375
4406
4433
4458
4481
4513
4541
4572
4600
4628
4657
4687
4715
4745
4783
4812
4839
4870
4897
4924
4955
4983
5004
5031
5061
5086
5111
5136
5167
5190
5213
5242
5269
5288
5320
5350
5383
5416
5440
5466
5492
5519
5545
5569
5598
5626
5657
5687
5714
5746
5779
5804
5832
5855
5883
5906
5941
5966
5994
6023
6050
6074
6101
6131
6157
6178
6200
6230
6258
6285
6314
6347
6374
6395
6417
6448
6481
6508
6531
6556
6579
6605
6634
6666
6690
6717
6744
6763
6788
6817
6845
6868
6897
6920
6949
6970
6998
7021
7051
7079
7112
7142
7166
7190
7225
7250
7285
7315
7344
7369
7402
7428
7459
7487
7518
7547
7581
7616
7644
7666
7690
7716
7738
7759
7792
7818
7846
7874
7905
7935
7963
7995
8026
8055
8077
8111
8137
8172
8194
8222
8243
8277
8303
8325
8347
8369
8393
8417
8439
8468
8490
8519
8541
8564
8583
8610
8632
8666
8694
8717
8746
8773
8800
8828
8856
8885
8907
8927
8952
8973
8994
9021
9044
9069
9091
9119
9146
9174
9202
9232
9258
9284
9305
9333
9358
9389
9424
9457
9482
9511
9538
9572
9596
9623
9659
9690
9719
9744
9771
9800
9823
9853
9883
9908
9932
9956
9983
10013
10047
10072
10096
10119
10146
10172
10195
10221
10249
10270
10291
10315
10338
10362
10384
10409
10435
10459
10485
10514
10541
10562
10588
10608
10631
10663
10695
10719
10747
10780
10805
10834
10862
10886
10913
10939
10966
10991
11018
11039
11062
11092
11113
11141
11168
11193
11218
11236
11260
11284
11308
11336
11364
11387
11408
11432
11458
11484
11507
11531
11560
11584
11608
11631
11667
11693
11724
11749
11777
11799
11824
11849
11875
11903
11932
11963
11987
12018
12051
12075
12098
12128
12159
12187
12208
12237
12258
12284
12309
12335
12356
12383
12407
12432
12461
12488
12505
12527
12560
12589
12619
12644
12665
12687
12710
12733
12751
12777
12801
12828
12852
12877
12904
12928
12955
12981
13009
13032
13061
13085
13107
13129
13152
13176
13202
13230
13255
13284
13312
13337
13358
13384
13411
13438
13461
13487
13510
13536
13558
13584
13604
13624
13645
13667
13695
13719
13744
13770
13798
13825
13845
13871
13897
13923
13944
13970
13998
14022
14049
14077
14104
14124
14155
14186
14208
14229
14250
14278
14305
14329
14352
14374
14399
14423
14447
14471
14497
14518
14540
14561
14587
14607
14636
14662
14682
14707
14730
14752
14778
14802
14824
14847
14870
14889
14914
14939
14959
14978
15000
15026
15047
15071
15092
15111
15130
15151
15169
15194
15220
15242
15268
15290
15314
15339
15361
15384
15408
15433
15455
15477
15499
15520
15543
15564
15587
15610
15629
15646
15668
15693
15716
15746
15767
15788
15814
15836
15862
15886
15909
15929
15957
15983
16006
16028
16050
16071
16093
16113
16135
16167
16193
16215
16239
16260
16283
16301
16327
16351
16373
16398
16423
16445
16466
16493
16516
16537
16562
16582
16606
16634
16654
16678
16698
16719
16739
16763
16788
16811
16834
16862
16885
16902
16930
16952
16970
16993
17018
17043
17068
17091
17113
17138
17155
17180
17197
17228
17246
17267
17284
17308
17330
17353
17373
17393
17419
17440
17467
17496
17516
17537
17562
17585
17608
17633
17657
17679
17701
17724
17747
17769
17802
17830
17848
17873
17897
17920
17944
17965
17987
18006
18027
18050
18075
18101
18120
18143
18164
18185
18205
18227
18252
18272
18295
18317
18337
18361
18385
18410
18431
18453
18480
18500
18525
18543
18561
18582
18613
18637
18663
18686
18707
18727
18751
18772
18789
18811
18832
18854
18882
18902
18923
18947
18969
18991
19014
19033
19055
19076
19095
19121
19140
19164
19187
19211
19234
19255
19277
19298
19324
19348
19372
19396
19419
19442
19464
19483
19505
19526
19551
19575
19599
19625
19646
19665
19688
19708
19734
19762
19787
19806
19830
19855
19872
19892
19914
19939
19957
19983
20006
20029
20052
20079
20099
20118
20144
20168
20192
20217
20237
20257
20279
20299
20321
20345
20362
20382
20406
20429
20449
20474
20493
20508
20529
20553
20575
20598
20618
20638
20664
20686
20708
20729
20747
20772
20793
20809
20834
20856
20880
20902
20924
20945
20967
20990
21013
21037
21062
21086
21103
21128
21149
21172
21193
21214
21233
21256
21274
21291
21316
21334
21355
21375
21392
21412
21431
21454
21477
21498
21520
21541
21564
21590
21619
21643
21663
21684
21702
21724
21746
21765
21784
21811
21835
21854
21874
21893
21915
21939
21957
21978
21996
22016
22035
22054
22076
22095
22116
22142
22167
22187
22214
22232
22256
22274
22296
22324
22347
22368
22391
22411
22431
22456
22478
22501
22522
22543
22562
22584
22605
22626
22646
22666
22689
22709
22730
22748
22770
22790
22811
22836
22856
22880
22896
22918
22940
22959
22981
23003
23019
23043
23063
23088
23109
23130
23150
23168
23189
23206
23224
23246
23266
23292
23313
23335
23358
23384
23400
23423
23443
23460
23479
23505
23524
23547
23570
23589
23605
23623
23648
23667
23697
23716
23735
23756
23777
23793
23816
23834
23851
23872
23892
23910
23929
23953
23973
23993
24017
24035
24053
24073
24093
24121
24141
24162
24181
24208
24232
24256
24275
24292
24310
24331
24352
24371
24387
24411
24427
24449
24466
24485
24504
24525
24544
24566
24590
24610
24633
24650
24672
24695
24721
24742
24762
24782
24800
24826
24842
24860
24882
24902
24922
24945
24964
24983
25004
25024
25047
25066
25088
25110
25134
25156
25174
25195
25215
25233
25252
25272
25291
25316
25337
25358
25378
25397
25419
25441
25459
25481
25507
25530
25552
25571
25588
25606
25628
25644
25665
25688
25709
25739
25760
25781
25798
25818
25837
25855
25873
25899
25923
25941
25964
25986
26003
26021
26037
26056
26075
26095
26115
26131
26153
26172
26191
26213
26235
26252
26270
26288
26309
26329
26350
26367
26387
26407
26427
26451
26472
26490
26510
26535
26558
26579
26598
26621
26642
26657
26679
26701
26721
26739
26759
26782
26800
26819
26840
26860
26879
26903
26919
26938
26960
26981
27001
27019
27038
27056
27078
27095
27113
27133
27148
27166
27186
27208
27233
27250
27273
27293
27311
27330
27351
27368
27391
27411
27433
27452
27473
27493
27512
27529
27546
27563
27581
27603
27620
27642
27663
27683
27703
27724
27745
27763
27781
27799
27817
27836
27857
27875
27895
27915
27939
27963
27983
28004
28022
28044
28066
28083
28104
28123
28144
28166
28184
28206
28227
28247
28265
28289
28310
28328
28347
28364
28384
28403
28423
28441
28463
28484
28505
28522
28541
28558
28577
28599
28617
28635
28657
28675
28699
28716
28738
28757
28774
28795
28811
28834
28853
28878
28897
28917
28934
28954
28975
28994
29019
29040
29057
29076
29097
29117
29135
29153
29172
29193
29212
29233
29254
29273
29291
29311
29329
29347
29369
29389
29406
29428
29451
29469
29486
29507
29526
29544
29563
29583
29606
29624
29649
29673
29690
29708
29728
29745
29761
29782
29803
29820
29838
29859
29880
29898
29915
29933
29955
29973
29993
30010
30029
30048
30066
30088
30107
30123
30143
30165
30190
30209
30231
30249
30272
30293
30310
30333
30353
30373
30390
30407
30426
30446
30467
30485
30502
30526
30546
30565
30582
30597
30616
30639
30659
30682
30704
30720
30736
30752
30770
30789
30809
30832
30850
30870
30888
30909
30926
30945
30964
30982
31003
31024
31045
31066
31089
31111
31136
31155
31175
31192
31208
31226
31244
31262
31281
31298
31318
31340
31364
31388
31408
31427
31445
31465
31482
31502
31523
31540
31557
31576
31599
31620
31636
31655
31670
31689
31705
31721
31738
31756
31776
31797
31818
31834
31851
31868
31888
31909
31927
31944
31961
31984
32004
32024
32049
32070
32090
32109
32129
32149
32172
32194
32213
32230
32245
32264
32286
32304
32321
32343
32362
32382
32398
32416
32437
32457
32476
32500
32519
32539
32558
32581
32602
32621
32641
32659
32681
32699
32716
32735
32753
32774
32794
32810
32828
32846
32864
32884
32904
32924
32940
32959
32983
33003
33021
33040
33062
33082
33102
33119
33137
33160
33179
33203
33224
33242
33262
33281
33300
33318
33337
33356
33373
33392
33410
33427
33445
33465
33484
33502
33520
33540
33560
33577
33597
33619
33639
33656
33676
33694
33716
33734
33751
33768
33791
33808
33824
33839
33856
33873
33890
33906
33926
33941
33964
33981
33999
34019
34034
34051
34073
34091
34113
34130
34151
34170
34189
34210
34227
34246
34265
34283
34303
34322
34343
34363
34379
34397
34416
34432
34449
34470
34488
34508
34528
34543
34560
34581
34604
34623
34642
34662
34681
34701
34718
34736
34753
34772
34791
34812
34832
34850
34867
34891
34907
34923
34941
34960
34979
35000
35018
35040
35057
35075
35092
35115
35133
35150
35168
35187
35204
35225
35242
35260
35279
35296
35315
35332
35351
35367
35383
35400
35417
35435
35453
35469
35487
35509
35530
35545
35562
35582
35600
35618
35635
35650
35672
35696
35713
35730
35749
35770
35789
35806
35825
35843
35860
35881
35899
35916
35934
35955
35972
35992
36012
36033
36050
36068
36085
36105
36122
36141
36159
36178
36198
36218
36237
36254
36273
36290
36308
36325
36343
36363
36383
36400
36420
36441
36460
36480
36496
36513
36531
36551
36572
36588
36606
36623
36639
36662
36678
36696
36715
36734
36752
36770
36790
36810
36826
36842
36859
36878
36893
36910
36927
36945
36961
36984
37003
37020
37038
37058
37079
37096
37113
37128
37145
37165
37182
37204
37222
37239
37258
37274
37292
37309
37327
37344
37360
37379
37395
37411
37426
37448
37468
37485
37502
37518
37536
37557
37574
37590
37608
37625
37644
37664
37681
37697
37716
37735
37758
37779
37797
37813
37829
37847
37867
37887
37906
37926
37942
37961
37978
37996
38017
38036
38055
38074
38089
38109
38128
38145
38161
38181
38197
38219
38235
38252
38270
38286
38302
38321
38340
38358
38377
38396
38414
38433
38453
38472
38491
38510
38528
38547
38566
38583
38601
38620
38638
38654
38670
38686
38702
38721
38740
38758
38780
38799
38815
38835
38853
38872
38888
38907
38923
38940
38956
38974
38989
39005
39023
39039
39059
39078
39098
39116
39131
39151
39168
39185
39204
39220
39238
39254
39270
39286
39306
39322
39341
39359
39376
39395
39412
39429
39446
39467
39484
39504
39523
39541
39558
39576
39592
39610
39626
39645
39662
39680
39696
39714
39732
39747
39762
39781
39802
39818
39836
39854
39872
39889
39906
39925
39944
39961
39977
39994
40010
40030
40047
40065
40082
40099
40115
40133
40152
40169
40185
40203
40221
40238
40254
40272
40289
40304
40324
40342
40362
40380
40398
40416
40435
40452
40471
40486
40502
40520
40537
40554
40571
40588
40605
40622
40640
40659
40675
40695
40713
40732
40749
40768
40783
40799
40819
40835
40852
40872
40889
40907
40925
40944
40959
40976
40992
41010
41028
41045
41063
41079
41097
41118
41133
41149
41164
41179
41197
41213
41232
41248
41269
41285
41301
41319
41335
41351
41366
41381
41398
41413
41428
41446
41464
41481
41500
41519
41537
41554
41571
41593
41609
41625
41642
41661
41680
41701
41716
41732
41749
41766
41783
41801
41816
41834
41851
41869
41885
41903
41922
41940
41959
41976
41991
42009
42025
42043
42058
42074
42091
42107
42123
42141
42159
42178
42195
42211
42229
42246
42265
42283
42301
42317
42334
42354
42372
42387
42404
42424
42442
42458
42476
42495
42513
42530
42547
42566
42582
42599
42616
42632
42649
42665
42685
42703
42722
42737
42757
42774
42790
42808
42827
42846
42862
42878
42896
42912
42930
42947
42963
42979
43001
43021
43037
43055
43072
43090
43106
43123
43144
43161
43178
43195
43213
43228
43245
43262
43281
43297
43316
43335
43356
43372
43394
43413
43430
43448
43465
43483
43502
43518
43536
43551
43567
43586
43604
43620
43638
43656
43675
43691
43706
43724
43743
43759
43775
43791
43807
43825
43842
43859
43875
43893
43912
43930
43947
43964
43982
43997
44014
44031
44051
44066
44085
44103
44119
44137
44157
44174
44191
44208
44226
44244
44259
44274
44290
44308
44325
44342
44360
44379
44397
44416
44434
44450
44467
44487
44506
44522
44538
44555
44571
44587
44602
44619
44637
44655
44672
44690
44705
44721
44737
44759
44776
44792
44810
44828
44845
44862
44877
44892
44908
44925
44941
44956
44972
44988
45006
45023
45040
45058
45074
45090
45106
45122
45137
45153
45171
45187
45204
45220
45236
45252
45269
45287
45303
45320
45338
45353
45373
45388
45404
45421
45437
45453
45469
45485
45501
45518
45537
45554
45571
45587
45603
45620
45637
45655
45673
45692
45710
45727
45745
45766
45782
45798
45813
45829
45847
45864
45882
45897
45913
45930
45947
45964
45980
45995
46012
46029
46045
46060
46077
46092
46108
46127
46143
46158
46176
46191
46207
46224
46241
46258
46275
46293
46309
46327
46343
46358
46374
46392
46407
46425
46441
46458
46477
46493
46514
46532
46550
46571
46589
46606
46622
46639
46658
46675
46693
46711
46729
46747
46766
46786
46804
46820
46836
46854
46874
46891
46907
46924
46941
46961
46977
46995
47014
47032
47047
47065
47083
47101
47118
47135
47151
47167
47182
47199
47217
47234
47250
47266
47281
47296
47312
47329
47345
47363
47379
47397
47413
47429
47444
47462
47478
47496
47512
47530
47546
47562
47579
47597
47614
47629
47647
47662
47680
47699
47715
47731
47747
47764
47781
47797
47815
47834
47850
47865
47881
47897
47915
47931
47947
47965
47985
48003
48019
48034
48049
48068
48084
48100
48116
48132
48148
48166
48183
48200
48217
48234
48252
48269
48288
48307
48324
48342
48359
48378
48395
48411
48429
48447
48465
48486
48503
48520
48539
48555
48575
48592
48611
48626
48642
48659
48678
48697
48713
48728
48746
48764
48779
48796
48811
48828
48847
48863
48879
48894
48913
48932
48949
48965
48981
48998
49013
49032
49048
49064
49081
49099
49114
49131
49148
49163
49182
49198
49216
49234
49250
49267
49285
49302
49319
49334
49355
49370
49386
49403
49420
49438
49454
49470
49485
49503
49520
49539
49554
49569
49587
49602
49619
49636
49651
49667
49685
49701
49716
49731
49747
49763
49778
49793
49809
49826
49842
49860
49882
49898
49914
49932
49948
49964
49982
50007
50027
50045
50061
50076
50092
50107
50125
50143
50161
50178
50197
50213
50232
50250
50266
50286
50307
50325
50343
50359
50378
50398
50413
50430
50448
50465
50482
50498
50516
50531
50547
50563
50582
50600
50616
50633
50648
50665
50681
50698
50716
50737
50753
50769
50785
50803
50820
50837
50852
50868
50886
50903
50918
50933
50948
50964
50982
50999
51015
51030
51046
51061
51079
51095
51111
51126
51141
51160
51177
51195
51211
51227
51244
51262
51280
51296
51315
51331
51348
51365
51383
51400
51415
51432
51450
51467
51483
51499
51517
51532
51548
51564
51581
51597
51614
51629
51646
51662
51678
51693
51711
51726
51743
51759
51774
51789
51808
51825
51847
51865
51881
51899
51914
51930
51948
51963
51982
51999
52015
52032
52047
52063
52079
52098
52114
52130
52147
52163
52179
52196
52212
52227
52247
52262
52277
52296
52311
52326
52343
52359
52376
52392
52407
52426
52441
52456
52473
52489
52506
52523
52540
52555
52573
52589
52605
52625
52641
52659
52675
52691
52707
52722
52739
52754
52769
52784
52799
52815
52831
52851
52867
52883
52898
52913
52930
52946
52963
52979
52999
53016
53034
53051
53066
53083
53100
53115
53130
53145
53160
53175
53192
53209
53226
53242
53257
53275
53293
53312
53328
53345
53363
53382
53399
53415
53431
53447
53462
53479
53497
53513
53528
53544
53563
53578
53594
53609
53626
53642
53658
53674
53689
53705
53720
53737
53752
53767
53784
53800
53817
53833
53851
53868
53884
53902
53920
53937
53952
53968
53985
54000
54015
54032
54049
54065
54081
54100
54115
54133
54148
54165
54180
54197
54213
54228
54245
54262
54277
54292
54308
54323
54338
54353
54369
54385
54401
54418
54435
54450
54466
54484
54502
54519
54538
54555
54570
54586
54602
54619
54636
54651
54667
54682
54697
54715
54730
54746
54764
54782
54797
54812
54828
54846
54863
54879
54894
54910
54927
54944
54960
54976
54992
55010
55026
55044
55060
55075
55090
55109
55124
55141
55157
55173
55189
55206
55222
55239
55254
55273
55290
55308
55323
55341
55357
55373
55388
55404
55419
55434
55450
55466
55483
55499
55516
55532
55549
55566
55581
55596
55612
55630
55648
55664
55682
55701
55716
55733
55751
55769
55786
55801
55818
55833
55848
55864
55881
55896
55912
55929
55946
55961
55977
55995
56011
56026
56041
56061
56078
56095
56114
56130
56146
56162
56180
56195
56212
56230
56247
56264
56281
56297
56314
56330
56346
56361
56377
56394
56410
56427
56442
56460
56481
56497
56512
56527
56544
56559
56574
56590
56606
56622
56637
56655
56671
56692
56709
56724
56739
56754
56770
56785
56803
56821
56839
56857
56874
56892
56909
56925
56941
56956
56972
56987
57002
57018
57035
57053
57069
57084
57100
57117
57134
57150
57167
57184
57202
57220
57238
57253
57271
57287
57303
57319
57336
57354
57371
57388
57403
57419
57435
57451
57467
57484
57499
57517
57532
57549
57567
57585
57600
57617
57635
57652
57667
57683
57699
57715
57733
57751
57767
57782
57798
57816
57834
57850
57865
57881
57897
57913
57930
57945
57964
57979
57995
58010
58028
58044
58061
58076
58094
58109
58125
58143
58160
58175
58190
58206
58221
58238
58254
58269
58286
58305
58320
58338
58353
58368
58387
58403
58419
58436
58454
58469
58485
58502
58517
58538
58556
58571
58587
58602
58617
58632
58649
58666
58684
58700
58716
58731
58746
58762
58780
58795
58812
58828
58844
58859
58877
58892
58908
58926
58943
58958
58975
58990
59008
59027
59042
59057
59072
59088
59104
59120
59136
59151
59167
59183
59200
59216
59232
59247
59263
59282
59297
59315
59331
59347
59363
59381
59397
59412
59430
59445
59462
59478
59493
59508
59523
59539
59555
59570
59588
59605
59620
59635
59653
59669
59685
59703
59718
59733
59749
59766
59782
59797
59813
59830
59845
59862
59881
59897
59915
59931
59948
59965
59984
59999
60014
60030
60045
60061
60078
60094
60110
60128
60145
60162
60177
60192
60210
60226
60244
60260
60278
60294
60312
60327
60342
60359
60374
60390
60406
60421
60436
60452
60467
60482
60497
60512
60529
60547
60562
60577
60594
60609
60626
60641
60657
60672
60691
60708
60724
60740
60756
60772
60788
60803
60819
60834
60851
60866
60881
60899
60914
60930
60946
60962
60980
60995
61012
61028
61044
61060
61075
61091
61107
61123
61139
61155
61170
61185
61200
61215
61233
61249
61265
61281
61296
61312
61327
61343
61359
61376
61395
61414
61430
