0.12499998509883878
0.0
0.06249999254941939
0.0
0.0
0.24999998509883878
0.0624999888241291
0.0
0.06249999254941939
0.12499998509883878
0.06249999254941939
0.12499997019767758
0.10669414699077605
0.0
0.4999999403953551
0.018305821344256398
0.24999997019767756
0.0
0.2499999552965164
0.06249999179935693
0.06249999254941939
0.12499998509883878
0.1249999776482582
0.0366116464138031
0.0
0.0
0.06249999254941939
0.0
0.0
0.0
0.0
0.12499998509883878
0.0
0.06249999254941939
0.062499977648258195
0.0
0.0
0.0
0.0
0.12499998509883878
0.24999998509883878
0.0
0.12499995529651639
0.10669415444135663
0.0
0.0
0.12499998509883878
0.24999998509883878
0.0
0.0
0.0
0.12499998505589803
0.0
0.1249999776482582
0.12499998509883878
0.12499998509883878
0.0
0.0
0.0
0.24999997019767756
0.12499998509883878
0.10669415816664694
0.12499998509883878
0.0
0.06249999257088977
0.12499995529651639
0.0
0.0
0.21338832378387448
0.0
0.0
0.0
0.12499998509883878
0.0
0.12499998509883878
0.12499998509883878
0.24999997019767756
0.0
0.0
0.21338830888271326
0.062499992527949015
0.24999997019767756
0.0
0.12499998509883878
0.12499998509883878
0.031249988824129098
0.0
0.12499998509883878
0.24999997019767756
0.0
0.24999997019767756
0.062499987892806516
0.0
0.1249999776482582
0.06249999254941939
0.0624999888241291
0.24999997019767756
0.062499992913715434
0.06249999254941939
0.06249999254941939
0.0
0.0
0.06249999254941939
0.0
0.06249999254941939
0.12499998509883878
0.10669416189193724
0.12499998509883878
0.0
0.06249999254941939
0.124999962747097
0.0
0.0
0.06249999254941939
0.0
0.124999962747097
0.12499998509883878
0.0
0.0
0.24999997019767756
0.06249999254941939
0.06249999254941939
0.0
0.0
0.0
0.12499998509883878
0.0
0.0624999888241291
0.1066941190510988
0.0
0.036611646413803094
0.0
0.12499998505589803
0.0624999888241291
0.0
0.0
0.0
0.01830582320690155
0.24999998509883878
0.0
0.12499998509883878
0.12499998509883878
0.10669416189193724
0.06249999254941939
0.06249999254941939
0.0
0.0937499804422259
0.0
0.12499998509883878
0.12499997614813328
0.0
0.06249999254941939
0.0
0.0
0.0
6.156971651389426e-18
0.0624999888241291
0.0
0.0
0.0
0.0
0.0
0.06249999254941939
0.0
0.12499998509883878
0.0
0.0
0.24999997019767756
0.0
0.0
0.2499999552965164
0.062499982304871075
0.12499998509883878
0.06249999254941939
0.0
0.062499992527949015
0.0
0.0
0.0
0.0
0.0
0.0
0.1249999776482582
0.12499998509883878
0.12499998509883878
0.0
0.0
0.0
0.12499998509883878
0.0
0.0
0.0
0.24999997019767756
0.0
0.0
0.06249999254941939
0.06249999254941939
0.0
0.0
0.0
0.0
0.0
0.12499995529651639
0.036611646413803094
0.4999999403953551
0.2499999552965164
0.0624999888241291
0.2499999552965164
0.10669415723532437
0.0624999888241291
0.0
0.0
0.06249999254941939
0.0
0.036611642688512795
0.0
0.0624999888241291
0.0
0.06249999254941939
0.0
0.42677664756774897
0.0
0.0
0.0
0.0
0.0
0.1249999776482582
0.0
0.0
0.0
0.0
0.0
0.0
0.06249999254941939
0.0624999888241291
0.24999998509883878
0.0
0.06249999254941939
0.12499998509883878
0.12499998509883878
0.0
0.0624999888241291
0.12499998509883878
0.0
0.0
0.24999997019767756
0.0
0.0
0.06249999254941939
0.0
0.0
0.0
0.018305822162590687
0.0624999888241291
0.06249999254941939
0.1249999776482582
0.0
0.0
0.2499999552965164
0.0
0.0
0.12499998509883878
0.0
0.24999997019767756
0.0
0.12499998509883878
0.12499998509883878
0.12499998509883878
0.12499998509883878
0.0
0.06249999254941939
0.0
0.06249999254941939
0.0
0.0
0.24999997019767756
0.0
0.0
0.24999998509883878
0.12499998509883878
0.06249999254941939
0.12499998509883878
0.0624999888241291
0.0
0.0
0.0
0.0
0.06249999254941939
0.0624999888241291
0.06249999254941939
0.0
0.018305823206901547
0.24999997019767756
0.0624999888241291
0.12499998509883878
0.0
0.0
0.03124999068677425
0.0
0.0
0.0
0.0
0.06249999254941939
0.0
0.12499998509883878
0.12499998509883878
0.0
0.036611646413803094
0.0
0.24999998509883878
0.0
0.0
0.12499998509883878
0.06249999254941939
0.21338830888271326
0.0
0.12499998509883878
0.0
0.06249999254941939
0.0624999888241291
0.0
0.0
0.0
0.0
0.0
0.0
0.0
0.12499998509883878
0.0
0.0
0.24999998509883878
0.49999997019767756
0.2133882939815521
0.4999999999999999
0.0
0.0
0.0
0.0
0.4999999403953551
0.1249999776482582
0.06249999254941939
0.06249999254941939
0.0
0.0
0.0
0.24999998509883878
0.0
0.10669412463903424
0.24999997019767756
0.0
0.12499997987342357
0.0
0.12499998509883878
0.0
0.0
0.0
0.0
0.1249999776482582
0.06249999254941939
0.12499998509883878
0.0
0.0
0.0
0.0
0.0
0.24999997019767756
0.12499998509883878
0.12499998509883878
0.09374998416751622
0.0
0.0
0.21338830888271326
0.12499998509883878
0.0
0.0
0.0
0.0
0.0
0.0
0.018305823206901547
0.0
0.0
0.12499998509883878
0.0
0.0
0.06249999254941939
0.10669416189193724
0.0
0.24999997019767756
0.0624999888241291
0.0
0.0
0.0183058213442564
0.0183058176189661
0.0
0.0
0.12499998509883878
0.0
0.0
0.018305819481611252
0.06249999254941939
0.0
0.0
0.06249999254941939
0.1249999776482582
0.0
0.0
0.24999997028355908
0.12499998509883878
0.0
0.0
0.24999998509883878
0.0
0.0
0.0
0.2499999552965164
0.10669416189193724
0.12499998509883878
0.24999997019767756
0.0
0.06249999254941939
0.0
0.018305823206901547
0.24999998509883878
0.0
0.0
0.0
0.0
0.0
0.0
0.0
0.0
0.0
0.12499998509883878
0.0
0.21338830888271332
0.0624999888241291
0.0
0.06249999254941939
0.0
0.0
0.12499998509883878
0.018305821344256398
0.24999998509883878
0.24999998509883878
0.01830581948161125
0.0
0.0
0.06249999254941939
0.124999962747097
0.0
0.12499998509883878
0.018305823206901547
0.06249999254941939
0.24999997019767756
0.12499998509883878
0.12499996647238726
0.0
0.0
0.24999997019767756
0.0
0.24999998509883878
0.12499998509883878
0.0
0.12499995529651639
0.1249999776482582
0.0
0.24999997019767756
0.24999997019767756
0.4999999403953551
0.24999997019767756
0.0
0.0
0.24999998509883878
0.0
0.12499998509883878
0.036611646413803094
0.036611646413803094
0.21338832378387448
0.0624999888241291
0.0
0.24999998509883878
0.06249999254941939
0.0
0.12499998509883878
0.0
0.0
0.0
0.0
0.24999997019767756
0.06249999254941939
0.0
0.21338832378387448
0.0
0.0
0.06249999254941939
0.0
0.12499998509883878
0.0
0.0
0.49999997019767756
0.0
0.0
0.0
0.0
0.06249999254941939
0.0
0.4999999999999999
0.0
0.12499998509883878
0.0
0.12499998509883878
0.0
0.0
0.24999997019767756
0.0
0.0
0.1249999776482582
0.0
0.036611646413803094
0.0
0.0
0.12499998509883878
0.0
0.0
0.0
0.03124999348074197
0.0
0.0
0.06249999254941939
0.0
0.0
0.0
0.0
0.12499998509883878
0.12499998509883878
0.0
0.06249999254941939
0.24999997019767756
0.0
0.0
0.0
0.0
0.2499999552965164
0.12499998509883878
0.0
0.0
0.0
0.24999997019767756
0.0
0.0
0.0
0.24999997011179606
0.0
0.12499998509883878
0.24999997019767756
0.12499998509883878
0.0
0.0
0.0
0.0
0.0
0.12499998509883878
0.0
0.0
0.12499998509883878
0.0
0.0
0.24999998509883878
0.0
0.0
0.0
0.07322329282760619
0.0
0.24999997019767756
0.0
0.0
0.24999997019767756
0.0
0.12499998509883878
0.12499998509883878
0.0
0.0
0.0
0.10669416189193724
0.24999998509883878
0.0
0.12499998509883878
0.21338832378387448
0.06249999254941939
0.0
0.0
0.0
0.0
0.06249999254941939
0.0
0.0
0.0
0.12499998509883878
0.0
0.06249999254941939
0.24999997019767756
0.06249999254941939
0.4999999403953551
0.0
0.0
0.12499998509883878
0.06249999254941939
0.0
0.0
0.4999999403953551
0.0
0.0
0.0
0.0
0.06249999254941939
0.1249999776482582
0.0
0.0
0.0
0.0
0.24999997019767756
0.018305823206901547
0.06249999254941939
0.12499998509883878
0.12499998509883878
0.06249999254941939
0.0
0.06249999254941939
0.0
0.0
0.12499998509883878
0.0
0.0
0.49999997019767756
0.0183058250695467
0.0
0.0
0.0
0.12499998509883878
0.0
0.0
0.0
0.0
0.0
0.0
0.018305825069546696
0.0
0.24999998509883878
0.07322329282760619
0.0
0.0
0.06249999254941939
0.0
0.0
0.0
0.0
0.0
0.24999998509883878
0.0
0.0
0.0
0.0
0.018305823206901547
0.0
0.0
0.0
0.0
0.0
0.0
0.0
0.12499998509883878
0.4999999999999999
0.0
0.0
0.0
0.07322329282760619
0.06249999254941939
0.0
0.0
0.0
0.24999998509883878
0.0
0.0
0.0
0.0
0.0
0.12499998509883878
0.0
0.0
0.12499998509883878
0.0
0.0
0.24999998509883878
0.0
0.0
0.0
0.0
0.0
0.0
0.0
0.0
0.12499997614813328
0.0
0.06249999254941939
0.12499998509883878
0.0
0.0
0.0
0.0
0.0
0.0
0.03661165013909339
0.0
0.10669415444135666
0.0
0.0
0.0
0.4999999403953551
0.0
0.12499998509883878
0.0
0.0
0.0
0.0
0.0
0.12499998509883878
0.12499998509883878
0.12499998509883878
0.0
0.24999998509883878
0.0
0.06249999254941939
0.0
0.0
0.12499998509883878
0.0
0.0
0.0
0.0
0.0
0.12499998509883878
0.0
0.24999998509883878
0.0
0.06249999254941939
0.0
0.0
0.24999997019767756
0.0
0.24999998509883878
0.0
0.12499998509883878
0.24999997019767756
0.12499998509883878
0.06249999254941939
0.0
0.0
0.12499998509883878
0.0
0.24999998509883878
0.0
0.12499998509883878
0.12499998509883878
0.12499998509883878
0.0
0.0
0.06249999254941939
0.0
0.24999997019767756
0.0
0.0
0.10669416189193724
0.12499998509883878
0.0
0.0
0.0
0.0
0.0
0.12499998509883878
0.4999999999999999
0.0
0.0
0.12499998509883878
0.0
0.12499998509883878
0.0
0.10669415444135663
0.0
0.0
0.0
0.0
0.0
0.0
0.0
0.12499998509883878
0.0
0.0
0.24999998509883878
0.0
0.12499998509883878
0.12499998509883878
0.0
0.24999998509883878
0.4999999999999999
0.4999999999999999
0.12499998509883878
0.06249999254941939
0.06249999254941939
0.4999999999999999
0.0
0.0
0.0
0.12499998509883878
0.0
0.0
0.0
0.12499998509883878
0.0
0.24999998509883878
0.06249999254941939
0.0
0.0
0.0
0.0
0.06249999254941939
0.24999998509883878
0.06249999254941939
0.0
0.12499998509883878
0.0
0.0
0.0
0.0
0.12499998509883878
0.0
0.0
0.0
0.0
0.0
0.4999999999999999
0.0
0.0
0.0
0.0
0.0
0.0
0.24999998509883878
0.24999998509883878
0.0
0.12499998509883878
0.0
0.12499998509883878
0.0
0.06249999254941939
0.12499998509883878
0.0
0.0
0.12499998509883878
0.4999999999999999
0.24999997019767756
0.0
0.12499998509883878
0.0
0.0
0.12499998509883878
0.12499998509883878
0.0
0.0
0.0
0.0
0.0
0.24999998509883878
0.0
0.0
0.12499998509883878
0.0
0.24999998509883878
0.0
0.0
0.0
0.24999998509883878
0.0
0.0
0.0
0.24999998509883878
0.0624999888241291
0.24999998509883878
0.0
0.0
0.12499998509883878
0.0
0.0
0.0
0.0
0.0
0.12499998509883878
0.0
0.4999999403953551
0.24999997019767756
0.24999997019767756
0.0
0.12499998509883878
0.06249999254941939
0.0
0.0
0.12499998509883878
0.0
0.24999998509883878
0.0
0.0
0.0
0.0
0.0
0.0
0.0
0.0
0.0
0.10669416189193724
0.0
0.24999998509883878
0.0
0.0
0.0
0.0
0.0
0.0
0.0
0.0
0.0
0.0
0.0
0.0
0.0
0.24999997019767756
0.06249999254941939
0.0
0.0
0.0
0.12499998509883878
0.24999998509883878
0.0
0.4999999403953551
0.0
0.0
0.0
0.0
0.12499998509883878
0.0
0.0
0.4999999999999999
0.0
0.24999997019767756
0.4999999999999999
0.06249999254941939
0.0
0.24999997019767756
0.0
0.0
0.0
0.036611646413803094
0.24999997019767756
0.0
0.0
0.0
0.0
0.0
0.0
0.0
0.0
0.0
0.0
0.0
0.0
0.0
0.10669416189193724
0.4999999403953551
0.0
0.0
0.0624999888241291
0.0
0.4999999403953551
0.4999999999999999
0.0
0.0
0.0
0.0
0.0
0.4999999999999999
0.0
0.12499998509883878
0.0
0.24999997019767756
0.0
0.0
0.24999997019767756
0.24999998509883878
0.0
0.0
0.24999997019767756
0.12499998509883878
0.24999998509883878
0.0
0.0
0.1249999776482582
0.12499998509883878
0.0
0.0
0.0
0.24999998509883878
0.24999998509883878
0.0
0.24999997019767756
0.0
0.12499998509883878
0.036611646413803094
0.0
0.0
0.24999997019767756
0.0
0.0
0.0
0.24999998509883878
0.0
0.21338830888271326
0.12499998509883878
0.12499998509883878
0.0
0.0
0.24999998509883878
0.0
0.0
0.4999999999999999
0.4999999999999999
0.0
0.0
0.0
0.0
0.24999998509883878
0.24999998509883878
0.0
0.0
0.06249999254941939
0.24999998509883878
0.0
0.0
0.4999999999999999
0.0
0.24999998509883878
0.0
0.0
0.0
0.4999999403953551
0.0
0.0
0.0
0.12499998509883878
0.0
0.0
0.0
0.0
0.0
0.12499998509883878
0.0
0.12499998509883878
0.0
0.0
0.24999997019767756
0.0
0.0
0.24999998509883878
0.12499998509883878
0.0
0.24999998509883878
0.12499998509883878
0.0
0.0
0.12499998509883878
0.4267766177654265
0.0
0.4999999999999999
0.0
0.0
0.06249999254941939
0.24999998509883878
0.0
0.0
0.24999998509883878
0.24999998509883878
0.0
0.0
0.0
0.0
0.0
0.12499998509883878
0.0
0.0
0.0
0.0
0.0
0.0
0.0
0.06249999254941939
0.4999999999999999
0.0
0.0
0.0
0.0
0.0
0.0
0.0
0.0
0.0
0.0
0.0
0.24999998509883878
0.4999999999999999
0.12499998509883878
0.0
0.4999999403953551
0.4999999999999999
0.24999998509883878
0.0
0.12499998509883878
0.4999999999999999
0.0
0.24999998509883878
0.0
0.0
0.0
0.12499998509883878
0.0
0.24999997019767756
0.06249999254941939
0.4999999999999999
0.4999999999999999
0.0
0.0
0.0
0.0
0.0
0.0
0.0
0.4999999999999999
0.4999999999999999
0.24999998509883878
0.0
0.12499998509883878
0.24999998509883878
0.24999997019767756
0.0
0.12499998509883878
0.4999999999999999
0.0
0.24999997019767756
0.4999999999999999
0.24999998509883878
0.0
0.12499998509883878
0.0
0.12499998509883878
0.24999998509883878
0.0
0.0
0.12499998509883878
0.0
0.4999999999999999
0.0
0.0
0.4999999999999999
0.0
0.0
0.0
0.4999999403953551
0.24999998509883878
0.4999999999999999
0.0
0.0
0.12499998509883878
0.0
0.0
0.0
0.0
0.0
0.0
0.0
0.0
0.0
0.0
0.0
0.0
0.0
0.0
0.4999999999999999
0.24999998509883878
0.4999999999999999
0.0
0.06249999254941939
0.49999997019767756
0.0
0.12499998509883878
0.0
0.0
0.12499998509883878
0.0
0.0
0.0
0.0
0.0
0.24999997019767756
0.24999998509883878
0.0
0.4999999999999999
0.0
0.0
0.0
0.0
0.0
0.0
0.0
0.4999999403953551
0.0
0.0
0.0
0.0
0.4999999999999999
0.0
0.06249999254941939
0.12499998509883878
0.0
0.0
0.0
0.0
0.24999998509883878
0.0
0.4999999999999999
0.0
0.0
0.0
0.0
0.0
0.0
0.12499998509883878
0.24999998509883878
0.0
0.24999998509883878
0.0
0.24999997019767756
0.12499998509883878
0.0
0.0
0.0
0.4999999999999999
0.0
0.0
0.0
0.24999998509883878
0.0
0.10669416189193724
0.0
0.0
0.2499999552965164
0.0
0.0
0.0
0.0
0.12499998509883878
0.0
0.24999997019767756
0.0
0.0
0.2499999552965164
0.24999998509883878
0.12499998509883878
0.4999999403953551
0.4999999999999999
0.0
0.0
0.0
0.0
0.24999997019767756
0.4999999999999999
0.0
0.0
0.0
0.24999998509883878
0.0
0.0
0.24999998509883878
0.0
0.0
0.4999999403953551
0.0
0.24999998509883878
0.4999999999999999
0.0
0.24999998509883878
0.0
0.0
0.24999998509883878
0.0
0.0
0.4999999999999999
0.06249999254941939
0.0
0.4999999999999999
0.0
0.0
0.0
0.24999998509883878
0.4999999999999999
0.0
0.0
0.0
0.24999998509883878
0.24999998509883878
0.0
0.4999999999999999
0.0
0.0
0.24999998509883878
0.0
0.0
0.0
0.12499998509883878
0.0
0.0
0.0
0.24999998509883878
0.4999999999999999
0.24999998509883878
0.12499998509883878
0.0
0.0
0.0
0.24999998509883878
0.0
0.4999999999999999
0.0
0.0
0.24999998509883878
0.0
0.4999999999999999
0.0
0.0
0.0
0.4999999999999999
0.24999998509883878
0.24999998509883878
0.0
0.0
0.4999999999999999
0.0
0.4999999999999999
0.0
0.0
0.24999998509883878
0.4999999999999999
0.4999999999999999
0.0
0.0
0.49999997019767756
0.24999998509883878
0.4999999999999999
0.0
0.4999999999999999
0.0
0.24999998509883878
0.24999998509883878
0.4999999999999999
0.24999998509883878
0.0
0.0
0.4999999999999999
0.0
0.0
0.0
0.0
0.0
0.12499998509883878
0.06249999254941939
0.0
0.21338832378387448
0.4999999999999999
0.0
0.0
0.24999998509883878
0.4999999999999999
0.24999998509883878
0.0
0.0
0.24999998509883878
0.0
0.0
0.0
0.0
0.24999998509883878
0.0
0.0
0.12499998509883878
0.24999998509883878
0.0
0.0
0.0
0.0
0.0
0.24999998509883878
0.0
0.0
0.4999999999999999
0.12499998509883878
0.0
0.0
0.4999999999999999
0.0
0.24999998509883878
0.0
0.0
0.24999998509883878
0.0
0.4999999999999999
0.4999999999999999
0.0
0.12499998509883878
0.0
0.0
0.0
0.12499998509883878
0.0
0.24999998509883878
0.24999998509883878
0.0
0.49999997019767756
0.0
0.24999998509883878
0.0
0.4999999999999999
0.0
0.0
0.12499998509883878
0.0
0.0
0.0
0.0
0.0
0.0
0.0
0.0
0.24999998509883878
0.0
0.24999998509883878
0.0
0.4999999999999999
0.24999998509883878
0.12499998509883878
0.0
0.0
0.4999999999999999
0.4999999999999999
0.4999999999999999
0.24999998509883878
0.0
0.4999999999999999
0.0
0.0
0.24999998509883878
0.4999999999999999
0.4999999999999999
0.24999998509883878
0.0
0.4999999999999999
0.24999998509883878
0.24999998509883878
0.0
0.0
0.0
0.0
0.4999999999999999
0.24999998509883878
0.24999998509883878
0.0
0.24999998509883878
0.0
0.4999999999999999
0.0
0.0
0.12499998509883878
0.0
0.24999998509883878
0.24999998509883878
0.4999999999999999
0.0
0.12499998509883878
0.24999997019767756
0.0
0.0
0.0
0.0
0.4999999999999999
0.0
0.24999998509883878
0.4999999999999999
0.24999998509883878
0.0
0.0
0.0
0.24999998509883878
0.0
0.0
0.0
0.0
0.0
0.24999998509883878
0.4999999999999999
0.24999997019767756
0.0
0.0
0.4999999999999999
0.0
0.0
0.24999998509883878
0.0
0.4999999999999999
0.0
0.4999999999999999
0.0
0.0
0.0
0.0
0.0
0.4999999999999999
0.0
0.0
0.24999998509883878
0.0
0.12499998509883878
0.0
0.24999998509883878
0.0
0.0
0.4999999999999999
0.49999997019767756
0.0
0.4999999999999999
0.4999999999999999
0.0
0.0
0.0
0.4999999999999999
0.0
0.0
0.0
0.0
0.0
0.24999998509883878
0.0
0.24999998509883878
0.0
0.0
0.0
0.0
0.24999998509883878
0.24999998509883878
0.4999999999999999
0.4999999999999999
0.4999999999999999
0.036611646413803094
0.12499998509883878
0.0
0.4999999999999999
0.0
0.0
0.0
0.0
0.0
0.0
0.24999998509883878
0.0
0.0
0.4999999999999999
0.4999999999999999
0.4999999403953551
0.0
0.0
0.0
0.0
0.4999999999999999
0.0
0.0
0.24999998509883878
0.0
0.24999998509883878
0.4999999999999999
0.0
0.0
0.0
0.24999998509883878
0.0
0.0
0.4999999999999999
0.0
0.24999997019767756
0.0
0.24999997019767756
0.24999998509883878
0.4999999999999999
0.0
0.0
0.0
0.0
0.4999999999999999
0.4999999999999999
0.4999999999999999
0.0
0.0
0.4999999999999999
0.0
0.0
0.4999999999999999
0.12499998509883878
0.4999999999999999
0.24999998509883878
0.4999999999999999
0.0
0.24999998509883878
0.4999999999999999
0.24999998509883878
0.24999998509883878
0.4999999999999999
0.0
0.24999998509883878
0.0
0.24999998509883878
0.4999999999999999
0.4999999999999999
0.0
0.4999999999999999
0.0
0.0
0.4999999999999999
0.0
0.0
0.0
0.0
0.24999998509883878
0.4999999999999999
0.0
0.0
0.4999999999999999
0.0
0.12499998509883878
0.0
0.0
0.4999999999999999
0.24999998509883878
0.4999999999999999
0.9999999403953551
0.4999999999999999
0.4999999999999999
0.0
0.24999998509883878
0.24999998509883878
0.4999999999999999
0.0
0.24999998509883878
0.24999998509883878
0.0
0.0
0.0
0.0
0.12499998509883878
0.4999999999999999
0.0
0.24999998509883878
0.24999998509883878
0.4999999999999999
0.4999999999999999
0.0
0.12499998509883878
0.4999999999999999
0.0
0.0
0.0
0.0
0.24999998509883878
0.24999998509883878
0.0
0.12499998509883878
0.24999998509883878
0.24999998509883878
0.24999998509883878
0.12499998509883878
0.24999998509883878
0.0
0.0
0.0
0.4999999999999999
0.4999999999999999
0.4999999999999999
0.0
0.4999999999999999
0.4999999999999999
0.4999999999999999
0.0
0.4999999999999999
0.12499998509883878
0.24999998509883878
0.4999999999999999
0.0
0.4999999999999999
0.4999999999999999
0.24999998509883878
0.4999999999999999
0.4999999999999999
0.0
0.0
0.0
0.0
0.0
0.4999999999999999
0.0
0.24999998509883878
0.4999999999999999
0.0
0.0
0.0
0.0
0.0
0.0
0.4999999999999999
0.0
0.4999999999999999
0.0
0.0
0.12499998509883878
0.0
0.0
0.0
0.4999999999999999
0.0
0.12499998509883878
0.2499999552965164
0.0
0.4999999999999999
0.4999999999999999
0.0
0.0
0.4999999999999999
0.4999999999999999
0.4999999999999999
0.12499998509883878
0.0
0.24999998509883878
0.0
0.0
0.0
0.4999999999999999
0.24999998509883878
0.0
0.0
0.0
0.0
0.4999999999999999
0.4999999999999999
0.24999998509883878
0.4999999999999999
0.0
0.0
0.0
0.4999999999999999
0.0
0.4999999999999999
0.0
0.4999999999999999
0.4999999999999999
0.24999998509883878
0.4999999999999999
0.0
0.0
0.0
0.4999999999999999
0.24999998509883878
0.4999999999999999
0.24999998509883878
0.4999999999999999
0.0
0.0
0.4999999403953551
0.0
0.4999999999999999
0.4999999999999999
0.4999999999999999
0.4999999999999999
0.0
0.12499998509883878
0.4999999999999999
0.4999999999999999
0.0
0.4999999999999999
0.4999999403953551
0.24999998509883878
0.0
0.24999997019767756
0.4999999999999999
0.0
0.24999998509883878
0.4999999999999999
0.0
0.12499998509883878
0.0
0.24999998509883878
0.0
0.24999998509883878
0.24999998509883878
0.0
0.0
0.0
0.4999999999999999
0.24999998509883878
0.4999999999999999
0.0
0.4999999403953551
0.4999999999999999
0.4999999999999999
0.24999998509883878
0.4999999999999999
0.0
0.0
0.4999999999999999
0.4999999403953551
0.4999999999999999
0.4999999999999999
0.0
0.0
0.0
0.0
0.0
0.9999999403953551
0.0
0.4999999999999999
0.24999998509883878
0.0
0.24999998509883878
0.0
0.12499998509883878
0.4999999999999999
0.0
0.0
0.4999999999999999
0.0
0.4999999999999999
0.0
0.0
0.0
0.4999999999999999
0.0
0.0
0.4999999999999999
0.24999998509883878
0.4999999999999999
0.0
0.0
0.0
0.0
0.4999999999999999
0.4999999999999999
0.24999998509883878
0.4999999999999999
0.4999999999999999
0.24999998509883878
0.4999999999999999
0.0
0.4999999999999999
0.0
0.0
0.0
0.4999999999999999
0.4999999999999999
0.0
0.4999999999999999
0.4999999999999999
0.4999999999999999
0.4999999999999999
0.4999999999999999
0.4999999999999999
0.24999998509883878
0.0
0.4999999999999999
0.4999999999999999
0.0
0.24999998509883878
0.4999999999999999
0.0
0.24999998509883878
0.4999999999999999
0.4999999999999999
0.24999998509883878
0.0
0.4999999999999999
0.4999999999999999
0.4999999999999999
0.4999999999999999
0.4999999999999999
0.4999999403953551
0.0
0.4999999999999999
0.4999999999999999
0.24999998509883878
0.24999998509883878
0.0
0.4999999999999999
0.4999999999999999
0.0
0.12499998509883878
0.4999999999999999
0.4999999999999999
0.0
0.24999998509883878
0.24999998509883878
0.0
0.4999999999999999
0.0
0.4999999999999999
0.24999998509883878
0.4999999999999999
0.4999999999999999
0.4999999999999999
0.4999999999999999
0.4999999999999999
0.0
0.0
0.0
0.4999999999999999
0.4999999999999999
0.24999998509883878
0.4999999999999999
0.24999998509883878
0.24999998509883878
0.0
0.4999999999999999
0.0
0.0
0.0
0.4999999999999999
0.4999999999999999
0.12499998509883878
0.0
0.0
0.0
0.0
0.0
0.4999999999999999
0.24999998509883878
0.4999999999999999
0.0
0.4999999999999999
0.24999998509883878
0.0
0.4999999999999999
0.4999999999999999
0.0
0.0
0.0
0.24999998509883878
0.24999998509883878
0.24999998509883878
0.24999998509883878
0.24999998509883878
0.0
0.4999999999999999
0.0
0.4999999999999999
0.0
0.4999999999999999
0.0
0.4999999999999999
0.0
0.4999999999999999
0.12499998509883878
0.0
0.4999999999999999
0.24999998509883878
0.0
0.0
0.0
0.0
0.4999999999999999
0.0
0.4999999999999999
0.0
0.24999998509883878
0.4999999999999999
0.0
0.0
0.4999999999999999
0.4999999999999999
0.0
0.4999999999999999
0.24999998509883878
0.0
0.12499998509883878
0.4999999999999999
0.4999999999999999
0.24999998509883878
0.4999999999999999
0.0
0.0
0.4999999999999999
0.0
0.24999998509883878
0.4999999999999999
0.0
0.4999999999999999
0.0
0.24999998509883878
0.24999998509883878
0.12499998509883878
0.4999999999999999
0.4999999999999999
0.4999999999999999
0.0
0.4999999999999999
0.4999999999999999
0.4999999999999999
0.4999999999999999
0.0
0.0
0.0
0.0
0.0
0.4999999999999999
0.4999999999999999
0.4999999999999999
0.4999999999999999
0.24999998509883878
0.4999999999999999
0.4999999999999999
0.4999999999999999
0.0
0.4999999999999999
0.0
0.24999998509883878
0.4999999999999999
0.4999999999999999
0.0
0.0
0.4999999999999999
0.4999999999999999
0.24999998509883878
0.4999999999999999
0.4999999999999999
0.4999999999999999
0.24999998509883878
0.0
0.4999999999999999
0.0
0.0
0.4999999999999999
0.0
0.4999999999999999
0.24999998509883878
0.0
0.4999999999999999
0.12499998509883878
0.24999998509883878
0.0
0.4999999999999999
0.4999999999999999
0.4999999999999999
0.4999999999999999
0.4999999999999999
0.4999999999999999
0.4999999999999999
0.0
0.24999998509883878
0.4999999999999999
0.4999999999999999
0.0
0.24999998509883878
0.0
0.0
0.0
0.0
0.4999999999999999
0.4999999999999999
0.4999999999999999
0.4999999999999999
0.4999999999999999
0.0
0.4999999999999999
0.0
0.4999999999999999
0.4999999999999999
0.4999999999999999
0.4999999999999999
0.0
0.24999998509883878
0.4999999999999999
0.4999999999999999
0.4999999999999999
0.0
0.4999999999999999
0.4999999999999999
0.4999999999999999
0.24999998509883878
0.4999999999999999
0.4999999999999999
0.4999999999999999
0.0
0.4999999999999999
0.0
0.4999999999999999
0.24999998509883878
0.4999999999999999
0.24999998509883878
0.4999999999999999
0.0
0.4999999999999999
0.4999999999999999
0.24999998509883878
0.4999999999999999
0.4999999999999999
0.24999998509883878
0.4999999999999999
0.4999999999999999
0.0
0.0
0.4999999999999999
0.0
0.4999999999999999
0.4999999999999999
0.4999999999999999
0.4999999999999999
0.0
0.4999999999999999
0.4999999999999999
0.4999999999999999
0.4999999999999999
0.24999998509883878
0.0
0.0
0.24999998509883878
0.4999999999999999
0.0
0.0
0.24999998509883878
0.4999999999999999
0.4999999999999999
0.4999999999999999
0.0
0.0
0.4999999999999999
0.0
0.0
0.24999998509883878
0.4999999999999999
0.4999999999999999
0.0
0.24999998509883878
0.4999999999999999
0.4999999999999999
0.0
0.4999999999999999
0.0
0.0
0.0
0.4999999999999999
0.0
0.4999999999999999
0.4999999999999999
0.4999999999999999
0.24999998509883878
0.0
0.4999999999999999
0.0
0.4999999999999999
0.4999999999999999
0.4999999999999999
0.4999999999999999
0.4999999999999999
0.4999999999999999
0.9999999403953551
0.0
0.4999999999999999
0.24999998509883878
0.0
0.0
0.4999999999999999
0.0
0.4999999999999999
0.4999999999999999
0.0
0.24999998509883878
0.4999999999999999
0.0
0.0
0.0
0.0
0.4999999999999999
0.4999999999999999
0.0
0.4999999999999999
0.0
0.4999999999999999
0.4999999999999999
0.0
0.4999999999999999
0.24999998509883878
0.0
0.12499998509883878
0.24999998509883878
0.4999999999999999
0.0
0.4999999999999999
0.4999999999999999
0.4999999999999999
0.0
0.0
0.0
0.4999999999999999
0.4999999999999999
0.0
0.0
0.24999998509883878
0.4999999999999999
0.4999999999999999
0.0
0.4999999999999999
0.4999999999999999
0.4999999999999999
0.0
0.0
0.4999999999999999
0.0
0.4999999999999999
0.24999998509883878
0.4999999999999999
0.4999999999999999
0.4999999999999999
0.4999999999999999
0.0
0.4999999999999999
0.24999998509883878
0.4999999999999999
0.4999999999999999
0.4999999999999999
0.4999999999999999
0.0
0.0
0.4999999999999999
0.0
0.0
0.4999999999999999
0.4999999999999999
0.4999999999999999
0.4999999999999999
0.0
0.24999998509883878
0.0
0.4999999999999999
0.0
0.4999999999999999
0.24999998509883878
0.0
0.4999999999999999
0.4999999999999999
0.4999999999999999
0.0
0.4999999999999999
0.24999998509883878
0.0
0.4999999999999999
0.4999999999999999
0.0
0.4999999999999999
0.0
0.4999999999999999
0.0
0.4999999999999999
0.4999999999999999
0.0
0.0
0.24999998509883878
0.0
0.4999999999999999
0.0
0.0
0.4999999999999999
0.4999999999999999
0.0
0.0
0.4999999999999999
0.0
0.4999999999999999
0.4999999999999999
0.4999999999999999
0.4999999999999999
0.0
0.4999999999999999
0.0
0.0
0.0
0.4999999999999999
0.4999999999999999
0.4999999999999999
0.0
0.24999998509883878
0.4999999999999999
0.4999999999999999
0.4999999999999999
0.4999999999999999
0.0
0.24999998509883878
0.4999999999999999
0.4999999999999999
0.4999999999999999
0.4999999999999999
0.0
0.4999999999999999
0.0
0.24999998509883878
0.0
0.4999999999999999
0.0
0.4999999999999999
0.24999998509883878
0.0
0.0
0.24999998509883878
0.4999999999999999
0.0
0.24999998509883878
0.4999999999999999
0.4999999999999999
0.0
0.4999999999999999
0.0
0.24999998509883878
0.0
0.0
0.4999999999999999
0.4999999999999999
0.4999999999999999
0.4999999999999999
0.4999999999999999
0.0
0.12499998509883878
0.4999999999999999
0.4999999999999999
0.4999999999999999
0.06249999254941939
0.0
0.4999999999999999
0.4999999999999999
0.0
0.0
0.0
0.4999999999999999
0.4999999999999999
0.0
0.0
0.0
0.4999999999999999
0.4999999999999999
0.24999998509883878
0.0
0.24999998509883878
0.0
0.0
0.4999999999999999
0.0
0.4999999999999999
0.4999999999999999
0.24999998509883878
0.0
0.0
0.0
0.4999999999999999
0.4999999999999999
0.4999999999999999
0.4999999999999999
0.4999999999999999
0.0
0.12499998509883878
0.4999999999999999
0.0
0.4999999999999999
0.4999999999999999
0.49999997019767756
0.06249999254941939
0.0
0.0
0.0
0.4999999999999999
0.4999999999999999
0.4999999999999999
0.0
0.0
0.4999999999999999
0.0
0.24999998509883878
0.0
0.24999998509883878
0.0
0.4999999999999999
0.4999999999999999
0.12499998509883878
0.4999999999999999
0.24999998509883878
0.0
0.4999999999999999
0.24999998509883878
0.0
0.4999999999999999
0.4999999403953551
0.0
0.24999998509883878
0.24999998509883878
0.4999999999999999
0.4999999999999999
0.0
0.4999999999999999
0.4999999999999999
0.4999999999999999
0.4999999999999999
0.4999999999999999
0.24999998509883878
0.4999999999999999
0.0
0.4999999999999999
0.4999999999999999
0.0
0.0
0.4999999999999999
0.0
0.0
0.4999999999999999
0.0
0.4999999999999999
0.4999999999999999
0.0
0.0
0.4999999999999999
0.4999999999999999
0.24999998509883878
0.4999999999999999
0.24999998509883878
0.0
0.0
0.0
0.4999999999999999
0.4999999999999999
0.4999999999999999
0.24999998509883878
0.24999998509883878
0.4999999999999999
0.4999999999999999
0.0
0.4999999999999999
0.0
0.4999999999999999
0.0
0.24999998509883878
0.0
0.0
0.4999999999999999
0.4999999999999999
0.4999999999999999
0.4999999999999999
0.0
0.0
0.0
0.4999999999999999
0.4999999999999999
0.24999998509883878
0.0
0.4999999999999999
0.24999998509883878
0.0
0.4999999999999999
0.4999999999999999
0.24999998509883878
0.4999999999999999
0.4999999999999999
0.0
0.4999999999999999
0.24999998509883878
0.4999999999999999
0.4999999999999999
0.0
0.4999999999999999
0.4999999999999999
0.4999999999999999
0.0
0.4999999999999999
0.4999999999999999
0.0
0.0
0.0
0.24999998509883878
0.4999999999999999
0.4999999999999999
0.4999999999999999
0.0
0.0
0.4999999999999999
0.24999998509883878
0.4999999999999999
0.4999999999999999
0.4999999999999999
0.4999999999999999
0.0
0.24999998509883878
0.0
0.4999999999999999
0.4999999999999999
0.4999999999999999
0.24999998509883878
0.4999999999999999
0.0
0.4999999999999999
0.4999999999999999
0.0
0.4999999999999999
0.4999999999999999
0.24999998509883878
0.24999998509883878
0.4999999999999999
0.24999998509883878
0.4999999999999999
0.24999998509883878
0.0
0.0
0.0
0.0
0.4999999999999999
0.0
0.0
0.4999999999999999
0.0
0.4999999999999999
0.4999999999999999
0.0
0.0
0.9999999403953551
0.0
0.4999999999999999
0.0
0.4999999999999999
0.4999999999999999
0.4999999999999999
0.4999999999999999
0.24999998509883878
0.4999999999999999
0.4999999999999999
0.4999999999999999
0.0
0.0
0.4999999999999999
0.4999999999999999
0.4999999999999999
0.0
0.4999999999999999
0.4999999999999999
0.0
0.0
0.24999998509883878
0.0
0.0
0.4999999999999999
0.4999999999999999
0.4999999999999999
0.0
0.4999999999999999
0.4999999999999999
0.4999999999999999
0.0
0.4999999999999999
0.4999999999999999
0.4999999999999999
0.4999999999999999
0.4999999999999999
0.4999999999999999
0.4999999999999999
0.4999999999999999
0.4999999999999999
0.9999999403953551
0.4999999999999999
0.4999999999999999
0.0
0.0
0.12499998509883878
0.4999999999999999
0.4999999999999999
0.0
0.4999999999999999
0.4999999999999999
0.4999999999999999
0.0
0.4999999999999999
0.4999999999999999
0.4999999999999999
0.0
0.4999999999999999
0.4999999999999999
0.4999999999999999
0.0
0.0
0.4999999999999999
0.4999999999999999
0.4999999999999999
0.0
0.0
0.24999998509883878
0.4999999999999999
0.4999999999999999
0.0
0.4999999999999999
0.0
0.4999999999999999
0.0
0.0
0.4999999999999999
0.4999999999999999
0.24999998509883878
0.0
0.4999999999999999
0.4999999999999999
0.4999999999999999
0.4999999999999999
0.4999999999999999
0.4999999999999999
0.0
0.4999999999999999
0.4999999999999999
0.4999999999999999
0.4999999999999999
0.24999998509883878
0.4999999999999999
0.4999999999999999
0.4999999999999999
0.4999999999999999
0.4999999999999999
0.4999999999999999
0.0
0.0
0.4999999999999999
0.4999999999999999
0.24999998509883878
0.4999999999999999
0.4999999999999999
0.4999999999999999
0.24999998509883878
0.4999999999999999
0.0
0.4999999999999999
0.4999999999999999
0.4999999999999999
0.4999999999999999
0.0
0.0
0.4999999999999999
0.0
0.0
0.4999999999999999
0.4999999999999999
0.0
0.4999999999999999
0.24999998509883878
0.24999998509883878
0.4999999999999999
0.4999999999999999
0.4999999999999999
0.4999999999999999
0.4999999999999999
0.4999999999999999
0.4999999999999999
0.0
0.4999999999999999
0.0
0.4999999999999999
0.24999998509883878
0.4999999999999999
0.0
0.4999999999999999
0.4999999999999999
0.0
0.4999999999999999
0.4999999999999999
0.4999999999999999
0.4999999999999999
0.4999999999999999
0.0
0.0
0.0
0.4999999999999999
0.4999999999999999
0.0
0.4999999999999999
0.4999999999999999
0.4999999999999999
0.24999998509883878
0.4999999999999999
0.0
0.4999999999999999
0.4999999999999999
0.0
0.0
0.0
0.24999998509883878
0.4999999999999999
0.4999999999999999
0.4999999999999999
0.0
0.0
0.0
0.4999999999999999
0.4999999999999999
0.4999999999999999
0.4999999999999999
0.4999999999999999
0.4999999999999999
0.4999999999999999
0.4999999999999999
0.0
0.4999999999999999
0.24999998509883878
0.4999999999999999
0.4999999999999999
0.4999999999999999
0.0
0.4999999999999999
0.4999999999999999
0.0
0.4999999999999999
0.4999999999999999
0.0
0.4999999999999999
0.4999999999999999
0.4999999999999999
0.24999998509883878
0.4999999999999999
0.4999999999999999
0.24999998509883878
0.4999999999999999
0.24999998509883878
0.0
0.4999999999999999
0.0
0.0
0.4999999999999999
0.0
0.4999999999999999
0.4999999999999999
0.4999999999999999
0.4999999999999999
0.4999999999999999
0.4999999999999999
0.4999999999999999
0.4999999999999999
0.4999999999999999
0.0
0.24999998509883878
0.4999999999999999
0.0
0.0
0.4999999999999999
0.4999999999999999
0.4999999999999999
0.0
0.4999999999999999
0.4999999999999999
0.4999999999999999
0.4999999999999999
0.4999999999999999
0.4999999999999999
0.4999999999999999
0.4999999999999999
0.4999999999999999
0.0
0.0
0.4999999999999999
0.0
0.4999999999999999
0.4999999999999999
0.4999999999999999
0.4999999999999999
0.0
0.0
0.4999999999999999
0.4999999999999999
0.12499998509883878
0.4999999999999999
0.4999999999999999
0.24999998509883878
0.4999999999999999
0.0
0.24999998509883878
0.4999999999999999
0.0
0.0
0.4999999999999999
0.4999999999999999
0.0
0.24999998509883878
0.0
0.0
0.4999999999999999
0.24999998509883878
0.0
0.4999999999999999
0.0
0.4999999999999999
0.4999999999999999
0.0
0.0
0.0
0.0
0.4999999999999999
0.4999999999999999
0.0
0.4999999999999999
0.0
0.4999999999999999
0.0
0.4999999999999999
0.24999998509883878
0.0
0.0
0.4999999999999999
0.4999999999999999
0.9999999403953551
0.0
0.4999999999999999
0.4999999999999999
0.4999999999999999
0.4999999999999999
0.0
0.24999998509883878
0.0
0.4999999999999999
0.4999999999999999
0.24999998509883878
0.0
0.4999999999999999
0.4999999999999999
0.0
0.24999998509883878
0.0
0.4999999999999999
0.4999999999999999
0.0
0.4999999999999999
0.4999999999999999
0.4999999999999999
0.24999998509883878
0.0
0.4999999999999999
0.4999999999999999
0.0
0.4999999999999999
0.24999998509883878
0.24999998509883878
0.4999999999999999
0.4999999999999999
0.4999999999999999
0.0
0.4999999999999999
0.4999999999999999
0.4999999999999999
0.4999999999999999
0.4999999999999999
0.4999999999999999
0.4999999999999999
0.24999998509883878
0.24999998509883878
0.4999999999999999
0.4999999999999999
0.4999999999999999
0.0
0.4999999999999999
0.4999999999999999
0.4999999999999999
0.0
0.4999999999999999
0.4999999999999999
0.4999999999999999
0.4999999999999999
0.4999999999999999
0.4999999999999999
0.4999999999999999
0.0
0.4999999999999999
0.0
0.4999999999999999
0.4999999999999999
0.4999999999999999
0.0
0.4999999999999999
0.4999999999999999
0.4999999999999999
0.4999999999999999
0.0
0.4999999999999999
0.4999999999999999
0.0
0.0
0.4999999999999999
0.4999999999999999
0.4999999999999999
0.4999999999999999
0.4999999999999999
0.4999999999999999
0.24999998509883878
0.0
0.4999999999999999
0.4999999999999999
0.4999999999999999
0.4999999999999999
0.4999999999999999
0.4999999999999999
0.4999999999999999
0.4999999999999999
0.4999999999999999
0.4999999999999999
0.4999999999999999
0.0
0.4999999999999999
0.0
0.24999998509883878
0.4999999999999999
0.4999999999999999
0.4999999999999999
0.4999999999999999
0.9999999403953551
0.0
0.4999999999999999
0.4999999999999999
0.4999999999999999
0.4999999999999999
0.4999999999999999
0.4999999999999999
0.0
0.4999999999999999
0.4999999999999999
0.24999998509883878
0.4999999999999999
0.0
0.4999999999999999
0.4999999999999999
0.4999999999999999
0.0
0.0
0.0
0.4999999999999999
0.4999999999999999
0.4999999999999999
0.4999999999999999
0.4999999999999999
0.4999999999999999
0.4999999999999999
0.4999999999999999
0.0
0.4999999999999999
0.4999999999999999
0.4999999999999999
0.0
0.4999999999999999
0.4999999999999999
0.4999999999999999
0.4999999999999999
0.0
0.4999999999999999
0.4999999999999999
0.4999999999999999
0.4999999999999999
0.0
0.24999998509883878
0.4999999999999999
0.4999999999999999
0.4999999999999999
0.0
0.4999999999999999
0.4999999999999999
0.4999999999999999
0.4999999999999999
0.4999999999999999
0.24999998509883878
0.4999999999999999
0.0
0.0
0.4999999999999999
0.0
0.4999999999999999
0.4999999999999999
0.4999999999999999
0.4999999999999999
0.4999999999999999
0.4999999999999999
0.4999999999999999
0.0
0.4999999999999999
0.4999999999999999
0.24999998509883878
0.4999999999999999
0.4999999999999999
0.4999999999999999
0.4999999999999999
0.24999998509883878
0.4999999999999999
0.0
0.24999998509883878
0.4999999999999999
0.4999999999999999
0.4999999999999999
0.24999998509883878
0.0
0.4999999999999999
0.4999999999999999
0.4999999999999999
0.4999999999999999
0.4999999999999999
0.4999999999999999
0.0
0.4999999999999999
0.4999999999999999
0.4999999999999999
0.4999999999999999
0.4999999999999999
0.4999999999999999
0.4999999999999999
0.4999999999999999
0.4999999999999999
0.0
0.0
0.4999999999999999
0.0
0.4999999999999999
0.24999998509883878
0.0
0.4999999999999999
0.4999999999999999
0.4999999999999999
0.4999999999999999
0.24999998509883878
0.4999999999999999
0.4999999999999999
0.4999999999999999
0.4999999999999999
0.4999999999999999
0.24999998509883878
0.4999999999999999
0.4999999999999999
0.0
0.0
0.0
0.0
0.4999999999999999
0.4999999999999999
0.0
0.4999999999999999
0.0
0.0
0.24999998509883878
0.4999999999999999
0.0
0.4999999999999999
0.4999999999999999
0.4999999999999999
0.0
0.4999999999999999
0.4999999999999999
0.0
0.0
0.0
0.4999999999999999
0.4999999999999999
0.4999999999999999
0.0
0.4999999999999999
0.0
0.0
0.4999999999999999
0.0
0.4999999999999999
