17
32
44
57
72
90
104
119
136
150
161
179
197
212
227
240
257
275
292
312
327
338
350
371
385
406
420
435
452
469
480
493
506
521
533
545
562
578
597
617
634
646
660
675
690
707
720
732
745
765
782
798
815
832
846
859
874
890
907
924
939
950
967
979
991
1006
1019
1039
1061
1077
1088
1110
1120
1131
1145
1161
1172
1188
1203
1217
1234
1251
1262
1279
1300
1318
1331
1344
1360
1376
1389
1404
1420
1433
1448
1465
1480
1493
1510
1529
1545
1560
1573
1586
1598
1615
1627
1647
1661
1678
1697
1708
1717
1729
1742
1757
1773
1792
1806
1820
1833
1846
1860
1874
1894
1912
1926
1945
1960
1976
1994
2009
2033
2047
2068
2082
2092
2110
2129
2144
2159
2173
2187
2205
2224
2242
2253
2267
2282
2296
2311
2329
2341
2354
2366
2378
2390
2403
2419
2439
2457
2469
2482
2497
2510
2520
2537
2550
2565
2583
2598
2616
2633
2647
2661
2673
2689
2705
2720
2734
2748
2764
2785
2806
2818
2839
2854
2866
2882
2905
2920
2937
2956
2968
2986
