0.000000000000000000e+00
0.000000000000000000e+00
9.374997019767759843e-02
4.267765879631041925e-01
2.133882790803908747e-01
2.745872735977172505e-02
0.000000000000000000e+00
1.554647535085677823e-01
1.066941395401954373e-01
1.015624487772583961e-01
0.000000000000000000e+00
2.133882977068423947e-01
1.366037349216639718e-01
0.000000000000000000e+00
0.000000000000000000e+00
1.874999701976775845e-01
1.821382790803909024e-01
2.732074721716343801e-01
1.821383088827132901e-01
-3.441717799645970940e-09
5.361650139093398180e-03
2.133883088827132624e-01
0.000000000000000000e+00
1.600412428379058560e-01
3.749999105930327814e-01
1.562498975545167229e-02
0.000000000000000000e+00
0.000000000000000000e+00
9.938102914020417386e-03
2.133883070200681131e-01
0.000000000000000000e+00
3.124999254941939614e-02
3.124999068677425038e-02
0.000000000000000000e+00
3.124998882412909768e-02
6.249998509883879227e-02
0.000000000000000000e+00
3.124999441206454884e-02
0.000000000000000000e+00
9.152911603450773412e-03
2.288224175572392289e-03
0.000000000000000000e+00
3.109295666217803400e-01
9.374996460974213686e-02
9.152911603450773412e-03
5.334705486893652482e-02
1.072330400347709482e-02
0.000000000000000000e+00
0.000000000000000000e+00
3.124999441206454884e-02
1.830581575632095337e-02
6.249996812042797611e-02
3.393080784007906220e-02
0.000000000000000000e+00
5.334707349538802407e-02
2.680825069546699090e-03
2.133882939815520963e-01
1.249999701976775845e-01
1.834787279367446344e-01
5.334707349538802407e-02
6.249998509883879227e-02
0.000000000000000000e+00
5.361649673432110873e-03
0.000000000000000000e+00
0.000000000000000000e+00
1.249999627470970015e-01
0.000000000000000000e+00
1.249999720603227338e-01
1.600412130355834683e-01
0.000000000000000000e+00
1.830582134425639759e-02
3.124998094333364396e-02
0.000000000000000000e+00
3.124998509883879921e-02
0.000000000000000000e+00
7.165288925170897050e-02
5.334707349538802407e-02
0.000000000000000000e+00
4.687498137354850075e-02
0.000000000000000000e+00
5.792352952994405529e-02
9.152911603450773412e-03
3.124998230487107537e-02
3.661164082586765289e-02
3.124999332095201518e-02
9.152908809483049565e-03
1.406249441206455231e-01
6.249998137354843830e-02
4.687498416751623154e-02
3.661163896322249672e-02
2.088118083775042932e-01
0.000000000000000000e+00
0.000000000000000000e+00
1.874999403953551969e-01
1.072330027818679636e-02
6.249997951090334458e-02
0.000000000000000000e+00
1.830582600086927067e-02
1.249999776482581954e-01
5.334707722067831559e-02
2.499999701976775568e-01
8.042477071285246068e-03
2.133883088827132624e-01
3.661163710057734749e-02
2.133882641792297086e-01
0.000000000000000000e+00
0.000000000000000000e+00
0.000000000000000000e+00
1.862645151698915322e-09
6.249997392296790383e-02
3.906248509883879921e-02
5.334708094596862099e-02
2.133883088827132624e-01
1.072330027818679636e-02
0.000000000000000000e+00
0.000000000000000000e+00
5.361650604754685488e-03
0.000000000000000000e+00
1.066941469907760481e-01
4.687499254941939614e-02
9.152908809483049565e-03
1.249999701976775984e-01
6.249997764825819535e-02
0.000000000000000000e+00
6.786162778735159440e-02
4.687498265754429932e-02
0.000000000000000000e+00
0.000000000000000000e+00
3.661164268851279519e-02
5.334707722067831559e-02
0.000000000000000000e+00
2.133882995694875162e-01
0.000000000000000000e+00
1.821383237838744840e-01
0.000000000000000000e+00
9.374996181577442689e-02
0.000000000000000000e+00
0.000000000000000000e+00
8.002061396837233109e-02
3.124999441206454884e-02
1.821382790803909024e-01
4.687499254941939614e-02
0.000000000000000000e+00
1.072329701855778347e-02
3.124998696148394844e-02
5.361650604754685488e-03
1.830581761896609913e-02
2.133883088827132624e-01
7.812495343387125188e-03
0.000000000000000000e+00
1.830582320690154682e-02
2.680825302377342744e-03
0.000000000000000000e+00
0.000000000000000000e+00
2.133883088827132624e-01
0.000000000000000000e+00
1.249999850988387784e-01
0.000000000000000000e+00
5.361651536077260104e-03
0.000000000000000000e+00
2.087165415287017475e-02
1.066941469907760481e-01
0.000000000000000000e+00
1.158470395021140298e-01
0.000000000000000000e+00
2.133883237838744840e-01
6.249999441206455231e-02
0.000000000000000000e+00
0.000000000000000000e+00
6.249998456846449918e-02
0.000000000000000000e+00
0.000000000000000000e+00
3.200824782252311151e-01
0.000000000000000000e+00
0.000000000000000000e+00
0.000000000000000000e+00
5.361651070415972796e-03
1.562499301508068691e-02
2.133882939815520963e-01
7.322327792644499345e-02
3.109295666217803400e-01
0.000000000000000000e+00
3.642764389514922541e-01
2.133882511407123039e-01
6.249998509883879227e-02
1.830581575632094990e-02
1.874999552965163907e-01
0.000000000000000000e+00
1.433057943359017372e-01
1.066941395401954373e-01
1.562499441206454884e-02
0.000000000000000000e+00
1.249999552965163907e-01
4.267766773700713001e-01
0.000000000000000000e+00
