27
54
83
106
138
168
209
235
266
294
315
352
381
408
444
472
502
531
571
603
637
662
694
729
762
803
826
859
888
913
942
981
1012
1041
1073
1102
1136
1163
1188
1211
1239
1270
1299
1339
1372
1401
1439
1465
1494
1525
1560
1589
1613
1638
1670
1704
1725
1755
1783
1817
1845
1884
1913
1946
1978
2010
2034
2064
2093
2116
2145
2178
2206
2239
2271
2306
2341
2370
2395
2420
2457
2489
2516
2547
2581
2620
2651
2683
2717
2752
2782
2810
2843
2877
2912
2938
2970
2998
3028
3066
3097
3123
3151
3179
3216
3243
3266
3296
3324
3347
3378
3411
3446
3481
3513
3539
3567
3599
3625
3658
3688
3717
3744
3776
3811
3845
3884
3911
3943
3971
3996
4030
4056
4084
4118
4144
4177
4199
4229
4262
4284
4323
4350
4387
4417
4450
4487
4523
4556
4584
4616
4639
4662
4695
4717
4739
4769
4807
4829
4856
4895
4927
4956
4987
5020
5049
5077
5103
5130
5154
5187
5213
5241
5271
5307
5331
5355
5383
5415
5437
5457
5483
5513
5545
5569
5598
5627
5651
5676
5714
5738
5765
5800
5829
5864
5899
5923
5958
5989
6025
6052
6077
6103
6133
6167
6201
6231
6264
6289
6323
6347
6371
6398
6431
6464
6490
6520
6553
6582
6615
6642
6670
6700
6734
6759
6788
6815
6845
6872
6899
6931
6966
6992
7026
7047
7072
7107
7141
7169
7195
7236
7269
7297
7332
7371
7401
7430
7452
7486
7515
7546
7576
7611
7643
7682
7714
7746
7782
7815
7846
7881
7906
7938
7968
7994
8017
8040
8072
8101
8129
8154
8180
8213
8236
8262
8289
8316
8345
8372
8400
8423
8448
8472
8503
8542
8571
8604
8634
8664
8697
8723
8746
8776
8802
8833
8857
8890
8921
8953
8988
9012
9039
9063
9095
9122
9150
9174
9203
9232
9268
9294
9322
9354
9385
9415
9441
9465
9486
9508
9537
9562
9593
9620
9644
9670
9692
9719
9745
9778
9811
9843
9875
9908
9938
9970
9994
10017
10047
10080
10117
10144
10175
10196
10226
10253
10279
10303
10335
10364
10389
10416
10443
10475
10509
10537
10570
10602
10625
10655
10681
10709
10733
10765
10795
10815
10845
10866
10896
10928
10956
10978
11013
11036
11062
11093
11119
11150
11174
11195
11224
11254
11288
11320
11352
11383
11415
11441
11467
11491
11517
11544
11575
11603
11630
11657
11679
11707
11732
11765
11792
11820
11853
11877
11901
11935
11959
11984
12007
12036
12063
12089
12108
12143
12167
12197
12220
12244
12273
12299
12328
12364
12389
12415
12440
12463
12492
12517
12549
12572
12605
12633
12657
12678
12705
12732
12760
12793
12822
12851
12878
12909
12939
12974
12994
13019
13042
13076
13102
13135
13166
13188
13220
13248
13278
13303
13327
13358
13390
13413
13434
13458
13487
13523
13550
13579
13609
13633
13659
13688
13713
13748
13774
13810
13844
13873
13907
13937
13961
13990
14017
14044
14069
14104
14129
14154
14178
14205
14241
14264
14295
14327
14359
14385
14415
14436
14459
14497
14518
14547
14574
14599
14630
14657
14688
14717
14736
14766
14797
14822
14847
14880
14906
14938
14964
14990
15017
15035
15062
15087
15117
15145
15176
15207
15238
15265
15287
15320
15346
15373
15395
15425
15448
15476
15503
15532
15565
15589
15612
15638
15665
15696
15726
15755
15781
15806
15833
15860
15885
15909
15938
15959
15984
16012
16042
16069
16093
16119
16150
16172
16194
16222
16248
16273
16295
16325
16345
16366
16391
16418
16446
16471
16508
16535
16559
16591
16616
16648
16673
16703
16730
16753
16775
16799
16818
16837
16858
16886
16911
16931
16958
16982
17010
17038
17059
17084
17101
17128
17161
17186
17211
17243
17266
17289
17314
17343
17369
17400
17432
17453
17473
17494
17522
17552
17582
17606
17637
17665
17686
17707
17739
17774
17800
17824
17846
17875
17905
17932
17963
17987
18014
18039
18065
18095
18120
18154
18171
18205
18232
18260
18290
18310
18333
18359
18381
18408
18433
18459
18487
18515
18537
18566
18587
18613
18641
18667
18688
18714
18741
18766
18793
18820
18844
18863
18889
18912
18933
18961
18990
19016
19043
19072
19101
19128
19152
19179
19203
19226
19244
19272
19296
19318
19344
19371
19400
19427
19458
19482
19511
19535
19558
19579
19606
19635
19660
19686
19708
19734
19762
19793
19824
19851
19879
19905
19926
19946
19969
19992
20027
20049
20076
20102
20130
20157
20178
20205
20237
20259
20283
20309
20337
20360
20385
20411
20435
20458
20482
20510
20531
20557
20581
20607
20629
20651
20677
20702
20726
20744
20763
20788
20813
20836
20861
20889
20910
20934
20955
20980
21004
21031
21055
21078
21097
21123
21152
21176
21197
21224
21247
21267
21287
21313
21333
21358
21383
21411
21429
21454
21480
21503
21528
21552
21572
21597
21621
21643
21668
21693
21717
21746
21768
21791
21815
21847
21874
21900
21922
21946
21965
21989
22012
22037
22065
22091
22112
22135
22164
22192
22222
22245
22266
22292
22310
22335
22361
22387
22409
22428
22458
22477
22500
22526
22548
22572
22595
22623
22643
22659
22680
22705
22726
22742
22763
22786
22807
22829
22848
22877
22899
22922
22944
22970
22997
23021
23046
23072
23098
23124
23142
23161
23184
23206
23227
23256
23276
23297
23320
23343
23367
23387
23412
23437
23459
23481
23509
23537
23560
23587
23608
23628
23654
23676
23696
23714
23744
23770
23792
23815
23840
23864
23888
23913
23939
23965
23991
24017
24041
24064
24087
24109
24127
24147
24173
24196
24224
24248
24268
24297
24324
24343
24363
24385
24410
24434
24458
24485
24508
24531
24550
24576
24595
24618
24642
24663
24687
24711
24733
24759
24780
24804
24827
24847
24870
24892
24914
24935
24955
24973
24997
25019
25041
25067
25090
25115
25136
25157
25178
25203
25225
25248
25275
25294
25315
25338
25359
25379
25401
25418
25440
25462
25485
25509
25531
25550
25566
25590
25614
25634
25658
25679
25703
25728
25753
25776
25799
25822
25844
25867
25891
25913
25935
25957
25979
26001
26026
26042
26063
26090
26113
26138
26163
26180
26204
26228
26257
26280
26305
26330
26355
26376
26399
26423
26446
26467
26485
26506
26523
26545
26570
26591
26615
26637
26663
26685
26706
26734
26758
26775
26795
26820
26838
26861
26883
26909
26933
26955
26976
26998
27016
27040
27060
27082
27102
27126
27147
27165
27189
27212
27234
27254
27280
27303
27326
27343
27363
27384
27407
27427
27452
27472
27495
27519
27543
27563
27586
27608
27631
27654
27680
27702
27722
27745
27767
27790
27806
27829
27852
27872
27898
27920
27943
27962
27986
28005
28029
28050
28069
28091
28113
28131
28152
28176
28196
28218
28245
28274
28303
28328
28350
28372
28393
28412
28431
28453
28478
28501
28522
28542
28568
28587
28605
28623
28645
28667
28694
28714
28734
28756
28777
28796
28825
28846
28866
28888
28909
28929
28950
28972
28995
29013
29032
29052
29077
29094
29114
29136
29158
29180
29201
29226
29244
29260
29281
29305
29326
29348
29371
29395
29417
29439
29465
29489
29505
29521
29542
29561
29585
29605
29626
29649
29670
29692
29711
29735
29755
29774
29794
29814
29838
29860
29880
29905
29924
29948
29967
29988
30009
30028
30048
30067
30087
30108
30129
30148
30171
30190
30210
30230
30251
30273
30295
30318
30342
30371
30391
30410
30432
30457
30481
30503
30524
30544
30560
30579
30605
30628
30645
30667
30687
30709
30728
30750
30773
30793
30814
30842
30862
30883
30904
30922
30938
30962
30983
31003
31025
31047
31065
31090
31112
31138
31156
31181
31202
31223
31242
31260
31278
31302
31326
31346
31363
31386
31402
31421
31445
31465
31487
31517
31538
31559
31581
31605
31625
31644
31668
31685
31709
31732
31759
31777
31801
31820
31840
31863
31881
31902
31926
31944
31972
31989
32010
32028
32051
32072
32092
32117
32135
32156
32181
32205
32227
32248
32265
32283
32302
32321
32340
32358
32380
32401
32421
32441
32458
32483
32503
32521
32541
32560
32579
32596
32618
32637
32656
32675
32694
32720
32742
32761
32779
32796
32821
32842
32860
32880
32905
32928
32949
32968
32986
33007
33026
33050
33071
33092
33114
33136
33155
33173
33193
33210
33237
33260
33287
33306
33327
33345
33366
33387
33412
33438
33456
33477
33494
33515
33538
33557
33581
33602
33624
33641
33659
33677
33695
33714
33734
33751
33770
33791
33808
33831
33848
33869
33890
33912
33932
33952
33969
33990
34009
34033
34058
34075
34094
34117
34142
34162
34185
34204
34223
34243
34261
34279
34299
34318
34341
34363
34393
34414
34435
34455
34476
34496
34513
34535
34556
34577
34595
34616
34638
34655
34675
34695
34720
34738
34757
34777
34799
34820
34837
34854
34872
34892
34909
34926
34948
34966
34987
35005
35022
35042
35060
35076
35099
35117
35136
35156
35173
35195
35218
35236
35258
35278
35296
35315
35336
35356
35375
35397
35415
35436
35455
35474
35491
35513
35530
35552
35572
35590
35609
35627
35649
35670
35688
35706
35727
35746
35765
35785
35803
35824
35847
35867
35883
35906
35927
35947
35967
35985
36004
36022
36041
36062
36080
36101
36120
36138
36160
36177
36195
36213
36234
36255
36274
36290
36312
36329
36346
36366
36385
36407
36426
36444
36467
36490
36509
36527
36545
36568
36594
36614
36631
36650
36667
36688
36707
36727
36748
36765
36783
36805
36828
36847
36865
36886
36903
36921
36940
36962
36980
36999
37018
37035
37054
37074
37092
37111
37130
37149
37166
37181
37198
37221
37243
37260
37276
37292
37309
37331
37351
37371
37389
37404
37421
37440
37457
37476
37494
37512
37534
37551
37567
37585
37603
37623
37640
37656
37678
37695
37713
37732
37750
37770
37790
37808
37825
37844
37866
37884
37907
37924
37939
37957
37974
37996
38015
38032
38053
38071
38090
38112
38133
38150
38170
38188
38205
38226
38248
38268
38285
38306
38328
38347
38370
38395
38412
38430
38450
38470
38486
38505
38522
38541
38559
38577
38595
38614
38631
38648
38666
38687
38705
38724
38744
38765
38782
38800
38820
38838
38854
38875
38892
38913
38933
38948
38967
38986
39005
39024
39048
39065
39085
39105
39121
39137
39155
39172
39194
39210
39228
39245
39261
39278
39295
39315
39336
39355
39375
39394
39416
39433
39452
39469
39490
39511
39533
39549
39571
39593
39611
39631
39648
39664
39684
39703
39723
39741
39760
39783
39804
39825
39842
39860
39879
39895
39917
39935
39953
39969
39987
40009
40029
40049
40068
40087
40104
40121
40140
40161
40178
40198
40216
40235
40256
40277
40295
40318
40335
40354
40371
40388
40406
40423
40442
40457
40475
40494
40515
40534
40551
40569
40588
40605
40622
40638
40656
40676
40697
40718
40738
40760
40780
40801
40818
40838
40858
40878
40897
40922
40941
40958
40977
40994
41012
41032
41051
41068
41090
41108
41124
41145
41162
41182
41200
41217
41235
41256
41274
41292
41309
41329
41349
41369
41387
41405
41426
41443
41460
41481
41500
41517
41533
41553
41569
41591
41611
41627
41644
41662
41680
41699
41717
41734
41753
41772
41796
41814
41833
41850
41871
41890
41907
41924
41942
41961
41976
41992
42008
42029
42051
42071
42088
42109
42126
42144
42161
42180
42197
42215
42234
42252
42269
42285
42302
42320
42343
42367
42384
42403
42418
42434
42454
42474
42490
42509
42529
42550
42568
42591
42607
42625
42642
42659
42679
42695
42717
42734
42751
42769
42790
42810
42827
42848
42867
42886
42908
42926
42941
42960
42978
42995
43016
43033
43056
43075
43090
43108
43129
43147
43165
43183
43201
43220
43237
43254
43272
43290
43307
43324
43341
43359
43380
43400
43416
43433
43450
43466
43487
43506
43525
43544
43562
43578
43596
43614
43633
43650
43667
43685
43701
43720
43736
43752
43770
43790
43807
43826
43843
43861
43879
43899
43916
43938
43956
43972
43988
44006
44027
44043
44060
44077
44098
44117
44134
44150
44167
44185
44203
44220
44237
44256
44275
44293
44311
44328
44345
44364
44385
44404
44421
44439
44456
44472
44490
44507
44527
44544
44560
44575
44592
44612
44630
44649
44670
44686
44704
44722
44740
44756
44775
44796
44811
44830
44847
44865
44885
44900
44917
44932
44950
44966
44981
44998
45014
45035
45053
45072
45093
45113
45131
45148
45166
45185
45204
45220
45236
45252
45269
45288
45310
45326
45347
45362
45378
45395
45413
45431
45448
45466
45487
45508
45526
45542
45559
45581
45596
45613
45631
45649
45665
45684
45703
45721
45739
45757
45776
45793
45813
45829
45847
45867
45884
45900
45916
45931
45947
45967
45985
46006
46023
46044
46062
46080
46096
46112
46129
46146
46162
46178
46197
46218
46238
46256
46276
46294
46310
46329
46347
46364
46379
46397
46414
46432
46449
46468
46486
46504
46523
46539
46554
46572
46589
46605
46624
46643
46660
46680
46699
46717
46736
46753
46771
46791
46810
46828
46848
46864
46882
46900
46917
46935
46953
46971
46990
47006
47022
47045
47066
47087
47106
47126
47144
47161
47178
47195
47215
47230
47245
47260
47280
47298
47313
47328
47347
47364
47382
47400
47420
47441
47460
47479
47497
47515
47534
47549
47565
47584
47602
47621
47636
47653
47669
47686
47702
47718
47735
47752
47770
47786
47805
47822
47839
47855
47871
47888
47905
47922
47943
47960
47976
47994
48011
48028
48045
48062
48079
48095
48112
48131
48152
48168
48186
48203
48218
48235
48252
48268
48285
48301
48317
48333
48350
48367
48383
48399
48416
48431
48447
48464
48479
48495
48515
48533
48551
48568
48586
48604
48619
48636
48653
48669
48684
48701
48716
48734
48752
48769
48785
48802
48817
48834
48852
48868
48883
48901
48916
48935
48953
48969
48987
49006
49021
49037
49054
49071
49086
49107
49123
49141
49160
49175
49193
49209
49224
49240
49259
49275
49293
49309
49326
49344
49362
49380
49396
49412
49429
49444
49461
49483
49500
49519
49538
49553
49568
49584
49603
49619
49636
49652
49668
49685
49705
49722
49739
49757
49773
49792
49807
49827
49842
49858
49875
49892
49908
49923
49939
49956
49973
49992
50007
50025
50044
50060
50075
50090
50108
50125
50141
50156
50173
50191
50206
50223
50241
50259
50279
50296
50313
50331
50348
50366
50383
50400
50417
50434
50451
50467
50486
50503
50523
50540
50557
50573
50591
50606
50625
50641
50658
50673
50692
50712
50732
50750
50766
50785
50803
50819
50836
50852
50872
50888
50906
50923
50940
50961
50979
50994
51010
51025
51041
51059
51076
51093
51111
51129
51145
51166
51184
51201
51219
51236
51253
51271
51289
51307
51323
51339
51354
51371
51389
51406
51422
51438
51459
51475
51493
51511
51530
51546
51562
51580
51601
51619
51635
51654
51669
51686
51705
51721
51737
51752
51767
51782
51798
51813
51830
51848
51865
51880
51896
51912
51931
51947
51963
51981
51997
52014
52035
52050
52065
52082
52100
52115
52131
52148
52165
52181
52200
52216
52232
52252
52268
52285
52302
52322
52337
52353
52368
52388
52403
52421
52439
52458
52474
52490
52507
52525
52541
52558
52574
52594
52611
52627
52642
52658
52674
52691
52706
52721
52736
52755
52772
52789
52805
52821
52838
52854
52870
52885
52903
52921
52937
52953
52969
52986
53002
53018
53037
53055
53071
53089
53107
53125
53144
53162
53179
53198
53214
53232
53248
53264
53282
53297
53313
53328
53344
53361
53378
53393
53410
53426
53443
53459
53476
53493
53508
53525
53541
53558
53573
53588
53605
53622
53637
53654
53670
53687
53704
53720
53740
53756
53775
53791
53807
53826
53845
53861
53876
53893
53911
53926
53943
53961
53978
53994
54010
54027
54043
54058
54073
54089
54105
54120
54137
54154
54169
54186
54201
54216
54233
54249
54268
54283
54299
54317
54334
54352
54371
54387
54402
54419
54436
54452
54468
54484
54499
54516
54532
54549
54564
54580
54596
54611
54629
54645
54661
54678
54694
54711
54728
54744
54761
54776
54794
54810
54825
54843
54863
54878
54894
54909
54927
54942
54960
54975
54992
55008
55023
55039
55054
55071
55086
55102
55117
55132
55150
55168
55184
55201
55217
55233
55252
55269
55285
55306
55321
55338
55354
55372
55388
55405
55422
55437
55453
55468
55485
55500
55517
55535
55550
55566
55587
55603
55620
55637
55652
55669
55687
55703
55718
55735
55751
55767
55785
55801
55820
55835
55850
55867
55883
55900
55918
55933
55949
55966
55985
56002
56018
56035
56050
56067
56082
56099
56114
56130
56146
56163
56180
56195
56210
56229
56245
56262
56277
56295
56314
56331
56347
56362
56377
56392
56410
56426
56442
56458
56476
56493
56509
56526
56542
56560
56575
56591
56607
56625
56642
56658
56676
56692
56707
56722
56739
56754
56770
56785
56801
56818
56834
56851
56866
56883
56901
56917
56932
56951
56968
56984
57000
57015
57032
57049
57068
57085
57100
57118
57134
57151
57168
57185
57203
57219
57236
57253
57268
57284
57300
57316
57332
57347
57365
57380
57397
57412
57427
57443
57460
57476
57495
57510
57525
57541
57558
57573
57589
57604
57619
57636
57651
57666
57682
57700
57719
57736
57752
57769
57785
57800
57815
57831
57848
57865
57883
57901
57916
57931
57946
57962
57980
57996
58013
58030
58048
58063
58079
58094
58109
58125
58144
58159
58176
58193
58208
58223
58238
58257
58273
58288
58304
58319
58335
58350
58367
58382
58397
58413
58429
58444
58461
58476
58491
58507
58523
58539
58555
58571
58587
58602
58618
58635
58650
58665
58681
58699
58714
58731
58747
58768
58783
58798
58814
58831
58847
58864
58879
58894
58909
58926
58943
58958
58975
58992
59007
59023
59039
59054
59069
59085
59103
59120
59138
59154
59172
59188
59206
59222
59239
59260
59277
59293
59309
59325
59341
59356
59371
59387
59405
59420
59436
59451
59467
59483
59499
59515
59530
59546
59563
59579
59596
59613
59628
59644
59659
59675
59692
59707
59723
59741
59758
59773
59791
59807
59823
59841
59856
59872
59887
59903
59918
59933
59948
59965
59980
59995
60010
60027
60043
60059
60075
60090
60106
60121
60138
60154
60169
60185
60201
60217
60233
60249
60267
60285
60301
60317
60332
60347
60364
60381
60396
60412
60427
60443
60458
60473
60489
60505
60524
60541
60558
60575
60591
60606
60621
60639
60654
60672
60687
60702
60721
60736
60751
60767
60784
60799
60814
60830
60846
60861
60878
60894
60910
60927
60943
60958
60975
60991
61008
61024
61040
61055
61070
61087
61103
61122
61140
61155
61171
61188
61204
61219
61235
61251
61269
61288
61304
61320
61335
61350
61367
61384
61400
61417
61432
61448
61464
61480
61496
61512
61527
61542
61559
61576
61592
61607
61622
61637
61652
61668
61684
61701
61716
61733
61750
61767
61786
61803
61819
61835
61851
61866
61881
61898
61915
61930
61946
61962
61977
61993
62008
62024
62040
62055
62070
62085
62101
62116
62133
62150
62166
62182
62201
62216
62232
62247
62264
62279
62295
62312
62329
62347
62363
62379
62395
62410
62425
62442
62465
62480
62495
62510
62525
62542
62557
62574
62589
62606
62623
62638
62654
62671
62688
62704
62720
62737
62754
62770
62788
62804
62821
62836
62851
62866
62881
62897
62912
62927
62942
62958
62974
62991
63008
63025
63040
63055
63070
63087
63103
63119
63137
63152
63167
63184
63199
63217
63233
63251
63268
63283
63299
63316
63331
63346
63364
63382
63399
63414
63429
63444
63459
63475
63490
63506
63523
63538
63555
63570
63586
63601
63617
63639
63655
63670
63685
63700
63717
63733
63748
63764
63780
63796
63812
63828
63846
63861
63877
63892
63907
63924
63939
63955
63971
63988
64003
64019
64035
64052
64068
64084
64099
64115
64132
64147
64163
64178
64196
64211
64229
64244
64259
64274
64289
64306
64324
64341
64357
64372
64387
64402
64421
64437
64453
64471
64486
64503
64521
64538
64553
64568
64585
64603
64620
64636
64652
64667
64682
64697
64712
64727
64744
64760
64776
64791
64807
64825
64841
64857
64873
64889
64904
64921
64936
64951
64966
64982
64998
65016
65033
65049
65064
65080
65099
65116
65133
65148
65165
65181
65196
65211
65228
65244
65259
65275
65290
65306
65321
65338
65354
65370
65386
65401
65416
65432
65448
65464
65481
65496
65512
65529
65544
65560
65577
65592
65607
65623
65638
65653
65668
65683
65698
65715
65730
65746
65761
65777
65793
65808
65824
65839
65854
65871
65888
65904
65919
65934
65951
65966
65983
65999
66014
66029
66047
66063
66079
66095
66111
66126
66142
66157
66172
66189
66205
66221
66237
66252
66267
66284
66301
66318
66333
66349
66364
66380
66396
66412
66428
66443
66460
66476
66495
66510
66525
66541
66557
66574
66591
66606
66621
66636
66651
66666
66681
66699
66715
66731
66746
66762
66778
66794
66810
66827
66842
66857
66872
66887
66902
66917
66933
66948
66964
66984
67000
67016
67031
67046
67061
67077
67092
67107
67123
67139
67154
67171
67186
67202
67217
67233
67248
67264
67279
67294
67310
67326
67341
67356
67373
67388
67403
67418
67434
67451
67468
67484
67500
67516
67532
67547
67563
67578
67593
67610
67625
67643
67658
67674
67689
67705
67720
67736
67753
67770
67786
67803
67819
67836
67851
67866
67881
67897
67912
67928
67943
67958
67973
67989
68004
68019
68035
68051
68066
68083
68099
68115
68130
68146
68161
68176
68191
68206
68221
68237
68255
68271
68287
68303
68318
68335
68351
68367
68384
68401
68416
68432
68447
68464
68481
68497
68512
68527
68544
68561
68576
68592
68607
68622
68637
68652
68668
68684
68699
68714
68729
68745
68761
68776
68792
68807
68822
68837
68853
68869
68884
68900
68917
68932
68948
68963
68978
68994
69010
69026
69041
69056
69071
69087
69103
69119
69135
69151
69166
69181
69198
69213
69229
69244
69259
69275
69292
69307
69323
69340
69355
69370
69385
69401
69416
69431
69447
69462
69478
69493
69508
69524
69539
69554
69572
69588
69604
69620
69635
69650
69667
69683
69698
69714
69731
69748
69763
69778
69795
69811
69827
69842
69857
69873
69890
69905
69920
69935
69950
69966
69983
69998
70015
70033
70048
70064
70079
70094
70109
70124
70140
70155
70173
70188
70204
70219
70234
70249
70265
70280
70295
70311
70326
70342
70359
70375
70391
70406
70422
70438
70453
70470
70486
70502
70517
70532
70547
70562
70577
70593
70608
70624
70639
70655
70670
70687
70703
70719
70734
70749
70765
70780
70796
70811
70826
70841
70857
70872
70887
70902
70917
70932
70948
70966
70981
70996
71012
71030
71046
71061
71077
71092
71107
71122
71137
71153
71168
71183
71199
71214
71229
71245
71261
71277
71293
71310
71327
71342
71358
71373
71388
71404
71420
71435
71451
71466
71481
71496
71513
71529
71546
71561
71577
71592
71609
71624
71639
71654
71670
71686
71703
71719
71737
71752
71767
71782
71798
71813
71828
71844
71860
71875
71891
71906
71922
71937
71952
71969
71984
72000
72015
72030
72046
72061
72076
72091
72107
72124
72139
72155
72172
72187
72202
72217
72232
72248
72263
72278
72293
72309
72324
72339
72354
72370
72386
72401
72418
72433
72448
72463
72478
72493
72510
72525
72540
72555
72570
72585
72602
72617
72633
72648
72663
72679
72695
72710
72726
72742
72758
72773
72789
72804
72819
72834
72849
72864
72879
72894
72911
72926
72941
72957
72972
72988
73003
73019
73034
73049
73065
73080
73096
73112
73127
73142
73158
73173
73188
73203
73220
73235
73251
73266
73282
73297
73314
73329
73344
73360
73375
73391
73406
73422
73438
73453
73468
73483
73498
73513
73528
73543
73559
73574
73589
73607
73622
73638
73654
73670
73686
73703
73718
73733
73749
73764
73779
73794
73809
73824
73841
73856
73871
73886
73901
73916
73931
73947
73963
73979
73994
74010
74025
74040
74055
74071
74087
74102
74117
74132
74147
74163
74178
74193
74208
74223
74238
74253
74269
74284
74300
74315
74330
74347
74362
74378
74393
74408
74424
74439
74454
74469
74484
74499
74515
74530
74546
74562
74578
74593
74608
74624
74640
74655
74671
74688
74703
74718
74733
74748
74763
74778
74793
74808
74825
74841
74857
74873
74888
74903
74919
74934
74949
74965
74981
74996
75011
75027
75043
75060
75075
75090
75106
75121
75136
75151
75167
75182
75197
75213
75228
75243
75259
75274
75290
75305
75320
75335
75350
75365
75380
75395
75410
75425
75440
75455
75473
75488
75503
75518
75533
75548
75563
75578
75593
75609
75624
75639
75654
75669
75685
75700
75716
75732
75747
75762
75777
75792
75807
75822
75837
75854
75869
75884
75901
75917
75932
75949
75965
75982
75997
76012
76028
76043
76058
76073
76090
76106
76122
76138
76153
76169
76185
76200
76215
76230
76245
76260
76275
76290
76305
76320
76335
76351
76368
76384
76400
76416
76433
76449
76464
76479
76494
76510
76526
76543
76558
76573
76590
76605
76621
76636
76651
76666
76681
76696
76711
76726
76742
76759
76776
76791
76806
76821
76836
76852
76867
76882
76897
76912
76927
76942
76957
76972
76987
77002
77017
77033
77048
77063
77078
77093
77108
77123
77138
77154
77170
77185
77200
77215
77231
77246
77262
77277
77292
77307
77323
77339
77355
77370
77385
77400
77418
77433
77448
77463
77478
77493
77508
77523
77538
77553
77568
77583
77598
77614
77629
77644
77659
77675
77690
77706
77721
77737
77752
77768
77784
77799
77814
77829
77846
77861
77876
77891
77906
77921
77937
77953
77968
77983
77998
78015
78030
78045
78061
78077
78092
78108
78123
78138
78153
78170
78185
78202
78218
78234
78251
78267
78282
78297
78312
78327
78342
78357
78373
78389
78405
78421
78436
78451
78466
78481
78496
78513
78528
78543
78558
78575
78591
78606
78622
78638
78653
78668
78683
78699
78715
78731
78746
78762
78777
78792
78807
78823
78838
78855
78870
78886
78903
78918
78933
78948
78963
78979
78994
79009
79024
79039
79054
79069
79085
79103
79118
79133
79149
79164
79180
79196
79211
79226
79241
79256
79271
79286
79301
79317
79335
79350
79365
79380
79395
79410
79425
79440
79455
79471
79486
79502
79517
79532
79548
79563
79578
79593
79611
79627
79642
79657
79672
79688
79703
79718
79734
79750
79765
79780
79795
79811
79826
79841
79856
79871
79887
79902
79919
79934
79950
79965
79980
79995
80010
80026
80041
80056
80072
80088
80103
80119
80135
80150
80166
80182
80198
80214
80229
80244
80259
80274
80289
80306
80321
80338
80353
80368
80384
80400
80415
80430
80445
80460
80475
80492
80507
80522
80537
80553
80569
80584
80599
80614
80629
80644
80660
80675
80690
80705
80720
80735
80750
80765
80780
80795
80810
80825
80840
80855
80870
80885
80900
80915
80930
80945
80960
80975
80991
81008
81023
81038
81053
81068
81083
81099
81114
81129
81144
81160
81175
81191
81207
81222
81238
81255
81270
81285
81301
81316
81331
81347
81362
81379
81394
81410
81426
81441
81456
81472
81488
81503
81518
81534
81549
81564
81579
81594
81609
81624
81639
81654
81669
81684
81699
81714
81729
81744
81759
81774
81790
81806
81821
81836
81851
81868
81884
81901
81916
81931
81947
81962
81977
81993
82009
82026
82041
82058
82074
82089
82104
82120
82135
82151
82166
82181
82196
82212
82227
82243
82258
82273
82288
82303
82319
82334
82349
82364
82379
82394
82411
82426
82441
82457
82472
82487
82503
82518
82533
82548
82563
82579
82594
82610
82625
82640
82655
82670
82685
82700
82716
82731
82746
82761
82776
82791
82806
82822
82837
82853
82869
82884
82899
82914
82929
82944
82959
82974
82991
83006
83021
83036
83051
83066
83081
83096
83111
83126
83141
83156
83173
83188
83203
83219
83234
83250
83265
83280
83296
83311
83326
83341
83357
83372
83387
83402
83419
83435
83450
83466
83481
83496
83512
83527
83542
83558
83574
83589
83604
83619
83634
83649
83665
83680
83695
83710
83725
83741
83756
83771
83786
83801
83817
83832
83848
83864
83881
83897
83913
83928
83943
83958
83973
83990
84005
84020
84035
84052
84068
84084
84099
84114
84129
84144
84159
84175
84190
84206
84222
84239
84254
84269
84285
84300
84315
84330
84345
84360
84375
84390
84406
84421
84436
84451
84466
84481
84496
84511
84526
84543
84558
84574
84590
84605
84621
84636
84651
84666
84681
84696
84711
84728
84743
84759
84774
84790
84806
84821
84837
84853
84868
84883
84898
84913
84928
84944
84959
84974
84989
85004
85019
85034
85049
85064
85080
85095
85110
85125
85141
85157
85172
85188
85203
85219
85235
85250
85267
85283
85299
85315
85330
85345
85360
85375
85390
85405
85420
85435
85450
85467
85482
85497
85512
85527
85542
85557
85572
85588
85603
85618
85633
85648
85663
85678
85694
85709
85725
85740
85755
85770
85785
85800
85815
85830
85846
85864
85880
85897
85912
85927
85942
85957
85973
85988
86003
86018
86034
86049
86064
86079
86094
86109
86126
86141
86156
86172
86187
86203
86219
86236
86252
86267
86284
86299
86315
86330
86345
86360
86376
86391
86406
86421
86436
86451
86467
86482
86498
86513
86528
86544
86561
86576
86591
86607
86622
86637
86653
86670
86687
86702
86717
86732
86747
86762
86777
86792
86807
86822
86837
86852
86867
86883
86898
86913
86928
86943
86958
86973
86989
87004
87019
87034
87050
87065
87080
87095
87110
87125
87140
87155
87170
87185
87201
87217
87232
87247
87262
87277
87292
87307
87323
87339
87354
87371
87389
87404
87419
87434
87450
87465
87480
87495
87510
87527
87542
87559
87574
87589
87606
87621
87636
87651
87666
87681
87696
87712
87727
87743
87758
87773
87788
87803
87819
87835
87850
87865
87881
87896
87911
87927
87943
87958
87973
87989
88004
88019
88035
88050
88065
88080
88095
88112
88128
88143
88158
88175
88190
88205
88220
88236
88251
88266
88282
88297
88313
88328
88343
88359
88374
88389
88404
88419
88435
88450
88465
88480
88495
88510
88525
88541
88556
88571
88587
88602
88617
88632
88649
88664
88679
88694
88709
88724
88741
88757
88775
88791
88806
88821
88837
88852
88867
88882
88898
88913
88929
88944
88959
88975
88991
89006
89022
89038
89053
89069
89084
89099
89117
89132
89147
89162
89177
89193
89208
89223
89238
89255
89270
89286
89301
89316
89331
89347
89363
89379
89394
89409
89424
89439
89454
89469
89484
89499
89515
89530
89545
89562
89577
89593
89608
89623
89638
89653
89668
89683
89698
89713
89728
89743
89758
89773
89788
89804
89819
89834
89850
89866
89882
89897
89912
89927
89942
89958
89973
89988
90003
90019
90035
90051
90066
90081
90098
90113
90129
90144
90160
90176
90191
90206
90222
90237
90252
90268
90283
90298
90313
90330
90347
90363
90378
90393
90408
90424
90439
90455
90470
90485
90500
90516
90532
90549
90565
90580
90596
90611
90627
90642
90657
90672
90687
90702
90718
90733
90748
90765
90781
90796
90811
90826
90841
90857
90872
90888
90903
90918
90934
90949
90964
90979
90995
91010
91025
91040
91055
91070
91086
91102
91117
91132
91147
91162
91177
91192
91207
91222
91239
91254
91269
91284
91299
91315
91331
91346
91361
91376
91391
91407
91422
91437
91454
91470
91485
91501
91516
91531
91546
91562
91578
91593
91608
91624
91639
91654
91669
91684
91700
91715
91730
91745
91760
91775
91792
91807
91822
91838
91853
91868
91885
91901
91918
91933
91948
91963
91979
91994
92009
92026
92041
92057
92073
92088
92103
92119
92134
92149
92164
92179
92194
92209
92224
92239
92254
92269
92284
92299
92314
92330
92346
92361
92379
92394
92409
92424
92439
92455
92471
92486
92502
92517
92533
92548
92563
92580
92596
92611
92626
92642
92657
92672
92691
92706
92721
92736
92751
92766
92781
92796
92811
92827
92843
92858
92874
92889
92904
92920
92936
92951
92966
92982
92997
93012
93027
93042
93057
93073
93088
93105
93120
93135
93151
93166
93181
93197
93213
93229
93244
93259
93275
93291
93306
93321
93336
93352
93368
93383
93398
93413
93429
93445
93460
93475
93490
93505
93520
93535
93551
93566
93583
93599
93614
93629
93645
93660
93675
93690
93705
93720
93736
93752
93768
93783
93799
93814
93829
93844
93859
93874
93889
93904
93921
93936
93951
93966
93981
93996
94011
94026
94042
94058
94074
94090
94105
94120
94136
94152
94168
94184
94199
94214
94229
94245
94260
94275
94290
94305
94320
94335
94350
94366
94382
94397
94412
94427
94442
94457
94472
94487
94502
94517
94532
94547
94563
94578
94593
94608
94624
94639
94655
94670
94685
94700
94715
94731
94746
94761
94776
94791
94806
94821
94836
94851
94866
94882
94898
94913
94928
94943
94958
94973
94989
95004
95019
95034
95049
95064
95079
95094
95109
95126
95141
95157
95172
95187
95202
95217
95232
95247
95262
95277
95294
95309
95324
95339
95355
95370
95385
95400
95415
95430
95445
95460
95475
95490
95506
95521
95536
95551
95566
95581
95596
95612
95628
95643
95659
95674
95689
95704
95720
95736
95751
95767
95782
95798
95813
95828
95843
95858
95873
95889
95905
95920
95935
95950
95965
95980
95995
96010
96025
96041
96056
96071
96086
96101
96116
96131
96147
96162
96177
96192
96207
96223
96238
96255
96271
96286
96301
96316
96331
96346
96361
96377
96392
96407
96422
96437
96452
96467
96482
96497
96512
96527
96542
96557
96573
96588
96604
96619
96635
96650
96665
96680
96695
96710
96725
96740
96755
96771
96786
96802
96817
96832
96847
96862
96877
96892
96907
96922
96938
96953
96968
96983
96998
97013
97029
97044
97059
97074
97089
97104
97119
97134
97150
97165
97180
97195
97210
97226
97241
97256
97271
97286
97302
97317
97333
97348
97363
97378
97393
97408
97423
97440
97456
97472
97488
97503
97518
97533
97549
97564
97579
97594
97609
97624
97640
97655
97670
97685
97700
97715
97730
97745
97760
97776
97791
97806
97821
97836
97851
97866
97881
97896
97911
97926
97942
97957
97972
97987
98002
98018
98033
98048
98063
98078
98093
98109
98124
98139
98154
98169
98186
98201
98216
98231
98246
98261
98276
98291
98306
98321
98336
98351
98366
98381
98396
98411
98426
98441
98456
98471
98486
98501
98516
98531
98546
98561
98576
98591
98606
98622
98637
98653
98670
98685
98700
98715
98730
98745
98760
98775
98790
98805
98820
98835
98850
98866
98881
98897
98912
98928
98943
98958
98973
98989
99005
99020
99035
99051
99068
99083
99098
99113
99130
99145
99160
99175
99190
99205
99220
99235
99251
99266
99281
99296
99311
99326
99341
99356
99372
99389
99404
99419
99436
99452
99467
99482
99497
99512
99527
99542
99557
99572
99587
99602
99617
99632
99647
99662
99679
99695
99710
99725
99740
99755
99770
99785
99800
99816
99831
99846
99861
99876
99893
99908
99923
99938
99953
99968
99984
99999
100014
100029
100045
100060
100075
100090
100105
100120
100136
100151
100166
100181
100196
100213
100228
100243
100258
100273
100289
100306
100321
100337
100352
100370
100385
100402
100417
100432
100447
100462
100477
100493
100509
100524
100539
100554
100569
100584
100599
100614
100629
100645
100660
100675
100690
100706
100721
100736
100754
100769
100784
100800
100815
100830
100845
100860
100875
100892
100907
100922
100937
100952
100967
100982
100997
101012
101027
101042
101057
101072
101087
101102
101118
101133
101148
101164
101179
101194
101211
101227
101244
101260
101275
101290
101305
101320
101335
101350
101365
101381
101397
101413
101428
101443
101458
101473
101489
101506
101521
101536
101551
101566
101581
101596
101611
101627
101642
101658
101674
101690
101705
101720
101735
101750
101765
101781
101797
101812
101827
101843
101858
101873
101888
101903
101918
101933
101948
101963
101978
101993
102008
102024
102039
102054
102069
102084
102100
102115
102130
102145
102160
102176
102191
102206
102221
102236
102251
102266
102281
102297
102312
102327
102342
102358
102374
102389
102404
102420
102435
102450
102465
102480
102495
102510
102526
102542
102557
102572
102587
102604
102619
102634
102649
102664
102679
102694
102709
102724
102739
102754
102770
102785
102801
102816
102831
102846
102861
102878
102894
102910
102926
102941
102956
102972
102987
103003
103018
103033
103049
103064
103079
103094
103109
103124
103139
103154
103169
103184
103200
103215
103230
103245
103260
103276
103291
103306
103321
103336
103351
103367
103383
103398
103413
103428
103443
103458
103473
103490
103505
103520
103535
103550
103565
103582
103597
103613
103628
103643
103660
103675
103690
103705
103720
103735
103750
103766
103781
103796
103811
103827
103842
103857
103872
103887
103902
103917
103932
103950
103965
103980
103996
104011
104026
104041
104056
104071
104086
104101
104117
104132
104147
104164
104179
104194
104209
104224
104239
104254
104270
104285
104301
104316
104331
104346
104361
104376
104391
104408
104423
104438
104454
104469
104485
104500
104515
104530
104545
104560
104576
104591
104606
104621
104636
104651
104666
104681
104696
104711
104727
104742
104758
104774
104789
104804
104819
104834
104849
104864
104879
104894
104909
104924
104939
104955
104970
104985
105000
105015
105032
105047
105062
105077
105093
105108
105123
105138
105153
105168
105183
105198
105213
105228
105244
105259
105274
105289
105305
105320
105335
105350
105365
105380
105397
105412
105427
105443
105458
105474
105489
105504
105519
105534
105549
105564
105579
105594
105609
105624
105640
105655
105670
105685
105700
105715
105730
105745
105760
105776
105792
105807
105822
105837
105853
105868
105883
105898
105914
105929
105944
105959
105975
105991
106006
106021
106036
106051
106066
106081
106096
106111
106126
106142
106159
106174
106189
106204
106219
106235
106251
106266
106282
106297
106313
106328
106344
106359
106375
106390
106405
106421
106438
106453
106469
106485
106500
106515
106530
106545
106560
106575
106591
106606
106621
106636
106651
106667
106683
106698
106713
106729
106744
106759
106774
106789
106804
106820
106835
106850
106865
106880
106896
106911
106926
106941
106958
106973
106988
107003
107018
107033
107048
107064
107079
107094
107109
107124
107139
107154
107169
107184
107199
107214
107230
107245
107260
107275
107290
107305
107320
107336
107352
107367
107382
107397
107414
107429
107446
107461
107476
107491
107506
107521
107538
107553
107569
107584
107599
107614
107629
107644
107659
107674
107689
107704
107719
107734
107749
107764
107779
107794
107809
107824
107839
107854
107869
107884
107899
107914
107929
107944
107959
107974
107989
108004
108020
108036
108051
108066
108082
108097
108112
108127
108142
108157
108172
108187
108202
108217
108232
108247
108262
108277
108292
108307
108322
108337
108352
108367
108382
108397
108412
108427
108442
108457
108472
108487
108502
108517
108533
108548
108563
108579
108595
108610
108625
108641
108656
108671
108686
108701
108716
108731
108746
108761
108777
108792
108807
108824
108839
108854
108870
108885
108900
108915
108931
108946
108961
108976
108991
109006
109021
109036
109051
109066
109082
109099
109115
109131
109146
109161
109177
109194
109209
109224
109239
109254
109270
109285
109300
109315
109330
109345
109360
109375
109390
109405
109420
109435
109450
109465
109480
109495
109510
109526
109541
109557
109572
109587
109602
109617
109633
109648
109663
109681
109696
109712
109727
109743
109758
109773
109789
109804
109819
109834
109849
109864
109879
109894
109910
109925
109941
109956
109971
109986
110001
110016
110031
110046
110061
110077
110092
110107
110122
110137
110153
110168
110183
110198
110213
110228
110243
110258
110273
110288
110304
110319
110334
110349
110364
110379
110395
110410
110425
110440
110455
110471
110486
110501
110516
110531
110547
110562
110577
110592
110607
110622
110638
110653
110668
110686
110701
110716
110731
110747
110762
110777
110792
110807
110822
110837
110852
110868
110883
110898
110913
110928
110943
110958
110973
110988
111003
111018
111033
111049
111064
111080
111095
111110
111126
111142
111158
111173
111188
111204
111219
111234
111249
111264
111279
111295
111310
111325
111340
111355
111371
111386
111401
111416
111431
111446
111461
111479
111496
111511
111527
111542
111557
111572
111587
111603
111619
111634
111649
111664
111680
111695
111710
111725
111740
111755
111770
111785
111800
111816
111832
111848
111863
111878
111893
111908
111923
111938
111955
111970
111986
112001
112018
112033
112049
112064
112079
112094
112109
112124
112139
112154
112169
112184
112200
112215
112230
112245
112260
112277
112292
112307
112322
112337
112352
112367
112382
112397
112412
112427
112442
112457
112472
112488
112503
112519
112534
112549
112565
112580
112595
112610
112625
112640
112655
112670
112685
112700
112715
112730
112745
112760
112775
112791
112806
112821
112837
112853
112868
112883
112898
112914
112929
112944
112959
112974
112990
113005
113020
113035
113050
113065
113080
113095
113110
113126
113141
113156
113171
113186
113201
113216
113231
113246
113261
113276
113291
113306
113321
113336
113351
113366
113381
113396
113411
113427
113442
113458
113473
113488
113503
113518
113534
113549
113564
113581
113596
113613
113628
113643
113658
113673
113689
113704
113719
113734
113749
113764
113779
113794
113809
113824
113839
113855
113870
113885
113900
113915
113930
113946
113961
113976
113991
114006
114021
114037
114052
114067
114082
114097
114112
114127
114142
114157
114172
114187
114202
114217
114232
114247
114262
114277
114293
114308
114323
114338
114353
114368
114385
114400
114415
114430
114445
114460
114475
114490
114505
114520
114535
114550
114566
114581
114596
114612
114627
114642
114657
114672
114687
114702
114717
114732
114747
114764
114779
114794
114809
114824
114840
114855
114870
114886
114901
114916
114931
114946
114961
114976
114992
115007
115023
115038
115054
115069
115084
115099
115114
115129
115144
115160
115175
115190
115206
115221
115237
115252
115267
115282
115297
115312
115327
115343
115358
115374
115389
115404
115419
115434
115449
115464
115479
115494
115509
115524
115539
115555
115570
115586
115602
115617
115633
115648
115663
115679
115694
115709
115724
115739
115754
115769
115785
115800
115816
115831
115846
115862
115877
115892
115908
115923
115938
115953
115968
115983
116000
116016
116032
116047
116063
116078
116093
116109
116124
116139
116155
116171
116186
116201
116216
116231
116246
116261
116277
116292
116307
116323
116338
116353
116369
116384
116399
116414
116429
116445
116460
116475
116490
116505
116520
116535
116551
116566
116582
116597
116613
116628
116643
116658
116674
116689
116704
116720
116735
116750
116766
116781
116796
116811
116826
116841
116856
116871
116886
116901
116916
116931
116946
116961
116977
116992
117007
117022
117037
117052
117067
117082
117097
117113
117128
117143
117159
117174
117189
117204
117219
117234
117249
117264
117279
117294
117309
117324
117339
117354
117369
117385
117401
117416
117431
117446
117461
117476
117491
117506
117521
117536
117551
117566
117581
117596
117611
117628
117643
117658
117674
117689
117705
117720
117735
117750
117765
117780
117795
117810
117825
117840
117856
117871
117886
117902
117917
117932
117947
117964
117979
117994
118009
118024
118040
118056
118074
118089
118104
118119
118134
118149
118164
118179
118195
118210
118225
118240
118256
118271
118286
118301
118316
118331
118346
118362
118377
118393
118408
118423
118438
118453
118468
118483
118498
118513
118528
118543
118558
118573
118588
118603
118618
118635
118650
118665
118680
118695
118710
118725
118740
118755
118771
118786
118801
118816
118831
118846
118862
118877
118892
118907
118922
118937
118952
118968
118984
118999
119014
119031
119046
119062
119077
119092
119107
119123
119138
119153
119168
119183
119198
119214
119230
119246
119261
119276
119292
119307
119322
119337
119352
119367
119382
119397
119412
119427
119442
119457
119472
119487
119502
119517
119532
119547
119562
119577
119592
119607
119622
119637
119653
119668
119683
119698
119713
119729
119744
119759
119775
119790
119805
119820
119835
119851
119866
119881
119896
119911
119926
119941
119957
119972
119987
120002
120017
120032
120048
120064
120079
120094
120110
120125
120140
120155
120172
120187
120202
120217
120232
120249
120264
120279
120294
120309
120324
120339
120354
120369
120384
120399
120415
120430
120445
120460
120475
120490
120505
120520
120535
120550
120565
120581
120596
120611
120626
120641
120656
120671
120686
120701
120716
120731
120746
120762
120777
120792
120808
120823
120838
120853
120868
120883
120898
120914
120930
120945
120960
120976
120992
121007
121022
121037
121052
121067
121083
121099
121115
121131
121146
121162
121177
121192
121207
121222
121238
121253
121268
121285
121301
121316
121331
121346
121362
121377
121392
121407
121423
121438
121453
121468
121483
121498
121513
121529
121544
121560
121575
121590
121605
121621
121636
121653
121668
121683
121698
121713
121728
121743
121758
121773
121788
121803
121818
121833
121848
121863
121878
121893
121908
121923
121938
121953
121968
121983
121999
122014
122029
122044
122059
122075
122090
122105
122120
122135
122150
122165
122181
122196
122213
122228
122243
122258
122273
122289
122304
122319
122334
122349
122364
122379
122394
122409
122424
122439
122457
122472
122488
122504
122520
122535
122550
122565
122580
122595
122611
122626
122641
122657
122672
122689
122704
122719
122734
122749
122764
122779
122794
122809
122824
122840
122855
122870
122885
122900
122915
122930
122946
122961
122976
122991
123006
123021
123036
123051
123066
123081
123096
123112
123127
123142
123157
123172
123187
123202
123218
123233
123248
123264
123279
123296
123312
123327
123342
123358
123374
123389
123404
123419
123434
123449
123464
123479
123494
123510
123525
123540
123555
123570
123585
123600
123615
123630
123645
123660
123675
123690
123705
123720
123735
123750
123765
123780
123795
123810
123825
123840
123855
123870
123885
123900
123915
123930
123945
123960
123975
123990
124005
124020
124036
124052
124067
124082
124097
124112
124127
124142
124157
124173
124188
124203
124218
124233
124248
124263
124278
124293
124308
124323
124338
124353
124368
124384
124399
124414
124429
124444
124459
124475
124490
124506
124521
124536
124551
124566
124582
124597
124613
124628
124644
124659
124674
124689
124704
124719
124734
124750
124765
124780
124795
124810
124825
124841
124857
124872
124887
124903
124918
124933
124948
124963
124978
124993
125008
125023
125038
125054
125070
125085
125100
125115
125130
125145
125160
125175
125190
125205
125220
125235
125250
125265
125280
125295
125310
125326
125341
125356
125371
125386
125401
125416
125431
125448
125464
125479
125495
125510
125526
125541
125556
125571
125586
125601
125616
125631
125646
125661
125676
125691
125707
125722
125737
125752
125768
125783
125798
125813
125829
125844
125859
125875
125890
125905
125921
125936
125952
125967
125982
125997
126012
126027
126043
126059
126074
126089
126105
126121
126136
126151
126166
126181
126196
126211
126226
126241
126256
126271
126286
126301
126317
126333
126348
126363
126378
126393
126408
126423
126438
126453
126468
126483
126498
126513
126528
126543
126559
126574
126589
126604
126619
126634
126649
126664
126679
126694
126709
126724
126739
126754
126769
126784
126799
126814
126829
126845
126860
126875
126890
126905
126920
126935
126951
126966
126981
126997
127012
127027
127043
127058
127074
127089
127104
127120
127135
127150
127165
127180
127195
127210
127225
127240
127255
127270
127285
127300
127315
127330
127345
127360
127375
127390
127405
127420
127435
127451
127466
127481
127496
127511
127526
127541
127556
127571
127588
127603
127618
127633
127648
127663
127678
127693
127708
127723
127740
127755
127770
127785
127800
127815
127831
127846
127861
127876
127891
127906
127921
127936
127951
127966
127982
127997
128013
128028
128043
128058
128073
128088
128103
128118
128135
128151
128166
128181
128197
128212
128227
128242
128257
128272
128287
128303
128318
128333
128348
128363
128378
128393
128408
128423
128438
128453
128468
128483
128498
128513
128528
128543
128559
128574
128590
128605
128620
128635
128651
128666
128682
128697
128712
128727
128742
128757
128772
128788
128803
128818
128833
128849
128864
128879
128894
128909
128924
128939
128954
128969
128984
128999
129014
129029
129044
129059
129075
129090
129105
129120
129135
129150
129166
129181
129196
129212
129227
129242
129257
129272
129287
129303
129318
129333
129348
129364
129379
129395
129410
129425
129440
129455
129470
129485
129500
129515
129531
129547
129562
129578
129593
129608
129623
129638
129653
129669
129684
129700
129715
129731
129746
129761
129776
129792
129807
129822
129838
129853
129868
129884
129899
129914
129929
129945
129960
129975
129991
130006
130021
130036
130052
130067
130083
130098
130113
130130
130145
130160
130175
130190
130205
130221
130236
130251
130266
130282
130297
130312
130327
130342
130357
130372
130387
130402
130418
130433
130448
130464
130479
130494
130509
130524
130539
130554
130570
130585
130600
130615
130630
130646
130661
130677
130694
130709
130724
130739
130754
130769
130784
130800
130815
130830
130845
130860
130875
130890
130905
130920
130935
130950
130965
130980
130996
131012
131027
131042
131057
131072
131087
131102
131117
131132
131147
131162
131177
131192
131207
131222
131237
131252
131268
131283
131298
131313
131328
131343
131358
131373
131388
131403
131418
131433
131450
131465
131481
131496
131511
131526
131542
131557
131572
131588
131603
131618
131633
131648
131663
131678
131693
131708
131723
131739
131755
131770
131786
131801
131817
131833
131849
131864
131879
131895
131910
131925
131940
131955
131970
131985
132000
132015
132031
132046
132061
132076
132091
132106
132121
132136
132151
132167
132182
132197
132213
132228
132243
132258
132273
132288
132303
132319
132335
132351
132366
132381
132399
132414
132429
132444
132460
132476
132491
132506
132521
132536
132551
132566
132582
132597
132613
132629
132644
132659
132674
132689
132704
132719
132734
132749
132765
132780
132796
132811
132826
132842
132857
132872
132887
132902
132917
132933
132948
132963
132978
132994
133010
133025
133040
133055
133071
133086
133101
133119
133134
133150
133165
133181
133196
133212
133227
133242
133258
133273
133288
133304
133319
133335
133350
133365
133381
133396
133411
133426
133441
133456
133471
133486
133501
133516
133531
133546
133561
133576
133591
133606
133621
133636
133651
133666
133681
133697
133713
133728
133743
133758
133773
133788
133803
133818
133833
133848
133865
133880
133895
133910
133925
133940
133955
133971
133986
134001
134016
134031
134046
134061
134076
134091
134106
134121
134137
134152
134167
134182
134197
134212
134229
134245
134260
134275
134291
134306
134321
134336
134351
134366
134381
134399
134414
134429
134445
134461
134476
134491
134507
134523
134538
134554
134569
134585
134601
134616
134632
134647
134663
134678
134693
134708
134723
134738
134753
134769
134784
134799
134814
134829
134845
134861
134876
134891
134906
134921
134936
134952
134967
134982
134997
135012
135028
135043
135058
135073
135088
135103
135118
135133
135148
135163
135178
135193
135208
135223
135238
135253
135268
135283
135299
135314
135329
135344
135361
135376
135391
135406
135421
135436
135452
135467
135482
135498
135513
135528
135543
135560
135575
135590
135605
135620
135635
135651
135666
135681
135696
135712
135727
135742
135757
135773
135788
135803
135818
135833
135849
135864
135879
135894
135910
135926
135941
135956
135971
135986
136002
136017
136032
136047
136063
136078
136093
136108
136123
136138
136154
136169
136185
136200
136215
136230
136245
136261
136276
136292
136308
136323
136338
136353
136368
136383
136398
136413
136428
136443
136458
136473
136489
136504
136520
136535
136550
136565
136580
136595
136610
136625
136642
136658
136673
136689
136704
136719
136735
136750
136765
136780
136795
136810
136825
136840
136855
136870
136885
136900
136915
136930
136945
136960
136975
136990
137005
137021
137036
137053
137068
137083
137099
137114
137129
137144
137159
137174
137189
137205
137220
137235
137250
137265
137280
137295
137310
137325
137340
137355
137370
137385
137401
137416
137432
137447
137462
137477
137492
137507
137522
137537
137552
137567
137582
137597
137613
137628
137643
137658
137673
137688
137703
137718
137734
137749
137764
137779
137794
137810
137825
137840
137855
137870
137885
137900
137916
137931
137946
137961
137976
137991
138006
138021
138036
138051
138066
138081
138097
138112
138127
138142
138157
138172
138187
138203
138218
138233
138248
138263
138278
138293
138308
138323
138339
138354
138369
138385
138400
138415
138430
138445
138461
138476
138491
138506
138522
138537
138552
138567
138582
138598
138613
138628
138643
138658
138673
138688
138703
138718
138733
138749
138764
138779
138794
138809
138825
138841
138856
138871
138886
138901
138916
138931
138946
138962
138977
138992
139009
139024
139039
139054
139069
139084
139100
139115
139130
139145
139160
139175
139190
139205
139220
139235
139250
139265
139281
139296
139312
139327
139342
139357
139372
139387
139402
139417
139432
139447
139462
139477
139493
139508
139523
139539
139555
139571
139586
139601
139616
139632
139648
139663
139678
139693
139708
139723
139738
139753
139769
139785
139800
139815
139830
139846
139861
139876
139891
139906
139921
139937
139953
139968
139983
139998
140013
140028
140044
140060
140075
140091
140106
140121
140136
140151
140167
140182
140197
140213
140228
140243
140258
140273
140289
140304
140319
140334
140351
140366
140381
140396
140411
140426
140441
140456
140471
140487
140502
140519
140534
140549
140564
140579
140594
140610
140625
140640
140655
140670
140685
140700
140715
140730
140745
140760
140776
140791
140806
140821
140836
140851
140866
140881
140896
140911
140927
140942
140957
140973
140988
141003
141018
141033
141048
141063
141079
141095
141110
141125
141141
141156
141171
141186
141201
141216
141231
141246
141263
141278
141293
141308
141324
141339
141354
141369
141384
141399
141414
141430
141445
141460
141475
141490
141505
141520
141536
141551
141567
141583
141598
141613
141628
141643
141658
141673
141688
141703
141718
141733
141748
141763
141778
141793
141809
141824
141839
141854
141869
141885
141900
141916
141932
141947
141962
141977
141993
142008
142023
142038
142053
142068
142083
142098
142113
142128
142143
142158
142174
142189
142206
142221
142236
142253
142268
142283
142298
142313
142328
142343
142358
142374
142389
142404
142419
142434
142449
142465
142480
142495
142510
142525
142540
142557
142572
142587
142603
142618
142634
142649
142664
142680
142695
142710
142725
142740
142757
142772
142787
142804
142820
142835
142850
142865
142880
142895
142911
142926
142941
142957
142972
142987
143002
143017
143032
143047
143062
143077
143092
143107
143123
143139
143154
143169
143184
143199
143214
143229
143244
143259
143274
143289
143306
143321
143336
143351
143366
143381
143396
143411
143426
143441
143456
143471
143486
143501
143516
143532
143547
143562
143577
143592
143607
143622
143638
143653
143668
143683
143698
143713
143729
143744
143759
143774
143789
143804
143819
143834
143849
143864
143879
143894
143910
143925
143940
143955
143970
143985
144000
144015
144030
144045
144060
144075
144090
144105
144120
144135
144150
144166
144183
144198
144213
144228
144243
144258
144275
144290
144305
144320
144335
144351
144366
144381
144396
144412
144427
144442
144457
144472
144487
144502
144517
144532
144547
144562
144578
144594
144609
144625
144640
144656
144672
144688
144703
144718
144733
144749
144764
144779
144795
144810
144825
144841
144856
144871
144886
144901
144916
144932
144947
144962
144977
144992
145007
145022
145037
145052
145067
145082
145097
145113
145128
145143
145158
145173
145188
145203
145219
145234
145250
145265
145280
145296
145311
145326
145341
145356
145371
145386
145402
145419
145434
145449
145464
145479
145494
145509
145524
145539
145555
145570
145585
145601
145617
145632
145647
145662
145677
145692
145708
145724
145739
145755
145770
145786
145801
145817
145832
145847
145864
145881
145896
145911
145926
145942
145958
145973
145989
146004
146021
146036
146051
146066
146081
146096
146112
146127
146142
146157
146172
146187
146202
146217
146233
146248
146263
146278
146294
146309
146325
146340
146355
146370
146386
146401
146416
146431
146446
146461
146477
146492
146507
146522
146537
146553
146569
146584
146599
146614
146630
146645
146660
146675
146692
146709
146726
146741
146757
146772
146787
146802
146817
146832
146847
146863
146880
146895
146910
146925
146940
146955
146970
146986
147001
147016
147031
147047
147064
147079
147094
147109
147124
147139
147155
147170
147185
147200
147216
147231
147247
147262
147277
147294
147309
147324
147339
147354
147369
147384
147400
147417
147434
147449
147464
147479
147494
147509
147525
147540
147555
147570
147585
147600
147615
147630
147645
147660
147675
147690
147705
147720
147735
147750
147765
147780
147795
147810
147825
147841
147856
147871
147887
147902
147917
147932
147947
147962
147977
147992
148007
148022
148037
148054
148069
148084
148100
148116
148132
148147
148162
148177
148193
148208
148223
148238
148253
148269
148284
148299
148314
148329
148344
148359
148375
148390
148406
148421
148436
148451
148466
148481
148496
148511
148526
148541
148557
148572
148587
148602
148617
148632
148647
148662
148677
148692
148707
148724
148739
148754
148769
148784
148800
148816
148831
148846
148861
148876
148892
148907
148922
148937
148953
148968
148983
148999
149014
149029
149045
149060
149075
149091
149106
149121
149137
149153
149168
149183
149198
149213
149228
149243
149258
149273
149288
149303
149319
149334
149349
149365
149382
149398
149413
149428
149443
149458
149473
149489
149505
149520
149535
149550
149566
149581
149596
149612
149627
149643
149658
149673
149688
149703
149718
149733
149748
149763
149778
149793
149809
149824
149839
149855
149870
149885
149901
149916
149931
149946
149962
149977
149993
150008
150023
150038
150054
150069
150084
150100
150116
150131
150146
150161
150176
150191
150206
150221
150236
150251
150267
150282
150297
150312
150327
150342
150357
150372
150387
150402
150417
150432
150447
150462
150477
150492
150508
150523
150539
150555
150570
150585
150600
150615
150631
150646
150662
150677
150692
150707
150722
150738
150753
150768
150783
150798
150813
150828
150843
150858
150873
150889
150904
150920
150935
150950
150965
150980
150995
151010
151025
151041
151056
151071
151087
151102
151117
151133
151148
151163
151178
151193
151208
151223
151238
151253
151268
151283
151299
151314
151329
151344
151360
151375
151390
151405
151420
151435
151451
151466
151481
151496
151511
151527
151542
151557
151572
151587
151602
151617
151632
151647
151662
151679
151694
151709
151725
151740
151755
151770
151785
151802
151817
151833
151849
151864
151879
151895
151910
151925
151940
151955
151972
151987
152002
152017
152033
152048
152063
152078
152094
152109
152124
152139
152154
152169
152184
152199
152214
152229
152246
152262
152277
152293
152309
152324
152340
152355
152371
152386
152401
152416
152431
152446
152462
152477
152492
152507
152523
152538
152553
152568
152584
152600
152616
152631
152646
152661
152677
152692
152707
152722
152737
152753
152768
152783
152798
152813
152828
152843
152858
152873
152888
152903
152918
152933
152948
152963
152978
152993
153008
153023
153038
153053
153068
153083
153098
153113
153130
153145
153161
153177
153192
153207
153222
153237
153253
153268
153283
153298
153313
153328
153343
153358
153373
153388
153403
153418
153434
153450
153465
153480
153496
153511
153527
153543
153559
153574
153590
153606
153622
153637
153653
153668
153683
153699
153714
153730
153745
153760
153775
153790
153806
153822
153837
153852
153868
153884
153900
153916
153931
153946
153961
153976
153991
154006
154022
154037
154052
154067
154082
154098
154113
154128
154143
154158
154173
154188
154203
154218
154233
154248
154264
154279
154294
154310
154327
154343
154358
154373
154389
154405
154420
154435
154451
154466
154482
154497
154512
154527
154542
154557
154572
154587
154602
154618
154633
154648
154663
154678
154693
154708
154723
154739
154755
154771
154786
154801
154816
154831
154847
154862
154877
154892
154907
154922
154937
154952
154968
154983
154998
155013
155028
155043
155060
155075
155091
155106
155121
155136
155152
155167
155182
155198
155213
155228
155243
155258
155273
155289
155304
155319
155335
155351
155366
155381
155396
155411
155426
155441
155456
155472
155487
155503
155518
155533
155549
155564
155579
155594
155611
155626
155641
155656
155671
155686
155701
155717
155732
155747
155762
155777
155794
155809
155824
155839
155854
155869
155884
155899
155914
155929
155944
155959
155974
155989
156005
156021
156036
156052
156067
156082
156097
156112
156127
156143
156158
156173
156188
156203
156219
156235
156250
156265
156280
156295
156311
156326
156341
156356
156371
156387
156402
156417
156432
156447
156462
156477
156492
156507
156522
156538
156554
156569
156584
156599
156614
156629
156645
156660
156675
156690
156705
156720
156736
156752
156767
156782
156798
156814
156829
156844
156860
156876
156891
156906
156922
156937
156952
156968
156983
156998
157013
157028
157043
157059
157075
157090
157105
157120
157136
157151
157166
157182
157197
157214
157229
157244
157259
157274
157290
157306
157321
157336
157351
157366
157381
157396
157411
157426
157441
157456
157471
157486
157501
157516
157531
157547
157563
157578
157593
157608
157624
157641
157656
157671
157686
157701
157717
157732
157748
157763
157779
157794
157810
157825
157840
157855
157870
157886
157901
157916
157931
157946
157961
157976
157991
158006
158022
158037
158052
158067
158082
158097
158113
158129
158144
158159
158176
158191
158206
158221
158236
158251
158266
158281
158296
158311
158327
158342
158358
158373
158388
158403
158418
158433
158449
158464
158479
158494
158510
158526
158541
158558
158573
158588
158603
158618
158633
158649
158664
158679
158697
158712
158727
158742
158757
158772
158787
158802
158817
158832
158848
158864
158879
158894
158909
158924
158939
158954
158969
158985
159000
159015
159030
159045
159060
159075
159090
159105
159121
159136
159151
159169
159184
159199
159214
159230
159245
159260
159275
159291
159307
159322
159337
159352
159367
159382
159397
159412
159427
159442
159457
159473
159488
159503
159518
159533
159548
159563
159578
159594
159609
159624
159639
159654
159669
159684
159699
159714
159730
159745
159760
159775
159791
159806
159821
159836
159851
159866
159881
159896
159911
159926
159941
159957
159973
159988
160003
160018
160033
160048
160063
160078
160094
160109
160124
160139
160155
160170
160185
160202
160218
160235
160250
160268
160283
160298
160313
160328
160343
160358
160373
160389
160404
160419
160434
160449
160465
160483
160498
160513
160528
160543
160558
160573
160589
160604
160620
160636
160652
160668
160683
160699
160714
160729
160744
160759
160775
160790
160805
160820
160835
160851
160866
160882
160897
160913
160929
160945
160960
160975
160990
161005
161020
161035
161050
161065
161080
161095
161110
161126
161143
161158
161173
161188
161203
161218
161233
161248
161263
161278
161293
161308
161324
161339
161354
161371
161387
161402
161417
161432
161448
161464
161479
161494
161509
161524
161539
161554
161569
161584
161600
161615
161630
161645
161661
161676
161692
161707
161723
161738
161753
161768
161784
161799
161815
161830
161845
161860
161875
161891
161906
161921
161936
161951
161966
161981
161996
162012
162029
162044
162059
162074
162090
162105
162120
162135
162150
162166
162181
162197
162213
162229
162245
162260
162275
162290
162307
162323
162338
162353
162368
162384
162399
162415
162430
162445
162460
162475
162490
162505
162520
162535
162550
162565
162580
162596
162611
162626
162641
162657
162672
162688
162704
162719
162734
162749
162764
162779
162794
162809
162824
162839
162854
162869
162884
162899
162915
162930
162945
162960
162975
162990
163005
163020
163036
163052
163067
163082
163097
163112
163128
163143
163158
163175
163190
163205
163220
163235
163250
163265
163280
163295
163310
163325
163340
163355
163371
163387
163403
163418
163433
163448
163465
163480
163496
163511
163526
163541
163556
163571
163586
163601
163616
163631
163646
163661
163676
163691
163706
163721
163736
163752
163767
163783
163798
163813
163828
163843
163859
163874
163890
163905
163920
163936
163952
163967
163982
163997
164012
164027
164043
164058
164073
164089
164104
164119
164134
164149
164164
164179
164194
164210
164225
164240
164255
164271
164287
164302
164317
164332
164347
164363
164378
164393
164408
164423
164438
164453
164469
164485
164500
164516
164531
164547
164562
164577
164592
164608
164624
164639
164654
164669
164684
164699
164714
164729
164744
164759
164774
164789
164804
164819
164834
164849
164864
164879
164894
164909
164925
164940
164956
164971
164986
165001
165016
165031
165046
165061
165076
165091
165106
165121
165136
165152
165167
165182
165198
165213
165229
165244
165259
165274
165289
165304
165319
165334
165349
165364
165379
165394
165409
165424
165439
165455
165470
165485
165500
165516
165531
165546
165562
165577
165592
165607
165622
165637
165652
165667
165682
165697
165712
165727
165742
165757
165772
165787
165802
165817
165833
165848
165863
165878
165893
165908
165923
165938
165953
165968
165984
165999
166014
166030
166045
166060
166076
166091
166106
166121
166136
166151
166166
166181
166196
166211
166226
166241
166256
166271
166287
166302
166317
166333
166348
166364
166380
166396
166411
166426
166441
166456
166472
166487
166502
166518
166533
166548
166563
166578
166593
166608
166623
166638
166653
166668
166683
166699
166714
166729
166744
166759
166774
166789
166806
166821
166836
166851
166866
166881
166896
166911
166926
166942
166957
166972
166987
167002
167017
167032
167048
167063
167078
167093
167108
167124
167139
167154
167169
167184
167199
167214
167229
167244
167259
167274
167289
167304
167319
167334
167349
167364
167379
167394
167409
167424
167439
167454
167469
167484
167499
167515
167531
167547
167562
167577
167593
167608
167624
167639
167654
167669
167684
167699
167714
167729
167744
167759
167774
167789
167804
167819
167834
167849
167864
167879
167894
167910
167925
167942
167957
167972
167987
168002
168017
168032
168047
168063
168078
168093
168108
168123
168138
168153
168168
168183
168198
168213
168228
168243
168259
168274
168290
168305
168321
168336
168351
168366
168381
168397
168412
168428
168443
168459
168476
168491
168507
168522
168537
168552
168568
168583
168599
168614
168629
168645
168660
168675
168690
168705
168721
168737
168753
168768
168785
168801
168816
168832
168847
168862
168877
168892
168907
168923
168938
168953
168968
168983
168998
169013
169028
169043
169058
169073
169089
169104
169119
169134
169149
169164
169180
169196
169211
169226
169241
169256
169271
169286
169301
169316
169331
169346
169361
169376
169392
169407
169422
169438
169453
169468
169483
169499
169514
169529
169544
169559
169574
169589
169605
169620
169635
169650
169666
169682
169697
169712
169727
169742
169757
169774
169789
169804
169819
169834
169850
169865
169880
169895
169911
169926
169942
169957
169972
169987
170003
170019
170034
170049
170066
170082
170097
170112
170127
170142
170157
170172
170187
170202
170218
170233
170248
170266
170282
170298
170313
170328
170343
170358
170373
170388
170403
170419
170434
170449
170464
170479
170494
170509
170524
170539
170554
170569
170585
170600
170615
170630
170645
170660
170675
170690
170705
170720
170735
170750
170765
170780
170795
170811
170826
170841
170856
170871
170886
170903
170920
170937
170952
170968
170983
170999
171014
171030
171046
171061
171076
171091
171107
171123
171138
171153
171168
171183
171198
171213
171228
171244
171259
171274
171289
171305
171320
171336
171351
171367
171382
171397
171412
171427
171443
171458
171473
171489
171504
171520
171535
171550
171565
171581
171596
171611
171626
171641
171656
171671
171686
171701
171716
171731
171746
171761
171776
171791
171808
171823
171838
171853
171868
171883
171899
171915
171931
171947
171962
171977
171992
172007
172022
172037
172052
172067
172083
172098
172113
172128
172144
172159
172174
172189
172204
172221
172236
172251
172266
172281
172297
172312
172327
172343
172358
172373
172388
172403
172418
172434
172450
172465
172480
172497
172512
172527
172542
172557
172572
172587
172602
172617
172632
172647
172663
172679
172694
172709
172724
172739
172754
172770
172786
172801
172816
172832
172847
172863
172878
172893
172908
172923
172938
172954
172969
172986
173002
173017
173032
173047
173062
173077
173092
173107
173122
173137
173152
173167
173182
173197
173214
173230
173245
173260
173277
173292
173307
173323
173338
173353
173368
173384
173399
173414
173430
173445
173460
173475
173490
173505
173520
173536
173551
173566
173581
173596
173611
173627
173642
173657
173673
173690
173705
173720
173736
173751
173766
173781
173797
173813
173828
173843
173858
173873
173888
173903
173918
173934
173949
173965
173981
173996
174011
174026
174041
174057
174072
174087
174102
174118
174133
174148
174163
174178
174195
174210
174225
174240
174255
174270
174285
174300
174317
174333
174348
174363
174379
174395
174410
174426
174441
174456
174471
174486
174501
174516
174531
174548
174563
174578
174593
174608
174623
174639
174654
174670
174685
174701
174716
174731
174746
174761
174776
174791
174806
174821
174836
174853
174868
174883
174900
174915
174930
174945
174961
174976
174991
175006
175021
175036
175051
175067
175082
175098
175113
175128
175143
175159
175174
175190
175205
175220
175237
175252
175268
175283
175298
175313
175328
175343
175358
175373
175389
175404
175419
175434
175449
175464
175479
175495
175510
175525
175540
175555
175570
175586
175601
175617
175632
175647
175662
175677
175692
175707
175722
175737
175752
175767
175783
175798
175813
175828
175843
175858
175874
175889
175905
175920
175935
175951
175966
175981
175996
176011
176026
176042
176057
176072
176087
176102
176117
176132
176148
176163
176178
176193
176209
176224
176239
176254
176269
176284
176300
176315
176331
176346
176361
176376
176392
176407
176422
176438
176454
176469
176484
176499
176514
176529
176544
176559
176574
176589
176604
176619
176634
176649
176664
176679
176695
176710
176725
176740
176755
176770
176785
176800
176815
176830
176845
176860
176875
176890
176905
176920
176935
176950
176965
176980
176995
177010
177027
177044
177059
177075
177090
177105
177123
177139
177155
177170
177186
177202
177217
177232
177247
177262
177277
177292
177307
177322
177337
177352
177368
177383
177398
177414
177429
177446
177461
177476
177492
177507
177523
177538
177553
177568
177583
177598
177613
177628
177643
177658
177673
177688
177703
177718
177734
177749
177765
177781
177796
177811
177826
177841
177856
177871
177886
177901
177916
177931
177946
177961
177976
177991
178006
178021
178036
178051
178066
178081
178096
178111
178126
178141
178156
178172
178188
178203
178218
178234
178250
178265
178281
178297
178312
178327
178343
178358
178373
178388
178404
178419
178434
178449
178464
178479
178494
178509
178524
178539
178554
178569
178587
178602
178617
178632
178647
178662
178677
178692
178708
178723
178738
178753
178768
178784
178800
178815
178830
178845
178860
178875
178890
178905
178920
178935
178951
178966
178981
178996
179011
179026
179041
179056
179072
179087
179103
179118
179133
179148
179163
179178
179193
179208
179223
179238
179254
179269
179284
179299
179314
179329
179345
179360
179375
179390
179406
179421
179436
179451
179466
179481
179497
179512
179527
179542
179557
179572
179587
179604
179620
179635
179650
179665
179680
179695
179711
179727
179743
179758
179773
179789
179805
179820
179835
179850
179865
179881
179897
179912
179927
179942
179957
179972
179987
180002
180017
180033
180048
180063
180078
180093
180108
180123
180138
180153
180168
180183
180199
180215
