29
60
92
116
148
178
204
239
267
299
328
353
379
405
431
462
490
517
543
580
604
638
668
697
725
747
779
802
829
858
888
912
949
980
1019
1045
1081
1110
1151
1179
1215
1246
1271
1303
1335
1364
1388
1419
1450
1483
1510
1537
1566
1601
1628
1654
1681
1706
1742
1774
1803
1831
1866
1892
1923
1950
1979
2015
2047
2073
2102
2136
2166
2196
2227
2256
2290
2323
2342
2374
2404
2434
2469
2504
2530
2567
2591
2622
2647
2672
2692
2727
2758
2788
2816
2843
2876
2903
2935
2968
3000
3031
3060
3092
3124
3159
3186
3218
3249
3278
3309
3335
3361
3392
3419
3450
3479
3511
3535
3569
3604
3638
3664
3689
3721
3755
3785
3816
3843
3878
3912
3942
3975
4000
4036
4069
4097
4129
4154
4197
4229
4258
4278
4303
4337
4360
4386
4420
4448
4474
4505
4532
4568
4603
4628
4655
4687
4714
4742
4775
4811
4839
4871
4906
4936
4978
5011
5043
5078
5105
5131
5166
5191
5224
5258
5287
5314
5345
5376
5401
5428
5466
5504
5542
5575
5602
5629
5652
5680
5704
5746
5783
5811
5832
5861
5889
5931
5955
5979
6006
6040
6067
6097
6135
6165
6201
6235
6263
6294
6326
6352
6390
6416
6453
6478
6507
6537
6565
6590
6619
6647
6678
6715
6743
6777
6808
6829
6854
6883
6909
6934
6972
7005
7043
7082
7119
7151
7181
7210
7240
7269
7297
7326
7352
7377
7404
7429
7462
7501
7529
7560
7587
7609
7646
7675
7703
7737
7759
7785
7816
7843
7874
7904
7934
7967
8003
8025
8056
8085
8118
8149
8187
8214
8240
8271
8297
8326
8353
8390
8417
8441
8474
8505
8538
8564
8600
8626
8658
8678
8708
8740
8772
8802
8829
8856
8880
8911
8935
8965
8999
9021
9056
9085
9115
9145
9180
9212
9245
9281
9303
9329
9353
9382
9413
9446
9468
9503
9527
9562
9595
9620
9645
9671
9695
9732
9763
9789
9821
9856
9886
9913
9944
9972
10009
10038
10068
10095
10123
10159
10183
10210
10244
10268
10299
10325
10357
10388
10421
10446
10473
10496
10524
10549
10577
10608
10636
10659
10690
10714
10743
10772
10803
10827
10863
10895
10917
10950
10974
11003
11033
11062
11100
11124
11145
11167
11197
11224
11258
11281
11308
11335
11357
11387
11411
11446
11478
11511
11529
11553
11585
11616
11646
11669
11697
11720
11747
11776
11798
11825
11858
11887
11922
11953
11978
12002
12029
12053
12076
12105
12131
12165
12187
12214
12246
12271
12303
12329
12363
12396
12422
12451
12483
12509
12535
12561
12583
12608
12637
12663
12691
12716
12747
12781
12804
12836
12865
12889
12919
12955
12984
13010
13042
13071
13102
13129
13161
13182
13210
13248
13273
13299
13330
13352
13376
13400
13424
13451
13477
13502
13531
13561
13596
13620
13648
13676
13703
13730
13756
13784
13811
13837
13867
13893
13923
13952
13980
14005
14029
14053
14083
14110
14133
14159
14189
14224
14255
14279
14307
14335
14360
14385
14415
14436
14461
14486
14508
14531
14556
14585
14617
14641
14663
14694
14714
14747
14773
14798
14820
14841
14870
14893
14920
14948
14974
14995
15022
15041
15064
15090
15111
15143
15174
15202
15225
15247
15271
15304
15324
15346
15373
15396
15427
15452
15475
15501
15524
15546
15571
15597
15625
15645
15672
15695
15724
15752
15778
15802
15827
15847
15870
15897
15925
15949
15976
16003
16027
16052
16076
16104
16129
16161
16187
16214
16240
16265
16288
16315
16344
16376
16402
16429
16451
16480
16507
16536
16561
16585
16607
16634
16659
16687
16711
16735
16764
16798
16829
16856
16890
16917
16949
16974
17002
17028
17054
17080
17110
17134
17156
17183
17209
17235
17265
17289
17318
17347
17377
17403
17429
17458
17488
17513
17535
17558
17587
17614
17639
17672
17697
17723
17751
17778
17798
17820
17845
17871
17904
17926
17948
17970
17991
18020
18040
18064
18087
18110
18146
18175
18209
18234
18259
18283
18307
18330
18354
18378
18405
18428
18458
18483
18508
18527
18551
18573
18595
18618
18648
18673
18701
18717
18744
18771
18792
18815
18837
18860
18890
18912
18943
18969
18991
19011
19034
19060
19084
19109
19137
19160
19187
19208
19227
19247
19267
19294
19317
19342
19365
19392
19422
19445
19472
19491
19513
19535
19557
19582
19606
19632
19660
19687
19706
19729
19753
19776
19802
19826
19851
19874
19896
19922
19948
19976
20003
20028
20056
20084
20106
20131
20153
20178
20201
20222
20246
20273
20294
20319
20342
20366
20388
20411
20443
20464
20492
20517
20541
20567
20594
20614
20632
20656
20679
20701
20720
20745
20769
20797
20821
20841
20864
20886
20911
20932
20955
20973
20997
21020
21042
21069
21094
21117
21138
21163
21185
21211
21232
21260
21280
21309
21330
21353
21379
21401
21423
21444
21472
21498
21520
21544
21567
21591
21616
21643
21664
21688
21709
21734
21758
21783
21811
21834
21855
21880
21907
21932
21957
21979
22002
22029
22053
22081
22102
22125
22149
22169
22193
22218
22244
22268
22290
22310
22334
22360
22382
22409
22434
22459
22481
22508
22531
22551
22572
22592
22616
22645
22667
22691
22720
22747
22771
22792
22811
22833
22852
22872
22902
22927
22945
22971
23001
23022
23042
23061
23081
23104
23126
23145
23168
23188
23210
23229
23253
23272
23296
23320
23344
23367
23388
23413
23438
23463
23490
23512
23533
23552
23572
23594
23611
23639
23665
23687
23708
23732
23761
23789
23814
23842
23866
23889
23908
23933
23954
23975
23995
24022
24041
24065
24090
24109
24134
24155
24180
24200
24225
24246
24275
24298
24324
24347
24369
24390
24416
24443
24466
24491
24515
24541
24560
24588
24613
24633
24656
24675
24702
24728
24750
24769
24796
24820
24846
24864
24890
24912
24936
24955
24979
25008
25028
25049
25067
25090
25115
25139
25156
25180
25202
25224
25245
25267
25284
25312
25333
25352
25372
25398
25424
25444
25468
25492
25513
25538
25563
25581
25607
25628
25649
25677
25697
25720
25740
25759
25779
25806
25834
25851
25872
25896
25917
25933
25954
25977
25994
26013
26031
26058
26083
26105
26127
26150
26171
26194
26215
26236
26265
26289
26315
26336
26359
26381
26401
26421
26442
26466
26488
26512
26532
26554
26577
26601
26619
26649
26671
26697
26720
26747
26771
26797
26821
26845
26872
26894
26918
26940
26963
26983
27008
27032
27057
27075
27101
27122
27147
27168
27186
27209
27236
27259
27285
27312
27338
27356
27380
27403
27426
27448
27468
27490
27510
27532
27554
27573
27601
27620
27639
27665
27686
27707
27728
27751
27776
27799
27824
27849
27871
27892
27917
27941
27963
27985
28008
28031
28057
28079
28101
28125
28150
28169
28196
28218
28238
28265
28285
28307
28331
28354
28380
28402
28423
28448
28471
28493
28515
28536
28564
28581
28610
28631
28650
28672
28694
28712
28739
28761
28785
28807
28829
28850
28872
28891
28913
28933
28953
28974
28997
29018
29039
29059
29080
29097
29120
29144
29169
29192
29213
29236
29259
29279
29307
29331
29354
29378
29401
29423
29444
29464
29492
29518
29544
29569
29586
29606
29625
29650
29669
29687
29708
29728
29752
29774
29797
29817
29847
29873
29901
29928
29946
29969
29992
30013
30036
30060
30084
30108
30130
30156
30178
30205
30232
30254
30276
30298
30314
30334
30359
30385
30407
30427
30448
30471
30496
30519
30536
30559
30584
30610
30628
30651
30672
30692
30716
30741
30764
30787
30805
30825
30848
30868
30887
30906
30928
30947
30969
30989
31009
31031
31053
31076
31093
31113
31140
31164
31189
31214
31234
31257
31275
31299
31320
31343
31365
31386
31405
31432
31451
31469
31494
31510
31529
31549
31572
31595
31613
31636
31660
31684
31708
31726
31746
31765
31787
31807
31826
31851
31878
31896
31920
31942
31966
31989
32012
32034
32057
32081
32099
32119
32140
32165
32189
32213
32234
32256
32278
32303
32324
32350
32374
32392
32413
32439
32462
32481
32499
32519
32536
32561
32587
32608
32629
32647
32670
32693
32713
32735
32755
32775
32795
32822
32844
32868
32887
32913
32936
32960
32982
33002
33025
33045
33069
33092
33114
33134
33154
33178
33198
33215
33234
33254
33277
33296
33315
33337
33354
33379
33399
33421
33439
33462
33488
33508
33523
33546
33566
33586
33614
33638
33662
33684
33705
33725
33745
33772
33794
33813
33835
33853
33874
33896
33916
33937
33960
33980
34005
34025
34050
34072
34094
34120
34142
34164
34187
34208
34227
34249
34272
34294
34313
34331
34351
34375
34394
34420
34449
34467
34485
34508
34532
34555
34581
34603
34628
34649
34674
34695
34714
34738
34758
34778
34799
34825
34848
34869
34898
34921
34945
34966
34988
35009
35029
35047
35071
35091
35115
35137
35159
35179
35200
35224
35243
35267
35288
35307
35334
35357
35377
35398
35422
35443
35464
35490
35512
35536
35560
35583
35603
35628
35649
35671
35690
35711
35731
35752
35773
35795
35818
35838
35861
35882
35901
35921
35943
35968
35990
36012
36033
36050
36072
36098
36121
36145
36170
36193
36214
36235
36255
36278
36295
36316
36345
36368
36395
36412
36433
36455
36478
36500
36525
36543
36562
36587
36609
36628
36648
36669
36689
36711
36731
36749
36773
36802
36823
36841
36866
36887
36909
36931
36951
36974
37000
37018
37037
37056
37078
37101
37123
37144
37167
37186
37203
37229
37251
37269
37291
37312
37334
37357
37376
37399
37418
37438
37460
37482
37505
37525
37548
37571
37591
37611
37632
37651
37675
37697
37714
37736
37758
37778
37801
37820
37845
37864
37883
37911
37935
37955
37976
38000
38020
38042
38062
38085
38107
38127
38147
38168
38191
38210
38237
38258
38280
38301
38322
38343
38365
38388
38409
38427
38453
38475
38498
38519
38541
38561
38583
38605
38627
38647
38667
38688
38710
38731
38751
38770
38790
38812
38836
38859
38876
38902
38919
38944
38966
38986
39008
39025
39043
39064
39083
39101
39126
39148
39173
39197
39214
39236
39255
39271
39294
39316
39338
39356
39379
39398
39418
39441
39462
39487
39507
39528
39551
39570
39589
39610
39630
39654
39673
39696
39718
39742
39762
39783
39808
39832
39855
39873
39894
39917
39937
39963
39981
39999
40026
40049
40068
40090
40109
40130
40150
40174
40193
40210
40235
40256
40277
40299
40325
40345
40360
40379
40398
40419
40438
40457
40481
40498
40515
40535
40556
40580
40599
40620
40644
40668
40688
40708
40728
40745
40764
40786
40807
40828
40846
40872
40895
40916
40936
40957
40982
41000
41023
41045
41065
41083
41105
41122
41140
41160
41180
41208
41225
41249
41272
41289
41308
41326
41345
41368
41395
41414
41432
41449
41469
41493
41511
41531
41553
41571
41595
41616
41638
41656
41680
41696
41717
41734
41755
41780
41799
41820
41844
41869
41889
41908
41927
41951
41969
41991
42011
42031
42052
42069
42088
42109
42134
42152
42172
42192
42211
42231
42255
42276
42295
42317
42337
42358
42380
42400
42420
42441
42459
42476
42497
42514
42533
42554
42572
42590
42609
42634
42653
42672
42691
42710
42725
42746
42769
42790
42807
42824
42845
42869
42888
42909
42931
42950
42971
42990
43007
43026
43046
43069
43089
43108
43126
43147
43173
43192
43214
43234
43256
43276
43300
43319
43339
43360
43381
43403
43426
43444
43463
43481
43503
43523
43545
43566
43587
43604
43621
43640
43659
43680
43701
43722
43738
43755
43778
43801
43822
43844
43865
43885
43908
43927
43943
43965
43983
44005
44024
44045
44066
44085
44110
44132
44151
44171
44191
44212
44233
44251
44269
44288
44311
44332
44354
44374
44392
44411
44427
44451
44471
44497
44520
44538
44559
44581
44603
44621
44640
44663
44680
44702
44721
44739
44761
44780
44801
44825
44848
44869
44890
44910
44938
44958
44978
45002
45022
45045
45067
45090
45109
45132
45149
45170
45185
45203
45224
45246
45266
45283
45300
45319
45343
45359
45378
45400
45422
45444
45465
45484
45503
45523
45544
45567
45589
45608
45625
45646
45669
45689
45711
45730
45746
45766
45787
45805
45824
45847
45866
45886
45909
45930
45952
45973
45994
46016
46040
46062
46080
46103
46124
46147
46168
46189
46207
46227
46247
46270
46289
46314
46336
46359
46378
46399
46422
46439
46460
46480
46498
46521
46541
46560
46579
46602
46621
46644
46662
46682
46699
46721
46742
46763
46781
46800
46822
46844
46863
46882
46906
46924
46943
46969
46988
47006
47028
47049
47071
47090
47110
47134
47157
47173
47189
47211
47233
47252
47274
47295
47316
47337
47355
47379
47400
47419
47439
47460
47485
47505
47526
47548
47567
47587
47607
47627
47648
47669
47688
47705
47725
47746
47768
47787
47807
47826
47844
47865
47884
47904
47925
47943
47965
47985
48003
48020
48040
48065
48088
48106
48128
48149
48172
48191
48212
48234
48256
48276
48296
48319
48341
48357
48376
48396
48417
48437
48454
48474
48498
48520
48540
48560
48576
48596
48615
48634
48653
48674
48697
48718
48738
48759
48781
48799
48824
48843
48861
48879
48901
48920
48936
48958
48976
49000
49020
49042
49066
49087
49105
49128
49148
49167
49189
49212
49238
49259
49277
49297
49315
49337
49357
49377
49397
49418
49438
49460
49482
49498
49517
49540
49556
49576
49595
49616
49637
49656
49678
49700
49719
49744
49763
49780
49803
49824
49845
49866
49885
49902
49920
49945
49964
49987
50006
50026
50047
50070
50094
50116
50137
50159
50177
50198
50219
50237
50259
50277
50297
50320
50342
50362
50383
50400
50419
50440
50460
50476
50495
50517
50538
50558
50580
50604
50623
50641
50663
50683
50702
50724
50744
50764
50786
50807
50828
50846
50863
50882
50900
50920
50939
50957
50973
50993
51014
51035
51053
51073
51097
51116
51137
51157
51178
51202
51225
51247
51266
51291
51311
51329
51345
51361
51379
51399
51421
51440
51458
51481
51503
51520
51545
51566
51585
51604
51624
51642
51662
51678
51700
51721
51743
51761
51786
51810
51830
51852
51869
51890
51917
51934
51956
51975
51995
52014
52035
52052
52072
52093
52114
52135
52153
52176
52197
52217
52237
52254
52271
52289
52306
52325
52343
52363
52381
52402
52421
52444
52461
52483
52504
52528
52547
52568
52587
52609
52631
52653
52674
52692
52713
52736
52756
52774
52795
52812
52832
52854
52874
52892
52911
52929
52948
52965
52985
53001
53021
53041
53064
53085
53104
53127
53146
53170
53191
53215
53231
53252
53268
53290
53312
53332
53350
53369
53390
53410
53429
53450
53468
53485
53502
53520
53541
53561
53582
53605
53627
53650
53668
53690
53706
53728
53753
53772
53793
53814
53833
53853
53876
53893
53910
53931
53948
53965
53985
54005
54025
54045
54063
54081
54101
54120
54136
54155
54171
54187
54208
54228
54249
54270
54291
54309
54326
54345
54363
54384
54401
54421
54440
54463
54483
54505
54525
54547
54567
54588
54608
54625
54644
54663
54682
54700
54720
54743
54761
54779
54798
54816
54832
54852
54871
54888
54904
54921
54940
54959
54977
54996
55012
55032
55052
55073
55094
55110
55128
55149
55171
55188
55207
55228
55248
55269
55287
55307
55325
55341
55357
55373
55389
55410
55433
55451
55467
55485
55505
55523
55547
55567
55586
55605
55622
55640
55658
55677
55701
55719
55740
55758
55779
55802
55824
55841
55863
55883
55907
55924
55944
55965
55985
56006
56026
56044
56064
56082
56102
56122
56138
56156
56173
56195
56217
56238
56260
56277
56297
56318
56336
56356
56374
56393
56410
56431
56452
56470
56491
56511
56532
56552
56571
56591
56611
56630
56647
56664
56681
56703
56722
56740
56760
56781
56802
56821
56839
56855
56877
56894
56912
56932
56951
56970
56989
57007
57024
57041
57064
57082
57100
57119
57135
57151
57170
57191
57210
57231
57252
57273
57290
57307
57324
57342
57361
57382
57403
57422
57441
57460
57479
57497
57512
57529
57549
57571
57590
57608
57631
57648
57665
57684
57706
57726
57746
57762
57780
57798
57813
57829
57848
57869
57886
57906
57924
57943
57961
57982
58002
58019
58038
58057
58073
58089
58107
58128
58149
58167
58188
58205
58220
58239
58260
58276
58295
58314
58336
58356
58374
58390
58406
58423
58442
58462
58482
58500
58516
58536
58555
58575
58597
58617
58635
58652
58671
58689
58709
58728
58749
58765
58782
58803
58820
58837
58858
58878
58896
58915
58933
58950
58973
58996
59019
59035
59054
59073
59092
59110
59127
59149
59171
59186
59203
59224
59241
59264
59283
59299
59318
59336
59356
59371
59391
59414
59430
59448
59463
59482
59500
59518
59538
59558
59579
59597
59616
59637
59656
59673
59691
59712
59727
59745
59765
59787
59809
59826
59845
59862
59881
59898
59917
59935
59953
59970
59988
60006
60025
60042
60058
60073
60093
60110
60130
60147
60166
60182
60198
60215
60234
60251
60268
60285
60300
60319
60338
60356
60376
60394
60412
60430
60450
60468
60486
60502
60519
60537
60555
60574
60590
60609
60630
60649
60669
60687
60707
60726
60744
60764
60780
60801
60819
60838
60854
60872
60888
60905
60924
60943
60960
60980
60998
61018
61036
61054
61071
61092
61109
61129
61148
61166
61184
61203
61221
61237
61257
61272
61289
61307
61327
61351
61371
61392
61410
61428
61446
61465
61480
61498
61515
61533
61550
61566
61583
61602
61617
61635
61661
61679
61695
61712
61730
61749
61765
61786
61804
61821
61837
61857
61878
61896
61914
61933
61951
61967
61984
62004
62021
62039
62058
62073
62092
62108
62123
62139
62158
62178
62199
62219
62236
62253
62274
62290
62308
62325
62343
62363
62382
62400
62416
62436
62454
62470
62490
62510
62529
62549
62566
62586
62603
62621
62639
62655
62673
62694
62713
62730
62747
62768
62785
62801
62819
62838
62856
62872
62892
62909
62926
62944
62962
62983
63001
63017
63035
63055
63074
63092
63111
63130
63149
63164
63183
63200
63220
63242
63258
63275
63291
63314
63335
63352
63371
63390
63406
63422
63438
63455
63471
63489
63508
63526
63542
63560
63577
63594
63610
63629
63647
63666
63683
63698
63716
63736
63752
63770
63789
63807
63825
63844
63862
63878
63896
63917
63933
63951
63966
63986
64005
64021
64039
64055
64074
64094
64113
64131
64149
64168
64184
64202
64217
64237
64253
64269
64288
64305
64322
64338
64357
64377
64393
64413
64430
64448
64466
64485
64501
64522
64539
64557
64574
64591
64609
64626
64645
64663
64681
64699
64714
64731
64751
64768
64786
64803
64820
64839
64855
64874
64891
64910
64928
64947
64964
64982
65001
65017
65034
65051
65066
65083
65100
65116
65133
65150
65166
65182
65203
65222
65240
65257
65273
65289
65308
65326
65343
65359
65377
65393
65411
65428
65449
65467
65484
65500
65516
65535
65553
65569
65585
65601
65619
65636
65653
65670
65687
65709
65724
65745
65760
65777
65797
65815
65833
65855
65874
65889
65904
65921
65941
65960
65978
65995
66014
66032
66051
66070
66087
66105
66125
66143
66159
66178
66197
66212
66228
66246
66263
66280
66297
66315
66335
66358
66379
66395
66412
66431
66448
66463
66480
66498
66515
66531
66546
66569
66586
66602
66620
66638
66653
66670
66687
66711
66735
66752
66770
66787
66808
66826
66844
66861
66879
66896
66912
66931
66948
66965
66981
66998
67013
67031
67046
67067
67084
67105
67123
67140
67159
67175
67192
67212
67229
67250
67268
67287
67303
67320
67337
67356
67372
67388
67406
67423
67444
67461
67483
67505
67525
67542
67563
67578
67594
67611
67627
67645
67665
67682
67701
67718
67735
67752
67769
67788
67803
67820
67837
67853
67872
67888
67905
67921
67939
67959
67977
67996
68015
68031
68047
68063
68081
68097
68114
68130
68147
68165
68181
68199
68217
68235
68251
68268
68283
68302
68318
68339
68357
68373
68395
68412
68429
68446
68463
68480
68496
68512
68529
68548
68566
68584
68603
68618
68636
68651
68670
68689
68705
68720
68736
68755
68771
68789
68811
68829
68847
68864
68882
68898
68915
68931
68948
68965
68982
68999
69017
69033
69052
69068
69088
69105
69120
69136
69153
69171
69188
69203
69221
69239
69259
69278
69299
69319
69334
69349
69366
69384
69401
69418
69435
69453
69471
69492
69508
69526
69543
69561
69579
69595
69612
69628
69645
69660
69677
69696
69712
69729
69746
69762
69780
69797
69812
69829
69847
69865
69881
69897
69914
69933
69951
69969
69987
70003
70021
70039
70056
70074
70090
70108
70125
70143
70159
70180
70196
70215
70231
70251
70267
70286
70302
70321
70337
70356
70375
70392
70409
70429
70445
70464
70481
70502
70520
70536
70554
70570
70588
70605
70623
70641
70657
70672
70689
70706
70722
70738
70754
70771
70787
70803
70822
70837
70858
70874
70889
70906
70921
70937
70953
70968
70984
71000
71019
71036
71054
71071
71087
71108
71123
71142
71161
71178
71194
71212
71231
71250
71265
71283
71298
71317
71333
71351
71368
71384
71402
71422
71439
71456
71473
71489
71510
71526
71542
71561
71577
71597
71614
71631
71652
71672
71688
71704
71721
71738
71756
71774
71792
71810
71827
71845
71862
71881
71901
71919
71939
71957
71974
71991
72008
72026
72044
72061
72081
72098
72116
72133
72149
72167
72183
72199
72215
72234
72253
72268
72285
72300
72318
72336
72353
72370
72387
72406
72424
72441
72457
72475
72493
72510
72530
72547
72565
72583
72601
72619
72639
72656
72674
72691
72708
72723
72740
72757
72773
72790
72807
72825
72844
72860
72879
72895
72912
72929
72949
72965
72984
73003
73019
73034
73052
73068
73085
73100
73119
73134
73151
73169
73184
73203
73219
73237
73254
73273
73290
73309
73324
73341
73359
73374
73391
73409
73426
73443
73460
73478
73493
73510
73525
73541
73562
73580
73597
73615
73634
73652
73668
73686
73704
73724
73739
73754
73769
73785
73804
73820
73837
73853
73870
73885
73902
73918
73934
73951
73968
73985
74002
74020
74038
74054
74072
74089
74109
74125
74141
74159
74176
74193
74211
74227
74245
74265
74281
74297
74313
74328
74344
74362
74379
74399
74416
74434
74450
74466
74482
74497
74513
74531
74548
74565
74582
74604
74619
74637
74653
74669
74687
74704
74723
74740
74758
74775
74792
74808
74825
74843
74859
74877
74893
74910
74927
74943
74960
74976
74993
75012
75030
75046
75065
75083
75098
75116
75134
75153
75170
75185
75201
75220
75236
75254
75271
75287
75303
75320
75337
75358
75374
75390
75406
75423
75439
75455
75472
75490
75507
75522
75541
75557
75572
75590
75608
75623
75640
75656
75675
75690
75706
75721
75737
75752
75769
75785
75805
75825
75843
75860
75876
75894
75909
75928
75943
75959
75979
75994
76009
76025
76041
76059
76074
76089
76105
76123
76141
76157
76173
76190
76207
76224
76239
76257
76275
76291
76307
76323
76340
76358
76373
76389
76405
76420
76436
76453
76471
76489
76507
76524
76540
76560
76576
76591
76607
76622
76639
76656
76674
76691
76707
76725
76742
76757
76774
76792
76810
76828
76845
76862
76877
76895
76911
76928
76945
76960
76975
76992
77010
77026
77044
77060
77079
77096
77111
77126
77145
77160
77175
77190
77208
77225
77240
77255
77271
77288
77308
77325
77344
77359
77374
77393
77410
77427
77445
77461
77479
77495
77513
77531
77546
77564
77582
77597
77616
77631
77649
77665
77680
77695
77710
77725
77741
77758
77778
77793
77810
77829
77845
77863
77882
77898
77915
77933
77949
77967
77983
78000
78017
78033
78049
78064
78079
78095
78111
78127
78144
78160
78176
78192
78209
78224
78241
78257
78273
78291
78306
78323
78342
78357
78373
78390
78407
78422
78441
78456
78475
78494
78511
78530
78549
78567
78584
78602
78619
78636
78652
78670
78686
78702
78718
78734
78751
78769
78784
78799
78818
78833
78850
78869
78886
78902
78919
78935
78950
78967
78986
79004
79019
79037
79055
79073
79089
79105
79122
79138
79154
79173
79189
79206
79221
79236
79253
79274
79290
79305
79321
79338
79354
79370
79389
79406
79424
79440
79455
79471
79489
79504
79519
79534
79549
79565
79581
79596
79614
79631
79646
79663
79679
79695
79711
79727
79742
79758
79775
79794
79810
79825
79843
79859
79875
79890
79906
79924
79939
79954
79973
79989
80004
80020
80038
80055
80072
80088
80107
80123
80139
80156
80172
80188
80204
80219
80237
80254
80272
80288
80303
80319
80335
80351
80368
80383
80400
80416
80431
80449
80465
80481
80499
80514
80532
80550
80566
80584
80601
80616
80634
80649
80665
80680
80696
80712
80728
80744
80759
80776
80792
80811
80827
80844
80861
80877
80894
80911
80928
80943
80960
80976
80996
81012
81028
81043
81059
81074
81091
81106
81122
81139
81155
81171
81187
81203
81219
81236
81252
81268
81285
81302
81320
81335
81350
81367
81383
81398
81418
81435
81452
81470
81485
81502
81518
81536
81552
81568
81583
81602
81618
81633
81650
81665
81681
81698
81715
81731
81747
81764
81781
81798
81815
81832
81847
81862
81878
81895
81911
81929
81946
81964
81982
82000
82016
82031
82047
82062
82079
82095
82111
82128
82144
82160
82175
82190
82208
82223
82240
82257
82273
82291
82306
82321
82336
82352
82367
82383
82400
82417
82434
82451
82467
82483
82499
82514
82529
82546
82561
82578
82599
82615
82630
82645
82660
82678
82693
82709
82724
82739
82755
82770
82787
82804
82819
82837
82852
82869
82884
82902
82918
82935
82950
82966
82984
82999
83015
83031
83046
83064
83080
83095
83112
83129
83144
83159
83174
83192
83208
83223
83239
83255
83270
83286
83304
83319
83335
83352
83370
83387
83403
83419
83436
83454
83469
83486
83501
83518
83535
83552
83568
83584
83600
83615
83631
83648
83664
83679
83696
83712
83728
83744
83761
83778
83794
83809
83824
83841
83857
83876
83891
83906
83922
83938
83954
83972
83991
84007
84022
84039
84055
84071
84086
84102
84119
84134
84150
84165
84180
84197
84212
84228
84247
84263
84280
84296
84313
84330
84347
84365
84382
84398
84414
84430
84445
84461
84478
84494
84509
84525
84540
84555
84570
84585
84602
84618
84633
84648
84663
84679
84695
84710
84725
84742
84757
84774
84789
84809
84826
84842
84858
84874
84889
84904
84920
84936
84951
84966
84982
84997
85014
85029
85045
85061
85076
85093
85108
85126
85144
85161
85177
85194
85210
85226
85242
85259
85274
85289
85304
85319
85336
85351
85367
85385
85400
85416
85433
85449
85465
85481
85496
85512
85528
85543
85558
85576
85593
85608
85624
85640
85657
85672
85688
85705
85721
85737
85753
85771
85786
85803
85820
85835
85853
85870
85886
85902
85919
85935
85950
85965
85981
85996
86012
86027
86043
86059
86075
86090
86106
86122
86139
86154
86169
86186
86202
86218
86234
86251
86266
86281
86298
86314
86331
86349
86365
86382
86398
86413
86428
86444
86460
86476
86493
86509
86525
86541
86557
86576
86593
86610
86627
86643
86659
86674
86689
86705
86720
86735
86751
86767
86783
86800
86815
86830
86845
86864
86882
86898
86915
86931
86946
86962
86977
86994
87010
87026
87043
87059
87077
87092
87109
87125
87140
87155
87171
87186
87201
87218
87234
87249
87266
87281
87298
87313
87328
87344
87359
87374
87390
87407
87423
87439
87455
87471
87489
87506
87524
87539
87555
87571
87587
87602
87618
87635
87653
87668
87683
87700
87715
87730
87747
87762
87779
87794
87811
87826
87845
87861
87876
87894
87912
87927
87943
87958
87974
87992
88009
88025
88041
88056
88071
88086
88102
88118
88135
88150
88165
88181
88196
88212
88228
88243
88258
88274
88291
88306
88322
88338
88354
88370
88386
88401
88416
88431
88448
88463
88479
88495
88510
88525
88540
88556
88573
88590
88605
88620
88635
88650
88666
88684
88699
88715
88732
88749
88764
88781
88798
88815
88830
88847
88862
88877
88892
88909
88925
88940
88955
88973
88988
89005
89021
89036
89052
89067
89083
89098
89113
89128
89144
89159
89177
89195
89212
89228
89245
89261
89277
89293
89308
89326
89345
89361
89378
89393
89409
89424
89440
89456
89471
89488
89503
89522
89538
89554
89572
89587
89602
89619
89635
89652
89668
89684
89700
89715
89730
89746
89762
89777
89792
89809
89826
89846
89861
89877
89892
89909
89926
89941
89959
89974
89991
90007
90025
90041
90057
90073
90089
90104
90119
90135
90151
90167
90182
90198
90216
90231
90246
90261
90277
90293
90308
90324
90341
90357
90372
90388
90404
90419
90434
90450
90466
90481
90496
90511
90528
90544
90560
90576
90593
90612
90627
90642
90657
90675
90692
90707
90723
90738
90753
90769
90784
90799
90814
90830
90845
90861
90876
90892
90907
90922
90938
90953
90969
90985
91001
91016
91031
91047
91062
91079
91095
91113
91131
91146
91161
91177
91192
91207
91222
91239
91254
91269
91285
91301
91316
91334
91350
91368
91383
91399
91416
91432
91448
91464
91479
91494
91509
91524
91541
91557
91572
91590
91605
91621
91636
91652
91667
91683
91698
91718
91734
91749
91764
91781
91799
91816
91831
91848
91863
91879
91894
91911
91927
91942
91959
91974
91990
92006
92023
92038
92054
92070
92087
92102
92117
92135
92150
92167
92183
92198
92214
92230
92248
92263
92278
92293
92308
92323
92339
92355
92371
92386
92401
92416
92431
92447
92462
92478
92494
92511
92526
92541
92556
92571
92587
92603
92619
92635
92651
92666
92682
92699
92715
92733
92748
92764
92780
92795
92810
92825
92842
92859
92874
92891
92906
92922
92938
92954
92970
92986
93001
93017
93033
93048
93064
93079
93095
93110
93125
93142
93157
93172
93188
93205
93222
93237
93253
93269
93285
93302
93317
93333
93348
93363
93379
93395
93410
93425
93442
93457
93474
93490
93508
93523
93540
93555
93570
93585
93601
93617
93633
93648
93663
93679
93695
93710
93727
93742
93757
93772
93787
93802
93818
93833
93848
93864
93880
93896
93912
93927
93943
93958
93974
93989
94006
94024
94039
94054
94071
94086
94102
94118
94133
94150
94168
94184
94199
94214
94231
94246
94262
94277
94292
94307
94323
94338
94353
94369
94384
94401
94416
94433
94448
94464
94479
94494
94510
94527
94542
94558
94573
94588
94603
94618
94633
94648
94663
94680
94696
94711
94726
94741
94758
94773
94789
94804
94821
94837
94852
94867
94882
94897
94913
94928
94944
94960
94975
94991
95006
95021
95036
95051
95066
95082
95099
95114
95131
95147
95163
95178
95194
95209
95224
95239
95254
95270
95287
95302
95319
95334
95351
95366
95382
95397
95413
95429
95445
95460
95477
95492
95507
95524
95540
95556
95572
95588
95603
95618
95633
95648
95664
95680
95695
95712
95727
95743
95759
95774
95789
95805
95820
95835
95850
95865
95880
95895
95910
95925
95940
95955
95970
95985
96001
96016
96031
96047
96063
96080
96096
96112
96127
96143
96158
96173
96189
96204
96219
96234
96250
96265
96280
96296
96312
96327
96343
96358
96373
96388
96403
96418
96433
96449
96465
96481
96496
96512
96527
96543
96559
96574
96590
96606
96621
96636
96651
96666
96681
96697
96713
96730
96745
96760
96776
96792
96808
96823
96838
96853
96868
96884
96900
96916
96932
96947
96964
96979
96995
97010
97025
97041
97056
97071
97086
97103
97119
97134
97150
97166
97181
97196
97211
97227
97246
97262
97277
97293
97308
97323
97338
97354
97370
97385
97401
97416
97431
97446
97462
97477
97493
97508
97523
97539
97554
97569
97586
97601
97616
97631
97647
97662
97677
97692
97708
97725
97741
97756
97771
97786
97802
97818
97833
97848
97863
97879
97894
97910
97925
97940
97956
97972
97988
98003
98019
98034
98049
98064
98079
98095
98112
98129
98145
98161
98176
98192
98208
98223
98239
98254
98269
98284
98299
98315
98330
98346
98361
98376
98391
98406
98422
98437
98452
98467
98482
98497
98512
98527
98542
98559
98574
98589
98605
98620
98635
98652
98668
98683
98701
98716
98731
98746
98762
98777
98792
98809
98824
98841
98856
98872
98888
98903
98918
98934
98949
98965
98980
98995
99012
99028
99044
99059
99074
99089
99104
99119
99135
99150
99165
99181
99196
99213
99229
99244
99259
99274
99289
99304
99319
99334
99350
99365
99381
99396
99412
99427
99442
99457
99472
99487
99502
99518
99533
99548
99563
99580
99595
99612
99627
99642
99660
99676
99691
99706
99721
99737
99752
99767
99782
99798
99813
99828
99843
99858
99874
99889
99905
99920
99936
99952
99968
99983
99999
100014
100029
100044
100060
100076
100091
100106
100121
100136
100151
100167
100182
100198
100213
100228
100244
100259
100275
100291
100307
100322
100337
100354
100369
100384
100401
100416
100431
100446
100461
100477
100493
100509
100524
100539
100554
100570
100585
100601
100616
100631
100648
100663
100679
100694
100711
100726
100741
100756
100771
100786
100804
100820
100835
100850
100865
100881
100896
100911
100926
100941
100956
100973
100988
101003
101018
101033
101048
101065
101081
101097
101112
101127
101144
101164
101179
101195
101211
101226
101244
101260
101275
101290
101305
101322
101339
101354
101369
101384
101399
101414
101429
101445
101460
101475
101490
101505
101520
101535
101550
101566
101581
101596
101613
101629
101645
101660
101675
101690
101705
101720
101735
101750
101766
101781
101796
101811
101826
101841
101856
101874
101889
101904
101920
101936
101951
101966
101984
101999
102015
102030
102045
102060
102075
102093
102108
102123
102138
102154
102170
102186
102201
102216
102232
102248
102263
102279
102294
102309
102325
102341
102356
102371
102387
102404
102419
102434
102449
102464
102479
102494
102509
102525
102541
102556
102571
102587
102602
102617
102633
102649
102664
102680
102695
102710
102725
102740
102756
102771
102786
102801
102816
102831
102846
102861
102878
102894
102911
102927
102943
102959
102974
102989
103004
103019
103036
103052
103068
103084
103099
103114
103130
103145
103160
103176
103191
103206
103222
103238
103253
103269
103285
103300
103315
103331
103346
103361
103376
103391
103407
103422
103438
103453
103468
103483
103498
103513
103528
103544
103559
103574
103589
103604
103619
103634
103649
103666
103681
103696
103711
103726
103741
103756
103771
103786
103801
103816
103831
103846
103862
103878
103893
103908
103923
103938
103953
103968
103983
103999
104014
104029
104044
104059
104076
104091
104106
104121
104136
104153
104169
104184
104199
104214
104229
104244
104259
104274
104290
104305
104320
104335
104351
104366
104382
104397
104413
104429
104444
104459
104474
104490
104505
104521
104536
104551
104566
104581
104597
104612
104627
104643
104660
104675
104690
104707
104722
104738
104753
104769
104784
104800
104816
104832
104847
104862
104878
104894
104909
104924
104939
104955
104971
104987
105002
105018
105033
105049
105064
105081
105097
105112
105127
105142
105157
105172
105188
105205
105222
105237
105252
105268
105283
105298
105313
105328
105344
105360
105375
105391
105406
105421
105437
105452
105468
105484
105499
105514
105529
105544
105559
105574
105589
105605
105620
105635
105650
105666
105682
105698
105713
105729
105745
105760
105777
105792
105808
105823
105838
105853
105869
105884
105900
105915
105930
105945
105960
105976
105991
106007
106023
106040
106055
106070
106086
106101
106117
106132
106148
106164
106181
106196
106211
106226
106241
106257
106273
106288
106303
106319
106335
106351
106368
106384
106399
106414
106429
106444
106459
106475
106490
106505
106520
106535
106550
106565
106580
106595
106611
106626
106641
106656
106671
106687
106702
106717
106732
106748
106763
106779
106794
106809
106825
106840
106856
106873
106889
106904
106921
106936
106952
106967
106983
106999
107014
107029
107044
107060
107075
107090
107106
107122
107137
107152
107167
107182
107197
107212
107228
107244
107259
107274
107290
107305
107320
107336
107353
107368
107384
107399
107415
107430
107445
107462
107479
107494
107509
107524
107539
107554
107569
107584
107599
107614
107629
107644
107659
107674
107690
107705
107721
107736
107752
107767
107783
107801
107816
107831
107846
107861
107877
107893
107908
107923
107940
107957
107972
107988
108004
108019
108034
108049
108064
108080
108095
108113
108128
108143
108159
108174
108190
108205
108222
108239
108255
108270
108285
108300
108315
108331
108347
108362
108377
108393
108409
108424
108439
108456
108472
108488
108503
108519
108534
108549
108564
108579
108594
108609
108624
108640
108655
108670
108685
108701
108717
108732
108749
108764
108779
108795
108810
108825
108840
108855
108871
108887
108902
108918
108933
108948
108963
108978
108993
109010
109027
109042
109059
109074
109089
109104
109119
109134
109150
109165
109183
109198
109213
109228
109243
109258
109273
109289
109305
109320
109335
109350
109366
109381
109397
109413
109428
109444
109459
109475
109490
109505
109520
109536
109551
109568
109583
109598
109615
109631
109646
109661
109677
109692
109707
109722
109738
109754
109770
109787
109802
109818
109836
109851
109868
109883
109898
109913
109929
109944
109960
109975
109991
110006
110021
110037
110052
110067
110084
110099
110114
110129
110144
110159
110175
110192
110207
110222
110237
110252
110269
110284
110299
110314
110331
110346
110361
110376
110391
110406
110421
110437
110454
110469
110484
110499
110515
110530
110545
110560
110575
110590
110607
110624
110639
110655
110670
110685
110702
110718
110735
110753
110768
110783
110800
110816
110831
110846
110862
110878
110893
110909
110924
110940
110955
110970
110985
111000
111016
111032
111048
111065
111081
111096
111112
111128
111143
111159
111176
111192
111208
111223
111239
111255
111270
111285
111301
111318
111333
111348
111363
111378
111393
111408
111424
111439
111454
111469
111484
111499
111515
111530
111545
111560
111576
111592
111608
111624
111639
111654
111670
111685
111701
111716
111732
111747
111762
111777
111793
111808
111823
111839
111854
111869
111884
111899
111915
111930
111946
111961
111977
111992
112008
112023
112038
112053
112069
112084
112099
112114
112130
112146
112161
112176
112191
112206
112221
112236
112251
112266
112281
112296
112311
112326
112342
112358
112373
112388
112403
112419
112434
112449
112464
112479
112494
112509
112526
112541
112557
112572
112587
112602
112617
112633
112648
112663
112678
112694
112709
112726
112741
112756
112772
112787
112803
112818
112834
112850
112867
112882
112897
112912
112928
112944
112959
112974
112989
113004
113019
113034
113049
113065
113080
113097
113112
113127
113143
113158
113173
113188
113205
113220
113235
113250
113266
113281
113296
113311
113326
113341
113357
113373
113388
113403
113418
113433
113449
113464
113479
113494
113509
113525
113542
113558
113573
113588
113603
113618
113634
113649
113664
113679
113695
113711
113728
113744
113759
113774
113789
113804
113819
113834
113849
113865
113881
113896
113911
113926
113941
113956
113971
113986
114001
114016
114031
114046
114061
114076
114091
114106
114121
114136
114151
114166
114181
114196
114211
114226
114241
114257
114272
114288
114304
114319
114334
114350
114366
114381
114397
114413
114428
114444
114459
114474
114489
114504
114520
114535
114550
114565
114580
114596
114611
114627
114642
114657
114673
114688
114703
114718
114734
114749
114765
114782
114797
114812
114827
114842
114857
114873
114888
114903
114918
114933
114948
114963
114979
114994
115009
115024
115039
115054
115069
115084
115099
115114
115129
115145
115160
115175
115191
115206
115221
115236
115251
115266
115281
115296
115311
115326
115341
115356
115372
115388
115403
115418
115434
115449
115464
115480
115495
115510
115525
115540
115556
115571
115587
115602
115617
115632
115647
115662
115677
115692
115707
115722
115737
115752
115767
115782
115797
115812
115827
115842
115857
115872
115887
115902
115917
115932
115947
115963
115978
115993
116008
116023
116038
116053
116068
116083
116098
116113
116128
116144
116159
116174
116189
116204
116219
116234
116249
116264
116279
116294
116309
116324
116339
116354
116370
116385
116400
116415
116430
116445
116462
116477
116492
116508
116523
116538
116553
116568
116583
116599
116614
116630
116645
116660
116675
116691
116706
116721
116736
116751
116767
116782
116797
116812
116827
116842
116857
116872
116887
116902
116917
116932
116948
116964
116979
116994
117009
117024
117039
117056
117071
117086
117101
117116
117131
117146
117161
117177
117192
117207
117222
117237
117252
117267
117282
117297
117312
117327
117342
117357
117372
117387
117402
117418
117433
117448
117463
117478
117493
117508
117524
117540
117555
117570
117586
117601
117616
117631
117646
117661
117676
117691
117706
117721
117736
117751
117767
117782
117797
117812
117827
117844
117859
117874
117889
117904
117919
117934
117949
117966
117981
117996
118011
118026
118041
118056
118071
118086
118101
118116
118131
118146
118161
118176
118191
118206
118221
118236
118251
118266
118281
118296
118311
118326
118341
118356
118371
118388
118405
118421
118436
118451
118466
118481
118496
118511
118527
118542
118558
118573
118589
118604
118619
118634
118649
118664
118679
118694
118709
118724
118739
118754
118770
118785
118800
118815
118830
118845
118862
118877
118892
118907
118922
118938
118953
118968
118983
118998
119013
119028
119043
119058
119074
119089
119104
119119
119134
119149
119165
119180
119197
119212
119227
119242
119257
119273
119288
119303
119318
119333
119348
119363
119379
119394
119409
119424
119440
119455
119470
119485
119500
119515
119530
119546
119561
119578
119593
119608
119624
119639
119654
119669
119685
119701
119716
119731
119746
119761
119776
119791
119806
119822
119837
119852
119867
119882
119897
119912
119927
119942
119957
119972
119987
120002
120018
120033
120048
120064
120079
120094
120109
120124
120139
120154
120169
120185
120200
120215
120230
120245
120260
120275
120290
120305
120321
120336
120351
120367
120382
120397
120412
120427
120443
120458
120475
120490
120507
120522
120537
120552
120567
120582
120597
120612
120628
120643
120658
120673
120688
120703
120718
120733
120749
120764
120779
120794
120809
120825
120840
120855
120870
120885
120900
120915
120930
120945
120960
120975
120991
121006
121021
121036
121051
121066
121081
121096
121111
121126
121141
121156
121171
121186
121201
121216
121231
121246
121261
121277
121292
121307
121322
121337
121352
121367
121382
121397
121412
121428
121444
121461
121476
121491
121507
121523
121538
121553
121568
121583
121598
121613
121628
121644
121659
121674
121689
121704
121720
121735
121750
121766
121781
121796
121811
121826
121841
121856
121871
121886
121901
121916
121931
121946
121961
121976
121991
122006
122023
122039
122057
122072
122088
122103
122119
122135
122150
122165
122181
122196
122212
122227
122243
122258
122273
122288
122304
122319
122334
122350
122365
122380
122396
122411
122426
122441
122456
122471
122486
122501
122516
122531
122548
122563
122578
122593
122609
122625
122640
122655
122670
122685
122700
122715
122730
122745
122761
122777
122792
122808
122823
122838
122853
122869
122884
122899
122914
122929
122944
122959
122974
122989
123004
123019
123034
123049
123064
123080
123095
123110
123125
123140
123155
123170
123185
123200
123215
123230
123245
123261
123276
123291
123307
123323
123339
123355
123370
123385
123400
123415
123430
123445
123461
123476
123491
123506
123521
123537
123552
123567
123582
123597
123612
123627
123643
123658
123673
123689
123705
123720
123735
123750
123765
123780
123795
123811
123827
123843
123858
123873
123889
123904
123920
123935
123951
123966
123981
123996
124013
124029
124045
124060
124075
124090
124105
124120
124136
124153
124168
124183
124198
124213
124228
124244
124259
124275
124290
124306
124321
124336
124351
124367
124382
124398
124413
124428
124443
124458
124474
124489
124504
124519
124534
124549
124564
124580
124596
124611
124626
124642
124657
124673
124688
124703
124718
124733
124748
124763
124779
124795
124810
124825
124840
124856
124871
124886
124901
124916
124931
124946
124961
124978
124993
125008
125023
125039
125054
125069
125084
125099
125114
125130
125145
125160
125176
125191
125207
125222
125237
125252
125267
125283
125298
125313
125328
125345
125360
125376
125391
125406
125421
125437
125452
125468
125484
125499
125514
125530
125545
125560
125576
125591
125606
125621
125636
125652
125667
125682
125697
125713
125729
125744
125759
125775
125791
125806
125822
125838
125853
125868
125883
125898
125913
125928
125944
125960
125975
125990
126005
126020
126035
126050
126065
126080
126096
126111
126127
126142
126157
126172
126187
126203
126218
126234
126249
126265
126280
126295
126310
126325
126341
126356
126371
126387
126402
126419
126434
126449
126464
126479
126494
126509
126524
126540
126555
126570
126586
126601
126616
126631
126646
126661
126676
126691
126706
126722
126738
126753
126768
126783
126798
126813
126828
126843
126860
126875
126890
126905
126920
126935
126950
126965
126980
126996
127011
127026
127041
127056
127073
127088
127103
127118
127133
127148
127163
127178
127194
127209
127224
127239
127255
127270
127285
127301
127316
127331
127347
127363
127378
127394
127409
127425
127440
127455
127470
127485
127500
127515
127531
127546
127561
127577
127592
127607
127623
127638
127654
127669
127684
127699
127715
127730
127745
127760
127776
127791
127806
127821
127837
127853
127868
127883
127898
127914
127929
127945
127960
127975
127990
128005
128020
128035
128051
128066
128081
128096
128111
128126
128141
128156
128173
128188
128204
128219
128234
128249
128264
128279
128294
128309
128324
128339
128354
128369
128384
128399
128415
128430
128445
128460
128475
128491
128506
128521
128536
128551
128566
128581
128596
128611
128627
128642
128657
128673
128689
128705
128720
128735
128750
128765
128780
128796
128811
128826
128842
128857
128872
128887
128903
128918
128934
128949
128965
128981
128997
129012
129028
129043
129058
129074
129089
129104
129119
129134
129149
129164
129179
129194
129209
129225
129240
129255
129270
129285
129300
129315
129330
129345
129360
129375
129391
129406
129422
129438
129453
129468
129483
129498
129513
129529
129545
129560
129575
129590
129606
129621
129637
129653
129668
129684
129699
129714
129729
129744
129759
129776
129791
129806
129822
129837
129852
129867
129882
129897
129912
129927
129942
129957
129972
129988
130003
130018
130033
130048
130064
130081
130096
130112
130127
130142
130157
130173
130188
130203
130218
130233
130248
130263
130279
130294
130309
130324
130339
130354
130369
130384
130399
130414
130429
130445
130460
130475
130490
130505
130520
130536
130551
130566
130581
130596
130611
130626
130641
130657
130672
130687
130702
130717
130732
130747
130762
130777
130792
130807
130822
130837
130852
130868
130883
130899
130915
130930
130945
130961
130976
130991
131007
131022
131037
131052
131067
131082
131098
131114
131129
131144
131159
131174
131189
131204
131219
131235
131250
131265
131280
131295
131310
131325
131340
131355
131370
131385
131401
131416
131431
131446
131461
131476
131491
131507
131523
131538
131553
131568
131585
131600
131615
131632
131647
131663
131678
131693
131708
131723
131738
131753
131768
131783
131798
131813
131829
131844
131859
131874
131891
131906
131923
131938
131953
131968
131983
131998
132013
132028
132043
132058
132073
132088
132103
132118
132133
132149
132165
132180
132195
132211
132226
132241
132256
132271
132286
132301
132316
132331
132346
132361
132376
132391
132407
132422
132437
132452
132467
132482
132498
132513
132528
132543
132558
132573
132588
132603
132618
132633
132648
132663
132678
132693
132708
132725
132740
132755
132770
132786
132801
132816
132831
132846
132861
132876
132891
132906
132921
132936
132951
132966
132981
132996
133011
133026
133041
133056
133071
133087
133103
133118
133135
133152
133168
133184
133199
133214
133230
133245
133261
133276
133291
133306
133321
133336
133351
133366
133381
133396
133411
133426
133442
133457
133472
133487
133502
133517
133532
133547
133562
133578
133593
133608
133623
133638
133653
133668
133683
133698
133714
133729
133744
133759
133774
133789
133804
133821
133836
133851
133866
133881
133897
133912
133927
133942
133957
133973
133988
134003
134018
134033
134048
134063
134078
134093
134108
134123
134138
134153
134168
134185
134200
134216
134231
134246
134261
134276
134291
134306
134321
134336
134351
134366
134381
134396
134412
134427
134442
134458
134474
134489
134505
134520
134535
134550
134566
134581
134596
134611
134628
134643
134658
134673
134688
134703
134719
134734
134749
134764
134779
134795
134810
134825
134841
134856
134871
134886
134901
134917
134932
134947
134962
134977
134993
135008
135023
135038
135053
135069
135085
135100
135115
135131
135146
135161
135176
135192
135207
135223
135239
135254
135269
135284
135299
135314
135329
135344
135359
135374
135389
135404
135419
135434
135449
135465
135481
135496
135511
135526
135541
135556
135572
135587
135602
135617
135633
135648
135663
135678
135693
135708
135723
135738
135753
135768
135783
135798
135813
135828
135844
135860
135875
135890
135905
135920
135935
135950
135965
135981
135996
136012
136027
136042
136057
136072
136088
136103
136118
136133
136149
136165
136180
136195
136210
136225
136241
136256
136271
136286
136301
136316
136331
136346
136361
136376
136391
136406
136421
136436
136451
136466
136481
136496
136511
136526
136541
136556
136571
136587
136602
136618
136634
136649
136664
136680
136695
136710
136726
136741
136756
136771
136786
136802
136817
136832
136847
136862
136877
136892
136908
136923
136938
136953
136969
136984
137000
137015
137030
137045
137060
137076
137091
137106
137121
137137
137153
137168
137184
137199
137216
137231
137246
137261
137276
137291
137306
137321
137336
137352
137367
137382
137397
137412
137427
137442
137457
137472
137488
137503
137518
137534
137549
137564
137579
137594
137609
137624
137640
137655
137671
137686
137701
137717
137733
137748
137763
137778
137793
137808
137823
137838
137853
137868
137883
137898
137913
137928
137943
137958
137973
137988
138003
138018
138033
138048
138064
138080
138096
138112
138127
138143
138158
138173
138188
138204
138219
138234
138249
138265
138280
138295
138311
138327
138343
138358
138373
138388
138403
138418
138433
138448
138464
138479
138494
138509
138524
138539
138554
138569
138585
138600
138616
138632
138647
138662
138677
138692
138707
138722
138737
138752
138767
138782
138798
138813
138828
138843
138858
138873
138888
138903
138919
138934
138949
138964
138980
138995
139011
139027
139042
139057
139072
139088
139104
139119
139134
139149
139165
139180
139195
139210
139225
139240
139255
139270
139285
139301
139316
139331
139346
139361
139378
139393
139408
139423
139439
139454
139469
139484
139499
139514
139529
139545
139560
139576
139591
139606
139621
139636
139651
139666
139681
139697
139712
139727
139742
139757
139772
139787
139802
139817
139833
139849
139864
139879
139894
139909
139924
139939
139954
139969
139984
139999
140014
140029
140044
140059
140074
140089
140104
140119
140134
140149
140164
140180
140195
140210
140225
140240
140255
140271
140286
140301
140316
140331
140346
140362
140377
140392
140407
140422
140437
140452
140467
140482
140497
140512
140527
140542
140558
140573
140588
140603
140618
140633
140648
140663
140678
140693
140709
140724
140739
140755
140771
140786
140802
140817
140832
140847
140862
140879
140894
140909
140925
140940
140955
140970
140985
141000
141015
141031
141046
141062
141079
141095
141112
141128
141143
141160
141175
141192
141207
141222
141238
141253
141268
141283
141299
141314
141329
141344
141359
141374
141389
141404
141419
141434
141449
141464
141479
141494
141509
141524
141539
141554
141569
141584
141599
141614
141629
141644
141659
141674
141689
141704
141719
141735
141750
141766
141781
141796
141812
141827
141843
141858
141874
141889
141904
141920
141935
141950
141965
141980
141995
142010
142027
142043
142058
142073
142089
142104
142119
142134
142149
142166
142181
142196
142211
142226
142241
142256
142271
142286
142301
142317
142332
142347
142362
142378
142393
142408
142423
142438
142453
142468
142484
142499
142514
142529
142544
142559
142574
142589
142604
142620
142635
142650
142666
142682
142697
142712
142727
142743
142758
142773
142789
142804
142819
142834
142850
142865
142880
142895
142910
142925
142940
142955
142970
142985
143000
143015
143030
143045
143060
143076
143092
143107
143122
143138
143153
143169
143184
143200
143215
143230
143246
143262
143277
143293
143308
143323
143339
143354
143369
143385
143401
143416
143433
143448
143463
143479
143494
143509
143525
143541
143556
143571
143586
143601
143616
143631
143647
143662
143678
143693
143708
143723
143740
143756
143771
143786
143801
143816
143831
143846
143861
143876
143892
143908
143923
143938
143954
143970
143985
144000
144015
144031
144047
144062
144077
144092
144107
144123
144139
144154
144169
144184
144201
144217
144232
144248
144263
144278
144294
144309
144325
144340
144355
144370
144385
144401
144417
144432
144448
144463
144478
144493
144508
144523
144538
144553
144568
144583
144599
144614
144629
144644
144659
144676
144691
144707
144722
144737
144752
144767
144782
144797
144812
144827
144842
144857
144872
144888
144903
144918
144933
144949
144964
144979
144994
145009
145024
145039
145054
145070
145085
145100
145115
145130
145145
145161
145176
145191
145207
145222
145237
145252
145267
145282
145297
145312
145327
145343
145359
145374
145389
145404
145419
145435
145450
145465
145480
145495
145510
145525
145540
145555
145570
145586
145602
145617
145632
145647
145662
145679
145694
145709
145724
145740
145755
145771
145786
145802
145817
145832
145847
145862
145878
145893
145908
145923
145939
145954
145970
145985
146001
146016
146031
146046
146061
146077
146092
146108
146124
146139
146155
146170
146185
146200
146215
146230
146245
146260
146275
146291
146306
146323
146339
146355
146370
146385
146401
146416
146432
146448
146463
146480
146496
146511
146527
146543
146558
146573
146589
146604
146619
146635
146650
146665
146680
146695
146710
146725
146740
146755
146771
146787
146802
146817
146832
146847
146862
146878
146893
146908
146923
146938
146954
146969
146984
146999
147014
147029
147044
147059
147074
147089
147104
147119
147134
147149
147168
147183
147198
147213
147228
147243
147259
147274
147289
147305
147321
147336
147351
147366
147381
147396
147412
147427
147442
147457
147472
147488
147504
147519
147534
147549
147564
147580
147595
147610
147625
147641
147656
147671
147687
147704
147719
147735
147750
147765
147782
147798
147813
147828
147843
147858
147873
147888
147903
147918
147933
147948
147963
147978
147993
148008
148023
148038
148054
148069
148085
148100
148115
148131
148146
148161
148176
148192
148207
148224
148239
148254
148269
148284
148299
148315
148331
148346
148361
148376
148391
148407
148422
148438
148453
148469
148484
148499
148514
148529
148544
148559
148574
148591
148607
148623
148639
148654
148669
148684
148700
148716
148731
148746
148761
148776
148791
148806
148821
148836
148851
148866
148881
148896
148911
148927
148942
148957
148972
148988
149005
149020
149035
149050
149065
149081
149096
149111
149127
149142
149157
149173
149189
149205
149221
149236
149251
149266
149282
149297
149312
149327
149342
149357
149372
149387
149402
149418
149433
149448
149463
149478
149494
149509
149524
149540
149555
149570
149585
149601
149616
149631
149646
149661
149676
149692
149707
149722
149738
149753
149768
149783
149798
149813
149828
149846
149861
149877
149892
149907
149922
149938
149953
149968
149983
149998
150013
150028
150043
150058
150073
150088
150103
150119
150135
150151
150168
150184
150199
150214
150229
150244
150259
150274
150289
150304
150319
150334
150350
150366
150383
150399
150414
150430
150445
150460
150475
150490
150506
150521
150536
150551
150566
150582
150597
150613
150629
150644
150659
150674
150689
150705
150720
150735
150751
150766
150781
150796
150811
150826
150842
150857
150872
150887
150902
150918
150934
150949
150965
150980
150995
151010
151025
151041
151056
151071
151086
151101
151116
151132
151148
151163
151178
151194
151209
151224
151239
151255
151270
151286
151302
151318
151334
151349
151365
151381
151396
151411
151426
151442
151457
151473
151488
151503
151518
151534
151549
151565
151580
151596
151612
151627
151642
151657
151672
151687
151702
151719
151734
151749
151764
151779
151794
151811
151827
151843
151858
151873
151888
151903
151918
151933
151948
151964
151979
151995
152010
152025
152040
152056
152072
152087
152103
152119
152134
152149
152164
152180
152196
152212
152227
152242
152257
152272
152287
152302
152317
152333
152348
152363
152378
152393
152409
152424
152440
152455
152470
152485
152500
152515
152530
152545
152560
152576
152591
152606
152621
152636
152651
152666
152682
152697
152712
152727
152743
152760
152775
152792
152807
152822
152837
152852
152867
152882
152898
152913
152929
152944
152959
152974
152989
153006
153023
153039
153055
153070
153085
153100
153115
153130
153145
153160
153175
153190
153205
153220
153235
153250
153266
153282
153298
153314
153329
153344
153359
153374
153390
153406
153421
153436
153451
153466
153482
153497
153513
153528
153543
153559
153575
153590
153605
153620
153635
153650
153665
153680
153697
153713
153728
153744
153759
153774
153789
153804
153819
153834
153850
153865
153880
153896
153912
153927
153942
153957
153973
153988
154003
154018
154034
154049
154064
154080
154095
154111
154126
154143
154158
154173
154189
154204
154219
154234
154249
154264
154281
154296
154311
154326
154341
154356
154371
154386
154401
154416
154432
154447
154462
154477
154493
154508
154523
154538
154553
154568
154583
154598
154614
154630
154645
154660
154676
154692
154708
154723
154739
154754
154770
154786
154801
154816
154831
154846
154861
154876
154892
154907
154922
154937
154952
154968
154985
155000
155015
155030
155046
155061
155076
155091
155106
155122
155138
155153
155168
155184
155199
155214
155229
155244
155259
155275
155290
155305
155320
155336
155352
155368
155383
155399
155414
155429
155444
155459
155474
155489
155505
155520
155535
155550
155565
155580
155595
155610
155626
155641
155656
155673
155689
155704
155719
155734
155750
155767
155783
155798
155813
155828
155843
155858
155875
155890
155906
155922
155937
155952
155967
155983
155999
156014
156030
156046
156061
156076
156091
156106
156121
156136
156152
156167
156182
156197
156213
156228
156244
156259
156274
156289
156304
156321
156336
156352
156367
156382
156398
156413
156428
156443
156458
156474
156491
156506
156523
156538
156554
156569
156584
156599
156614
156630
156645
156660
156676
156691
156706
156722
156738
156753
156768
156783
156798
156813
156828
156845
156860
156875
156890
156905
156920
156935
156951
156967
156983
156998
157014
157029
157045
157060
157075
157090
157105
157121
157136
157151
157166
157181
157196
157213
157228
157243
157258
157273
157288
157303
157319
157335
157350
157365
157380
157395
157412
157428
157443
157458
157473
157488
157504
157519
157534
157549
157565
157581
157597
157613
157628
157643
157658
157673
157688
157703
157719
157735
157750
157765
157781
157796
157812
157827
157842
157857
157872
157887
157902
157917
157934
157949
157964
157979
157994
158009
158025
158040
158055
158072
158087
158103
158118
158133
158149
158165
158180
158195
158210
158225
158241
158258
158274
158290
158305
158320
158335
158351
158368
158383
158398
158414
158430
158445
158460
158475
158490
158506
158521
158536
158552
158568
158585
158600
158616
158631
158647
158662
158677
158693
158710
158725
158740
158755
158770
158785
158800
158815
158831
158847
158862
158877
158892
158907
158922
158937
158953
158968
158986
159001
159016
159032
159047
159064
159079
159094
159109
159124
159139
159155
159171
159186
159201
159217
159233
159248
159263
159278
159293
159308
159323
159338
159353
159369
159384
159400
159416
159432
159447
159462
159477
159492
159507
159522
159537
159552
159568
159583
159598
159613
159629
159645
159660
159676
159692
159707
159722
159738
159756
159772
159787
159802
159817
159832
159850
159865
159880
159896
159912
159927
159942
159958
159973
159988
160003
160018
160034
160049
160066
160083
160098
160113
160128
160144
160159
160175
160190
160205
160220
160235
160250
160265
160280
160296
160311
160326
160341
160356
160372
160387
160402
160418
160434
160449
160465
160480
160495
160510
160525
160540
160555
160570
160585
160600
160615
160630
160646
160662
160677
160692
160707
160722
160739
160755
160770
160785
160800
160815
160830
160846
160861
160876
160893
160908
160923
160940
160956
160971
160986
161001
161016
161032
161047
161064
161079
161095
161110
161126
161141
161156
161172
161187
161203
161218
161233
161249
161264
161279
161294
161309
161324
161340
161355
161370
161385
161400
161415
161430
161445
161460
161476
161492
161507
161522
161537
161553
161568
161583
161598
161614
161629
161644
161660
161675
161690
161708
161723
161738
161755
161770
161785
161800
161815
161830
161847
161862
161877
161892
161907
161924
161939
161954
161970
161985
162000
162017
162032
162047
162063
162078
162094
162109
162125
162141
162156
162171
162186
162202
162217
162232
162247
162262
162278
162293
162308
162324
162339
162354
162371
162386
162401
162416
162432
162447
162463
162478
162494
162509
162524
162539
162554
162569
162587
162603
162618
162633
162648
162663
162678
162694
162709
162724
162739
162754
162770
162785
162801
162816
162833
162849
162864
162879
162894
162910
162926
162941
162956
162972
162987
163002
163017
163033
163048
163065
163080
163095
163110
163125
163141
163156
163171
163186
163202
163217
163232
163248
163263
163278
163294
163309
163324
163339
163355
163371
163387
163404
163420
163436
163451
163466
163481
163497
163512
163527
163542
163558
163574
163589
163604
163619
163634
163649
163664
163679
163694
163711
163726
163741
163757
163772
163788
163804
163819
163834
163849
163865
163880
163896
163912
163928
163943
163958
163973
163988
164003
164018
164034
164049
164065
164080
164095
164110
164126
164142
164157
164173
164188
164203
164218
164233
164249
164264
164279
164294
164309
164324
164340
164355
164370
164385
164400
164415
164430
164446
164462
164477
164492
164507
164523
164538
164554
164570
164585
164601
164616
164631
164647
164662
164677
164692
164707
164723
164738
164753
164768
164783
164800
164815
164830
164846
164862
164879
164895
164911
164926
164941
164956
164972
164987
165002
165017
165033
165048
165063
165079
165094
165109
165124
165139
165156
165171
165187
165202
165217
165232
165247
165262
165277
165292
165308
165323
165338
165353
165368
165383
165398
165414
165429
165444
165460
165475
165490
165505
165522
165537
165553
165568
165583
165599
165614
165630
165645
165660
165676
165691
165707
165722
165737
165753
165768
165783
165799
165815
165830
165845
165860
165875
165893
165908
165923
165938
165953
165968
165983
165998
166013
166028
166044
166059
166074
166089
166104
166119
166134
166149
166165
166180
166195
166210
166225
166240
166256
166271
166286
166302
166317
166332
166347
166362
166378
166393
166408
166423
166438
166454
166469
166485
166501
166516
166532
166547
166562
166577
166592
166608
166624
166639
166654
166669
166684
166699
166714
166730
166746
166761
166777
166792
166807
166822
166837
166852
166867
166883
166899
166914
166929
166944
166959
166975
166991
167007
167022
167037
167052
167067
167083
167099
167114
167129
167144
167159
167174
167189
167204
167220
167235
167250
167265
167280
167295
167310
167326
167341
167356
167371
167387
167402
167417
167432
167447
167462
167478
167493
167508
167523
167538
167554
167569
167584
167599
167614
167629
167644
167660
167676
167691
167706
167723
167740
167755
167770
167786
167801
167816
167831
167846
167861
167876
167891
167906
167921
167937
167952
167967
167982
167999
168014
168030
168046
168061
168076
168091
168106
168122
168137
168153
168169
168185
168200
168215
168230
168245
168260
168275
168290
168305
168321
168337
168352
168369
168386
168401
168416
168431
168446
168461
168476
168491
168506
168521
168538
168554
168569
168585
168600
168617
168632
168647
168663
168678
168693
168710
168725
168740
168755
168770
168785
168800
168815
168830
168845
168860
168876
168891
168906
168921
168936
168951
168966
168982
168997
169013
169028
169043
169058
169073
169090
169105
169120
169135
169150
169165
169180
169195
169210
169225
169240
169255
169270
169286
169301
169317
169333
169348
169364
169379
169394
169411
169427
169442
169457
169473
169489
169504
169520
169536
169551
169566
169581
169597
169613
169629
169645
169660
169675
169690
169705
169721
169737
169753
169768
169783
169799
169814
169829
169845
169860
169875
169891
169906
169921
169936
169951
169966
169981
169996
170011
170026
170041
170056
170073
170088
170103
170118
170133
170148
170164
170179
170194
170209
170224
170239
170254
170269
170284
170301
170316
170331
170347
170362
170377
170393
170408
170423
170440
170455
170470
170485
170500
170515
170531
170546
170561
170577
170593
170608
170624
170639
170654
170670
170685
170700
170715
170730
170745
170761
170777
170792
170807
170822
170837
170852
170867
170882
170897
170912
170927
170943
170958
170973
170989
171004
171019
171034
171049
171064
171079
171095
171110
171126
171141
171158
171174
171189
171204
171220
171236
171252
171267
171283
171300
171316
171331
171347
171363
171378
171393
171408
171423
171438
171453
171468
171483
171498
171515
171532
171547
171562
171577
171593
171608
171625
171640
171655
171670
171686
171701
171716
171732
171747
171762
171778
171794
171809
171826
171842
171857
171872
171887
171902
171917
171932
171947
171962
171977
171992
172007
172022
172038
172053
172068
172083
172098
172115
172132
172148
172163
172178
172193
172208
172223
172238
172253
172269
172284
172299
172314
172329
172344
172360
172375
172392
172407
172422
172437
172452
172467
172482
172497
172512
172527
172542
172557
172572
172588
172603
172618
172635
172650
172666
172681
172696
172712
172727
172742
172757
172773
172789
172804
172819
172834
172849
172866
172881
172896
172911
172926
172941
172956
172971
172987
173002
173019
173034
173049
173064
173079
173094
173109
173124
173139
173155
173170
173185
173201
173217
173233
173249
173264
173279
173294
173309
173324
173339
173355
173371
173386
173402
173417
173432
173447
173462
173477
173492
173507
173522
173537
173552
173567
173582
173597
173612
173627
173642
173657
173672
173687
173702
173717
173732
173748
173763
173779
173794
173810
173825
173840
173855
173870
173885
173900
173915
173930
173945
173960
173975
173990
174005
174021
174036
174051
174066
174082
174097
174112
174127
174142
174158
174174
174191
174207
174222
174238
174253
174269
174284
174299
174314
174330
174345
174360
174375
174390
174405
174420
174435
174450
174465
174480
174496
174511
174526
174541
174556
174571
174586
174601
174616
174632
174647
174662
174677
174693
174708
174723
174738
174754
174769
174784
174799
174814
174831
174846
174861
174877
174892
174907
174922
174937
174952
174967
174982
174999
175014
175029
175044
175059
175074
175090
175105
175120
175135
175150
175165
175180
175196
175212
175229
175244
175259
175274
175289
175304
175319
175334
175350
175365
175381
175396
175411
175426
175441
175456
175472
175488
175503
175518
175533
175548
175563
175578
175593
175608
175623
175638
175653
175668
175683
175698
175713
175728
175744
175759
175774
175790
175805
175820
175835
175850
175865
175880
175895
175910
175925
175940
175955
175970
175985
176000
176015
176031
176047
176062
176077
176092
176107
176122
176138
176154
176169
176184
176199
176214
176229
176244
176259
176274
176291
176306
176321
176336
176352
176367
176382
176397
176413
176429
176445
176460
176475
176491
176506
176521
176536
176551
176567
176582
176597
176612
176627
176642
176657
176673
176689
176704
176719
176735
176751
176766
176781
176796
176811
176826
176843
176859
176874
176889
176905
176922
176937
176952
176969
176984
176999
177014
177029
177045
177060
177076
177092
177107
177122
177137
177152
177168
177183
177198
177213
177228
177243
177259
177274
177289
177306
177321
177336
177351
177366
177382
177397
177412
177427
177442
177457
177473
177488
177503
177518
177533
177548
177563
177578
177593
177608
177623
177638
177653
177668
177683
177698
177713
177729
177745
177760
177775
177790
177805
177820
177835
177851
177866
177882
177897
177912
177927
177942
177957
177972
177988
178003
178018
178033
178048
178064
178079
178094
178109
178125
178140
178155
178170
178186
178201
178216
178231
178248
178263
178279
178294
178311
178326
178341
178356
178371
178386
178401
178416
178431
178447
178463
178478
178493
178508
178523
178538
178553
178569
178584
178599
178614
178629
178644
178660
178675
178690
178705
178720
178735
178750
178766
178781
178796
178811
178827
178842
178857
178872
178887
178902
178917
178933
178949
178964
178979
178994
179009
179024
179040
179055
179070
179085
179100
179115
179130
179145
179160
179175
179191
179207
179222
179237
179252
179267
179282
179297
179312
179327
179342
179358
179373
179388
179404
179419
179435
179451
179466
179482
179497
179512
179527
179542
179557
179573
179588
179603
179619
179634
179649
179664
179679
179694
179709
179724
179739
179754
179770
179786
179801
179817
179834
179849
179864
179879
179894
179909
179925
179940
179956
179971
179986
180001
180016
180031
180046
180061
180076
180092
180107
180122
180137
180152
180168
180183
180200
180215
