0.13281236449256534
0.3098187464202055
0.093749925494194
0.18749980628490445
0.24999979138374323
0.28124978020787234
0.18749992735683912
0.18749985457189283
0.12499990873038766
0.12499985471367835
0.03661163070025352
0.2109372299164533
0.2316939860004273
0.182138230651617
0.03661162406206132
0.062499949708581075
0.23169406503438944
0.1821380704641342
0.026740867295302447
0.036611612886190414
0.018305818550288677
0.20881166710288696
0.08538213744759561
0.18749984726309774
0.0366116352379322
0.009152905837314483
0.07773236930370331
0.06249994039535521
0.0
0.04576453333720564
-3.441719360368907e-09
0.11584693193435666
0.036611609626561396
0.005361649673432112
0.028799133375287046
0.10669410228729244
0.09832638874649999
0.0624999329447746
0.09374980255961415
0.0624999590218067
0.15624984353780744
0.13036153092980385
0.01830578222870828
0.06786159612238407
0.062499925641820525
0.045764546841382966
0.0
0.12499990314245223
0.062499962747097
0.0366116315126419
0.058593712747097
0.28124975413084025
0.18292334675788874
0.005361622199416166
0.008042465895414344
0.2133881244808435
0.015624981373548506
0.1066941227763891
0.0624999161809683
0.10669409111142156
0.06249992381840674
0.010723307625058907
0.3200822919607162
0.03661159798502923
0.21338820084929466
0.09950412251055238
0.1158470008522272
0.0366116389632225
0.09947045426815747
0.2133882157504558
0.01830581948161125
0.21338815987110132
0.1066940860750165
0.14062481746077535
0.062499944120645516
0.3642764091491698
0.04197325557470322
0.036611616611480706
0.14252048544585702
0.0732232481241226
0.009152907878160477
0.03124996274709701
0.3749996423721313
0.24463823996484277
0.06249998509883879
0.08995867334306239
0.0
0.18347862735390658
0.24999979138374323
0.03661158308386801
0.014121944783255454
0.062499928288158195
0.20312488637864587
0.0026808218099176866
0.24463821388781065
0.39173518493771553
0.244638230651617
9.878168283350417e-10
-5.162574256978302e-09
0.06518077013932155
0.05223657190799712
0.10976749565452334
0.05334703158587216
-5.587935445283669e-09
0.1249999217689037
0.23437468428164718
0.16004111431539056
0.22254095505923027
0.008042465895414344
0.08538218587636946
0.062499951571226106
0.09374994412064551
0.05491746403276919
0.16785367205739019
0.3200823068618774
1.490116119396517e-08
0.009938109666109092
0.31092926859855646
0.06518078455701469
0.10747923702001569
0.21338812261819837
0.3200822174549102
0.3467556628165766
0.15624986902013502
0.07165287435054778
0.07165284641087054
0.05491736717522143
0.1249999144013799
0.005361644551157951
-4.90653884941496e-18
0.06249996088445196
0.054917447268962846
0.21338826604187483
0.1874998367088474
0.009152916260063648
0.3200821264580767
0.21338821016252035
0.03393074125051497
0.1821381691843271
0.06249994598329066
0.06786158680915831
0.046874955762177706
0.01830583810806274
1.2995985398944752e-09
1.8626451516989157e-09
0.054917439818382256
0.09832632914185523
0.19286145269870753
0.31249975413084025
0.06249994139573722
0.12499983230468278
0.03661162266507744
0.26830549538135523
0.124999925494194
0.06518074497580525
0.12499990314245223
0.10669406503438948
0.15624984353780746
0.23169389972463247
0.14330571692113378
0.12499988265335557
0.0358264073729515
0.13036151975393293
0.37499961629509915
0.01830579945817589
0.18213820457458496
0.018305838108062744
0.041973266750574105
0.19776311959139997
0.3521173652261495
0.0
0.07165284827351569
0.07165283523499964
0.013336744159460071
0.03661163523793219
0.10669408366084099
0.031249970197677605
0.24771149456501002
3.725290303397831e-09
0.00915289926342666
0.1433057140823699
0.07165280478492562
0.0632851282134652
0.12499988205888088
0.005361612886190421
0.05491746777952674
0.07165281008929013
0.36427658237516874
0.3955265432596206
0.23169397842139003
0.21338815707713366
0.06518072728067635
0.21338825300335879
0.0007851999253034592
0.020986631046980606
0.09374988730996844
2.6706881706139987e-09
0.41115122501147344
0.11718739569187163
0.23437472432851786
0.06518076453357934
0.3955261334776878
0.1433056369423866
0.010723300278186796
0.06786159984767437
0.06249998882412909
0.015625003725290285
0.12499989646340379
0.062499945983290645
0.09374988462615262
0.07322325985152388
0.187499800696969
0.0781249639043966
0.21338816732168192
0.12578505370765922
-1.7208580116445658e-09
0.18749987334012985
0.21338817477226255
0.036611642688512795
0.005361641757190226
0.03393078515878186
0.12499988367309355
0.05491745471954344
0.12499987706542014
0.14062490779906509
0.06518074125051496
0.29687464050948614
0.001570366788655519
0.15624985285103318
0.231693934649229
0.21338820116887364
0.08995858393609524
0.10669412463903424
0.32008226657621935
0.11584700644016263
0.21338812261819834
0.009152878075838089
0.005361644349579863
0.0732232667505741
0.24463815428316588
0.15546471998095512
0.013729349710047242
0.031249977648258202
0.0007851682603359274
0.03661162469235862
0.0
0.031249944120645513
0.14330571889877317
0.09106907993555068
0.23169395327568051
0.005361648276448248
0.37499973177909846
0.0678616277873516
0.05334703437983988
0.005361648276448248
0.0716527923941612
0.10669406317174435
0.09146165847778319
0.35669382661581034
0.02745871990919114
0.062499929219484315
0.09374990966171026
0.0
0.21338819712400434
0.14938515517860648
0.05491742654703557
-2.8459777035028107e-09
0.24463814496994016
0.481693709269166
0.0617820806801319
0.1249998051818437
0.18213821481913323
0.13036157097667453
0.00670205196365714
0.03582643344998358
0.213388130068779
0.03393080644309521
0.010723300278186795
0.036611621050556924
0.0937499403953552
0.0366116240620613
0.06249997019767757
0.26673529297113413
0.0366116352379322
0.06249994039535521
0.15624984912574286
0.10669410601258277
0.24463824927806851
0.10669409483671186
0.06249996206291718
0.0522366240620613
0.28124969825148577
0.03661158494651317
0.1158469912111488
0.062499951571226106
0.1821381985209882
0.18749988260264502
0.21338833868503565
0.018305813893675797
0.3749997865164172
0.041973283980041735
0.0910690682940185
0.10669401288032529
0.053347079083323465
0.031249978579580777
0.24999976720366393
0.07812490500509736
0.06249993760138749
0.031250044703483595
0.3200823068618774
0.062499903142452254
0.010723300278186803
0.018305793404579152
0.0937499552965164
0.21338816137540823
0.005361650139093398
0.3200823720544576
0.06249997764825818
0.1977631530596797
0.07165285013616084
0.32008218020200724
0.10669406969100234
0.23169404361397025
0.006702058017253865
0.01372932177037
0.18749986588954923
0.16461749188601968
0.010723300278186795
0.020986624993383877
0.03661163211132123
0.036611612886190414
0.11584695806825228
0.15624981373548505
0.062499953433871255
0.044979348778724663
0.03661163006754722
0.24999988824129102
0.0624999395108341
0.2149586257874034
0.1249999701976776
0.010723299114033578
0.036611642688512795
0.17148228362202642
0.12003079149872063
0.1874998584389686
0.009152893442660568
0.26673510484397406
0.16004106402397153
0.10669405944645403
0.30713800899684424
0.16082629561424253
0.05334704648703335
0.41762359812855715
0.015624985098838803
0.18749984167516232
0.02098662033677102
0.05491745471954345
0.23169386386871332
0.031249970197677564
0.07812496367841956
0.3071381039917469
0.0026808157563209516
0.10179239511489867
0.09374992921948432
0.09252448007464407
0.1074792593717575
0.0983263337984681
0.045764527283608906
1.3038516047172792e-08
0.09832638129591939
0.18749969359487292
0.09374993853271006
0.24463818222284311
0.3642765507102012
0.1524586249142885
0.1425204868428409
0.364276556656131
0.05334704089909792
0.36427634209394444
0.18749986588954923
2.0510215223878695e-17
0.020986609160900112
0.09374993667006491
0.16082629933953282
0.09643074683845042
0.009152912534773348
0.3749996647238731
0.036611620336771004
0.14330571889877317
0.12499991059303284
0.21338824247149374
0.10669408781148769
0.2732071820646524
0.053347018933122214
0.0
0.4176234165206551
0.07165284454822539
0.10669410858415505
0.09374991359967876
0.1600411534309387
-1.862645149245646e-09
0.1066940961538003
0.09374995157122609
0.16004118695855138
0.1874998407438397
0.23169400868937368
0.2133882641792297
0.07165284827351569
0.06249996926635504
0.01830581575632094
0.07126024644821881
0.09374993946403264
0.11336241383105515
0.2055755481123924
0.06249992878439069
0.02745872270315885
0.14330568839110477
0.12499989569187162
0.03661159053444862
0.06395534425973892
0.417623573448509
0.1821382753551006
0.10669413488358256
0.2133881580084562
0.23169390344992277
0.4450821932405232
0.05334707163274287
0.0
1.490116119396517e-08
0.1249999450519681
0.3799014724791049
0.04687494551762938
0.018305838108062755
0.24463808070868248
0.10669407677638752
0.018305826932191835
0.14330571703612802
0.17834700737148518
0.00536165013909339
0.06249994039535521
-1.862645149245646e-09
