33
69
94
121
147
177
203
231
253
284
314
347
377
404
437
465
488
519
550
576
605
636
669
701
725
750
782
810
833
867
890
924
950
973
1001
1029
1060
1094
1129
1152
1185
1212
1239
1269
1296
1329
1354
1385
1414
1436
1462
1491
1522
1549
1583
1610
1630
1659
1694
1723
1750
1780
1807
1831
1858
1886
1914
1937
1971
1994
2017
2043
2070
2103
2131
2160
2184
2207
2238
2263
2287
2315
2341
2366
2385
2414
2442
2466
2491
2520
2551
2582
2606
2632
2653
2678
2702
2732
2760
2792
2825
2850
2871
2899
2925
2957
2986
3019
3046
3079
3107
3131
3159
3188
3216
3243
3271
3301
3329
3360
3392
3423
3454
3481
3504
3534
3569
3597
3626
3658
3681
3705
3729
3759
3793
3823
3844
3879
3908
3932
3959
3989
4009
4036
4064
4088
4122
4145
4172
4200
4232
4255
4288
4314
4343
4373
4406
4430
4459
4487
4516
4547
4576
4608
4640
4666
4695
4729
4763
4789
4818
4842
4870
4903
4927
4954
4987
5016
5043
5065
5088
5119
5147
5180
5208
5233
5266
5286
5310
5340
5370
5402
5431
5454
5491
5520
5547
5578
5610
5639
5666
5702
5737
5767
5797
5820
5851
5878
5902
5936
5964
5995
6022
6051
6088
6119
6143
6169
6188
6218
6244
6272
6302
6332
6359
6389
6415
6449
6476
6500
6522
6553
6576
6606
6636
6668
6697
6721
6745
6773
6796
6826
6847
6873
6905
6931
6963
6986
7018
7046
7069
7088
7112
7145
7173
7211
7241
7271
7298
7329
7359
7392
7410
7435
7468
7489
7515
7544
7572
7605
7638
7660
7689
7715
7750
7781
7816
7836
7866
7896
7922
7947
7974
8000
8025
8052
8080
8107
8137
8165
8190
8221
8251
8277
8303
8331
8362
8389
8423
8448
8471
8494
8525
8556
8580
8610
8638
8662
8685
8712
8740
8767
8792
8817
8844
8871
8897
8921
8954
8980
9011
9045
9067
9093
9118
9142
9172
9194
9223
9250
9279
9304
9336
9361
9392
9413
9435
9460
9485
9507
9537
9558
9587
9620
9644
9672
9704
9737
9764
9794
9820
9840
9864
9896
9926
9955
9983
10020
10044
10071
10098
10124
10155
10178
10206
10237
10263
10286
10312
10336
10370
10395
10422
10450
10482
10515
10536
10562
10593
10621
10645
10669
10692
10727
10754
10779
10808
10838
10861
10895
10927
10957
10988
11018
11039
11067
11093
11115
11143
11165
11187
11217
11246
11267
11293
11318
11343
11370
11395
11418
11448
11477
11510
11541
11567
11591
11617
11645
11678
11711
11735
11758
11780
11809
11845
11871
11898
11922
11949
11971
12002
12037
12064
12097
12122
12146
12176
12200
12227
12255
12276
