30
30
67
97
134
177
208
238
275
308
342
376
407
437
472
504
539
574
604
604
642
675
711
744
777
806
837
872
899
936
975
1009
1043
1077
1110
1149
1185
1220
1258
1292
1327
1354
1389
1418
1444
1474
1509
1552
1581
1614
1644
1683
1721
1758
1787
1787
1816
1858
1890
1916
1951
1977
2014
2055
2092
2124
2162
2201
2229
2266
2303
2337
2368
2407
2452
2490
2523
2567
2604
2637
2672
2702
2737
2771
2805
2832
2866
2900
2933
2963
3003
3030
3065
3101
3135
3172
3202
3234
3264
3296
3333
3361
3386
3422
3459
3496
3520
3552
3585
3616
3647
3680
3717
3756
3789
3825
3859
3902
3938
3973
4008
4050
4086
4123
4158
4191
4232
4263
4298
4336
4378
4422
4455
4482
4513
4539
4577
4610
4642
4673
4712
4750
4784
4812
4846
4881
4919
4954
4988
5019
5045
5073
5105
5136
5173
5202
5239
5266
5304
5344
5373
5405
5437
5471
5495
5531
5565
5608
5645
5680
5718
5755
5800
5832
5868
5896
5929
5965
5999
6037
6071
6106
6134
6167
6200
6234
6268
6294
6329
6367
6401
6438
6469
6504
6539
6572
6613
6653
6683
6715
6747
6777
6813
6844
6876
6908
6945
6983
7021
7057
7086
7115
7145
7182
7212
7244
7282
7318
7349
7381
7412
7446
7477
7502
7539
7569
7600
7636
7667
7701
7735
7769
7800
7832
7864
7896
7937
7970
8002
8043
8078
8111
8143
8175
8205
8239
8270
8300
8335
8361
8396
8430
8471
8502
8534
8563
8598
8633
8664
8695
8721
8761
8799
8830
8857
8889
8929
8969
9009
9048
9075
9114
9144
9182
9214
9244
9278
9313
9343
9379
9409
9445
9477
9508
9544
9577
9609
9646
9677
9711
9739
9768
9795
9824
9855
9892
9924
9955
9991
10024
10058
10092
10125
10159
10186
10218
10253
10290
10326
10357
10390
10421
10456
10492
10520
10557
10586
10625
10666
10695
10719
10749
10782
10820
10855
10893
10928
10962
10990
11022
11057
11090
11122
11150
11182
11221
11255
11285
11318
11350
11388
11421
11456
11498
11531
11563
11594
11627
11659
11705
11738
11773
11801
11839
11871
11902
11932
11972
12008
12043
12079
12110
12142
12175
12203
12234
12263
12293
12330
12362
12393
12426
12459
12493
12529
12561
12599
12628
12666
12697
12730
12766
12803
12835
12863
12898
12933
12970
13005
13037
13073
13103
13130
13164
13195
13226
13250
13278
13309
13338
13368
13397
13428
13460
13495
13524
13556
13587
13623
13653
13685
13721
13751
13782
13819
13850
13888
13920
13953
13986
14025
14059
14092
14125
14152
14182
14215
14246
14271
14297
14323
14355
14385
14419
14448
14486
14527
14559
14586
14614
14648
14676
14706
14732
14762
14791
14821
14851
14887
14924
14951
14985
15014
15045
15075
15105
15132
15161
15196
15231
15265
15296
15328
15356
15385
15417
15453
15483
15511
15544
15574
15608
15632
15666
15697
15733
15761
15790
15822
15852
15888
15918
15947
15981
16008
16039
16073
16108
16143
16167
16196
16229
16263
16291
16319
16344
16374
16403
16436
16468
16497
16527
16555
16581
16614
16644
16672
16707
16739
16776
16810
16839
16871
16902
16932
16961
16996
17032
17070
17100
17130
17161
17189
17219
17250
17278
17305
17336
17366
17405
17432
17458
17489
17523
17557
17582
17605
17630
17663
17693
17721
17756
17790
17822
17853
17883
17916
17949
17983
18012
18044
18077
18105
18133
18167
18204
18239
18271
18306
18334
18366
18400
18430
18458
18490
18517
18544
18580
18613
18652
18678
18712
18744
18776
18805
18830
18861
18891
18920
18956
18985
19012
19039
19072
19098
19131
19155
19192
19225
19258
19287
19318
19348
19373
19404
19439
19471
19506
19535
19566
19597
19627
19656
19682
19719
19746
19775
19806
19833
19857
19885
19916
19949
19971
20007
20037
20071
20100
20131
20160
20190
20219
20257
20294
20322
20350
20380
20412
20437
20473
20504
20537
20572
20603
20630
20663
20696
20725
20753
20780
20807
20837
20863
20887
20915
20951
20983
21020
21045
21070
21100
21132
21164
21193
21229
21259
21288
21313
21348
21385
21412
21445
21480
21511
21541
21577
21608
21641
21665
21690
21719
21747
21782
21813
21841
21866
21893
21923
21953
21982
22007
22040
22066
22095
22126
22156
22185
22213
22239
22264
22289
22313
22342
22370
22402
22434
22465
22488
22521
22549
22575
22602
22638
22668
22702
22733
22763
22791
22818
22844
22879
22908
22934
22965
22996
23021
23049
23073
23102
23133
23161
23188
23218
23248
23274
23308
23334
23364
23396
23424
23449
23472
23500
23531
23556
23586
23610
23642
23669
23701
23729
23763
23791
23825
23857
23887
23911
23936
23964
23989
24021
24054
24080
24107
24138
24164
24192
24215
24241
24266
24290
24314
24344
24375
24408
24441
24469
24494
24521
24558
24589
24616
24648
24674
24704
24736
24756
24785
24816
24842
24868
24894
24917
24946
24975
24997
25024
25052
25077
25108
25137
25161
25189
25220
25246
25270
25300
25326
25361
25387
25418
25443
25471
25502
25533
25561
25588
25618
25646
25680
25706
25733
25757
25792
25821
25849
25881
25909
25942
25970
25996
26026
26063
26092
26115
26147
26172
26201
26232
26262
26289
26319
26357
26388
26419
26445
26473
26503
26534
26567
26591
26618
26645
26678
26705
26728
26757
26787
26819
26850
26878
26904
26935
26962
26994
27020
27051
27085
27112
27141
27181
27205
27237
27263
27293
27326
27357
27384
27414
27440
27465
27492
27514
27544
27575
27604
27638
27669
27696
27724
27752
27779
27806
27832
27855
27886
27916
27947
27975
28005
28035
28061
28091
28125
28157
28189
28217
28246
28275
28303
28338
28368
28396
28426
28454
28480
28505
28533
28558
28597
28627
28655
28683
28716
28744
28780
28804
28832
28857
28887
28915
28945
28976
29000
29026
29053
29082
29110
29141
29170
29198
29231
29262
29294
29322
29348
29379
29407
29437
29467
29495
29527
29553
29580
29604
29631
29665
29692
29726
29751
29778
29804
29835
29865
29898
29930
29956
29981
30008
30040
30071
30098
30126
30150
30182
30212
30241
30262
30289
30321
30349
30378
30406
30435
30464
30493
30522
30559
30583
30619
30643
30671
30700
30729
30754
30784
30807
30836
30865
30889
30916
30949
30974
31004
31032
31064
31094
31122
31156
31184
31218
31249
31280
31309
31340
31364
31389
31418
31444
31471
31500
31528
31556
31583
31611
31643
31669
31700
31727
31755
31785
31816
31843
31874
31904
31929
31968
32000
32032
32059
32095
32118
32146
32178
32208
32242
32271
32296
32325
32357
32387
32416
32449
32475
32503
32534
32559
32586
32615
32644
32676
32702
32733
32758
32787
32813
32845
32871
32897
32926
32953
32985
33015
33043
33073
33100
33125
33154
33189
33219
33254
33283
33314
33340
33367
33398
33425
33455
33481
33510
33541
33571
33596
33627
33653
33691
33719
33751
33785
33810
33836
33864
33894
33925
33955
33979
34008
34031
34063
34088
34121
34144
34172
34202
34230
34256
34289
34313
34341
34371
34403
34431
34457
34483
34516
34546
34576
34603
34631
34660
34687
34715
34745
34775
34802
34835
34868
34899
34926
34949
34979
35005
35043
35082
35110
35139
35170
35199
35229
35258
35287
35322
35353
35382
35413
35446
35476
35500
35530
35558
35588
35619
35648
35673
35708
35741
35773
35807
35835
35863
35892
35917
35947
35985
36006
36031
36065
36093
36125
36150
36183
36215
36246
36272
36302
36332
36372
36398
36429
36456
36490
36514
36549
36573
36602
36632
36660
36685
36717
36745
36781
36809
36838
36868
36892
36916
36947
36979
37004
37043
37079
37107
37136
37166
37200
37227
37249
37277
37309
37337
37370
37403
37430
37456
37490
37521
37547
37575
37608
37640
37670
37696
37727
37757
37788
37827
37854
37884
37911
37943
37973
38007
38033
38065
38099
38132
38169
38198
38228
38260
38297
38333
38358
38385
38415
38447
38478
38510
38538
38569
38602
38631
38664
38694
38723
38755
38784
38815
38847
38879
38909
38935
38966
38994
39018
39043
39072
39111
39139
39169
39196
39229
39256
39287
39318
39350
39378
39408
39437
39462
39495
39527
39555
39586
39614
39643
39672
39701
39736
39763
39801
39829
39856
39884
39910
39941
39975
40004
40034
40065
40086
40114
40143
40175
40208
40239
40277
40308
40334
40368
40395
40421
40450
40484
40513
40543
40571
40599
40627
40664
40691
40730
40763
40796
40823
40855
40888
40922
40956
40981
41016
41043
41080
41111
41150
41179
41211
41243
41275
41311
41345
41376
41402
41430
41469
41504
41533
41564
41594
41627
41652
41691
41722
41753
41779
41808
41837
41860
41892
41926
41953
41982
42015
42051
42080
42108
42136
42173
42203
42240
42266
42300
42325
42352
42379
42410
42438
42466
42494
42523
42557
42592
42618
42656
42687
42730
42757
42787
42814
42842
42871
42904
42938
42973
43011
43040
43073
43100
43137
43164
43200
43228
43254
43286
43313
43339
43369
43398
43423
43452
43483
43518
43545
43580
43602
43632
43661
43687
43713
43742
43772
43797
43826
43854
43885
43915
43945
43975
44006
44035
44069
44096
44124
44147
44183
44206
44238
44265
44292
44323
44356
44390
44421
44454
44483
44509
44540
44571
44605
44633
44661
44694
44724
44751
44781
44811
44839
44872
44899
44930
44957
44987
45021
45051
45077
45104
45136
45168
45196
45228
45264
45295
45334
45359
45384
45420
45451
45481
45512
45538
45574
45607
45637
45667
45703
45731
45764
45801
45827
45858
45895
45924
45956
45987
46021
46048
46077
46104
46139
46167
46197
46223
46258
46291
46324
46350
46383
46414
46445
46477
46502
46536
46560
46588
46616
46650
46680
46710
46740
46766
46791
46823
46856
46886
46922
46958
46990
47024
47057
47087
47114
47142
47168
47199
47230
47262
47296
47320
47361
47387
47415
47444
47473
47503
47531
47561
47587
47618
47646
47683
47717
47749
47781
47809
47846
47880
47914
47943
47975
48007
48040
48078
48117
48156
48185
48214
48243
48270
48299
48330
48356
48393
48416
48446
48475
48505
48538
48564
48604
48634
48669
48701
48732
48760
48792
48822
48848
48881
48911
48941
48978
49010
49040
49076
49107
49140
49170
49199
49231
49262
49289
49313
49343
49372
49397
49427
49449
49477
49504
49533
49566
49597
49628
49663
49693
49720
49752
49781
49809
49833
49863
49892
49915
49947
49978
50007
50035
50066
50091
50117
50147
50186
50215
50245
50274
50299
50327
50354
50387
50415
50443
50475
50501
50532
50564
50593
50623
50659
50693
50730
50756
50784
50818
50848
50875
50900
50923
50956
50994
51027
51057
51087
51117
51152
51185
51213
51242
51266
51296
51329
51360
51389
51414
51443
51472
51501
51540
51571
51606
51637
51666
51696
51725
51755
51794
51819
51850
51879
51914
51942
51971
52003
52033
52058
52087
52112
52141
52169
52201
52233
52260
52291
52320
52354
52386
52412
52434
52459
52489
52512
52546
52575
52601
52630
52656
52686
52711
52736
52760
52785
52812
52844
52874
52903
52933
52965
52993
53023
53049
53083
53118
53150
53175
53204
53230
53259
53286
53329
53356
53381
53413
53441
53466
53495
53524
53552
53580
53614
53651
53677
53701
53726
53756
53786
53819
53850
53882
53912
53946
53973
54005
54032
54058
54089
54116
54145
54179
54204
54231
54260
54284
54313
54342
54375
54406
54433
54459
54485
54511
54543
54574
54600
54629
54663
54693
54721
54750
54784
54812
54841
54869
54900
54935
54962
54990
55019
55045
55073
55101
55129
55153
55177
55205
55231
55259
55287
55320
55351
55382
55414
55442
55466
55492
55521
55546
55576
55604
55635
55668
55694
55722
55760
55800
55826
55854
55886
55914
55946
55977
56010
56039
56071
56105
56133
56166
56196
56222
56253
56283
56311
56342
56373
56404
56437
56468
56491
56521
56557
56587
56618
56653
56688
56719
56744
56781
56817
56841
56867
56896
56918
56951
56989
57025
57051
57079
57110
57132
57163
57188
57216
57240
57269
57298
57329
57351
57382
57409
57434
57465
57488
57519
57546
57573
57599
57630
57661
57689
57720
57746
57777
57805
57830
57859
57888
57913
57943
57971
58006
58037
58061
58091
58116
58147
58175
58204
58234
58266
58291
58319
58345
58374
58402
58432
58456
58483
58512
58541
58573
58605
58632
58657
58685
58710
58737
58761
58793
58819
58842
58869
58901
58928
58955
58979
59004
59027
59053
59079
59107
59134
59166
59192
59223
59248
59269
59293
59316
59346
59374
59399
59427
59454
59486
59512
59542
59571
59596
59620
59648
59675
59704
59735
59762
59786
59810
59833
59859
59884
59917
59949
59975
59998
60022
60047
60080
60103
60136
60166
60192
60225
60252
60281
60305
60332
60361
60395
60425
60456
60482
60510
60537
60574
60604
60629
60653
60682
60710
60734
60759
60780
60809
60835
60863
60889
60915
60943
60968
60999
61024
61050
61075
61098
61124
61151
61174
61204
61233
61260
61290
61318
61347
61372
61395
61425
61461
61491
61517
61543
61571
61598
61627
61655
61680
61709
61733
61759
61786
61819
61844
61868
61898
61931
61960
61987
62012
62036
62068
62097
62121
62146
62174
62205
62230
62254
62285
62317
62340
62365
62399
62425
62452
62476
62503
62530
62553
62578
62603
62627
62653
62678
62705
62734
62760
62788
62816
62849
62872
62897
62923
62957
62985
63009
63037
63064
63089
63120
63148
63174
63201
63232
63258
63284
63310
63334
63367
63394
63427
63453
63483
63510
63538
63566
63591
63616
63645
63671
63706
63734
63764
63789
63817
63842
63866
63894
63924
63950
63977
64003
64032
64057
64086
64117
64142
64175
64200
64230
64254
64283
64316
64344
64375
64402
64426
64457
64484
64505
64530
64561
64589
64617
64643
64672
64696
64720
64745
64773
64795
64820
64843
64871
64899
64924
64950
64974
65000
65024
65054
65077
65107
65135
65166
65192
65217
65247
65271
65299
65325
65352
65381
65405
65431
65458
65483
65505
65537
65559
65590
65614
65647
65676
65701
65733
65758
65782
65805
65830
65856
65881
65904
65929
65955
65980
66002
66031
66056
66079
66105
66133
66162
66193
66217
66242
66265
66289
66315
66343
66373
66397
66429
66451
66478
66501
66530
66557
66584
66612
66638
66666
66698
66721
66752
66776
66799
66821
66849
66872
66902
66926
66958
66984
67011
67033
67057
67082
67110
67136
67159
67189
67216
67237
67263
67291
67312
67344
67368
67394
67417
67441
67465
67490
67515
67542
67568
67593
67626
67652
67684
67711
67743
67769
67792
67817
67843
67868
67897
67921
67956
67978
68001
68030
68057
68082
68111
68136
68170
68199
68220
68249
68272
68297
68319
68344
68369
68394
68419
68447
68474
68501
68522
68546
68572
68597
68629
68652
68685
68713
68735
68755
68776
68799
68822
68847
68872
68894
68918
68949
68972
69006
69030
69053
69080
69111
69137
69167
69191
69221
69242
69267
69293
69322
69348
69378
69407
69436
69461
69486
69512
69538
69567
69600
69622
69650
69678
69704
69731
69761
69787
69816
69843
69870
69895
69920
69947
69974
69997
70026
70052
70080
70108
70132
70163
70192
70220
70248
70276
70306
70326
70350
70378
70407
70431
70461
70489
70512
70541
70565
70594
70624
70652
70677
70704
70730
70754
70784
70814
70837
70862
70895
70919
70954
70979
71007
71033
71055
71081
71102
71125
71153
71181
71210
71237
71265
71288
71315
71339
71363
71389
71417
71442
71475
71505
71527
71555
71582
71610
71636
71666
71690
71717
71745
71768
71794
71821
71849
71873
71897
71927
71951
71975
71999
72026
72054
72076
72100
72121
72147
72172
72195
72224
72252
72281
72303
72332
72354
72380
72409
72434
72459
72486
72512
72542
72568
72591
72624
72648
72670
72703
72728
72756
72782
72807
72828
72856
72884
72906
72937
72969
73000
73028
73058
73080
73104
73126
73148
73177
73205
73232
73256
73287
73311
73340
73366
73396
73422
73450
73473
73498
73523
73547
73571
73594
73623
73652
73678
73703
73730
73757
73783
73808
73834
73859
73883
73914
73944
73972
74000
74025
74048
74075
74099
74129
74158
74185
74215
74241
74267
74303
74324
74354
74381
74405
74436
74458
74486
74511
74543
74573
74597
74622
74646
74677
74699
74722
74749
74777
74798
74825
74850
74873
74908
74931
74956
74980
75006
75035
75063
75095
75120
75147
75170
75196
75224
75249
75276
75303
75326
75353
75379
75407
75429
75460
75484
75510
75536
75558
75582
75606
75641
75669
75695
75720
75751
75777
75805
75832
75864
75887
75918
75945
75972
75999
76028
76052
76078
76106
76131
76162
76187
76218
76243
76266
76292
76317
76344
76365
76387
76413
76437
76460
76484
76514
76543
76571
76598
76633
76660
76686
76713
76737
76774
76800
76826
76853
76877
76907
76935
76959
76987
77014
77039
77064
77089
77113
77134
77159
77185
77210
77233
77256
77291
77318
77343
77365
77391
77417
77444
77467
77491
77518
77550
77571
77594
77622
77652
77676
77701
77724
77750
77773
77799
77822
77849
77876
77911
77935
77975
78002
78038
78062
78094
78116
78144
78168
78195
78220
78243
78266
78293
78319
78344
78368
78392
78420
78444
78474
78498
78529
78557
78581
78614
78642
78669
78698
78720
78746
78774
78808
78835
78859
78886
78909
78933
78956
78982
79005
79030
79059
79092
79114
79139
79164
79192
79222
79250
79276
79300
79326
79350
79377
79403
79434
79464
79490
79517
79549
79583
79606
79640
79669
79693
79718
79742
79769
79794
79823
79851
79876
79901
79933
79957
79981
80011
80035
80059
80083
80107
80131
80155
80182
80204
80225
80248
80269
80293
80319
80342
80366
80392
80415
80443
80464
80489
80513
80543
80564
80592
80621
80648
80671
80698
80725
80746
80767
80793
80820
80846
80873
80895
80919
80941
80963
80986
81008
81031
81059
81085
81106
81130
81153
81181
81204
81231
81254
81277
81300
81326
81351
81373
81396
81425
81446
81469
81495
81521
81550
81577
81604
81629
81655
81681
81716
81740
81767
81793
81816
81840
81867
81891
81915
81941
81966
81993
82017
82043
82067
82088
82110
82134
82157
82181
82204
82225
82253
82275
82299
82323
82350
82376
82404
82426
82452
82475
82498
82520
82551
82575
82597
82623
82651
82680
82702
82724
82747
82772
82796
82826
82851
82877
82902
82926
82948
82972
83003
83029
83051
83075
83099
83120
83146
83169
83195
83217
83249
83277
83301
83326
83348
83371
83394
83422
83446
83470
83494
83516
83540
83564
83596
83627
83653
83675
83698
83722
83753
83776
83811
83840
83864
83885
83911
83935
83958
83984
84006
84029
84053
84087
84109
84133
84157
84178
84206
84232
84254
84283
84308
84333
84355
84380
84408
84429
84451
84474
84495
84523
84555
84580
84606
84628
84652
84680
84703
84724
84746
84773
84797
84821
84847
84882
84904
84932
84955
84977
85002
85024
85046
85074
85096
85118
85143
85166
85192
85228
85254
85278
85302
85332
85355
85380
85406
85430
85453
85476
85498
85520
85544
85567
85595
85621
85644
85670
85693
85716
85738
85761
85781
85804
85825
85847
85868
85894
85918
85948
85974
86000
86022
86043
86068
86090
86116
86137
86158
86179
86201
86222
86246
86269
86293
86315
86338
86364
86395
86416
86441
86466
86493
86520
86544
86569
86591
86619
86640
86663
86691
86716
86739
86762
86789
86812
86834
86855
86879
86904
86937
86960
86986
87009
87031
87055
87077
87104
87127
87152
87177
87201
87224
87248
87270
87297
87324
87348
87370
87394
87416
87451
87478
87505
87527
87554
87576
87605
87634
87655
87687
87710
87734
87757
87782
87806
87831
87862
87885
87912
87936
87959
87980
88005
88028
88051
88073
88097
88118
88144
88168
88190
88215
88237
88261
88286
88309
88349
88372
88395
88417
88438
88460
88485
88509
88531
88553
88574
88600
88622
88644
88670
88693
88715
88737
88760
88782
88804
88827
88854
88876
88897
88919
88941
88962
88990
89011
89041
89066
89087
89111
89136
89162
89184
89208
89231
89258
89279
89306
89329
89352
89383
89404
89426
89453
89475
89504
89528
89552
89574
89599
89625
89650
89681
89713
89736
89764
89785
89811
89834
89861
89883
89909
89930
89955
89981
90004
90040
90063
90086
90109
90135
90166
90187
90209
90231
90252
90274
90297
90318
90343
90365
90386
90415
90437
90459
90485
90509
90529
90557
90584
90605
90638
90666
90692
90718
90749
90772
90793
90817
90842
90870
90891
90923
90945
90969
90990
91015
91039
91064
91086
91111
91137
91162
91185
91207
91229
91251
91272
91297
91323
91344
91368
91390
91411
91435
91460
91489
91517
91539
91562
91587
91608
91633
91662
91684
91706
91731
91755
91779
91804
91826
91851
91875
91898
91919
91941
91962
91995
92020
92046
92068
92091
92117
92138
92160
92187
92209
92231
92256
92280
92304
92330
92352
92377
92400
92425
92446
92467
92493
92518
92540
92562
92583
92615
92639
92661
92682
92709
92733
92756
92780
92802
92830
92851
92878
92901
92922
92945
92979
93001
93025
93049
93076
93098
93120
93152
93179
93200
93221
93251
93274
93296
93318
93342
93363
93384
93406
93432
93460
93482
93504
93528
93551
93574
93595
93619
93642
93665
93686
93715
93742
93771
93798
93821
93844
93873
93897
93921
93943
93973
93994
94020
94045
94067
94092
94117
94141
94166
94189
94213
94242
94265
94288
94314
94344
94366
94387
94417
94448
94472
94493
94517
94539
94562
94593
94614
94647
94671
94694
94715
94737
94765
94793
94817
94840
94862
94894
94919
94942
94966
94987
95009
95030
95053
95085
95117
95141
95165
95186
95208
95230
95255
95276
95298
95323
95344
95367
95389
95411
95432
95462
95487
95508
95530
95553
95576
95598
95620
95643
95667
95693
95714
95739
95760
95781
95808
95831
95852
95874
95898
95927
95949
95972
95994
96019
96044
96065
96092
96116
96141
96167
96188
96216
96238
96267
96299
96324
96346
96373
96394
96418
96442
96465
96489
96512
96539
96562
96584
96610
96631
96655
96679
96701
96726
96747
96771
96796
96817
96845
96870
96893
96919
96944
96967
96997
97019
97042
97066
97088
97113
97135
97160
97183
97204
97237
97262
97285
97306
97330
97351
97373
97396
97418
97445
97466
97490
97516
97537
97563
97585
97606
97628
97652
97679
97707
97731
97752
97778
97799
97822
97846
97869
97897
97920
97941
97963
97985
98012
98035
98059
98088
98111
98134
98156
98181
98202
98225
98259
98281
98304
98330
98368
98392
98413
98438
98463
98492
98514
98537
98560
98583
98604
98626
98655
98679
98713
98742
98762
98784
98806
98835
98861
98884
98911
98935
98963
98984
99011
99035
99058
99085
99113
99136
99160
99185
99206
99231
99253
99285
99310
99342
99366
99393
99424
99447
99469
99496
99520
99545
99568
99591
99616
99641
99662
99684
99720
99744
99775
99797
99824
99853
99883
99907
99934
99967
99992
100024
100047
100068
100091
100113
100137
100161
100193
100218
100239
100262
100288
100313
100336
100358
100380
100408
100429
100451
100483
100504
100528
100563
100586
100611
100632
100654
100675
100698
100723
100745
100769
100793
100815
100838
100862
100884
100909
100935
100957
100981
101004
101029
101053
101076
101102
101131
101156
101182
101207
101233
101254
101278
101299
101324
101351
101373
101407
101428
101460
101485
101506
101529
101558
101580
101603
101625
101650
101675
101697
101718
101740
101774
101795
101816
101838
101859
101883
101905
101931
101953
101978
102003
102032
102057
102079
102102
102127
102161
102183
102209
102231
102256
102279
102308
102341
102365
102388
102413
102435
102458
102481
102503
102526
102552
102576
102598
102620
102645
102669
102693
102717
102743
102765
102788
102810
102831
102852
102875
102898
102922
102943
102967
102990
103012
103034
103056
103087
103109
103130
103152
103181
103204
103225
103249
103274
103308
103333
103354
103377
103415
103442
103463
103485
103509
103532
103554
103577
103598
103624
103657
103685
103706
103738
103760
103785
103809
103831
103854
103882
103917
103940
103964
103986
104009
104034
104055
104089
104115
104144
104165
104190
104211
104232
104253
104277
104300
104323
104344
104365
104386
104423
104446
104470
104508
104531
104552
104575
104602
104625
104647
104672
104693
104716
104737
104759
104797
104818
104841
104864
104887
104910
104936
104957
104978
105003
105024
105047
105070
105103
105125
105146
105167
105195
105216
105243
105267
105291
105318
105340
105362
105388
105410
105435
105456
105478
105503
105526
105549
105570
105600
105626
105650
105673
105696
105721
105746
105770
105797
105818
105840
105861
105883
105905
105943
105967
105990
106011
106035
106057
106078
106107
106130
106153
106175
106196
106217
106242
106264
106292
106316
106339
106360
106395
106418
106439
106464
106495
106516
106542
106565
106587
106610
106632
106655
106676
106701
106726
106748
106769
106795
106817
106841
106862
106884
106918
106941
106965
106986
107009
107041
107064
107088
107117
107144
107166
107190
107217
107238
107267
107288
107312
107340
107364
107386
107409
107430
107451
107474
107497
107521
107557
107581
107603
107625
107651
107681
107702
107725
107750
107775
107796
107818
107839
107864
107886
107908
107935
107966
107988
108009
108037
108058
108083
108106
108134
108155
108184
108207
108229
108251
108276
108300
108322
108346
108368
108393
108417
108443
108466
108493
108514
108535
108559
108582
108605
108633
108656
108680
108705
108727
108749
108777
108802
108823
108844
108869
108893
108916
108937
108959
108983
109005
109028
109057
109078
109101
109123
109146
109171
109193
109216
109237
109258
109292
109315
109337
109358
109390
109414
109435
109457
109478
109502
109525
109550
109573
109596
109617
109640
109663
109685
109706
109727
109761
109783
109805
109834
109856
109877
109900
109924
109947
109968
109990
110024
110046
110069
110104
110125
110147
110169
110195
110218
110242
110270
110297
110324
110346
110368
110393
110416
110440
110462
110487
110511
110534
110558
110588
110609
110635
110656
110679
110702
110725
110753
110776
110811
110834
110859
110881
110904
110927
110949
110971
110994
111017
111038
111061
111082
111105
111129
111150
111171
111195
111218
111240
111261
111284
111308
111329
111352
111375
111403
111424
111445
111469
111497
111522
111549
111570
111593
111614
111638
111662
111699
111725
111747
111768
111795
111820
111841
111862
111887
111910
111933
111956
111980
112001
112026
112050
112072
112096
112118
112140
112166
112191
112215
112236
112259
112281
112302
112326
112347
112369
112394
112418
112441
112466
112487
112508
112531
112557
112583
112604
112627
112648
112682
112704
112728
112750
112774
112799
112828
112849
112873
112894
112918
112942
112964
112987
113008
113036
113060
113084
113108
113130
113153
113174
113196
113219
113244
113267
113289
113312
113334
113355
113378
113399
113422
113443
113471
113493
113516
113540
113564
113588
113612
113633
113654
113678
113711
113733
113756
113778
113799
113821
113843
113864
113889
113910
113931
113956
113978
114006
114028
114049
114078
114099
114122
114147
114169
114193
114216
114240
114264
114287
114310
114332
114357
114380
114402
114423
114448
114474
114511
114532
114553
114575
114598
114623
114645
114669
114691
114714
114736
114757
114784
114805
114833
114855
114880
114901
114924
114949
114970
114992
115019
115042
115065
115086
115125
115147
115171
115195
115218
115240
115269
115292
115316
115337
115372
115393
115417
115440
115467
115492
115514
115536
115562
115583
115609
115635
115656
115678
115703
115734
115755
115777
115798
115823
115853
115879
115901
115922
115945
115967
115992
116017
116040
116064
116094
116128
116153
116178
116200
116225
116250
116271
116293
116314
116341
116365
116390
116416
116439
116460
116483
116519
116540
116562
116589
116618
116641
116662
116688
116709
116732
116753
116776
116802
116825
116849
116870
116894
116918
116945
116967
116993
117014
117042
117065
117089
117115
117140
117161
117182
117206
117230
117253
117275
117302
117327
117350
117375
117398
117422
117444
117467
117490
117512
117533
117554
117577
117599
117621
117643
117667
117688
117712
117742
117767
117802
117823
117850
117873
117896
117917
117939
117963
117986
118008
118032
118057
118079
118100
118125
118146
118167
118192
118219
118243
118268
118291
118317
118338
118360
118383
118405
118433
118456
118478
118512
118535
118558
118583
118606
118636
118673
118694
118718
118742
118766
118788
118813
118834
118855
118877
118900
118923
118948
118972
118995
119020
119041
119063
119084
119120
119147
119170
119195
119222
119245
119269
119294
119320
119343
119366
119387
119413
119436
119458
119481
119505
119526
119551
119575
119596
119619
119644
119670
119695
119729
119753
119780
119811
119836
119867
119888
119910
119931
119956
119980
120001
120024
120046
120068
120091
120116
120141
120164
120186
120208
120231
120252
120277
120300
120326
120350
120381
120406
120427
120459
120480
120502
120523
120548
120570
120596
120619
120642
120671
120693
120719
120743
120767
120790
120814
120838
120865
120889
120915
120944
120970
120995
121019
121041
121062
121084
121111
121135
121160
121183
121212
121236
121261
121282
121305
121331
121355
121378
121405
121430
121457
121489
121519
121542
121563
121585
121611
121636
121657
121683
121705
121727
121751
121772
121797
121825
121849
121872
121899
121921
121950
121977
122000
122024
122053
122081
122107
122128
122152
122174
122195
122220
122248
122268
122294
122326
122348
122373
122401
122422
122458
122483
122504
122531
122560
122587
122613
122638
122660
122687
122709
122747
122768
122797
122821
122842
122864
122888
122911
122933
122954
122981
123007
123028
123054
123079
123103
123127
123155
123183
123212
123233
123265
123285
123311
123338
123364
123385
123408
123435
123460
123483
123514
123537
123558
123584
123605
123626
123649
123672
123695
123720
123746
123786
123811
123832
123856
123888
123917
123942
123964
123986
124009
124034
124055
124078
124101
124124
124148
124171
124194
124218
124243
124267
124288
124309
124330
124357
124378
124402
124423
124455
124476
124500
124524
124548
124570
124599
124622
124647
124668
124692
124715
124740
124763
124785
124809
124834
124857
124879
124917
124940
124964
124987
125010
125039
125062
125086
125109
125130
125153
125175
125196
125223
125261
125289
125315
125337
125359
125382
125404
125426
125451
125476
125503
125526
125547
125568
125596
125619
125641
125666
125688
125711
125738
125760
125783
125809
125832
125857
125892
125927
125948
125969
125992
126018
126040
126068
126090
126119
126142
126166
126189
126212
126236
126257
126280
126304
126325
126346
126373
126396
126417
126441
126466
126493
126516
126540
126562
126584
126605
126626
126651
126673
126698
126722
126743
126766
126793
126815
126839
126863
126886
126911
126936
126966
126991
127014
127045
127071
127092
127116
127138
127161
127186
127210
127239
127267
127288
127311
127334
127357
127381
127403
127428
127450
127476
127499
127537
127562
127585
127610
127633
127657
127683
127707
127728
127754
127777
127798
127823
127844
127868
127892
127920
127947
127968
127990
128012
128035
128058
128081
128103
128126
128150
128173
128202
128231
128258
128279
128304
128328
128351
128372
128395
128423
128444
128469
128497
128519
128545
128567
128590
128611
128634
128658
128681
128709
128730
128755
128778
128804
128828
128853
128877
128905
128931
128963
128988
129011
129033
129056
129079
129106
129135
129158
129183
129208
129234
129259
129289
129318
129347
129379
129402
129429
129458
129480
129501
129522
129545
129584
129605
129628
129650
129671
129697
129721
129745
129775
129797
129823
129846
129870
129893
129915
129937
129958
129985
130008
130032
130053
130077
130099
130126
130149
130172
130200
130226
130252
130274
130298
130320
130342
130370
130392
130413
130439
130461
130482
130507
130530
130560
130584
130608
130633
130654
130679
130702
130725
130747
130771
130792
130815
130841
130862
130888
130923
130946
130970
130991
131016
131042
131067
131092
131115
131143
131164
131187
131218
131240
131266
131288
131312
131336
131360
131392
131418
131442
131465
131486
131513
131539
131563
131590
131616
131640
131664
131685
131706
131728
131749
131771
131798
131819
131841
131865
131888
131911
131936
131960
131981
132009
132032
132056
132078
132099
132122
132148
132170
132193
132216
132237
132261
132291
132315
132338
132361
132382
132407
132431
132457
132478
132500
132523
132547
132576
132600
132622
132643
132669
132692
132716
132745
132771
132793
132816
132838
132861
132885
132910
132932
132958
132982
133007
133031
133052
133078
133102
133136
133158
133181
133204
133231
133258
133285
133310
133343
133372
133394
133419
133440
133465
133491
133514
133536
133560
133583
133606
133634
133658
133682
133712
133733
133756
133787
133815
133843
133866
133888
133912
133934
133958
133982
134005
134029
134051
134090
134114
134142
134165
134193
134217
134257
134281
134306
134328
134353
134376
134401
134426
134448
134476
134517
134539
134564
134592
134616
134640
134674
134700
134725
134751
134776
134799
134825
134851
134878
134900
134924
134953
134975
134999
135023
135050
135073
135098
135124
135150
135179
135205
135232
135254
135278
135308
135329
135356
135381
135402
135426
135455
135477
135501
135528
135550
135575
135601
135629
135655
135680
135703
135727
135756
135779
135802
135825
135852
135873
135900
135922
135943
135969
135996
136019
136047
136069
136095
136118
136147
136178
136201
136225
136254
136277
136300
136328
136351
136375
136397
136418
136449
136476
136500
136525
136546
136570
136593
136618
136639
136664
136686
136720
136745
136766
136793
136816
136839
136863
136887
136925
136946
136968
136999
137021
137048
137071
137095
137120
137146
137172
137196
137219
137249
137274
137296
137321
137347
137371
137393
137421
137443
137472
137502
137529
137554
137581
137606
137627
137657
137680
137703
137727
137748
137771
137795
137820
137849
137870
137893
137923
137948
137973
137998
138019
138048
138087
138112
138137
138162
138188
138223
138249
138275
138302
138329
138356
138377
138401
138427
138452
138484
138507
138538
138565
138590
138618
138639
138661
138683
138712
138733
138757
138781
138806
138831
138860
138884
138909
138931
138957
138984
139009
139033
139058
139084
139111
139138
139161
139185
139214
139238
139260
139283
139310
139336
139362
139386
139414
139439
139461
139485
139506
139527
139550
139575
139602
139625
139649
139674
139701
139728
139750
139773
139797
139826
139847
139871
139894
139915
139939
139966
139994
140017
140039
140062
140093
140118
140146
140168
140191
140214
140239
140262
140287
140309
140333
140358
140380
140404
140426
140453
140475
140500
140523
140547
140573
140603
140628
140649
140672
140697
140724
140748
140775
140798
140828
140849
140874
140905
140930
140952
140976
141004
141028
141056
141078
141099
141120
141146
141176
141197
141228
141251
141277
141299
141322
141344
141367
141389
141410
141437
141459
141482
141507
141532
141560
141584
141606
141629
141654
141680
141705
141745
141769
141790
141817
141847
141868
141890
141917
141938
141967
141990
142013
142036
142060
142082
142104
142130
142153
142177
142208
142230
142251
142273
142296
142321
142345
142368
142389
142410
142437
142459
142481
142506
142537
142559
142584
142605
142627
142648
142672
142697
142721
142748
142776
142803
142828
142849
142875
142897
142923
142947
142978
143001
143029
143055
143095
143118
143147
143172
143198
143222
143252
143281
143318
143341
143375
143398
143423
143449
143472
143498
143521
143545
143571
143598
143623
143651
143679
143702
143726
143748
143773
143800
143824
143849
143873
143895
143922
143950
143986
144013
144035
144059
144090
144112
144137
144163
144186
144212
144238
144259
144287
144310
144344
144368
144395
144421
144442
144465
144490
144512
144538
144561
144583
144605
144632
144656
144677
144701
144731
144756
144779
144804
144837
144867
144891
144915
144940
144969
144994
145015
145041
145065
145091
145113
145137
145164
145195
145218
145241
145263
145285
145310
145338
145359
145386
145409
145434
145456
145481
145504
145532
145558
145593
145616
145639
145672
145711
145743
145768
145794
145824
145849
145873
145898
145922
145948
145974
145998
146023
146047
146069
146098
146122
146153
146191
146213
146236
146269
146294
146335
146358
146383
146409
146434
146458
146481
146508
146531
146559
146583
146613
146641
146666
146691
146713
146736
146761
146784
146809
146840
146867
146893
146915
146936
146963
146990
147017
147039
147064
147096
147119
147140
147169
147193
147220
147243
147264
147289
147316
147338
147369
147406
147434
147456
147482
147506
147535
147559
147582
147617
147644
147667
147690
147714
147738
147763
147790
147816
147844
147867
147892
147914
147936
147962
147994
148018
148048
148078
148099
148126
148150
148178
148208
148241
148271
148296
148327
148358
148382
148412
148442
148469
148494
148518
148542
148568
148592
148618
148646
148671
148695
148719
148744
148767
148801
148827
148849
148872
148905
148938
148963
148993
149016
149044
149069
149096
149120
149145
149174
149195
149232
149254
149278
149308
149331
149356
149381
149407
149435
149459
149485
149513
149538
149561
149586
149609
149639
149667
149694
149721
149746
149775
149799
149826
149849
149875
149899
149924
149948
149972
150005
150030
150052
150077
150103
150127
150150
150173
150196
150226
150254
150279
150307
150331
150359
150386
150413
150437
150461
150488
150511
150536
150563
150593
150620
150643
150667
150691
150716
150741
150766
150800
150822
150847
150876
150904
150933
150958
150983
151006
151029
151052
151078
151103
151126
151153
151177
151201
151236
151267
151293
151318
151355
151385
151407
151431
151455
151477
151506
151533
151557
151582
151604
151627
151655
151683
151705
151729
151759
151787
151812
151834
151856
151880
151905
151929
151955
151977
152004
152034
152058
152079
152104
152125
152149
152173
152197
152219
152246
152271
152297
152326
152350
152374
152397
152424
152448
152472
152499
152526
152550
152578
152600
152625
152648
152685
152709
152732
152763
152787
152811
152834
152856
152884
152910
152938
152967
152991
153018
153045
153069
153094
153116
153140
153166
153195
153222
153245
153271
153302
153328
153355
153381
153404
153437
153460
153482
153507
153529
153552
153574
153596
153617
153640
153665
153688
153715
153744
153769
153795
153820
153847
153875
153898
153927
153966
153992
154020
154046
154072
154097
154123
154152
154175
154202
154227
154258
154287
154316
154346
154369
154393
154423
154452
154474
154498
154523
154544
154566
154593
154617
154650
154676
154702
154730
154756
154788
154811
154838
154863
154889
154915
154952
154977
155005
155034
155059
155083
155111
155137
155160
155185
155212
155253
155281
155304
155325
155350
155378
155402
155448
155479
155506
155534
155557
155584
155608
155630
155653
155680
155706
155731
155755
155780
155806
155834
155862
155885
155913
155935
155963
155991
156013
156041
156068
156095
156120
156147
156171
156199
156224
156251
156275
156301
156341
156367
156394
156421
156445
156468
156495
156520
156543
156568
156600
156625
156649
156673
156699
156724
156755
156782
156808
156835
156860
156888
156911
156936
156962
156987
157016
157037
157061
157082
157104
157132
157159
157189
157216
157239
157263
157288
157318
157344
157371
157392
157422
157452
157473
157498
157533
157556
157587
157616
157644
157678
157703
157733
157760
157782
157805
157832
157857
157889
157916
157942
157976
158004
158029
158058
158086
158114
158141
158164
158191
158217
158242
158273
158298
158324
158350
158376
158403
158429
158453
158482
158512
158538
158561
158583
158610
158631
158656
158688
158715
158739
158768
158795
158819
158845
158871
158894
158922
158951
158979
159006
159035
159065
159090
159116
159144
159174
159197
159223
159247
159274
159298
159324
159351
159378
159403
159432
159458
159488
159518
159547
159573
159597
159621
159644
159669
159700
159721
159747
159771
159800
159827
159857
159883
159905
159928
159954
159979
160014
160043
160069
160096
160122
160145
160172
160201
160228
160251
160276
160308
160336
160367
160391
160415
160439
160466
160497
160522
160548
160571
160592
160617
160645
160676
160718
160748
160777
160812
160841
160870
160894
160920
160945
160970
161014
161037
161059
161086
161112
161136
161169
161198
161229
161258
161282
161309
161332
161359
161391
161419
161444
161476
161504
161532
161565
161592
161618
161647
161671
161696
161726
161750
161779
161808
161836
161869
161896
161939
161965
161990
162020
162045
162069
162098
162126
162150
162174
162198
162223
162248
162277
162300
162329
162363
162387
162415
162444
162468
162493
162519
162549
162575
162604
162629
162659
162682
162708
162737
162762
162789
162817
162846
162874
162915
162939
162963
162996
163023
163051
163076
163099
163127
163151
163179
163206
163229
163259
163285
163313
163350
163378
163404
163425
163454
163485
163509
163536
163559
163584
163607
163639
163681
163717
163740
163766
163787
163811
163835
163860
163884
163914
163946
163976
164002
164035
164066
164093
164118
164144
164168
164200
164227
164252
164282
164302
164331
164358
164386
164412
164434
164467
164500
164529
164552
164587
164626
164651
164679
164705
164737
164770
164800
164828
164861
164885
164918
164946
164973
165000
165021
165048
165080
165106
165134
165165
165191
165214
165235
165266
165290
165317
165341
165365
165395
165430
165458
165489
165529
165550
165578
165603
165631
165658
165686
165712
165739
165761
165784
165808
165834
165866
165888
165914
165939
165972
166003
166028
166059
166081
166108
166137
166162
166190
166217
166245
166270
166297
166329
166356
166383
166422
166453
166480
166513
166552
166579
166609
166639
166672
166702
166730
166761
166788
166818
166842
166868
166894
166920
166942
166965
167000
167029
167057
167086
167111
167140
167164
167192
167220
167244
167275
167300
167322
167359
167391
167421
167445
167473
167501
167532
167562
167588
167615
167644
167671
167705
167731
167763
167797
167830
167858
167891
167914
167944
167969
167999
168028
168058
168087
168114
168140
168163
168191
168217
168246
168272
168296
168336
168366
168396
168424
168453
168480
168509
168537
168565
168594
168621
168649
168673
168697
168728
168755
168789
168819
168847
168879
168916
168948
168974
169010
169048
169077
169106
169134
169160
169186
169217
169248
169274
169296
169319
169352
169380
169408
169438
169459
169491
169521
169550
169577
169601
169625
169656
169682
169707
169728
169756
169786
169810
169832
169861
169891
169919
169940
169965
169994
170032
170060
170086
170119
170149
170175
170208
170247
170273
170302
170334
170370
170404
170429
170465
170498
170534
170570
170607
170641
170679
170702
170741
170774
170809
170840
170869
170908
170941
170974
171005
171025
171053
171076
171106
171134
171165
171194
171222
171254
171302
171331
171368
171399
171430
171456
171480
171514
171540
171568
171594
171622
171644
171673
171709
171734
171769
171796
171824
171854
171877
171902
171933
171971
171998
172022
172051
172084
172121
172153
172184
172213
172244
172275
172306
172331
172370
172405
172432
172461
172490
172522
172558
172594
172631
172666
172700
172725
172761
172799
172830
172859
172883
172916
172955
172984
173017
173043
173074
173107
173139
173181
173216
173238
173270
173297
173322
173349
173381
173413
173448
173471
173501
173532
173561
173589
173615
173649
173679
173710
173742
173772
173800
173830
173860
173903
173939
173971
173998
174038
174064
174093
174121
174151
174181
174210
174247
174274
174301
174333
174370
174396
174431
174453
174493
174526
174553
174584
174616
174643
174667
174701
174734
174767
174793
174824
174851
174886
174916
174950
174981
175014
175045
175075
175104
175131
175163
175194
175218
175249
175278
175312
175337
175364
175402
175437
175463
175493
175519
175550
175573
175601
175628
175658
175689
175719
175747
175776
175802
175832
175868
175896
175927
175956
175991
176020
176051
176088
176120
176153
176186
176221
176251
176276
176316
176346
176388
176421
176454
176489
176519
176545
176575
176604
176638
176664
176691
176716
176744
176780
176807
176837
176868
176894
176928
176960
176994
177025
177059
177088
177113
177145
177175
177204
177230
177257
177285
177320
177351
177380
177408
177447
177482
177510
177536
177565
177599
177629
177661
177695
177723
177759
177792
177825
177861
177888
177916
177949
177977
178009
178038
178066
178099
178133
178162
178203
178243
178280
178306
178333
178363
178397
178419
178446
178474
178508
178547
178575
178613
178649
178683
178715
178746
178782
178815
178845
178881
178914
178947
178991
179015
179050
179078
179114
179151
179184
179214
179250
179279
179311
179351
179378
179411
179442
179476
179506
179539
179573
179614
179647
179679
179717
179753
179786
179814
179850
179886
179922
179951
179989
180020
180049
180083
180122
180150
180173
180209
180239
180266
180292
180322
180347
180378
180408
180444
180468
180506
180534
180568
180599
180633
180671
180703
180730
180762
180787
180820
180849
180875
180906
180934
180959
180993
181029
181054
181086
181113
181146
181173
181210
181244
181274
181304
181331
181363
181403
181434
181464
181498
181529
181558
181593
181620
181651
181681
181712
181745
181782
181810
181838
181861
181898
181928
181963
181998
182025
182057
182090
182113
182145
182177
182213
182244
182273
182296
182332
182354
182382
182413
182442
182472
182505
182527
182562
182594
182631
182663
182695
182729
182766
182791
182823
182851
182888
182921
182961
182989
183019
183051
183078
183110
183139
183168
183200
183226
183261
183288
183321
183366
183395
183420
183452
183482
183509
183537
183570
183603
183633
183669
183701
183733
183762
183795
183823
183859
183888
183916
183939
183972
184003
184033
184064
184102
184131
184165
184207
184236
184270
184304
184335
184364
184394
184425
184454
184480
184511
184539
184573
184606
184636
184669
184696
184725
184759
184795
184825
184861
184890
184919
184944
184974
184995
185041
185071
185096
185128
185165
185189
185217
185246
185286
185313
185338
185370
185398
185429
185459
185492
185524
185554
185584
185615
185654
185683
185707
185744
185770
185803
185833
185859
185891
185925
185946
185975
186002
186037
186068
186091
186118
186147
186175
186208
186245
186273
186302
186333
186354
186375
186415
186452
186477
186508
186531
186566
186590
186625
186661
186694
186728
186764
186791
186828
186864
186900
186929
186956
186992
187016
187052
187087
187123
187154
187188
187227
187263
187288
187327
187358
187382
187413
187452
187483
187522
187548
187583
187617
187648
187686
187719
187750
187777
187815
187844
187873
187905
187950
187987
188018
188053
188075
188110
188139
188168
188202
188235
188260
188295
188334
188366
188400
188432
188471
188496
188530
188563
188596
188620
188662
188696
188734
188771
188802
188833
188873
188911
188949
188987
189017
189051
189088
189130
189162
189200
189231
189258
189294
189339
189375
189420
189449
189486
189523
189546
189580
189618
189658
189692
189728
189758
189792
189831
189870
189900
189942
189976
190016
190064
190101
190142
190171
190207
190240
190266
190306
190338
190375
190403
190441
190484
190517
190549
190586
190617
190655
190689
190724
190754
190786
190824
190850
190882
190922
190958
190993
191031
191064
191106
191146
191186
191227
191260
191293
191324
191358
191392
191434
191460
191503
191537
191575
191600
191630
191661
191704
191740
191773
191806
191838
191872
191906
191940
191977
192014
192043
192081
192115
192156
192196
192229
192266
192294
192329
192369
192392
192425
192463
192502
192534
192564
192600
192637
192670
192706
192743
192779
192816
192848
192889
192923
192959
192993
193030
193060
193093
193132
193165
193202
193236
193269
193304
193344
193377
193407
193442
193484
193518
193551
193590
193629
193654
193686
193719
193752
193786
193822
193866
193893
193916
193959
193993
194028
194063
194099
194134
194170
194210
194247
194287
194325
194358
194386
194424
194461
194489
194529
194563
194597
194630
194664
194699
194729
194759
194784
194821
194844
194881
194904
194939
194975
195015
195049
195079
195123
195161
195192
195223
195253
195296
195328
195361
195396
195428
195466
195502
195541
195571
195606
195638
195676
195707
195741
195774
195815
195849
195889
195928
195956
195986
196011
196040
196067
196100
196124
196157
196193
196223
196258
196295
196329
196364
196401
196436
196463
196496
196528
196554
196590
196612
196641
196671
196697
196730
196765
196803
196831
196869
196900
196934
196965
197000
197028
197066
197098
197132
197177
197210
197244
197278
197314
197345
197377
197402
197444
197485
197521
197551
197589
197625
197660
197698
197732
197764
197793
197826
197865
197897
197927
197962
198000
198023
198049
198089
198117
198150
198190
198226
198260
198288
198316
198348
198381
198410
198448
198488
198527
198556
198592
198623
198654
198682
198718
198758
198794
198839
198864
198904
198944
198981
199016
199054
199089
199123
199161
199191
199231
199268
199300
199327
199367
199406
199441
199481
199519
199552
199592
199629
199668
199700
199737
199773
199812
199846
199884
199916
199952
199992
200032
200070
200113
200159
200194
200227
200269
200303
200333
200370
200400
200434
200470
200506
200542
200575
200614
200648
200688
