0.018305744975805283
0.21338799595832822
0.12499985098838803
0.12499979138374326
0.03661160171031951
0.12499986775219696
0.010723315179347988
0.062499929219484315
0.07165285572409627
0.49999964237213124
0.12499980349093828
0.4267761446535587
0.12499976107463694
0.2683052718639373
0.21338814124464983
0.18749984944532191
0.12499981023617132
0.426776260137558
0.18749979138374326
0.03661160543560982
0.24999976158142084
0.21338807046413416
-1.490116119396517e-08
0.06249992176890372
0.21338797733187673
0.18749974668025968
0.32008215412497515
0.10669399247112564
0.2133880294859409
0.03661158867180346
0.18749976158142087
0.0
0.12499971687793726
0.12499986588954923
0.24999970197677607
0.18749977089464662
0.018305763602256785
0.21338793635368344
0.06249991990625857
0.2499996315014723
0.4267762005329131
0.4999994263052939
0.06249989907819897
0.18749966844916344
0.03661162033677101
0.03661160171031951
0.03661163151264191
0.12499991059303281
0.1249997569522363
0.24999976511950625
-3.7252902935847538e-09
0.12499984199474176
0.07322325557470322
0.03661164082586764
0.24999966844916338
0.021446589380502694
0.31249964796006674
0.21338804066181177
0.49999916553497303
-1.490116119396517e-08
0.01830579899251461
0.24999973177909846
0.2499996870756149
0.2133880704641342
0.1066940128803253
0.036611597985029214
0.24999976158142087
0.12499984989727574
0.06249992549419402
0.21338795870542523
0.36427628621459
0.21338808536529538
-2.4214386942646667e-08
0.12499983608722684
0.0624998528510332
0.2133880443871021
0.24999974668025968
0.4999992921948432
-7.450580587169507e-09
0.24999976158142084
0.09374985005706547
0.06249992879412769
0.3200821913778781
0.06786156818270682
0.12499985843896864
0.12499977648258206
0.32008190266788
0.24999959766864774
0.2499997168779373
0.2133878599852323
0.03661161288619041
0.1249998579294217
0.06249993651027551
0.12499978393316268
0.24999979138374323
0.12499986596709144
-1.0762683622542318e-08
0.2499996572732925
0.0624999212726549
0.2499996460974216
0.2499997168779373
0.124999785211481
0.21338816359639162
0.24999974668025965
0.005361568182706835
0.03661158122122287
0.062499928071870756
0.24999959766864774
0.24999958276748652
0.07322328537702559
0.03661157004535199
0.21338814386687938
0.24999974668025968
0.24999974668025968
0.21338784246184114
2.980232239774341e-08
0.10669407434761521
0.06249990686774251
0.062499908730387674
0.49999958276748646
0.12499985098838803
0.21338813054848146
2.9802315282267948e-08
0.12499981472798359
0.24999978765845293
0.12499982118606565
0.4999994561076163
0.21338802203536028
0.10669404454529285
0.32008210569620127
-7.956339953981742e-17
0.036611612886190414
0.24999970197677607
0.12499980628490445
2.980232238793034e-08
0.05491739651188253
0.12499979883432387
0.12499988023918004
0.03661162033677101
0.03661162033677101
0.036611607956795696
0.12499987334012984
0.24999982118606562
0.24999974668025968
0.24999983608722684
0.1044732183218002
0.2499996870756149
0.062499929219484315
0.010723289102315901
0.12499990314245223
0.12499987334012984
0.06249993480741975
0.09374995715916154
0.06249990744460153
0.14644645154476166
0.036611616611480706
0.03661159053444862
0.010723278857767578
0.12499982958167698
0.12499981001019476
0.18749979606777245
0.24999961629509923
-7.450580606795661e-09
0.03661160543560982
0.12499983981251714
0.12499984713072362
0.03124996460974215
0.12499986588954926
0.03661160543560981
0.24999972805380816
0.12499990314245223
7.45058060679566e-09
0.06249991618096827
5.2154064188691166e-08
0.2446379847824573
0.1249997969716787
0.036611616611480706
1.862645149245646e-09
1.8210569782534563e-17
0.21338808972974463
0.03661160472280627
0.24999974668025968
0.0366116277873516
0.03661159053444863
0.24999978020787234
0.03661161474883555
0.03661160543560982
0.18749971501529214
0.12499985098838803
-3.7252902994726e-08
0.10669400356709957
0.2133880257606506
0.21338810026645655
0.07322320714592932
5.587934138443203e-09
0.2866110354661941
0.0366116389632225
0.03661158867180346
0.036611627926891724
0.2499996162950992
0.12499991059303281
0.3642761707305908
0.12499985098838803
0.4999996125698089
0.21338812634348867
0.036611616611480706
0.3642762452363968
0.0
0.07322315871715544
0.12499989700896029
0.12499985098838803
0.4999995231628417
0.24999957700497774
0.24999968613124765
0.4267761930823325
0.18213805556297297
0.07322323322296141
0.24999953975719166
0.12499983608722684
0.42677630484104145
0.12499984353780834
0.1249998664410795
-3.7252902935847538e-09
0.24999977648258206
0.06249990982150488
0.018305810168385506
0.21338813006877894
0.010723292827606198
0.12499985098838803
0.12499979138374326
0.12499985580479066
0.1874997559934854
0.12499985574352156
0.12499988824129103
0.24999970420833512
0.12499988079071042
0.12499991059303281
0.0366116128861904
0.12499987397928877
0.12499987305655932
0.03124996570085469
0.12499979883432384
0.10669405385851857
0.2133881393820047
0.24999965115708275
0.21338804066181177
0.8535522595047949
0.21338806301355356
0.03661160543560982
0.1249998775024581
0.12499986588954923
-2.9486624253394205e-08
0.4999996721744537
0.21338813006877894
0.23169388249516482
0.036611590534448624
0.06249996833503245
0.12499985843896864
0.18749968148767945
0.03661156818270683
0.21338808446138732
0.12499985285103321
0.12499985471367857
0.249999850988388
1.1175870900380416e-08
0.073223277926445
0.1249998650194035
0.0624999410509126
0.06249996274709699
0.2499996572732925
0.18749980628490445
0.12499980628490445
0.21338812634348864
0.05491744726896285
0.12499991059303281
0.4267760291695594
2.235174180076083e-08
0.12499983608722684
0.12499979367174506
0.12499988079071042
0.3749995902180671
1.1175870890567337e-08
0.2133880853652954
-1.1175870895473877e-08
0.24999974668025968
0.24999971687793726
0.32008213736116886
0.036611620336771004
0.21338809654116628
0.24999980628490445
0.24999978765845293
0.0183056965470314
0.2499996908009052
0.018305797129869454
-1.3572677275790595e-18
7.450580596923826e-09
0.12499984726309786
-7.450575711942519e-09
0.10669403523206708
0.0
0.21338820457458493
0.03661159425973892
0.21338809540688247
0.06249991618096827
0.09374987613409758
0.062499899050781675
