52
112
175
230
293
349
407
464
514
561
616
664
727
798
845
895
947
1002
1064
1135
1186
1246
1307
1367
1427
1486
1538
1597
1658
1711
1757
1807
1861
1913
1973
2026
2081
2137
2190
2245
2297
2344
2405
2464
2514
2578
2627
2672
2728
2781
2836
2890
2933
2990
3039
3094
3142
3199
3252
3306
3365
3418
3474
3528
3592
3648
3708
3756
3808
3864
3917
3968
4023
4078
4139
4188
4238
4287
4342
4388
4444
4505
4558
4611
4672
4727
4792
4846
4898
4963
5011
5068
5122
5178
5230
5281
5347
5400
5455
5511
5562
5621
5671
5726
5790
5848
5903
5969
6024
6080
6132
6188
6241
6287
6353
6404
6450
6505
6560
6614
6676
6733
6794
6855
6906
6959
7009
7068
7120
7167
7219
7272
7333
7390
7443
7501
7558
7609
7670
7721
7785
7845
7894
7946
7992
8043
8097
8151
8209
8257
8312
8366
8417
8479
8528
8573
8626
8678
8733
8795
8845
8897
8950
9001
9056
9107
9161
9207
9255
9304
9348
9392
9445
9494
9552
9610
9659
9708
9757
9805
9858
9911
9957
10016
10063
10124
10179
10233
10281
10340
10398
10458
10509
10569
10622
10676
10714
10772
10820
10869
10913
10960
11011
11054
11102
11160
11214
11272
11331
11379
11428
11480
11533
11596
11648
11700
11748
11807
11862
11911
11966
12018
12063
12118
12171
12226
12280
12325
12374
12430
12483
12540
12592
12641
12687
12743
12792
12846
12894
12939
12988
13046
13095
13141
13191
13243
13294
13343
13395
13448
13497
13547
13592
13635
13682
13730
13787
13838
13895
13956
14009
14058
14108
14154
14203
14248
14301
14355
14420
14468
14512
14571
14619
14672
14723
14775
14821
14888
14943
14992
15044
15093
15144
15200
15257
15307
15360
15413
15463
15517
15567
15621
15674
15721
15766
15825
15880
15929
15988
16041
16093
16149
16204
16253
16307
16363
