27
50
78
106
131
159
188
212
235
266
294
323
353
380
407
439
465
489
515
537
567
591
620
647
676
701
732
756
783
810
833
856
883
910
935
965
987
1014
1043
1068
1099
1129
1156
1180
1207
1239
1265
1289
1314
1339
1371
1394
1418
1444
1465
1494
1515
1540
1565
1597
1627
1654
1681
1706
1734
1762
1793
1814
1841
1867
1891
1916
1944
1972
1999
2028
2061
2090
2114
2145
2173
2196
2228
2254
2281
2308
2337
2366
2391
2422
2450
2480
2506
2536
2564
2589
2621
2651
2686
2714
2737
2768
2799
2829
2864
2885
2912
2944
2977
3008
3037
3071
3094
3118
3149
3175
3202
3232
3256
3281
3305
3333
3358
3383
3413
3437
3469
3497
3528
3555
3584
3611
3639
3669
3695
3723
3750
3778
3802
3833
3861
3883
3909
3937
3962
3997
4024
4053
4086
4109
4131
4160
4188
4217
4241
4264
4300
4325
4349
4381
4411
4441
4471
4497
4520
4545
4578
4602
4631
4660
4687
4709
4733
4770
4799
4828
4853
4876
4905
4933
4954
4985
5007
5032
5060
5088
5115
5142
5177
5209
5230
5260
5293
5318
5353
5378
5409
5428
5458
5481
5502
5524
5546
5569
5606
5633
5661
5684
5710
5737
5757
5786
5814
5839
5870
5892
5918
5942
5968
6004
6031
6061
6090
6120
6151
6184
6212
6236
6266
6293
6319
6344
6370
6398
6418
6443
6471
6500
6528
6553
6580
6604
6631
6654
6683
6703
6730
6752
6780
6808
6828
6851
6878
6910
6937
6961
6995
7026
7049
7075
7099
7135
7165
7190
7216
7247
7277
7304
7334
7362
7389
7415
7441
7471
7499
7523
7556
7588
7618
7644
7668
7695
7720
7744
7771
7802
7824
7852
7884
7915
7937
7962
7993
8025
8052
8079
8109
8128
8158
8189
8223
8251
8274
8311
8337
8362
8392
8419
8446
8471
8509
8540
8561
8594
8620
8641
8666
8698
8727
8755
8789
8825
8856
8878
8900
8928
8955
8987
9016
9039
9063
9094
9125
9145
9167
9189
9214
9245
9274
9298
9323
9346
9377
9407
9427
9449
9474
9503
9531
9559
9586
9607
9635
9668
9693
9714
9733
9764
9791
9822
9850
9871
9895
9928
9953
9976
10010
10038
10063
10093
10123
10145
10174
10190
10220
10242
10269
10295
10315
10341
10365
10389
10410
10434
10461
10486
10508
10533
10559
10580
10605
10628
10651
10679
10698
10728
10757
10784
10815
10837
10862
10890
10915
10946
10971
10996
11023
11055
11082
11104
11127
11155
11185
11209
11233
11268
11293
11324
11351
11376
11403
11427
11447
11474
11501
11522
11547
11570
11600
11623
11652
11679
11710
11734
11757
11788
11816
11847
11871
11905
11928
11950
11981
12006
12029
12059
12095
12122
12155
12176
12198
12223
12249
12273
12301
12330
12349
12377
12402
12421
12449
12474
12497
12530
12552
12579
12610
12638
12662
12690
12720
12744
12768
12793
12813
12839
12867
12891
12915
12943
12968
12999
13030
13055
13076
13100
13122
13148
13173
13199
13220
13246
13275
13304
13328
13356
13380
13405
13432
13456
13485
13508
13529
13555
13582
13608
13633
13664
13686
13712
13733
13758
13783
13810
13838
13858
13878
13905
13934
13954
13979
14004
14028
14048
14070
14094
14120
14142
14167
14188
14213
14245
14270
14295
14319
14343
14367
14390
14415
14437
14462
14481
14505
14526
14549
14570
14592
14620
14639
14662
14691
14714
14738
14763
14785
14804
14831
14852
14874
14895
14918
14939
14963
14991
15011
15036
15059
15084
15113
15135
15161
15185
15214
15236
15255
15283
15301
15326
15350
15377
15401
15421
15448
15469
15496
15517
15542
15561
15585
15608
15632
15661
15681
15700
15722
15748
15775
15807
15837
15858
15883
15908
15933
15956
15979
16004
16024
16047
16071
16103
16129
16151
16181
16204
16238
16268
16289
16308
16333
16358
16378
16402
16422
16446
16469
16486
16513
16536
16559
16581
16603
16621
16647
16677
16701
16722
16744
16767
16786
16811
16836
16858
16880
16907
16932
16956
16982
17011
17036
17060
17083
17106
17128
17150
17175
17196
17217
17244
17263
17286
17310
17331
17355
17379
17397
17420
17447
17470
17489
17511
17532
17551
17578
17605
17627
17652
17676
17703
17721
17742
17766
17786
17808
17830
17852
17873
17895
17919
17937
17961
17982
18006
18026
18052
18077
18101
18126
18156
18173
18194
18221
18240
18261
18284
18306
18329
18353
18371
18394
18420
18443
18463
18486
18510
18532
18549
18575
18596
18619
18650
18675
18695
18717
18738
18761
18787
18808
18829
18850
18876
18898
18916
18941
18958
18982
19004
19027
19050
19072
19093
19119
19146
19170
19193
19219
19240
19261
19281
19303
19326
19345
19368
19388
19421
19448
19472
19492
19514
19538
19563
19583
19610
19629
19652
19671
19693
19715
19738
19761
19786
19812
19833
19856
19878
19905
19928
19949
19970
19992
20010
20033
20053
20077
20098
20122
20142
20161
20181
20200
20227
20249
20274
20294
20315
20337
20363
20386
20409
20431
20449
20469
20490
20513
20535
20560
20583
20603
20624
20643
20666
20689
20711
20730
20753
20775
20798
20819
20837
20858
20880
20905
20929
20946
20971
20995
21016
21034
21054
21076
21096
21119
21140
21163
21187
21207
21228
21251
21273
21291
21306
21324
21350
21372
21394
21413
21440
21467
21489
21512
21533
21552
21573
21594
21618
21641
21664
21684
21704
21719
21747
21772
21789
21811
21826
21852
21868
21889
21908
21933
21953
21976
21993
22012
22034
22056
22077
22101
22121
22140
22164
22183
22202
22231
22256
22275
22296
22322
22344
22367
22387
22406
22429
22447
22464
22483
22504
22523
22544
22562
22583
22603
22624
22643
22662
22683
22701
22723
22749
22771
22790
22813
22836
22854
22872
22890
22910
22934
22954
22978
22998
23019
23039
23059
23078
23100
23119
23138
23158
23178
23205
23225
23247
23267
23290
23317
23336
23362
23384
23410
23428
23451
23473
23496
23520
23538
23561
23581
23601
23622
23647
23672
23694
23718
23739
23762
23780
23802
23822
23842
23864
23880
23902
23920
23940
23958
23976
23992
24013
24035
24057
24075
24097
24114
24139
24159
24175
24198
24216
24237
24258
24275
24295
24318
24336
24356
24374
24393
24413
24433
24452
24473
24496
24515
24535
24552
24573
24595
24617
24636
24654
24672
24691
24713
24732
24749
24767
24786
24805
24826
24844
24861
24883
24901
24920
24942
24961
24985
25006
25026
25045
25067
25083
25101
25123
25143
25163
25184
25204
25223
25244
25264
25280
25299
25318
25337
25361
25381
25398
25415
25432
25453
25474
25495
25513
25537
25559
25579
25600
25618
25637
25655
25675
25693
25715
25734
25756
25772
25793
25812
25834
25856
25875
25894
25910
25932
25949
25968
25988
26006
26025
26042
26063
26083
26105
26125
26150
26173
26196
26216
26235
26258
26277
26299
26315
26336
26353
26374
26393
26411
26430
26450
26467
26486
26504
26526
26547
26567
26584
26603
26621
26640
26658
26676
26700
26720
26740
26760
26777
26798
26816
26836
26854
26874
26898
26917
26937
26956
26975
26995
27015
27033
27052
27073
27094
27109
27131
27152
27170
27189
27206
27224
27244
27265
27286
27304
27325
27343
27364
27384
27404
27424
27442
27461
27482
27503
27521
27539
27558
27579
27599
27618
27639
27660
27679
27697
27717
27740
27758
27779
27797
27817
27837
27861
27880
27900
27921
27939
27962
27981
27998
28017
28038
28056
28076
28095
28112
28129
28150
28169
28188
28206
28228
28246
28265
28286
28306
28324
28344
28368
28393
28415
28433
28451
28470
28489
28507
28526
28552
28575
28592
28613
28633
28653
28674
28692
28712
28735
28755
28774
28795
28815
28836
28851
28871
28891
28909
28932
28947
28968
28986
29007
29029
29046
29065
29085
29103
29124
29146
29164
29181
29197
29217
29234
29250
29268
29287
29307
29328
29343
29364
29380
29398
29419
29436
29453
29469
29488
29505
29521
29541
29558
29575
29595
29613
29634
29652
29669
29685
29706
29726
29749
29767
29786
29812
29835
29853
29875
29901
29921
29937
29953
29972
29995
30013
30035
30054
30072
30089
30107
30125
30147
30166
30184
30204
30223
30244
30263
30282
30301
30321
30342
30359
30379
30396
30415
30439
30456
30472
30492
30511
30529
30552
30569
30586
30603
30619
30636
30655
30674
30694
30714
30733
30749
30766
30785
30804
30827
30845
30864
30882
30901
30921
30938
30956
30976
30993
31012
31029
31048
31071
31092
31113
31130
31149
31170
31191
31208
31225
31241
31260
31278
31299
31319
31339
31360
31377
31398
31414
31434
31454
31471
31493
31513
31530
31549
31565
31581
31601
31624
31643
31659
31674
31690
31706
31723
31742
31758
31776
31794
31812
31827
31844
31862
31881
31900
31917
31939
31960
31976
31994
32012
32031
32050
32068
32086
32106
32126
32146
32164
32187
32203
32224
32243
32262
32279
32294
32310
32328
32351
32371
32389
32409
32424
32443
32461
32483
32505
32521
32542
32562
32580
32597
32615
32632
32648
32665
32682
32699
32716
32733
32753
32770
32789
32807
32825
32843
32860
32878
32895
32914
32930
32945
32963
32979
32998
33016
33032
33049
33067
33084
33103
33123
33144
33165
33182
33199
33219
33240
33260
33277
33293
33310
33329
33347
33363
33380
33398
33416
33433
33452
33472
33489
33507
33529
33549
33566
33583
33602
33618
33635
33651
33672
33690
33708
33727
33744
33763
33781
33801
33819
33836
33857
33875
33893
33910
33928
33950
33968
33988
34006
34022
34038
34059
34077
34094
34115
34134
34154
34174
34194
34211
34229
34253
34271
34291
34309
34329
34349
34366
34388
34404
34426
34445
34464
34483
34501
34522
34544
34561
34580
34599
34615
34633
34653
34676
34697
34718
34742
34760
34778
34798
34818
34837
34855
34871
34889
34911
34929
34946
34965
34984
35001
35021
35038
35055
35070
35087
35104
35121
35137
35154
35176
35193
35211
35229
35245
35263
35280
35296
35314
35331
35346
35365
35387
35404
35420
35437
35452
35468
35489
35506
35523
35540
35561
35577
35593
35611
35628
35648
35669
35686
35703
35720
35736
35754
35773
35790
35809
35826
35843
35859
35874
35896
35915
35933
35950
35966
35982
35998
36015
36035
36051
36067
36084
36101
36116
36136
36154
36172
36191
36209
36226
36245
36261
36279
36296
36314
36332
36349
36369
36387
36404
36422
36439
36459
36474
36494
36513
36528
36545
36562
36586
36605
36621
36641
36658
36676
36697
36719
36740
36756
36777
36792
36809
36827
36844
36861
36881
36897
36915
36934
36950
36968
36985
37002
37018
37035
37052
37069
37090
37106
37122
37139
37157
37176
37194
37213
37230
37246
37264
37280
37296
37313
37329
37346
37362
37381
37400
37421
37441
37456
37475
37494
37511
37528
37544
37561
37581
37599
37617
37636
37654
37670
37687
37702
37718
37734
37752
37770
37790
37807
37825
37840
37857
37875
37890
37907
37924
37942
37961
37978
37994
38011
38027
38047
38063
38083
38099
38120
38139
38155
38172
38188
38205
38223
38241
38258
38273
38289
38305
38324
38342
38362
38380
38400
38415
38434
38451
38466
38486
38504
38520
38538
38557
38573
38588
38606
38622
38639
38654
38671
38688
38708
38726
38745
38760
38780
38795
38813
38830
38846
38862
38877
38895
38910
38926
38944
38960
38977
38993
39013
39030
39047
39065
39084
39102
39118
39133
39152
39168
39183
39202
39217
39233
39249
39265
39281
39299
39317
39333
39350
39367
39382
39400
39418
39434
39453
39470
39487
39505
39521
39537
39554
39571
39588
39604
39621
39638
39654
39670
39686
39704
39722
39738
39758
39775
39791
39807
39825
39843
39859
39875
39890
39906
39926
39946
39963
39980
39996
40013
40031
40047
40064
40081
40098
40115
40132
40147
40165
40181
40200
40218
40236
40253
40268
40285
40303
40321
40338
40355
40373
40389
40406
40423
40438
40454
40470
40488
40506
40522
40538
40557
40572
40589
40607
40625
40641
40657
40673
40689
40704
40722
40738
40758
40776
40793
40810
40828
40847
40864
40880
40897
40912
40931
40948
40964
40982
40997
41017
41036
41053
41070
41086
41103
41119
41135
41152
41167
41184
41204
41222
41240
41262
41280
41297
41313
41329
41345
41363
41379
41395
41413
41430
41448
41465
41483
41500
41515
41530
41547
41564
41579
41595
41612
41629
41644
41662
41677
41696
41713
41730
41746
41761
41777
41796
41814
41829
41846
41862
41879
41894
41913
41928
41946
41961
41976
41992
42010
42026
42043
42059
42075
42094
42110
42127
42144
42161
42180
42200
42217
42234
42249
42269
42287
42302
42319
42334
42354
42370
42390
42406
42424
42439
42456
42475
42491
42507
42525
42544
42560
42577
42593
42609
42627
42644
42662
42679
42694
42710
42727
42743
42758
42776
42793
42810
42826
42845
42863
42878
42897
42916
42932
42948
42964
42981
42996
43014
43030
43047
43063
43080
43097
43113
43129
43146
43161
43178
43195
43213
43233
43249
43267
43283
43300
43318
43343
43364
43379
43395
43414
43430
43447
43463
43481
43505
43520
43537
43554
43569
43587
43608
43625
43640
43656
43673
43693
43708
43725
43742
43757
43775
43790
43808
43823
43838
43858
43874
43893
43908
43925
43943
43961
43976
43992
44008
44029
44047
44064
44080
44097
44113
44136
44153
44169
44185
44200
44220
44235
44251
44268
44285
44301
44319
44335
44351
44366
44383
44399
44416
44432
44447
44465
44483
44500
44518
44533
44548
44563
44578
44595
44610
44627
44644
44660
44677
44693
44710
44726
44741
44757
44772
44789
44805
44823
44838
44854
44871
44886
44902
44919
44936
44954
44972
44989
45008
45024
45041
45057
45074
45090
45107
45125
45142
45159
45174
45191
45209
45228
45244
45259
45280
45298
45314
45331
45347
45362
45379
45394
45411
45426
45444
45461
45478
45494
45509
45525
45540
45559
45576
45592
45608
45625
45644
45661
45676
45692
45708
45723
45740
45755
45772
45787
45804
45820
45839
45855
45874
45892
45909
45928
45946
45962
45978
45994
46010
46025
46042
46058
46075
46090
46109
46124
46143
46158
46174
46190
46205
46221
46237
46255
46271
46288
46304
46320
46336
46352
46368
46385
46401
46418
46434
46452
46470
46487
46503
46521
46537
46552
46569
46586
46603
46620
46637
46655
46670
46687
46705
46722
46741
46757
46774
46790
46808
46827
46843
46861
46876
46894
46912
46929
46945
46961
46978
46997
47014
47030
47047
47063
47079
47095
47110
47128
47145
47161
47180
47197
47215
47231
47246
47262
47280
47296
47314
47329
47347
47364
47380
47396
47412
47428
47443
47458
47475
47494
47509
47527
47542
47560
47578
47594
47611
47627
47642
47660
47676
47692
47708
47725
47741
47756
47776
47791
47806
47823
47839
47854
47869
47886
47903
47918
47933
47948
47965
47981
47997
48015
48030
48045
48060
48075
48090
48105
48120
48135
48152
48167
48182
48197
48215
48230
48247
48262
48278
48293
48309
48327
48344
48361
48378
48394
48409
48426
48443
48461
48479
48496
48512
48528
48544
48563
48580
48596
48612
48627
48644
48660
48675
48694
48711
48729
48745
48762
48777
48792
48809
48825
48842
48857
48872
48888
48904
48920
48937
48953
48972
48988
49004
49019
49034
49051
49067
49084
49100
49117
49135
49153
49170
49187
49204
49223
49238
49253
49269
49287
49305
49320
49335
49352
49368
49385
49401
49418
49434
49451
49466
49481
49497
49513
49529
49547
49565
49590
49606
49624
49640
49655
49672
49689
49706
49721
49736
49753
49770
49786
49802
49820
49835
49851
49866
49881
49899
49915
49930
49946
49963
49978
49994
50011
50029
50044
50061
50077
50092
50109
50124
50142
50158
50174
50189
50209
50225
50240
50255
50271
50287
50302
50318
50333
50350
50366
50384
50401
50418
50434
50454
50469
50485
50500
50516
50532
50547
50563
50580
50595
50610
50625
50640
50664
50680
50697
50713
50730
50746
50762
50781
50796
50812
50831
50847
50862
50877
50892
50907
50924
50940
50957
50975
50993
51009
51026
51041
51058
51075
51092
51107
51122
51137
51153
51170
51188
51203
51218
51234
51250
51266
51284
51301
51317
51333
51350
51367
51384
51399
51414
51430
51445
51461
51476
51492
51508
51525
51540
51555
51570
51585
51602
51617
51633
51648
51663
51680
51697
51713
51728
51745
51760
51776
51795
51813
51828
51843
51859
51875
51892
51910
51925
51940
51955
51971
51988
52006
52024
52039
52055
52072
52088
52103
52120
52135
52153
52168
52186
52201
52220
52235
52251
52267
52282
52297
52312
52328
52344
52361
52376
52392
52409
52424
52441
52457
52473
52491
52509
52524
52540
52556
52573
52591
52607
52622
52639
52654
52669
52687
52703
52719
52734
52749
52764
52782
52797
52812
52829
52844
52860
52876
52891
52906
52923
52938
52955
52970
52986
53003
53020
53039
53054
53070
53087
53104
53119
53134
53149
53164
53179
53196
53211
53226
53242
53258
53277
53292
53309
53324
53340
53355
53371
53386
53402
53417
53435
53450
53466
53482
53498
53514
53530
53547
53562
53577
53593
53608
53626
53641
53656
53671
53686
53703
53718
53736
53751
53766
53781
53796
53813
53829
53846
53861
53878
53894
53909
53925
53943
53958
53974
53990
54005
54022
54037
54053
54070
54085
54101
54116
54132
54148
54167
54183
54202
54217
54233
54250
54265
54281
54296
54311
54326
54347
54365
54381
54397
54413
54428
54443
54459
54474
54491
54506
54521
54537
54552
54569
54586
54602
54620
54635
54651
54669
54684
54699
54715
54731
54746
54762
54777
54794
54810
54827
54842
54859
54874
54889
54905
54921
54937
54953
54968
54983
54998
55015
55030
55048
55065
55081
55097
55113
55129
55144
55159
55175
55191
55206
55222
55238
55253
55269
55285
55302
55317
55332
55347
55363
55378
55394
55414
55429
55447
55463
55480
55497
55513
55529
55546
55561
55576
55591
55607
55624
55639
55654
55669
55687
55704
55719
55735
55750
55767
55783
55798
55814
55830
55845
55862
55878
55894
55911
55926
55944
55962
55978
55994
56010
56028
56044
56059
56076
56091
56107
56125
56141
56156
56172
56188
56204
56221
56237
56252
56268
56284
56299
56316
56332
56347
56364
56379
56394
56412
56429
56445
56460
56478
56495
56511
56526
56541
56556
56572
56587
56602
56617
56633
56648
56665
56680
56696
56712
56727
56743
56760
56776
56791
56806
56823
56839
56857
56872
56888
56903
56919
56934
56951
56969
56985
57000
57015
57032
57047
57062
57078
57094
57109
57125
57140
57155
57171
57187
57203
57220
57236
57255
57270
57285
57301
57317
57333
57349
57364
57381
57397
57413
57428
57445
57461
57478
57494
57510
57525
57540
57555
57571
57586
57601
57616
57632
57649
57664
57679
57695
57710
57727
57743
57759
57774
57791
57806
57822
57837
57853
57868
57884
57901
57917
57933
57949
57966
57984
58000
58022
58039
58056
58071
58087
58103
58120
58136
58151
58167
58183
58198
58213
58231
58247
58263
58278
58293
58310
58327
58345
58360
58376
58392
58408
58425
58441
58457
58472
58489
58504
58520
58535
58554
58569
58587
58603
58620
58635
58652
58667
58682
58697
58715
58731
58748
58763
58778
58794
58810
58826
58842
58858
58873
58891
58907
58923
58939
58956
58971
58986
59002
59018
59036
59051
59067
59082
59099
59114
59130
59147
59167
59183
59198
59213
59228
59243
59259
59276
59291
59308
59325
59341
59359
59374
59389
59404
59419
59434
59449
59464
59480
59495
59510
59525
59540
59556
59571
59586
59602
59618
59634
59650
59665
59680
59695
59710
59725
59740
59757
59772
59788
59804
59819
59834
59850
59870
59886
59903
59918
59935
59950
59967
59982
59998
60013
60028
60045
60061
60076
60092
60108
60123
60138
60153
60169
60186
60202
60217
60234
60251
60267
60286
60301
60316
60332
60348
60364
60379
60395
60410
60425
60440
60457
60473
60489
60505
60521
60537
60554
60570
60585
60600
60616
60631
60648
60663
60678
60694
60710
60725
60740
60755
60772
60788
60803
60818
60833
60849
60866
60882
60897
60912
60929
60945
60962
60978
60993
61008
61023
61038
61056
61071
61088
61105
61120
61136
61152
61167
61183
61198
61214
61229
61245
61260
61276
61292
61307
61323
61340
61355
61372
61387
61404
61421
61437
61453
61469
61485
61501
61517
61532
61547
61563
61579
61594
61609
61624
61642
61659
61674
61689
61705
61723
61738
61754
61771
61786
61801
61817
61835
61850
61869
61884
61900
61916
61933
61949
61966
61981
61998
62014
62029
62044
62060
62077
62094
62111
62128
62146
62162
62178
62195
62210
62227
62242
62258
62273
62289
62306
62322
62338
62354
62372
62387
62402
62417
62432
62447
62463
62480
62497
62514
62531
62547
62564
62580
62597
62613
62629
62644
62660
62675
62692
62707
62723
62739
62756
62772
62788
62804
62820
62836
62851
62866
62881
62896
62912
62927
62943
62958
62974
62989
63004
63019
63034
63050
63065
63080
63095
63110
63125
63141
63157
63172
63187
63202
63218
63233
63248
63264
63282
63297
63313
63329
63346
63361
63376
63392
63407
63422
63438
63455
63470
63485
63500
63515
63531
63546
63561
63576
63591
63608
63624
63640
63655
63671
63687
63703
63720
63735
63750
63765
63781
63796
63812
63828
63844
63859
63874
63889
63904
63920
63936
63952
63967
63982
63998
64013
64029
64045
64061
64076
64092
64109
64124
64139
64154
64170
64187
64203
64218
64234
64250
64265
64281
64296
64313
64328
64343
64358
64377
64393
64408
64424
64442
64457
64474
64491
64507
64523
64538
64553
64568
64583
64599
64614
64629
64645
64660
64676
64691
64706
64721
64737
64753
64769
64784
64800
64815
64832
64849
64867
64882
64897
64912
64928
64944
64959
64975
64990
65006
65021
65036
65051
65066
65081
65096
65112
65128
65144
65159
65174
65190
65205
65220
65235
65250
65267
65282
65298
65315
65331
65346
65363
65379
65394
65410
65425
65441
65456
65472
65489
65504
65521
65536
65553
65568
65583
65598
65614
65629
65645
65660
65675
65690
65708
65724
65739
65754
65769
65785
65800
65817
65832
65847
65862
65877
65892
65908
65923
65938
65953
65968
65983
65998
66013
66029
66045
66061
66077
66092
66107
66122
66137
66153
66168
66183
66203
66219
66235
66250
66265
66280
66295
66312
66329
66344
66359
66376
66391
66406
66421
66436
66451
66466
66481
66496
66511
66527
66542
66557
66573
66588
66603
66618
66635
66650
66665
66682
66698
66713
66728
66743
66759
66775
66791
66806
66822
66838
66853
66868
66884
66901
66916
66932
66947
66962
66978
66993
67010
67026
67042
67058
67073
67090
67105
67122
67139
67154
67169
67184
67199
67215
67230
67245
67260
67276
67293
67308
67323
67338
67354
67369
67384
67399
67415
67431
67447
67462
67478
67494
67510
67526
67542
67557
67572
67588
67604
67621
67637
67652
67667
67683
67699
67715
67730
67745
67762
67777
67792
67807
67822
67837
67853
67868
67884
67899
67914
67929
67946
67961
67976
67991
68006
68021
68037
68052
68068
68084
68100
68115
68131
68146
68161
68177
68192
68207
68222
68238
68253
68268
68284
68301
68316
68333
68349
68364
68379
68394
68410
68425
68440
68455
68471
68486
68501
68516
68531
68546
68562
68577
68592
68608
68623
68638
68653
68668
68685
68700
68715
68730
68745
68760
68775
68791
68807
68822
68837
68852
68867
68882
68899
68914
68930
68945
68960
68976
68991
69006
69022
69037
69053
69068
69084
69100
69115
69131
69147
69163
69178
69193
69208
69223
69238
69254
69269
69284
69299
69315
69330
69345
69360
69376
69392
69407
69423
69440
69455
69470
69486
69501
69518
69534
69549
69564
69579
69594
69610
69625
69640
69655
69671
69688
69703
69719
69734
69750
69765
69780
69795
69812
69827
69843
69859
69874
69889
69904
69920
69935
69950
69965
69981
69997
70013
70028
70043
70058
70073
70088
70103
70119
70134
70149
70164
70180
70196
70211
70226
70241
70256
70271
70287
70302
70317
70332
70347
70362
70377
70392
70407
70422
70437
70452
70470
70485
70500
70515
70531
70547
70562
70578
70594
70611
70627
70643
70659
70675
70691
70707
70722
70737
70753
70768
70783
70798
70813
70829
70844
70860
70875
70890
70905
70921
70938
70953
70968
70983
70999
71014
71030
71045
71061
71076
71092
71107
71122
71137
71153
71168
71183
71198
71213
71228
71243
71258
71273
71288
71303
71318
71334
71349
71364
71380
71395
71411
71426
71441
71458
71476
71493
71509
71524
71539
71554
71569
71584
71599
71615
71632
71647
71662
71677
71692
71707
71722
71738
71754
71769
71785
71800
71815
71830
71845
71860
71876
71891
71906
71922
71937
71952
71968
71983
71998
72013
72028
72044
72060
72075
72091
72106
72121
72136
72151
72168
72183
72198
72213
72228
72243
72259
72275
72290
72306
72321
72336
72351
72366
72382
72397
72412
72427
72442
72457
72473
72488
72503
72518
72534
72549
72565
72580
72595
72610
72625
72640
72655
72670
72685
72700
72715
72730
72745
72760
72775
72790
72805
72820
72835
72850
72865
72880
72895
72910
72925
72940
72957
72973
72990
73005
73020
73035
73050
73065
73081
73096
73111
73127
73142
73158
73174
73189
73206
73221
73236
73251
73266
73282
73297
73312
73327
73342
73358
73373
73389
73404
73419
73434
73450
73465
73482
73497
73513
73529
73545
73560
73575
73591
73606
73622
73638
73654
73669
73684
73699
73714
73729
73744
73759
73774
73789
73804
73820
73835
73851
73866
73881
73896
73912
73927
73942
73958
73974
73990
74005
74021
74036
74052
74067
74082
74097
74112
74127
74143
74158
74174
74189
74205
74220
74237
74252
74268
74283
74298
74313
74328
74344
74359
74375
74390
74405
74421
74437
74452
74467
74482
74497
74512
74527
74542
74557
74572
74587
74602
74618
74633
74649
74664
74679
74694
74709
74724
74740
74755
74770
74785
74800
74816
74831
74847
74862
74877
74892
74907
74922
74937
74952
74968
74983
74998
75013
75028
75043
75058
75073
75089
75106
75122
75137
75152
75167
75182
75197
75212
75228
75243
75259
75275
75291
75308
75323
75338
75354
75369
75384
75400
75416
75432
75447
75462
75477
75492
75507
75522
75538
75554
75569
75585
75600
75615
75630
75645
75660
75675
75690
75706
75722
75738
75754
75769
75785
75801
75817
75833
75849
75864
75879
75894
75910
75926
75942
75957
75972
75988
76003
76018
76033
76048
76063
76078
76095
76110
76125
76140
76156
76171
76186
76201
76217
76232
76247
76262
76278
76293
76308
76323
76338
76353
76368
76383
76399
76415
76431
76446
76461
76476
76491
76506
76521
76536
76551
76567
76583
76598
76613
76629
76645
76660
76675
76690
76705
76722
76737
76752
76767
76782
76797
76813
76829
76845
76861
76877
76892
76907
76922
76938
76953
76968
76983
76999
77014
77029
77045
77060
77076
77091
77107
77122
77137
77152
77168
77183
77198
77213
77230
77245
77260
77275
77291
77306
77321
77337
77352
77367
77383
77398
77413
77428
77444
77461
77478
77494
77510
77525
77541
77556
77572
77587
77602
77618
77634
77650
77665
77680
77695
77711
77726
77741
77756
77771
77786
77802
77818
77834
77849
77864
77880
77895
77910
77926
77941
77956
77971
77986
78002
78018
78033
78048
78064
78079
78095
78110
78125
78140
78156
78175
78191
78206
78221
78236
78251
78266
78282
78297
78312
78327
78342
78357
78372
78387
78402
78417
78433
78448
78464
78481
78496
78511
78526
78541
78556
78572
78588
78606
78621
78636
78652
78667
78682
78698
78713
78728
78743
78758
78773
78788
78803
78818
78834
78849
78864
78879
78894
78910
78926
78941
78956
78971
78986
79001
79016
79031
79046
79061
79076
79092
79107
79122
79137
79152
79167
79182
79197
79212
79227
79242
79262
79277
79292
79308
79323
79340
79355
79371
79386
79401
79416
79431
79446
79462
79477
79493
79508
79523
79539
79554
79569
79584
79599
79615
79630
79645
79660
79676
79691
79706
79721
79736
79752
79767
79782
79797
79812
79827
79842
79857
79873
79889
79905
79920
79935
79950
79966
79982
79997
80013
80029
80045
80061
80076
80091
80106
80121
80136
80151
80166
80181
80196
80212
80227
80242
80257
80272
80287
80303
80318
80333
80348
80363
80378
80394
80409
80425
80440
80455
80470
80485
80501
80517
80532
80547
80562
80577
80592
80607
80623
80638
80653
80668
80683
80698
80714
80729
80744
80761
80776
80791
80807
80822
80837
80853
80868
80884
80899
80915
80931
80946
80962
80977
80992
81007
81022
81037
81052
81067
81082
81098
81113
81128
81143
81159
81174
81189
81204
81219
81235
81251
81267
81282
81298
81313
81328
81343
81358
81373
81388
81403
81418
81433
81448
81463
81478
81494
81510
81526
81541
81556
81572
81587
81602
81618
81633
81648
81663
81678
81693
81710
81725
81740
81755
81770
81786
81801
81817
81832
81847
81864
81879
81896
81911
81926
81942
81958
81974
81990
82006
82021
82036
82051
82066
82081
82096
82114
82129
82144
82159
82174
82189
82204
82220
82235
82253
82269
82284
82299
82315
82330
82346
82361
82376
82391
82406
82422
82437
82453
82468
82483
82498
82516
82531
82546
82561
82576
82592
82607
82622
82637
82653
82668
82683
82698
82713
82728
82743
82758
82774
82789
82804
82820
82835
82850
82866
82882
82898
82913
82929
82945
82960
82975
82990
83005
83023
83038
83053
83068
83083
83098
83113
83128
83145
83161
83176
83191
83207
83222
83238
83253
83268
83283
83299
83315
83331
83346
83361
83377
83392
83407
83422
83437
83453
83468
83484
83499
83515
83530
83545
83562
83578
83594
83609
83628
83643
83658
83673
83688
83703
83718
83734
83750
83765
83780
83795
83810
83826
83841
83857
83872
83889
83904
83919
83935
83951
83968
83983
83999
84015
84030
84045
84060
84075
84091
84108
84123
84138
84153
84168
84183
84198
84214
84229
84244
84259
84274
84290
84305
84320
84335
84350
84365
84380
84395
84410
84425
84440
84455
84471
84487
84502
84518
84533
84548
84563
84580
84595
84610
84625
84640
84655
84670
84685
84700
84715
84731
84746
84761
84780
84795
84810
84825
84840
84855
84871
84886
84901
84918
84933
84948
84964
84979
84994
85009
85024
85039
85054
85069
85084
85099
85114
85130
85145
85161
85177
85194
85209
85224
85240
85255
85270
85286
85301
85317
85332
85347
85362
85378
85393
85408
85423
85438
85453
85468
85483
85498
85513
85528
85544
85559
85574
85590
85606
85621
85636
85651
85666
85682
85697
85712
85728
85743
85758
85773
85788
85804
85819
85835
85851
85866
85881
85896
85912
85927
85942
85957
85972
85987
86002
86018
86033
86048
86063
86079
86094
86109
86124
86139
86154
86169
86184
86200
86215
86230
86245
86261
86276
86291
86307
86322
86337
86352
86367
86382
86397
86412
86428
86443
86458
86473
86488
86503
86518
86533
86548
86563
86578
86593
86608
86623
86638
86653
86668
86683
86698
86713
86728
86743
86758
86774
86792
86807
86822
86837
86852
86867
86883
86899
86915
86930
86945
86961
86976
86991
87007
87022
87037
87053
87068
87084
87099
87114
87129
87145
87161
87176
87191
87206
87221
87236
87251
87266
87281
87296
87311
87326
87341
87356
87371
87387
87405
87422
87437
87453
87468
87484
87499
87515
87532
87547
87562
87579
87594
87609
87624
87639
87656
87672
87688
87704
87719
87734
87749
87764
87779
87795
87810
87825
87841
87856
87871
87886
87901
87917
87932
87947
87962
87977
87993
88008
88023
88039
88055
88071
88086
88102
88117
88132
88148
88163
88179
88194
88210
88225
88240
88255
88270
88285
88300
88315
88330
88345
88360
88376
88392
88408
88424
88439
88454
88469
88485
88500
88515
88530
88545
88560
88576
88591
88608
88623
88639
88654
88670
88685
88700
88715
88730
88745
88760
88775
88790
88807
88822
88838
88855
88870
88885
88902
88917
88934
88950
88965
88980
88995
89010
89026
89042
89057
89073
89088
89103
89119
89134
89149
89164
89179
89195
89210
89225
89240
89255
89270
89289
89305
89320
89335
89351
89366
89381
89396
89411
89426
89441
89460
89476
89491
89506
89521
89536
89551
89566
89581
89596
89611
89626
89641
89656
89672
89687
89705
89720
89736
89752
89768
89783
89799
89814
89829
89844
89859
89875
89890
89905
89921
89936
89951
89966
89981
89996
90012
90027
90042
90057
90072
90087
90102
90117
90132
90147
90163
90178
90193
90208
90224
90240
90255
90270
90286
90301
90316
90331
90346
90361
90376
90391
90406
90421
90436
90452
90469
90484
90499
90514
90530
90545
90560
90575
90591
90606
90622
90638
90653
90669
90684
90699
90715
90730
90745
90760
90777
90794
90809
90825
90841
90856
90871
90886
90901
90916
90931
90946
90961
90976
90991
91006
91021
91036
91051
91066
91081
91096
91111
91127
91142
91157
91172
91187
91202
91217
91232
91247
91262
91278
91293
91310
91325
91340
91355
91370
91385
91401
91417
91432
91447
91462
91478
91494
91509
91525
91540
91555
91570
91585
91600
91615
91630
91645
91661
91676
91691
91707
91722
91737
91752
91768
91783
91798
91813
91828
91843
91858
91873
91889
91904
91920
91935
91950
91965
91980
91995
92010
92025
92041
92057
92072
92087
92102
92117
92132
92147
92162
92177
92192
92207
92222
92237
92252
92268
92283
92299
92314
92329
92344
92359
92374
92389
92404
92419
92434
92449
92465
92480
92496
92512
92528
92544
92559
92575
92590
92605
92620
92635
92650
92666
92681
92697
92714
92729
92744
92759
92774
92789
92804
92819
92834
92850
92866
92883
92898
92913
92928
92944
92959
92974
92991
93007
93022
93037
93052
93068
93085
93100
93115
93131
93147
93164
93179
93194
93209
93224
93239
93254
93270
93285
93300
93315
93331
93347
93363
93380
93395
93410
93425
93440
93455
93470
93485
93503
93519
93534
93549
93566
93581
93597
93612
93627
93643
93658
93673
93688
93703
93718
93733
93748
93763
93778
93793
93809
93824
93839
93855
93870
93886
93901
93916
93931
93946
93961
93976
93991
94007
94022
94037
94054
94071
94086
94102
94118
94134
94149
94164
94179
94194
94209
94224
94240
94255
94270
94285
94300
94315
94331
94346
94361
94377
94393
94409
94424
94439
94454
94470
94485
94500
94515
94530
94545
94561
94576
94591
94606
94621
94636
94651
94666
94681
94696
94711
94729
94744
94760
94775
94790
94805
94820
94835
94850
94865
94880
94895
94910
94925
94940
94955
94971
94988
95003
95018
95033
95048
95063
95078
95094
95109
95125
95140
95155
95170
95185
95200
95215
95230
95246
95262
95277
95292
95307
95322
95337
95352
95367
95382
95397
95412
95427
95443
95458
95474
95489
95504
95519
95534
95549
95564
95580
95595
95610
95625
95640
95656
95671
95686
95701
95717
95732
95747
95763
95778
95793
95809
95825
95840
95855
95871
95887
95902
95917
95932
95947
95962
95977
95992
96007
96023
96040
96055
96070
96085
96100
96115
96130
96145
96161
96176
96193
96208
96223
96238
96253
96270
96285
96301
96316
96331
96346
96361
96376
96391
96406
96421
96436
96451
96467
96485
96500
96516
96531
96546
96561
96577
96592
96607
96622
96637
96653
96668
96684
96700
96715
96730
96745
96760
96775
96792
96807
96822
96837
96852
96868
96883
96898
96913
96928
96943
96958
96975
96991
97007
97022
97038
97053
97068
97083
97098
97113
97128
97143
97158
97173
97189
97204
97219
97234
97249
97264
97282
97297
97312
97327
97342
97358
97373
97389
97404
97420
97435
97452
97467
97482
97497
97512
97527
97542
97557
97572
97587
97602
97617
97632
97649
97664
97679
97694
97710
97726
97741
97756
97771
97787
97802
97817
97834
97849
97866
97881
97896
97911
97926
97941
97957
97973
97988
98003
98018
98033
98051
98066
98081
98096
98111
98127
98142
98157
98172
98188
98203
98218
98233
98248
98263
98278
98293
98308
98323
98340
98355
98370
98386
98401
98417
98432
98447
98463
98478
98494
98509
98524
98539
98554
98569
98584
98599
98614
98629
98644
98659
98674
98689
98705
98720
98736
98751
98766
98781
98796
98812
98827
98843
98858
98873
98888
98903
98918
98933
98948
98963
98979
98995
99010
99025
99040
99055
99071
99088
99103
99118
99133
99148
99163
99178
99194
99209
99224
99239
99255
99271
99286
99302
99317
99332
99347
99362
99377
99392
99407
99422
99437
99453
99468
99484
99499
99514
99529
99544
99559
99574
99589
99604
99619
99634
99649
99665
99680
99695
99710
99726
99742
99759
99775
99790
99805
99820
99837
99852
99867
99882
99897
99912
99928
99943
99958
99974
99989
100004
100020
100036
100051
100066
100081
100096
100112
100129
100145
100160
100175
100190
100205
100220
100235
100250
100265
100280
100295
100310
100325
100341
100356
100371
100387
100404
100419
100434
100450
100466
100481
100496
100511
100526
100541
100557
100572
100587
100602
100618
100633
100649
100666
100681
100696
100711
100728
100743
100758
100775
100790
100806
100822
100837
100853
100868
100883
100899
100914
100930
100946
100962
100977
100993
101008
101023
101038
101053
101068
101083
101098
101114
101130
101145
101160
101175
101190
101205
101221
101236
101251
101267
101282
101297
101313
101329
101346
101361
101377
101392
101408
101424
101439
101455
101470
101485
101500
101515
101530
101546
101561
101576
101591
101606
101621
101636
101651
101666
101681
101696
101712
101727
101742
101757
101773
101788
101803
101818
101833
101848
101863
101878
101893
101909
101924
101939
101954
101969
101984
101999
102015
102030
102046
102062
102077
102093
102108
102123
102139
102155
102171
102186
102201
102216
102233
102248
102264
102279
102294
102310
102325
102340
102356
102375
102390
102405
102420
102435
102451
102466
102484
102499
102515
102530
102545
102561
102576
102591
102606
102622
102637
102653
102668
102683
102698
102713
102728
102743
102758
102773
102788
102803
102819
102834
102850
102865
102881
102896
102912
102927
102943
102958
102973
102988
103003
103018
103033
103048
103063
103079
103094
103109
103124
103139
103155
103170
103186
103201
103219
103236
103253
103268
103284
103299
103314
103330
103345
103360
103375
103390
103405
103421
103436
103451
103468
103483
103498
103513
103528
103543
103558
103574
103589
103604
103620
103635
103650
103665
103681
103697
103712
103728
103743
103758
103774
103789
103804
103819
103834
103849
103865
103882
103898
103914
103929
103944
103959
103974
103989
104005
104021
104036
104051
104066
104082
104098
104113
104128
104143
104158
104173
104188
104204
104219
104234
104250
104266
104281
104296
104312
104327
104344
104359
104374
104389
104404
104421
104436
104451
104466
104481
104496
104512
104527
104542
104558
104573
104588
104603
104619
104634
104649
104665
104680
104696
104711
104726
104741
104756
104771
104786
104801
104817
104832
104847
104863
104879
104894
104909
104924
104939
104954
104969
104984
105001
105017
105032
105048
105063
105078
105093
105108
105123
105138
105153
105168
105183
105199
105214
105229
105244
105259
105274
105289
105304
105319
105334
105349
105365
105380
105395
105410
105426
105443
105458
105473
105488
105503
105519
105534
105549
105564
105579
105595
105610
105626
105641
105656
105671
105686
105701
105716
105732
105747
105762
105777
105792
105809
105824
105839
105854
105870
105885
105900
105915
105930
105945
105960
105975
105990
106005
106021
106036
106051
106066
106081
106096
106112
106127
106142
106157
106172
106187
106202
106217
106232
106248
106264
106279
106294
106310
106325
106340
106356
106372
106387
106402
106417
106432
106447
106462
106477
106493
106510
106525
106540
106555
106570
106586
106602
106617
106632
106647
106662
106678
106695
106711
106726
106741
106756
106771
106786
106802
106817
106833
106850
106866
106881
106896
106911
106926
106942
106957
106972
106987
107003
107018
107033
107048
107066
107081
107096
107111
107127
107142
107157
107172
107187
107202
107218
107233
107248
107263
107278
107294
107309
107324
107340
107355
107370
107386
107401
107416
107433
107448
107464
107480
107495
107510
107525
107540
107555
107571
107586
107601
107617
107632
107647
107662
107679
107695
107710
107725
107740
107756
107771
107786
107801
107816
107833
107848
107864
107879
107894
107910
107925
107940
107955
107970
107985
108000
108016
108031
108047
108062
108077
108092
108107
108122
108137
108153
108170
108185
108200
108216
108231
108246
108262
108277
108292
108307
108323
108338
108353
108369
108384
108399
108414
108429
108444
108459
108474
108489
108504
108519
108534
108549
108564
108580
108595
108610
108625
108641
108657
108672
108687
108702
108717
108733
108750
108765
108780
108795
108810
108825
108840
108855
108870
108885
108900
108915
108931
108947
108962
108977
108993
109008
109024
109039
109055
109070
109085
109100
109115
109130
109145
109160
109175
109191
109206
109221
109236
109251
109267
109282
109297
109312
109327
109343
109358
109373
109388
109403
109418
109433
109448
109463
109478
109493
109509
109525
109540
109555
109570
109585
109600
109615
109630
109645
109660
109675
109690
109705
109720
109735
109750
109765
109781
109797
109813
109828
109844
109859
109874
109889
109905
109920
109935
109950
109965
109980
109995
110010
110025
110040
110056
110071
110086
110101
110117
110133
110148
110163
110178
110193
110209
110224
110239
110254
110269
110284
110299
110315
110330
110346
110362
110379
110394
110410
110425
110440
110455
110470
110486
110501
110516
110531
110546
110561
110576
110591
110606
110621
110638
110653
110668
110684
110699
110714
110730
110745
110761
110776
110791
110806
110821
110836
110851
110866
110881
110896
110912
110927
110942
110957
110972
110987
111002
111018
111033
111048
111063
111078
111093
111108
111123
111138
111154
111169
111185
111200
111215
111230
111245
111260
111276
111291
111306
111321
111336
111351
111366
111381
111398
111413
111428
111444
111459
111474
111489
111504
111519
111534
111549
111564
111579
111594
111609
111625
111640
111655
111671
111686
111702
111717
111733
111748
111763
111778
111793
111808
111823
111838
111854
111870
111885
111900
111915
111930
111945
111960
111976
111991
112006
112021
112036
112051
112066
112081
112096
112111
112126
112141
112157
112172
112188
112203
112218
112233
112248
112263
112278
112293
112308
112323
112338
112354
112369
112384
112399
112414
112429
112444
112460
112475
112490
112505
112521
112537
112552
112568
112583
112598
112613
112628
112643
112658
112673
112689
112704
112719
112734
112749
112764
112779
112794
112809
112824
112841
112856
112872
112888
112903
112918
112933
112949
112964
112980
112995
113010
113025
113040
113055
113071
113086
113102
113117
113132
113148
113164
113179
113194
113210
113225
113240
113255
113270
113285
113300
113315
113330
113345
113360
113375
113390
113405
113421
113436
113452
113468
113484
113499
113515
113531
113546
113561
113576
113591
113606
113621
113636
113652
113667
113682
113697
113712
113727
113743
113759
113774
113790
113805
113820
113836
113851
113866
113881
113896
113911
113927
113942
113957
113972
113987
114003
114019
114034
114050
114067
114082
114097
114112
114127
114142
114157
114172
114188
114203
114218
114233
114248
114263
114279
114294
114310
114327
114342
114357
114372
114388
114403
114418
114434
114449
114464
114479
114495
114511
114527
114542
114559
114574
114589
114605
114620
114635
114650
114665
114681
114696
114711
114726
114742
114757
114772
114787
114802
114817
114833
114848
114863
114879
114894
114911
114926
114941
114956
114971
114987
115002
115017
115034
115049
115065
115081
115096
115111
115126
115141
115156
115171
115187
115203
115218
115234
115249
115265
115280
115296
115312
115327
115342
115357
115372
115387
115402
115417
115432
115447
115462
115477
115492
115509
115525
115540
115555
115571
115587
115602
115617
115632
115647
115662
115677
115692
115707
115722
115737
115752
115769
115784
115799
115814
115830
115845
115860
115875
115890
115905
115920
115935
115951
115967
115982
115997
116013
116028
116043
116058
116073
116088
116103
116118
116133
116148
116163
116178
116193
116208
116223
116238
116253
116268
116285
116301
116317
116332
116347
116363
116379
116394
116409
116425
116440
116455
116470
116485
116500
116515
116530
116545
116560
116575
116592
116607
116622
116638
116653
116668
116683
116698
116716
116731
116746
116761
116776
116791
116806
116821
116836
116851
116866
116881
116896
116911
116926
116942
116957
116973
116988
117003
117019
117034
117049
117064
117079
117094
117109
117124
117139
117154
117170
117185
117201
117217
117232
117250
117265
117280
117295
117311
117327
117342
117357
117372
117388
117403
117418
117433
117449
117465
117480
117495
117510
117525
117540
117555
117570
117585
117600
117615
117631
117646
117661
117676
117693
117708
117724
117739
117754
117772
117787
117803
117819
117834
117849
117864
117879
117894
117909
117924
117939
117954
117969
117984
118000
118015
118031
118047
118062
118077
118092
118107
118123
118139
118154
118169
118184
118199
118214
118229
118244
118259
118274
118289
118304
118319
118334
118349
118364
118381
118396
118411
118426
118441
118456
118471
118486
118503
118519
118534
118549
118565
118580
118595
118611
118627
118642
118657
118672
118687
118702
118717
118732
118747
118763
118778
118793
118808
118826
118842
118857
118872
118888
118904
118919
118934
118949
118964
118979
118995
119010
119027
119042
119058
119073
119088
119103
119118
119133
119148
119163
119178
119193
119208
119223
119239
119255
119271
119286
119301
119317
119332
119348
119363
119378
119393
119408
119423
119438
119453
119468
119483
119499
119516
119531
119547
119562
119578
119593
119608
119623
119638
119653
119668
119683
119698
119713
119728
119743
119758
119773
119788
119803
119818
119833
119848
119863
119878
119893
119908
119923
119938
119954
119969
119984
120000
120015
120031
120047
120063
120079
120094
120109
120125
120140
120155
120171
120186
120203
120218
120233
120248
120263
120278
120293
120308
120323
120340
120355
120370
120386
120402
120418
120433
120448
120463
120478
120493
120508
120523
120538
120553
120568
120583
120598
120613
120628
120644
120659
120674
120689
120704
120719
120734
120749
120764
120779
120794
120809
120825
