24
57
84
119
145
184
212
237
264
303
331
350
383
411
438
466
499
528
564
584
617
641
681
708
730
760
786
817
842
873
903
936
959
982
1011
1041
1072
1096
1135
1158
1183
1210
1232
1258
1292
1326
1350
1378
1410
1440
1460
1482
1510
1537
1561
1584
1611
1637
1668
1695
1722
1750
1782
1813
1840
1870
1908
1940
1968
1995
2027
2060
2095
2120
2149
2179
2209
2230
2263
2286
2312
2343
2372
2407
2438
2461
2485
2517
2545
2577
2606
2634
2662
2693
2713
2744
2777
2802
2834
2866
2896
2925
2954
2983
3006
3034
3065
3094
3120
3141
3176
3209
3233
3253
3288
3312
3339
3373
3397
3423
3451
3480
3514
3540
3577
3603
3631
3660
3678
3703
3735
3765
3788
3812
3844
3873
3903
3931
3955
3981
4010
4033
4063
4091
4122
4155
4186
4217
4253
4285
4311
4346
4371
4397
4425
4461
4491
4516
4548
4570
4595
4615
4643
4678
4709
4746
4779
4813
4848
4876
4902
4933
4954
4980
5007
5035
5069
5098
5123
5145
5172
5200
5230
5262
5294
5313
5338
5364
5393
5415
5445
5472
5503
5530
5560
5595
5622
5650
5676
5700
5728
5751
5772
5803
5829
5854
5883
5915
5947
5974
5995
6016
6045
6076
6108
6138
6169
6197
6223
6247
6278
6309
6333
6365
6388
6418
6454
6479
6511
6543
6574
6598
6625
6649
6679
6708
6733
6765
6790
6813
6839
6864
6889
6917
6948
6980
7011
7037
7066
7094
7125
7147
7180
7208
7233
7269
7294
7315
7339
7364
7394
7422
7456
7483
7513
7532
7552
7581
7612
7642
7674
7697
7723
7754
7782
7811
7839
7866
7893
7922
7951
7980
8015
8042
8073
8105
8134
8163
8186
8217
8240
8268
8300
8334
8365
8394
8423
8450
8480
8511
8540
8571
8598
8630
8654
8681
8710
8742
8768
8798
8832
8862
8894
8924
8946
8967
8992
9021
9053
9087
9119
9148
9172
9203
9228
9255
9290
9313
9346
9373
9404
9429
9459
9488
9513
9540
9566
9590
9618
9656
9683
9710
9739
9768
9793
9825
9850
9876
9907
9939
9966
9993
10027
10062
10090
10115
10140
10167
10190
10216
10242
10264
10294
10326
10363
10391
10415
10441
10475
10506
10543
10567
10597
10624
10658
10689
10716
10743
10779
10800
10827
10855
10882
10912
10947
10978
11002
11026
11056
11084
11111
11134
11166
11195
11225
11251
11280
11309
11331
11358
11387
11418
11446
11476
11509
11538
11560
11588
11613
11641
11675
11704
11739
11760
11784
11808
11837
11868
11892
11915
11944
11971
12000
12026
12057
12082
12110
12131
12159
12193
12220
12254
12286
12314
12343
12372
12403
12432
12464
12495
12527
12558
12591
12614
12638
12665
12690
12715
12744
12777
12803
12824
12851
12878
12906
12930
12965
12996
13031
13063
13087
13119
13148
13184
13206
13237
13270
13296
13319
13345
13373
13400
13424
13457
13483
13513
13540
13566
13589
13613
13644
13667
13695
13722
13750
13781
13813
13839
13868
13896
13924
13942
13980
14017
14039
14072
14095
14125
14153
14183
14219
14253
14283
14315
14348
14377
14398
14426
14461
14488
14515
14542
14571
14598
14627
14657
14682
14713
14742
14775
14804
14827
14855
14894
14916
14945
14969
14994
15015
15047
15079
15114
15148
15176
15195
15220
15244
15279
15307
15330
15354
15387
15412
15435
15468
15502
15529
15564
15597
15627
15660
15684
15711
15740
15766
15791
15823
15858
15885
15912
15937
15968
15993
16014
16039
16069
16101
16127
16152
16179
16212
16234
16265
16293
16320
16349
16376
16403
16429
16458
16490
16518
16541
16574
16608
16632
16665
16691
16716
16738
16769
16798
16826
16856
16880
16917
16951
16985
17017
17046
17075
17103
17132
17159
17186
17214
17241
17277
17306
17329
17358
17384
17411
17434
17471
17505
17531
17554
17580
17602
17634
17657
17686
17717
17748
17777
17803
17833
17859
17887
17908
17940
17972
17998
18026
18056
18090
18116
18151
18177
18206
18234
18263
18289
18318
18350
18378
18400
18431
18459
18486
18516
18541
18569
18596
18621
18650
18674
18702
18738
18769
18795
18820
18842
18866
18888
18913
18950
18984
19010
19035
19065
19094
19120
19150
19178
19210
19234
19264
19293
19323
19351
19377
19408
19446
19475
19501
19522
19557
19581
19609
19642
19665
19689
19717
19743
19775
19804
19834
19863
19890
19917
19943
19973
20010
20037
20074
20100
20126
20158
20177
20203
20233
20261
20284
20314
20344
20374
20397
20425
20450
20481
20512
20537
20563
20596
20621
20651
20682
20700
20727
20751
20775
20808
20841
20867
20896
20920
20943
20965
20990
21020
21050
21085
21112
21133
21165
21193
21226
21259
21286
21316
21346
21377
21402
21432
21457
21481
21500
21534
21563
21592
21618
21656
21683
21713
21741
21771
21798
21825
21855
21884
21904
21933
21962
21990
22021
22056
22082
22109
22133
22158
22192
22216
22240
22266
22293
22322
22359
22387
22418
22451
22479
22504
22530
22556
22584
22611
22644
22672
22695
22717
22747
22774
22808
22832
22865
22895
22928
22969
22998
23021
23039
23072
23093
23124
23149
23171
23199
23223
23251
23277
23295
23326
23346
23376
23405
23431
23456
23485
23518
23543
23579
23604
23631
23660
23685
23711
23742
23773
23804
23834
23856
23881
23904
23934
23958
23982
24014
24045
24078
24099
24131
24163
24190
24215
24241
24270
24295
24326
24358
24389
24416
24447
24474
24496
24518
24543
24568
24592
24614
24641
24663
24689
24714
24742
24772
24800
24825
24849
24879
24903
24928
24957
24983
25013
25034
25066
25090
25124
25151
25182
25202
25229
25253
25284
25308
25340
25367
25392
25422
25448
25481
25511
25538
25567
25586
25618
25646
25674
25708
25730
25752
25773
25797
25829
25854
25883
25912
25944
25970
25995
26019
26053
26081
26109
26132
26157
26175
26206
26237
26257
26283
26316
26341
26374
26403
26430
26457
26485
26513
26547
26571
26595
26622
26649
26678
26701
26724
26751
26781
26806
26829
26859
26885
26913
26944
26977
27000
27023
27053
27079
27105
27133
27159
27186
27211
27239
27269
27300
27329
27359
27391
27419
27450
27475
27506
27533
27557
27581
27613
27642
27676
27699
27727
27747
27771
27794
27821
27842
27872
27894
27918
27937
27965
27993
28026
28058
28082
28105
28129
28153
28177
28196
28222
28248
28275
28299
28319
28338
28364
28387
28416
28443
28476
28507
28535
28570
28589
28621
28648
28674
28705
28732
28755
28781
28811
28843
28864
28887
28919
28946
28972
28994
29023
29055
29082
29108
29134
29164
29193
29216
29241
29269
29294
29319
29345
29375
29400
29426
29454
29489
29519
29554
29573
29602
29627
29657
29684
29715
29739
29764
29790
29818
29848
29874
29903
29933
29956
29984
30012
30034
30055
30080
30111
30132
30157
30184
30207
30239
30272
30302
30329
30355
30379
30407
30428
30455
30481
30505
30528
30554
30581
30611
30634
30659
30687
30709
30743
30769
30794
30819
30843
30879
30903
30934
30958
30976
31001
31032
31058
31087
31111
31132
31156
31183
31201
31233
31255
31287
31311
31337
31361
31390
31423
31448
31474
31498
31517
31543
31570
31590
31614
31643
31674
31700
31732
31755
31781
31812
31836
31853
31880
31909
31937
31966
31990
32017
32046
32072
32097
32124
32153
32179
32201
32228
32244
32268
32293
32318
32344
32369
32393
32424
32447
32476
32505
32530
32557
32590
32610
32638
32663
32684
32707
32733
32772
32808
32834
32861
32883
32910
32934
32956
32978
33000
33033
33057
33086
33113
33139
33167
33192
33220
33244
33267
33293
33323
33348
33375
33406
33439
33463
33491
33516
33540
33564
33587
33607
33632
33656
33680
33703
33732
33760
33787
33815
33840
33870
33900
33921
33948
33973
33996
34016
34044
34069
34095
34124
34161
34191
34218
34241
34271
34298
34324
34350
34368
34392
34419
34446
34482
34504
34533
34560
34582
34602
34624
34653
34680
34704
34727
34749
34771
34800
34830
34858
34887
34911
34931
34960
34979
34999
35026
35058
35091
35119
35142
35166
35191
35213
35239
35267
35294
35318
35342
35365
35393
35417
35439
35463
35482
35511
35530
35551
35576
35598
35616
35640
35663
35687
35715
35737
35768
35788
35812
35832
35862
35890
35919
35949
35981
36010
36033
36060
36086
36118
36137
36159
36178
36208
36235
36263
36288
36314
36348
36370
36396
36419
36446
36468
36492
36519
36541
36571
36599
36625
36647
36670
36695
36723
36743
36770
36797
36828
36854
36874
36900
36919
36940
36958
36983
37012
37035
37060
37088
37109
37132
37156
37180
37203
37227
37253
37279
37303
37323
37346
37374
37399
37421
37449
37472
37498
37524
37545
37570
37593
37615
37640
37667
37692
37716
37741
37766
37793
37813
37838
37861
37888
37914
37944
37966
37988
38014
38042
38069
38097
38121
38152
38175
38198
38229
38252
38279
38305
38327
38350
38374
38400
38421
38445
38468
38491
38517
38544
38570
38603
38629
38653
38682
38708
38730
38753
38782
38807
38833
38859
38885
38912
38931
38947
38971
39001
39026
39045
39072
39095
39113
39136
39160
39186
39212
39231
39259
39292
39314
39342
39360
39393
39423
39448
39469
39489
39514
39537
39558
39579
39600
39623
39650
39670
39689
39718
39740
39761
39781
39805
39825
39846
39869
39894
39915
39943
39961
39981
40004
40026
40051
40075
40102
40128
40153
40179
40200
40221
40246
40268
40290
40311
40332
40355
40377
40402
40430
40456
40479
40505
40531
40555
40583
40604
40626
40651
40673
40698
40718
40739
40767
40791
40811
40833
40854
40876
40896
40920
40945
40965
40990
41011
41039
41061
41086
41108
41137
41160
41181
41210
41228
41248
41268
41295
41321
41344
41363
41388
41410
41436
41459
41481
41507
41533
41555
41579
41601
41624
41647
41671
41697
41727
41752
41778
41803
41829
41853
41876
41908
41935
41965
41986
42010
42034
42060
42082
42101
42120
42142
42172
42196
42221
42247
42268
42292
42312
42339
42365
42385
42407
42427
42448
42475
42504
42529
42556
42579
42610
42635
42656
42676
42701
42720
42744
42772
42793
42818
42842
42866
42891
42915
42937
42957
42983
43007
43028
43056
43080
43103
43124
43147
43171
43193
43213
43237
43263
43289
43310
43331
43355
43373
43393
43416
43444
43471
43496
43521
43546
43570
43600
43629
43651
43671
43700
43721
43746
43770
43791
43818
43845
43869
43895
43918
43943
43970
43998
44022
44046
44067
44092
44115
44141
44163
44191
44215
44244
44265
44289
44316
44343
44367
44386
44410
44429
44448
44471
44493
44516
44538
44563
44581
44602
44630
44654
44680
44700
44722
44755
44779
44808
44832
44863
44891
44915
44939
44965
44986
45012
45039
45063
45079
45102
45125
45145
45166
45191
45210
45229
45253
45275
45302
45325
45344
45368
45387
45407
45441
45467
45491
45518
45542
45569
45590
45612
45638
45668
45702
45720
45743
45764
45787
45811
45835
45855
45882
45908
45933
45952
45974
45999
46027
46046
46070
46087
46108
46130
46152
46176
46196
46222
46240
46258
46280
46301
46329
46354
46374
46392
46414
46437
46469
46491
46511
46532
46554
46581
46607
46622
46640
46668
46689
46713
46737
46760
46779
46802
46822
46845
46867
46885
46908
46935
46956
46973
46997
47017
47039
47065
47088
47111
47130
47147
47171
47194
47221
47247
47267
47291
47313
47336
47354
47380
47402
47420
47443
47466
47492
47512
47532
47552
47574
47596
47614
47634
47656
47679
47705
47724
47748
47766
47790
47811
47835
47856
47884
47908
47931
47958
47980
48004
48027
48046
48070
48088
48108
48128
48148
48168
48189
48207
48231
48256
48278
48303
48326
48352
48374
48396
48415
48432
48455
48478
48500
48524
48546
48567
48588
48612
48640
48663
48684
48708
48730
48749
48767
48788
48814
48836
48855
48876
48902
48927
48946
48965
48986
49006
49028
49056
49078
49106
49125
49148
49172
49193
49215
49234
49256
49275
49298
49320
49342
49364
49387
49406
49427
49451
49477
49501
49526
49551
49574
49594
49617
49636
49663
49682
49705
49732
49758
49781
49800
49819
49843
49868
49890
49910
49932
49961
49978
50000
50023
50047
50066
50085
50107
50136
50158
50183
50209
50227
50248
50269
50290
50314
50332
50351
50373
50395
50414
50440
50465
50488
50513
50536
50561
50583
50605
50630
50656
50676
50697
50720
50746
50766
50792
50811
50830
50849
50871
50898
50919
50942
50962
50983
51007
51028
51048
51073
51093
51121
51148
51166
51193
51222
51246
51264
51285
51309
51331
51349
51368
51390
51411
51434
51454
51472
51492
51511
51529
51550
51574
51594
51616
51637
51658
51679
51703
51723
51746
51763
51785
51807
51833
51856
51881
51911
51931
51957
51989
52009
52031
52052
52076
52094
52118
52139
52157
52180
52201
52221
52250
52267
52288
52307
52327
52346
52369
52395
52413
52439
52464
52487
52508
52527
52548
52571
52597
52615
52633
52652
52674
52696
52720
52741
52766
52790
52815
52841
52868
52891
52911
52935
52959
52977
53006
53031
53054
53079
53102
53123
53142
53165
53189
53211
53234
53256
53278
53298
53319
53337
53359
53384
53412
53430
53452
53473
53496
53522
53545
53563
53584
53606
53632
53651
53680
53702
53732
53752
53770
53792
53815
53834
53851
53873
53891
53915
53938
53958
53982
54004
54025
54051
54072
54093
54113
54135
54155
54177
54199
54221
54244
54264
54288
54307
54327
54352
54371
54391
54412
54434
54456
54476
54499
54522
54545
54571
54596
54621
54639
54661
54689
54711
54728
54750
54774
54796
54821
54845
54870
54889
54912
54938
54958
54984
55006
55024
55042
55063
55086
55107
55126
55151
55174
55195
55217
55240
55265
55288
55309
55333
55356
55380
55400
55421
55440
55466
55497
55517
55539
55559
55581
55603
55627
55643
55662
55682
55701
55728
55753
55783
55807
55826
55847
55880
55902
55926
55951
55974
55998
56025
56049
56073
56093
56117
56142
56165
56190
56216
56236
56256
56276
56298
56320
56343
56367
56390
56410
56430
56454
56474
56492
56511
56530
56555
56577
56596
56618
56641
56661
56681
56704
56727
56755
56777
56798
56826
56853
56878
56900
56924
56945
56968
56987
57007
57028
57045
57064
57089
57111
57134
57156
57177
57195
57215
57237
57256
57280
57301
57319
57341
57366
57385
57411
57431
57456
57482
57502
57524
57544
57570
57593
57614
57639
57659
57683
57706
57723
57744
57767
57784
57805
57827
57847
57868
57886
57908
57931
57953
57975
57997
58017
58040
58060
58079
58102
58120
58145
58170
58192
58214
58234
58253
58277
58302
58321
58348
58370
58388
58409
58436
58453
58473
58491
58510
58532
58555
58577
58597
58621
58641
58659
58678
58697
58719
58744
58768
58790
58806
58824
58849
58866
58890
58913
58937
58959
58983
59000
59020
59040
59059
59077
59106
59130
59149
59175
59198
59215
59243
59267
59290
59310
59333
59353
59379
59400
59420
59439
59462
59480
59497
59520
59542
59562
59582
59603
59621
59641
59658
59677
59696
59720
59739
59763
59784
59804
59827
59850
59869
59891
59915
59935
59954
59979
60004
60027
60050
60072
60094
60118
60138
60159
60175
60197
60222
60242
60262
60284
60305
60328
60347
60367
60388
60407
60425
60450
60471
60490
60508
60529
60547
60566
60585
60611
60633
60653
60678
60698
60719
60737
60763
60787
60807
60824
60847
60866
60886
60907
60928
60948
60967
60986
61006
61024
61049
61067
61085
61106
61127
61152
61170
61189
61208
61234
61260
61276
61297
61317
61340
61367
61387
61409
61432
