0.0366116352379322
0.09374991338700055
0.2133881456187918
0.06249992176890372
0.010723300278186796
0.0933096073567867
0.03661162592470647
0.03661163337528704
0.18749990173175843
0.01830578595399857
0.06786157656460999
-3.725290298491292e-09
0.06249993712701306
0.07567409425973891
0.06249993617578074
0.09374992642551659
0.1928615123033523
0.06289251893758772
0.12499983258710909
0.0366116352379322
0.10669407993555066
0.28124972432851786
0.2551313620060682
0.036611610252013975
0.10669408086687325
0.10669404640793798
0.0624999701976776
0.3124996982514858
0.2772285912651568
0.07678452692925929
0.018305808305740353
0.31092934682965273
0.12499992779387757
0.1249999329447746
0.30713811889290804
0.21338814496994013
0.4267763495445251
0.10669412091374395
0.15245857089757917
0.031249977182596915
0.0
-7.450580606795661e-09
0.24463817104697222
0.1600411087274551
0.22254105284810063
0.018305785953998562
0.09374995019078945
0.018305841833353036
0.2606556881219148
0.3795761112123727
0.21338820457458493
0.10669411253184077
0.3642763458192348
0.14330567046999929
0.14330572448670864
0.06249996647238731
0.28661138191819185
2.0679515313825687e-25
0.17187484726309774
0.05334703624248504
0.015624999999999997
0.06249993480741621
0.03661161381751298
0.06786160171031952
0.036611619784849773
0.18749983608722684
0.007812522351741789
0.020986609160900106
0.10747928172349927
0.24463814683258528
0.05491741560399532
0.01372937299311161
0.35669389367103566
1.1750763471195881e-08
0.22143064253032202
0.09643068909645078
0.20446520234690976
0.062499931082129465
0.1562498193234205
0.0
0.37499971315264696
0.20312475971877572
0.3642763942480086
0.11551178991794585
0.05401721264934166
0.018305810168385506
0.0732232481241226
0.0468749664723873
0.07322322577238081
0.1874997820705175
0.3437496962724253
0.0624999557621777
0.2316939868032932
0.08995865285396575
0.3200822249054909
0.009152904152870171
0.16769094485789535
0.36427635699510563
0.007812470197677616
0.031249947845935815
0.10669406875967977
0.052236615191094675
0.14330567885190246
0.21472851932048792
0.18749987334012985
0.28393055312335486
0.1249998850470022
0.054132187273353324
0.0
0.015624983236193662
0.2133880612270703
0.21338817104697222
0.0
0.010723298881202936
0.027458694297820316
0.15624986588954923
0.14330571144819257
0.10747923515737055
0.2133881666127546
0.18213816158697424
0.21338815614581202
0.010723322629928596
-3.2927225390722015e-08
0.41115130856633175
0.17377048870548603
0.0
0.0053616426885127995
0.2133882045745849
0.1874999403953552
0.14330565417185423
0.17834688909351823
0.1433056779205799
0.020986642688512785
-4.65661287434075e-09
0.14330569002777335
0.09374992921948433
0.016084967181086537
0.0716528296470642
0.0078124888241290925
0.2408469086512923
0.022882264107465737
0.0
0.23169394354103431
0.03124996925204359
0.1874998360872268
0.09106909483671187
0.32008222032191797
0.12499985348685436
0.036611614748835564
0.036611611023545265
0.062499955296516405
0.14330565091222522
0.05491742491722106
0.32923509180545807
0.12499986775219438
0.10669400263577697
0.32008209824562067
0.12499993437038139
0.24999972805380816
0.14062486216425896
0.13336759572848675
0.2133882492780685
0.11584697873155018
0.03661161346484024
0.41115128248929966
0.12499985098838805
0.41762318182736624
0.09374986961483954
0.32008219137787813
-2.398022913574493e-08
0.3749997949614055
0.026348274201154712
0.053347055800259106
0.24999986588954923
0.18749981373548505
0.12499989755451676
0.06786154890802377
0.18749985028989613
0.062499975785613046
0.018305820412933823
0.018305825069546693
0.031249975450830407
0.00457644648849964
0.28393061552196736
1.4762635558440707e-10
0.12499994254157129
0.24463803321123123
0.09374993946403262
0.06249995942695818
0.3642763793468475
0.04197325883433222
0.10669407993555066
0.06249995606804924
0.1249998597344719
0.10669405944645403
0.24463806487619874
0.18749980442225928
0.2683055801317095
0.15624984353780744
0.013729341328144067
0.18749986216425893
0.18749987892806524
0.12499992176890372
0.28046452254056925
2.2351741781134675e-08
0.05491743236780166
0.09374991245567796
0.031249928037301082
0.310929300263524
0.008042477071285246
0.2133882194757461
0.23169396258890626
0.005361625924706449
0.26215869002044195
0.06786163244396447
0.16004114784300325
0.05334705859422682
0.17834696173667905
0.0937499338760972
0.2133881878107786
0.03661160916090011
0.09374993108212946
0.124999925494194
0.11584701575338838
0.06249994225800036
0.06786160264164208
0.2667350694537162
0.062499956693500267
0.37499950081109995
0.07165283523499964
0.06518075987696645
0.36963810026645655
0.07165285112342278
0.3098188946023583
0.18749974481761453
0.12499987240880725
0.015624992898665365
0.005361668765544892
0.39552646875381464
0.28124979417771095
0.031249988824129098
0.12499992691980052
0.1158469673246145
0.07165284454822539
0.24999973695335917
0.05334702506661415
0.008042467758059498
0.06249994947575031
0.1249998659599537
0.21338809881414128
0.16004112828522918
0.14330573659390208
0.1874998044222593
0.05491743050515651
0.21338823810219765
0.07165279984474181
0.04197327233850955
0.21338825049588225
0.06786159053444862
0.062499946195968985
0.031249975785613046
0.1821382003724226
0.17377046123147008
0.019876182079315175
0.02745876647531986
0.2133882492780685
0.31249986872003743
0.3564639389514923
0.36427620798349375
0.21338814485352484
0.1874998341816276
0.14330572076141831
0.24463817384093994
0.010723307728767398
0.03661162778735161
0.0312499701976776
0.06786160077899693
0.16004110965877769
0.0183058107156524
0.0625000149011612
0.18749977904371914
0.2316939309239387
0.018305810168385506
0.036611611489206546
0.1562499031424522
0.23169400077313182
0.10669407434761521
0.10447317361831662
0.21338830515742296
0.23169398680329317
0.10669410601258275
0.16674323379993436
0.04197324439883232
0.24463802576065058
0.21338811466358998
0.28124974668025965
0.09682332724332808
0.08995866775512695
0.32008225098252285
-7.493366260824528e-09
0.36427636444568623
0.031249971129000173
0.053347006440162645
0.1600410360842943
0.09374993294477461
0.3200823476418012
2.63417754275963e-09
0.16004112083464855
0.21338810026645655
1.786067937992186e-08
0.23666300252079958
0.09374987334012982
0.06249993667006492
0.2446381663903594
0.24999994039535517
0.10669413422503815
0.07165284641087054
0.06249992921948433
0.18995059141889212
0.03393080085515976
0.11584695710917
-3.725290303397831e-09
0.12499992921948441
0.10669406130909918
0.28504102362785483
0.06249994598329066
0.018305826932191845
0.12499990573396921
0.06668375618755817
0.3151806071400642
0.26987605541944504
0.3566938638687133
0.15580960828810927
0.09374990686774251
0.03661163116011389
0.06249995157122611
0.18749982118606565
0.0624999590218067
0.18749985098838803
0.10669398587197063
0.02445267140865326
0.18749989569187162
0.00843506772071123
0.08002047240734098
0.04687495529651641
0.06249992549419402
0.14330572684144435
-9.31322574622823e-09
0.0678615947254002
0.06249994784593581
0.21338820457458493
0.0366116240620613
0.21495853923261163
0.05223660916090011
0.15356901101768017
0.0183058213442564
0.12499992819974669
0.045764533802866936
0.18749982118606565
0.37499971687793726
0.11584697570651767
0.24463816732168192
0.2133881021291017
0.12499988470290901
0.00536164082586765
0.18749980628490445
0.1249999329447746
0.03661160428383186
0.24597845028620208
0.10669408366084096
0.041973259299993515
0.24999978765845293
0.2621586807072162
0.033930784091353416
0.046874989289790385
0.28046450763940806
-5.528537766474883e-09
-1.4901161189058628e-08
0.1349379289895296
0.0678615979850292
0.03661162592470647
0.13013155711814758
0.23169399797916407
0.06786159425973891
0.1223190012387931
0.062499918043613406
0.2446381775662303
0.054917424917221055
0.12432958406720739
0.010723307728767381
0.03661162406206131
0.12500002980232236
0.1977631207555532
0.1341527998447418
0.027458717115223404
0.1874998360872268
0.06541073927655815
0.0
0.053347037173807614
0.0624999194129564
0.03124995902180671
0.03124994039535521
0.26215872913599014
0.1249998512143646
0.009152907878160477
0.07812494231620802
-4.032224863947839e-09
0.06249991804361342
0.041973277926445
0.41115142032504076
0.1088841438759118
0.12499990314245221
0.04269109666347504
0.010723296517450074
0.2316940272359304
0.0
0.07283063977956775
0.18749982118606565
0.05491744216441188
0.0468749747755921
0.11336245946586129
0.062499962747097
0.03661161102354528
0.12499987566843626
0.1249999422580004
0.010723294690251347
0.06249994039535521
0.1249999478459358
0.02288229763507844
0.062499923920961604
0.24463816173374647
0.32276285067200655
0.03124996274709701
0.033930812496691935
0.00915291905403135
0.01830580271780491
0.09374994039535522
0.08688524458557365
0.018305815290659663
0.11718736914917824
0.2046277970075607
4.6566128731141144e-09
0.10669406037777661
0.018305829726159573
0.3071380909532308
0.4042865708470344
0.06249995902180671
0.062499929219484315
0.24463815428316593
0.24999967962503428
0.3292352780699729
-3.725290298491292e-09
0.16461760085076094
0.2133881997543083
0.06518076546490192
0.23437487706542015
0.15624984283931553
0.2133881319314241
0.031249959953129285
0.2133880797046239
0.14575655711814758
0.015624996274709677
0.09374990314245223
0.07165281753987071
0.18749985471367833
0.031249940395355218
0.045764522626996026
0.09106910973787306
0.14330573473125693
0.12499986775219438
0.24463817849755282
0.6401646211743354
0.07322324067354202
0.14598651044070718
0.21606901101768014
0.2517803236842155
0.00993812456727028
0.16004114039242262
0.031249964144080877
0.03661163710057734
0.007683566072955729
0.9160528481006621
0.12499989296879796
0.013336759060621269
0.32008234831944016
0.16082629933953282
0.06249992456287145
0.17377047240734098
0.10669404827058314
0.10669410973787305
0.054917419329285636
0.0
0.42677608598023653
0.15624979697167873
0.01830580271780491
0.1433056145906448
0.0937499082647264
0.09374989941716191
0.21338810864835975
0.48012324422597874
0.18749977648259342
0.12499987799674271
0.1848189942538738
0.10669403336942193
0.005361616611480711
0.020986624062061303
0.3124997727572917
0.28504095599055285
0.18749970011413097
0.1600410472601652
0.2133882008492946
0.010723290512749005
0.01987620024010539
0.1874998789280653
0.057923445478081696
0.045764499809592955
0.054917428642511354
0.03661162033677101
1.5275223308464088e-09
0.04118806449696421
0.10669406514290723
0.03124998696148395
0.06249992549419402
0.18213812354952094
0.21338814367443687
0.10669408552348614
0.2225410751998424
0.07322325315272192
0.046874964609742165
0.18213820457458493
0.03393077384680509
0.3475408777594565
0.0091529032215476
-7.128034273939931e-10
0.036611628060129624
0.3437496684218911
0.03661161486217334
0.11604323610663413
0.24542334396392104
0.13415281847119329
0.009152896702289578
0.009152907878160466
0.08688523061573504
0.13415286689996717
0.36427637989240347
0.3932380285114049
0.10669409111142159
0.053347013425081954
0.0053616520017385465
0.06249996460974215
0.2446380071341991
0.13036154210567472
0.03661162964999676
0.0002299770712852362
0.018305804580450055
0.031249977648258202
0.027458738535642613
0.053347017616033526
0.14330573333427307
0.0339308101683855
0.2812498025596141
0.05792347714304924
0.21338816201633487
0.10669415071606633
0.062499970634716004
0.6417247802019119
0.07678448595106599
0.06249991804361342
0.213388180360198
0.5464146174490451
0.164617545902729
0.426776498556137
0.10669408924877644
0.36695721745491017
0.10669405385851859
0.09374989382922648
0.0624999664723873
0.24084676802158353
0.06786161847412585
0.03124995529651641
0.062499945051968084
0.0
0.09643075242638587
0.24463804811239237
0.0366116240620613
0.04687496647238731
0.1874998044222593
0.0312499813735485
0.18749984353780744
0.0366116277873516
0.18213817849755284
0.045764500508084886
0.21338814657374122
0.054917426779866205
0.3642765507102012
0.07165279146283865
0.07165284854503805
0.266735129058361
0.18749985098838803
0.1433056658133864
0.04174330085515975
0.2133881806515749
0.04197327117435633
0.05491742864251136
0.09374993108212946
0.03661161940544843
0.10669409483671186
0.09888156689703462
0.0366116315126419
0.12499985285103318
0.09374992176890373
0.10669409483671188
0.06249991804361343
0.26673519611358637
0.03811461478471755
0.18749981001019475
0.010723300278186795
0.0
0.21338817104697227
0.0419732742011547
0.15546454302966592
0.12499992921167545
0.30713805556297297
2.6077032094345583e-08
0.05491740908473729
0.12231896445155142
0.1341527961194515
-5.162577476625073e-09
0.2088116891682148
0.009152914317523074
0.031249992549419396
0.3200821727514266
0.0312499850988388
0.2499997913837437
0.18213821481913325
0.18749985657632345
0.05792347993701697
0.028243944048881524
0.07165284059010445
0.10669409856200215
0.033930764533579336
0.21338815800845617
-8.053865144241888e-09
0.031249970197677605
0.08688525855541229
0.0015703905373811722
0.1249998613747216
0.031249975785613057
0.23437477648258204
0.2602631421759724
0.2133881896734237
0.018305791076272723
0.24999979138374323
0.005361627787351615
0.09374987147748468
0.027458689175546166
0.1928614322096109
0.09374993946403262
0.18749983707848836
0.022882248507812616
0.32008219882845873
0.12499990018869299
0.04497932828962803
0.09374992549419403
0.009152906015515327
7.4505799863011646e-09
0.018305812856014066
0.0053616669028997395
0.03124995529651641
0.04687495809048413
0.041973287239670753
0.07165286317467688
0.027458723634481423
0.12499990127980708
0.3200822193175554
0.12499987597430783
0.031249947845935815
0.1433057263493538
0.15624983236193654
0.1966527141630649
0.005361640825867653
0.12499992385752588
0.13281236216425893
0.36427633836865425
0.3200821732719725
0.2446381382178515
0.2408469086512923
0.0366116240620613
0.4098107321187853
0.09374991983536594
0.41762340068817133
0.21338821575045583
0.0366116240620613
0.093749918974936
0.09374992320619223
0.16205170005559918
0.010723293293267492
0.04687497299164532
0.13415274210274217
0.09374989569187163
0.8535528481006621
0.21338815329459732
0.010723296552896496
0.24463817477226255
0.1958673689514398
0.1874998584389686
0.041188050061464296
0.2850410565733909
0.24960724450647825
0.09374991804361342
0.10669410601258277
0.12499985069313546
0.07812492642551659
0.009938097093254326
0.09106909856200217
0.06249993953492527
0.2133881420117791
0.03582642972469329
0.06518077268265186
0.2133881899062543
0.06249995495802523
0.03739681420847773
0.0910690501332283
0.027458705008029934
0.41651301085948933
0.06249988079071045
0.06249995902180671
0.3292350657284259
0.33570709172636265
0.2133882641792297
0.0
0.2133881896734237
0.1821382641792297
0.009152886810415149
0.25903756916522974
0.18749988451600072
0.31092936266213655
0.4267764016985892
0.24999985523583346
0.12499991152435538
0.14330568909645078
-9.69898739100472e-09
0.14330566301941872
0.009152896353043614
0.3696380518376826
0.01072330120950937
0.17187484726309774
0.09106909343972801
0.1977631594054401
0.17991718277335164
0.0
0.18749976040611918
0.12768068537116048
0.0549174254212492
0.28504095599055285
0.03661162592470646
0.17834695172496134
0.031249973922967904
0.124999962747097
0.23169394396245474
0.2316940161399543
0.02879908308386802
0.1249999292194843
0.05334699148150301
0.06249994924291702
0.15624986402690408
0.24999977275729174
0.36427632207050914
0.0716528445482254
0.12499992083758113
0.4267763830721377
0.018305793404579163
0.0
0.3642762657254934
0.11584693938493727
0.12499987892806529
0.09374992921948432
0.06249996833503245
0.18749983608722684
0.10669404454529283
0.12578506022691724
0.21338820457458493
0.3216526173055172
0.12499988079071042
0.06786161754280327
0.15624986588954923
0.06249995157122611
0.009152916260063648
0.23169387504458422
0.1535690501332283
0.009152978658676163
0.24084686115384102
0.21338817477226255
0.06249995157122611
0.01869840174913407
0.18749986666108232
0.018305832037718513
0.062499951571226106
0.18749979045242068
0.05491740489378571
0.16004120279103512
0.23169404407963154
0.21740929811494422
0.06249994598329066
0.22901313379406926
0.031249996274709695
0.0018003936856985153
0.2499998584389686
0.09374981559813021
0.09374986588954924
0.24463819526135916
0.18749985098838803
0.2866115272045135
0.24463813193142409
0.21338825114071366
0.062499929219484315
0.21606895327568054
1.862645148754992e-08
0.04576451517641544
0.008042467758059502
0.13036152441054583
0.0366116389632225
0.10669411439448594
0.16004114504903552
0.12499993667006491
0.031249964609742165
0.24463813751935953
0.062499945122860716
0.09374992549419402
0.03661162110163697
0.4267762973904609
0.06786159053444861
0.19286148622632024
0.42677655816078175
0.09374990314245223
0.09374993201345204
0.124999925494194
0.1249998891726136
0.09374989755451676
0.12499989222765898
0.062499921768903705
0.009152892976999267
0.12499992013223513
0.001570394262671468
0.10669411160051821
0.026118291309103363
0.10669410973787305
0.3467557402327656
0.09118408150970933
0.02098661661148071
0.03661161474883556
0.10669413954019544
0.21338816359639162
0.067861579824239
0.18213830515742296
0.4100409182719886
0.018305810168385502
0.018305806443095204
-8.358472356730118e-25
0.4687494859099387
0.054917477071285255
0.006146834231913088
0.0
0.18749977461993692
0.13415282592177388
0.010723300278186796
0.21338820457458493
0.23169402591884133
0.1562498081475496
0.26673522219061846
0.2133882194757461
0.8535527884960172
0.36427643895149225
0.05792350135743619
0.16004118788987393
0.26987593248486513
0.0366116315126419
0.031249959328651482
0.10669405385851854
0.23169399984180922
0.010723300278186795
7.450580606795661e-09
0.04687496181577443
0.12499989919118536
0.124999962747097
0.002680828096345066
0.01830581203103064
0.2850410081446171
0.03661163130605071
0.21338812075555322
0.031249968335032456
0.10747926309704778
0.0366116315126419
0.07812496088445185
0.1874998360872268
0.1821381291374564
0.3642763478062236
0.062499941326677785
0.631011590361595
0.2133881452535111
0.05334703065454959
0.27320736646652216
0.1646174937486648
0.1600411646068096
0.11584697756916282
0.09106908505782484
0.1066941488534212
0.21338811998402057
0.2499997808470313
-2.6341780312577605e-08
0.09173930436372756
0.0
0.03661162803224793
0.4267765879631042
0.0
0.13281235843896863
0.12499991533367226
0.12499988122774883
0.003140780143439767
0.15624982910230753
0.2667351812124252
0.12499992009346704
0.03661162406206132
0.018305820412933826
0.09374988079071044
0.133367583155632
0.21338822692632672
0.0624999366700649
0.24999983608722684
-3.015097391185471e-09
0.31249973550438875
0.2499998807907104
0.6752056181430814
0.1341527961194515
0.13036151975393293
0.018305819575213707
0.1066940929740667
0.15546462498605249
0.1562499105930328
0.06249995902180671
0.03393074870109558
0.09453509002923965
0.4267764892429113
0.36427637924051387
0.1066940277814865
0.156249837949872
0.06249993480742376
0.06249994039535521
0.18749994365498396
0.17834696965292093
0.018305820412933826
0.24463816173374653
0.0
0.1848190166056156
0.062499962747097015
0.10747928172349927
0.24006164073944086
0.10669400241910812
0.36427649855613703
0.49999982863664616
0.4267763569951057
0.15624987106430233
0.018305815756320946
0.010723298415541647
0.3475410137325525
0.0937499329447746
0.21338817104697222
0.062499950354395255
0.018305815756320953
0.24999972169433968
0.062499951606110875
0.2316939504817128
0.24999981632649154
0.12231905758380887
0.03259037062525749
0.18213820084929466
0.050896140281110995
0.4176234900951385
0.036611627787351594
0.21338824692508535
0.0910690913647256
0.09374986868351698
0.24999976615742397
0.2133882641792297
0.09374991059303282
0.1249999403953552
0.23169408738613123
0.062499962747097
0.06249993667006491
0.12499990927594383
0.0183058138936758
0.10669410228729247
0.23169403243809933
0.18749988824129102
0.03661162308628096
0.06249996274709701
0.11339611699804661
0.30579762347042555
0.32008236646652216
0.1874999105930328
0.32008236646652216
0.01830581296235323
0.010723318904638282
0.6218589358031749
0.07622929848730563
0.09374991804361342
0.23437486588954923
0.426776498556137
0.21338832378387448
0.18749993480741975
0.031249980442225926
0.06249996647238731
0.17834690399467942
0.3200821466743945
0.2621587589383125
0.2499997746199369
0.02745871059596538
0.10669408179819584
0.03661164310364389
0.09374988172203301
0.062499977648258195
0.0
0.23437477648258204
0.24999979138374323
0.046875014901161215
0.18749978920761387
0.02745870500802995
0.2133881021291017
0.14330574870109555
0.3200823402935406
0.10669407993555068
0.05491741746664047
0.03661162801332817
0.10669409111142159
0.3749996460974216
0.062499932603984114
0.11241462826728818
0.3642763793468475
0.0
0.4267762638628478
0.2225410579703748
0.018305821344256398
0.0732232481241226
0.3227629959583282
0.32008225843310345
0.1249999366700649
0.18749983394101075
0.031249981839209788
0.49999973177909846
0.0924095110967755
0.010723294690251347
0.10669402778148637
0.026673529297113415
0.32789463549852366
0.073223277926445
0.21338816173374647
0.21338815987110132
0.21338808536529538
0.0624999545911704
0.16121893376111981
-1.117587000720732e-08
0.260263193398714
0.21338822320103645
0.0678616128861904
0.3917351141571998
0.1303615495562553
0.3749996721744537
0.03661160948047958
0.21338822692632672
0.2109373435378074
0.06249994784593582
0.21338820457458493
0.01830581131530817
0.23169397190213242
0.39552620053291315
1.4846570195459204e-08
0.28124976903200144
0.062499962747097
0.010723258368670939
0.413947113091126
0.10669407248497008
0.10669405385851859
0.6310114935040473
0.24463811516761777
0.031249962747097
0.062499951571226106
0.062499981373548494
0.4892763197422027
1.8626451497363e-08
6.292930176954314e-09
0.12499986635521053
0.18749986588954923
0.24463811051100487
0.06249987334012984
0.05491744726896285
0.2133881896734237
0.28124977648258204
0.12499994784593581
0.0716528594493866
0.15356893464922905
0.0624999701976776
0.2133882492780685
0.02611830458045005
0.010723298192149565
0.1366037260740995
0.21338814124464986
0.320082314312458
0.21338827908039087
0.062499970197677605
0.18749980628490445
0.06249991990625857
0.21338816389790377
0.1874999217689037
0.18749988451600072
0.3071381347253918
-2.235174178113467e-08
0.7499997615814208
0.0053616431541740886
0.12499994784593581
0.46639372035861004
0.09374992374453761
0.2133882455527782
0.14330573007464403
0.2191424630582332
0.21338812481859046
0.12499989492960072
1.4762639721777046e-10
0.036611599847674356
0.21338826703044342
0.06786163151264189
0.009152922779321669
0.08348661847412583
0.134152814745903
0.23169400542974466
0.0
0.0
0.018305791541934006
0.12499994225800035
0.0624999701976776
0.06671747239306568
0.27320740371942515
0.027458744123578068
0.42677630949765444
0.24463809522919452
0.0
0.12499991059303281
0.3200822435319423
0.18749986495822665
0.031249977648258202
0.320082277059555
0.18749991245567796
0.24463818222284311
0.14330568723380563
0.15624990314245218
0.18749988451600072
0.364276323467493
0.3642766177654266
0.18749983608722684
0.2316939085721969
0.10669406503438947
0.10669406689703465
0.0678616240620613
0.21338829025626183
0.18213815614581105
0.01830582320690156
0.018305815989083204
0.3109293542802333
0.8535528331995009
0.06786159984767436
0.3642763793468475
0.24463814496994013
0.18749983431044545
0.3642764383728433
0.03661163093399233
0.036611646413803094
0.42677640914916987
0.001340430229902264
0.46338793635368336
0.3642764091491698
0.21338821225114213
0.1066940929740667
0.23169397586025295
0.10669413395225999
0.045764539390802376
0.062499962747097
0.12499995186341338
0.22254104539752004
0.00915291532874108
0.0941424847114831
0.24999982491135592
0.10669407621026038
0.18749983688216051
0.0053616372169926745
0.06249993667006492
0.19665274769067762
0.06249994784593581
0.06786157935857773
0.12499986775219438
0.1562498975545168
0.07322324439883231
0.18749989569187162
0.2732072472572326
1.0259661453737574e-09
0.010723270475864405
-3.1664967534722713e-08
0.06249994732229246
0.36427664789882147
0.0366116426885128
0.24999983608722684
0.4267764352262024
0.18213819079763024
0.027458728291094303
0.24999984353780744
0.12499991253628727
0.21338812131489232
0.0107232891023159
0.062499933628955055
0.031249977648258223
0.21338820084929466
0.31092929467558855
0.2499998807907104
0.018305804580450055
0.1874998584389686
0.21338819503538262
0.21338827908039087
0.18749982118606565
0.062499959021806724
0.10669406689703462
0.10669410973787305
0.2804645841242745
0.018305802161098447
0.062499944120645516
0.2656248733401298
0.31092918897047633
0.2683055996894836
0.1874998388537765
0.337047666311264
0.2499998807907104
0.018305813893675804
0.21338817477226255
-2.8512137095759722e-09
0.03661161474883556
0.2133881896734237
0.03661165200173855
0.21338821862503152
0.23169405758380884
0.124999925494194
0.12499986216425894
0.24463813006877896
0.4176235310733317
0.07812494225800037
0.05491743236780166
0.03393080830574034
0.374999850988388
0.12231905385851857
0.11584700644016263
0.2656248249113559
0.009152883627849382
0.18749986588954923
0.0366116240620613
0.09374994877725838
0.0732232704758644
0.1249999217689037
0.0183058138936758
0.23169395700097078
0.0859374990686774
0.06249995622783898
0.21338817477226255
0.24999982118606565
0.12499994325550998
0.1874998650154724
0.37499975040554995
0.3642763718962668
0.395526386797428
0.10669409483671186
0.36427664756774897
0.1433057227838532
0.02288227900862693
0.00536164827644825
0.15624990873038766
0.06249995902180671
0.036611646413803094
0.49999964237213124
0.24999991059303278
0.42677655816078175
0.22254111245274538
0.0366116315126419
0.21338823437690732
0.2499998565763234
0.12499995529651639
0.39552640914916987
0.08002058323472737
0.42677655071020115
0.0624999040737748
0.2499998807907104
0.05491746217012328
0.0
0.10669406503438947
0.16004107519984243
0.05491743423044681
0.4176234304904937
0.12499986402690454
0.1249999172720806
0.06249994318932293
0.0015703865792602294
2.2351741781134675e-08
0.12499987334012984
0.0
0.23169400822371242
0.06249999254941939
0.0
0.11584698408842084
0.06786157168947797
0.010723304003477095
0.2133882492780685
0.2732072191315518
0.2499998807907104
0.04687497206032276
0.06249995902180671
0.3071381524205207
0.18749988451600072
0.06249995902180671
0.14330574870109555
0.24999990186413387
0.15624983981251714
0.21338816158611867
0.1783469328656792
0.49999982118606556
0.3642765283584594
0.2133881500922143
0.4999995557591318
0.7285532355308532
0.5464143268764018
0.2214306592941284
0.1562498044222593
0.18749988079071045
0.499999701976776
0.16004115999699836
0.2499998807907104
0.49999982118606556
0.036611642688512795
0.03124994412064552
0.10747928638011214
0.41115143522620196
0.37499977648258204
0.1433057244867086
0.005361653864383705
0.24999991059303278
0.18749991245567796
0.03661164734512567
0.21338827349245457
0.46338794846087694
0.266735129058361
0.0732232630252838
0.3696381226181983
0.2133882492780685
0.12499994784593581
0.18749980628490445
0.0
0.10669413395226
0.018305778503417955
0.21338820457458493
0.18749991990625856
0.010723297484219074
0.3642765581607818
0.12499991804361342
0.21338820457458493
0.18749986588954923
0.010723298559263678
4.4703483581895507e-08
0.23169407248497007
0.21338817104697222
0.15356906875967977
0.3642764687538146
0.49999958276748646
0.4999997615814208
0.1074792519211769
0.12499994784593581
0.008042458444833752
1.4901161213591323e-08
0.06249995902180671
0.8535528182983397
0.12499990686774251
1.8626451516989153e-09
0.027458713389933102
0.12499988200754139
0.0937499478459358
0.0
0.135296871419996
0.42677646875381464
0.06249995902180671
0.26026313751935953
0.3566939234733581
0.1249999498409542
0.04576452169567345
0.3749997436392211
0.12499995157122633
0.1066941041499376
0.24463823437690732
0.0
0.4267764677457597
0.062499979510903345
0.062499962747097
0.24463814496994013
0.3200823031365871
0.21338816732168148
0.25536139309406275
0.06249994784593581
0.249999850988388
0.10747926495969294
0.0624999701976776
0.0732232565032389
0.4999997690320014
0.0624999701976776
0.23169399797916407
0.054917464691313526
0.07165288552641867
0.37499973177909846
0.14330570399761197
0.46338813658803696
0.12500002980232242
0.13415286689996717
0.03661162037517229
0.17076450481545177
0.426776498556137
0.20881167054176325
0.21338820457458493
0.18749994973440207
0.0
0.21338823437690732
0.18749986216425893
0.21338833868503565
0.3642764687538146
0.21338820457458493
0.08002049475908278
0.06786161381751298
0.018305801720711386
0.24999997019767756
0.2667350089177489
0.03661160413289543
0.6752057671546935
0.2133882939815521
0.2133881896734237
0.19665272161364555
0.0937499515712261
0.18749995715916154
0.21338821016252038
0.09374994598329066
0.2316939830780029
0.24999983375892038
0.24999988423242975
0.2499998807907104
0.24084678928504782
0.12499986588954923
0.4267765283584594
0.4267764389514922
0.4633881151676177
0.0
0.49999988079071034
0.3200823068618774
0.031249981373548508
0.2133882492780685
0.23169396910816425
0.374999850988388
0.4999997228795487
0.21338824555277822
0.24999989569187162
0.42677646875381464
0.3642764687538146
0.42677628406450335
0.02745871245861052
0.2866114675998687
0.0
0.2133882939815521
0.3749998211860656
0.23169400542974472
0.426776498556137
0.12499994784593581
0.062499929219484315
0.249999925494194
0.2812498547136783
0.10669410973787305
0.01830581482499838
0.48927636258304114
0.18213821481913325
0.0366116240620613
0.42677653580904
0.4176233410835265
0.0366116426885128
0.18749982304871077
0.426776498556137
0.0366116240620613
0.03124999627470971
0.12499994225800036
0.4999996721744537
0.42677654698491085
0.4267765283584594
0.06249994784593581
0.32008236646652216
0.4633882045745849
0.36427649855613703
0.42677646875381464
0.062499977648258195
0.06786163151264188
0.010723294690251349
0.42677646875381464
0.42677646875381464
0.2812497802078724
0.018305816687643525
0.054917432367801666
0.10669413954019544
0.16004114970564834
0.42677646875381464
0.18749979138374326
0.06249996274709699
0.18213825952261684
0.4294570311903953
0.4999999329447745
0.3200824488513318
0.03661164445750641
0.4267763495445251
0.0366116315126419
0.12499993946403307
0.310929425060749
0.36427634954452504
0.0624999701976776
0.32008225657045836
0.24999994039535517
0.46338814496994013
0.36427645441979534
0.4633880518376826
0.05491746217012405
0.03661163158110558
0.0
0.21338827908039087
0.24999994039535517
0.2316940454766154
0.12499990686774251
0.231693981681019
0.0366116240620613
0.10669410973787308
0.28046462056227023
0.07322332262992857
0.21338823437690732
0.42677652919356046
0.07322320714592931
1.4901161213591323e-08
0.03124997299164533
0.24999982351437208
0.06249996647238731
0.06249995157122611
0.3200823068618774
0.3749998807907104
0.0
0.36427649855613703
0.005361646879464386
0.09374990593641995
0.1433057248062881
0.062499958480286645
0.2812498211860656
0.32008240185678005
0.1249999403953552
0.249999925494194
0.010723298881202936
0.031249963678419583
0.2499999552965164
0.03661162778735161
0.3642765283584594
0.4267764389514922
0.12231907388195393
0.0366116389632225
0.13036154505770003
0.12499990686774251
0.42677640914916987
0.010723293940239296
0.045764535665512085
0.42677655816078175
0.3200823366641998
0.14330568769946692
0.49999988079071034
0.010723300743848085
0.0
0.3200823068618774
0.3642765283584594
0.0624999701976776
0.10669407621026034
0.12499993480741978
0.21338822040706873
0.39552646875381464
0.12499991990625856
7.381318473109742e-11
0.21338823437690732
0.36427649902179826
0.0937499515712261
0.417623471468687
0.4633881151676177
0.062499955296516405
0.07322328537702559
0.0
0.32008240744471544
0.0732232853770256
0.21338820309770612
0.05334703624248504
0.21338815021315424
0.1874999403953552
0.12499995343387124
0.36427643895149225
0.21338831352132187
0.4999999105930328
0.3642764939075591
0.21338813938200468
0.3200822658836841
0.12499991059303281
0.36427649855613703
0.36427643932872966
0.0
0.32008229009807104
0.19776320084929463
0.21338820457458493
0.06249997524005678
0.34754106402397145
0.2499999962747097
0.2133881600128868
0.4267765283584594
0.1249999776482582
-5.77841552384939e-10
0.3749996706313885
0.06249993667006491
0.21338817389818593
0.03661162964999676
0.39552646875381464
0.4267762899398803
0.39552643951863414
0.0
0.21338827908039087
0.46338814496994013
0.2499998060013335
0.4999997615814208
0.16004120558500287
0.24999982118606562
0.018305817153304812
0.3200822820220383
0.6218589395284652
0.4267765879631042
0.24463820643723005
0.3200823079699644
0.24999991059303278
0.4999996721744537
0.24999993667006487
0.124999925494194
0.2499999031424522
0.36427643895149225
0.24999985098838803
0.312499839244752
0.320082405116409
0.13036159612238404
0.21338817477226255
0.1249999776482582
0.0
0.2316940017044544
0.4999997615814208
0.395526498556137
0.49999979138374323
0.36427639797329897
0.21338820628960253
0.42677646875381464
0.32008232455700636
0.42677655816078175
0.18749984726309774
0.04197330214083194
0.21338825099308656
0.36427641191348503
0.37499982863664627
0.18749984353780744
0.32008229568600655
0.18749986030161378
0.426776498556137
0.49999988079071034
0.1406249105930328
0.036611633375287056
0.4267765283584594
0.4267766177654265
0.28124976158142084
0.21338832378387448
0.49999988079071034
0.2499998807907104
0.426776498556137
0.42677631974220265
0.499999850988388
0.4267765283584594
0.3955263793468475
1.4256061886541713e-09
0.4267765879631042
0.42677642777562114
0.14330573007464406
0.10669412650167939
0.0937499515712261
0.4267763495445251
0.8535531014204024
0.49999982118606556
0.0
0.09374994970858096
0.062499926425516585
0.4267764389514922
0.4267765879631042
0.2499998807907104
0.24999986588954923
0.1098348656669259
0.31249977587161676
0.0
0.3642766177654266
0.4267764315009116
0.12499994784593581
0.0366116315126419
0.3200823878869414
0.8535533323884008
0.0
0.06249996886207953
0.1249999403953552
0.4267764389514922
0.3642765879631042
0.0732232555747032
0.42677655816078175
0.3955264342948794
0.0
0.4892764352262019
0.21338820643723005
0.2133882790803909
0.42677655816078175
0.24999991059303278
0.499999850988388
0.3642763718962668
-2.952526972910262e-10
0.12499995529651639
0.49999988079071034
0.12499993294477461
0.32008236646652216
0.0732232257723808
0.24999991059303278
0.49999988079071034
0.1874999105930328
0.49999988079071034
0.10826446209102868
0.062499951571226106
0.4267766177654265
0.21338817477226255
0.0
0.2499999050050974
0.2133882194757461
7.450580596982584e-09
0.03661164928667792
0.4999999403953551
0.187499962747097
0.2499998807907104
0.07165287528187035
0.3642765283584594
0.728553283959627
0.37499984912574297
0.2316940128803253
0.3642765283584594
0.0
0.036611616611480706
0.3124998976325652
0.426776498556137
0.0
0.49999973177909846
0.3749998601598283
0.24999997019767756
0.499999850988388
0.0366116315126419
0.46338799595832814
0.24999992777826469
0.3200822845101356
0.426776498556137
0.05334704883228091
0.0732232555747032
0.031249981373548515
0.499999850988388
0.0937499701976776
0.42677655816078175
0.42677655816078175
0.06249995157122612
0.4999999403953551
0.395526498556137
0.42677655816078175
0.374999850988388
0.23169405851513145
0.24999989569187162
0.06249994784593582
0.4633882716298102
0.8535531237721443
0.21338827908039087
0.124999925494194
0.0
0.2499999552965164
0.31249986356124276
0.49999973177909846
0.062499973922967904
0.499999701976776
0.4999997615814208
0.4999999403953551
0.21338823810219765
0.12499991804361343
0.49999982118606556
0.33760291337966913
0.0732232332229614
0.03661163103327313
0.24999986588954923
0.062499973922967904
0.249999850988388
0.24999997764825727
0.36427667737007136
0.49999979138374323
0.09374993760138749
0.3857231698930263
0.10669410973787305
0.4267765283584594
0.3642766940790486
0.42677646875381464
0.49999982118606556
0.24999989569187162
0.24999986588954923
0.4267765283584594
0.499999850988388
0.32008236646652216
0.4999999403953551
0.426776498556137
0.499999850988388
0.249999925494194
0.21338828280568123
0.2133881896734237
0.0
0.249999925494194
0.499999701976776
0.24999986588954923
0.10669414326548574
0.7285532951354979
0.42677655816078175
0.23169408412650225
0.4267765283584594
0.42677655816078175
0.49999988079071034
0.42677646875381464
0.426776498556137
0.0
0.187499925494194
0.0
0.0
0.18213828653097153
0.426776582516955
0.21338827908039087
0.0366116352379322
0.42677655816078175
0.32008239626884455
0.36427649855613703
0.37499994039535517
0.320082277059555
0.4999997913837432
0.0732232816517353
0.4999999105930328
0.24999991059303278
0.36427649855613703
0.49999982118606556
0.2133882641792297
0.0419732853770256
0.244638193398714
0.2866114974021911
0.7499995380640029
0.4450824139639734
0.42677640914916987
0.49999979138374323
0.2499999552965164
0.426776498556137
0.36427649855613703
0.2499998956918716
0.3642764091491698
0.3642764380910624
0.07322324812412262
0.49999979138374323
0.49999979138374323
0.4999997615814208
0.2133882492780685
0.4999997615814208
0.4267765879631042
0.36427643895149225
0.7285528779029845
0.3642765879631042
0.3200823497027158
0.8535531163215635
0.42677640914916987
0.12499991804361342
0.24999983608722684
0.21338827908039087
0.0366116352379322
0.48927630484104145
0.499999850988388
0.49999982118606556
0.499999850988388
0.426776498556137
0.24999989569187162
0.4999999105930328
0.39552640914916987
7.450580606795663e-09
0.4267765879631042
0.4176235498869032
0.2133882157504558
0.2133882939815521
0.426776498556137
0.36427649762481445
0.187499925494194
0.12499994039535525
0.0
0.14330577570945022
0.4267765283584594
0.49999964237213124
0.42677655816078175
0.2133882939815521
0.24999986588954923
0.12499998509883878
0.124999925494194
0.1249999366700649
0.36427643895149225
0.4999999403953551
0.4267765283584594
0.24463818222284311
0.499999850988388
0.2499999552965164
0.21338827908039087
0.10669412463903424
0.018305795267224305
0.3200823366641998
0.4633880322799086
0.073223277926445
0.4267765879631042
0.4267766773700713
-1.5156663503471116e-08
0.2133882641792297
0.2499998807907104
0.37499976158142084
0.4267765283584594
0.4267765879631042
0.249999925494194
0.24999986588954923
0.3200824558734893
0.2133881896734237
0.0
0.4999996721744537
0.06249995157122611
0.4267765283584594
0.36427649855613703
0.0
0.49999973177909846
0.2499999552965164
0.4999997615814208
0.36427640542387957
0.49999979138374323
0.12499995529651639
0.3749998807907104
0.062499962747097
0.24999991059303278
0.42677646875381464
0.4267765283584594
0.4267766177654265
0.49999973177909846
0.2499999552965164
0.4999999403953551
0.12499994784593581
0.2499999552965164
0.18749988079071042
0.06249997019767761
0.4267765879631042
0.0
0.3642765879631042
0.18749991245567793
0.499999850988388
0.49999988079071034
0.4267766177654265
0.4267763793468474
0.24999986588954923
0.24999989569187162
0.4999999105930328
0.23169396817684168
0.4267764799296855
0.12499994784593581
0.42677631974220265
0.3749997270079941
0.124999925494194
0.12499991804361342
0.42677646875381464
0.12500003725290296
0.4267766773700713
0.49999964237213124
0.49999988079071034
0.2133882641792297
0.21338827908039087
0.1874999105930328
0.49999982118606556
0.49999984353780735
0.36427664756774897
0.24999991059303278
0.4999997615814208
0.12499996460974215
0.12499997764825824
0.36427637326015855
0.24999983608722684
0.0366116352379322
0.1249999292194843
0.4267763793468474
0.21495860815048212
0.4999999105930328
0.49999988079071034
0.3749998807907104
0.06249996647238731
0.42677646875381464
0.4999999403953551
0.4267766177654265
0.499999850988388
0.499999850988388
0.4267765283584594
0.24999986588954923
0.4267765879631042
0.2499998807907104
0.42677655816078175
0.3749996721744537
0.42677640914916987
0.124999925494194
0.0
0.4267766177654265
0.3642764687538146
0.0
0.4267765879631042
0.18749982863664622
0.4999996721744537
0.49999982118606556
0.24999983608722684
0.24999985685989443
0.42677646875381464
0.499999850988388
0.3642764687538146
0.2133882492780685
0.4267764389514922
0.49999982118606556
0.2499999552965164
0.426776498556137
0.2133882194757461
0.24999991059303278
0.7499995753169058
0.3642765283584594
0.49999975785613054
0.2133882939815521
0.499999850988388
0.1249999776482582
0.21338819213922156
0.24999982863664622
0.42677640914916987
0.499999850988388
0.499999701976776
0.499999850988388
0.49999982118606556
0.49999973177909846
0.0
0.23169396817684168
0.14330576360225675
0.24463809002190823
0.42677655816078175
0.4999999403953551
0.426776498556137
0.2499998807907104
0.4267765879631042
0.49999997019767756
0.0366116352379322
0.4267765283584594
0.4267765283584594
0.42677646875381464
0.0
0.24999986588954923
0.49999988079071034
0.21338830888271326
0.18749997019767758
0.4267765879631042
0.4999996721744537
0.36427664756774897
0.21338815987110132
0.24999989569187162
0.2499998807907104
0.4999996721744537
0.4267765283584594
0.8535529151558875
0.3642765581607818
0.49999979138374323
0.4267765283584594
0.3642765879631042
0.36427643895149225
0.46338823437690724
0.49999982118606556
0.4267766177654265
0.49999988079071034
0.4267765879631042
0.49999979138374323
0.05491744726896285
0.23169410228729245
0.4267765879631042
0.37499978765845293
0.3642765283584594
0.18749985098838803
0.4267765879631042
0.24999986588954923
0.21338823437690732
0.42677640914916987
0.4999999403953551
0.49999982118606556
0.3642765283584594
0.249999925494194
0.21338815901067162
0.4267766065895557
0.249999850988388
0.21338827908039087
0.2133882492780685
0.42677632905542845
0.49999982118606556
0.4999996721744537
0.4999999403953551
0.2133882641792297
0.249999925494194
0.4267766177654265
0.4999997615814208
0.1433057901449501
0.49999988079071034
0.49999964237213124
0.499999701976776
0.499999850988388
0.4999999105930328
0.23169411718845362
0.18213821575045583
0.3642764309337698
0.426776498556137
0.8535530567169187
0.2133882641792297
0.49999962860525393
0.7499997392296789
0.49999988079071034
0.18749997019767758
0.499999701976776
0.42677635792642826
0.4999999403953551
0.49999982118606556
0.395526498556137
0.39552646875381464
0.4999999105930328
0.49999982118606556
0.4999999105930328
0.49999982118606556
0.36427647620439524
0.49999982118606556
0.49999982118606556
0.42677640914916987
0.42677640914916987
0.49999982118606556
0.42677650600671757
0.499999701976776
0.18213814496994013
0.426776498556137
0.46338799595832814
0.036611642688512795
0.21338827908039087
0.10669410973787305
0.4267762899398803
0.2499998807907104
0.2866115625947714
0.21338814496994016
0.3642765283584594
0.249999925494194
0.4999999403953551
0.010723299346864222
0.42677631974220265
0.49999988079071034
0.49999988079071034
0.24999991059303278
0.426776498556137
0.2499998807907104
0.4267763881840584
0.2499998807907104
0.0366116389632225
0.4267765283584594
0.49999988079071034
0.49999973177909846
0.499999850988388
0.249999925494194
0.3642766177654266
0.3642765283584594
0.426776498556137
0.49999988079071034
0.46338821481913317
0.37499983127082437
0.49999973177909846
0.21338826818028386
0.4999997615814208
0.49999979138374323
0.49999982118606556
0.49999955296516413
0.0
0.4267766177654265
0.07322327047586441
0.4267764389514922
0.49999982118606556
0.4267764389514922
0.426776498556137
0.49999982118606556
0.3749998807907104
0.4267766773700713
0.3642766177654266
0.49999982118606556
0.0
0.49999979138374323
0.42677640914916987
0.374999850988388
0.49999964237213124
0.42677646875381464
0.499999701976776
0.4267765283584594
0.36427643895149225
0.0
0.7133880890905856
0.036611642688512795
0.4267766177654265
0.4999999105930328
0.3642765581607818
0.499999850988388
0.49999982118606556
0.07322324067354201
0.499999850988388
0.42677631974220265
0.187499925494194
0.499999850988388
0.499999850988388
0.42677655816078175
0.4999996721744537
0.7499995678663252
0.49999982118606556
0.499999701976776
0.499999850988388
0.49999982118606556
0.6401645690202712
0.49999979138374323
0.0732232704758644
0.49999982118606556
0.4999999403953551
0.4267765879631042
0.32008242607116694
0.4999999403953551
0.499999850988388
0.499999850988388
0.49999979138374323
0.3642765879631042
0.4267765283584594
0.49999982118606556
0.4267765879631042
0.24999991059303278
0.49999988079071034
0.426776498556137
0.4999999403953551
0.49999973177909846
0.49999982118606556
0.499999850988388
0.37499979138374323
0.49999979138374323
0.3642764687538146
0.49999982118606556
0.4999999403953551
0.499999850988388
0.6401645392179488
0.4999999105930328
0.6401646509766578
0.426776498556137
0.49999988079071034
0.49999988079071034
0.49999982118606556
0.4999999105930328
0.4999999105930328
0.42677660117554017
0.42677655816078175
0.42677646875381464
0.249999925494194
0.053347063250839696
0.499999850988388
0.49999988079071034
0.42677655816078175
0.4999999403953551
0.0
0.42677655816078175
0.42677655816078175
0.4999997615814208
0.21338823437690732
0.21338829803307566
0.49999988079071034
0.49999988079071034
0.42677655816078175
0.4999999403953551
0.4999996721744537
0.1249999292194843
0.4267765283584594
0.4267765283584594
0.74999962747097
0.49999988079071034
0.42677655816078175
0.4999999105930328
0.499999850988388
0.426776498556137
0.36427643895149225
0.4267766177654265
0.49999984353780735
0.0732232704758644
0.4267764389514922
0.4267766177654265
0.36427643895149225
0.2499999552965164
0.49999988079071034
0.49999979138374323
0.24999982118606562
0.3642765581607818
0.21338820457458493
0.39552661497145886
0.49999982118606556
0.49999982118606556
0.1249999403953552
0.4999999403953551
0.4999999105930328
0.499999850988388
2.9802322427182645e-08
0.4267765879631042
0.499999850988388
0.499999850988388
0.426776498556137
0.499999850988388
0.499999850988388
0.4999997615814208
0.4999999105930328
0.4267763942480087
0.073223277926445
0.42677646875381464
0.4267765283584594
0.499999850988388
0.7499996498227118
0.499999701976776
0.49999988079071034
0.249999850988388
0.42677646875381464
0.49999982118606556
0.0
0.42677635326981533
0.3749998211860656
0.499999701976776
0.07322327792644498
0.4267765879631042
0.4999999105930328
0.49999965167271115
0.49999988079071034
0.42677646875381464
0.7285531535744666
0.499999701976776
0.1874999441206455
0.499999850988388
0.8535531461238861
0.49999982118606556
0.49999979138374323
0.499999701976776
0.3642765879631042
0.49999979138374323
0.3642765581607818
0.4999997615814208
0.499999850988388
0.3642764687538146
0.249999925494194
0.499999850988388
0.49999988079071034
0.3749998211860656
0.4999999105930328
0.49999979138374323
0.49999988079071034
0.49999973177909846
0.499999850988388
0.499999850988388
0.7499995306134223
0.49999979138374323
0.0
0.4999997615814208
0.249999850988388
0.24999991059303278
0.499999850988388
0.4267766177654265
0.1249999292194843
0.24999989569187162
0.42677646875381464
0.49999988079071034
0.49999988079071034
0.0
0.4267765879631042
0.4633882641792297
0.499999701976776
0.2133882939815521
0.5334704220294952
0.49999979138374323
0.49999982118606556
0.2499998807907104
0.426776498556137
0.07322331890463828
0.49999979138374323
0.4999997615814208
0.36427664756774897
0.49999979138374323
0.499999850988388
0.499999850988388
0.49999979138374323
0.49999982118606556
0.4999999105930328
0.2133881896734237
0.42677655816078175
0.499999701976776
0.499999701976776
