33
66
88
119
144
169
195
227
261
289
315
339
369
400
435
463
492
518
538
563
591
618
643
668
699
724
749
781
805
847
874
895
918
945
972
1006
1039
1063
1091
1117
1147
1175
1198
1234
1266
1296
1330
1364
1384
1411
1444
1471
1497
1518
1547
1576
1602
1633
1655
1687
1717
1748
1775
1805
1837
1867
1899
1923
1953
1993
2024
2053
2081
2111
2132
2158
2197
2222
2251
2280
2309
2331
2363
2392
2416
2441
2479
2512
2539
2565
2591
2625
2654
2684
2715
2747
2774
2799
2821
2854
2886
2912
2936
2963
2997
3024
3055
3087
3109
3135
3165
3191
3218
3242
3266
3295
3325
3354
3387
3414
3446
3476
3508
3537
3566
3594
3619
3654
3677
3708
3738
3775
3799
3823
3852
3882
3911
3945
3969
3997
4027
4057
4083
4106
4140
4169
4197
4224
4248
4278
4303
4331
4359
4391
4416
4444
4469
4492
4524
4549
4581
4613
4639
4672
4700
4733
4756
4785
4805
4831
4857
4895
4920
4949
4970
4993
5030
5055
5087
5105
5135
5163
5187
5219
5242
5265
5293
5321
5351
5376
5400
5439
5469
5497
5532
5561
5595
5618
5643
5670
5707
5731
5757
5783
5813
5840
5866
5894
5926
5955
5979
6005
6035
6057
6089
6125
6160
6194
6227
6262
6294
6325
6354
6378
6409
6438
6460
6487
6513
6548
6572
6609
6641
6668
6696
6725
6747
6775
6799
6832
6862
6885
6911
6946
6963
6994
7020
7048
7073
7104
7133
7161
7189
7218
7243
7265
7295
7324
7356
7387
7420
7447
7477
7508
7539
7576
7602
7629
7651
7680
7709
7744
7773
7806
7837
7865
7898
7935
7964
8000
8033
8063
8093
8119
8143
8170
8194
8223
8246
8273
8300
8328
8361
8393
8424
8458
8482
8513
8540
8561
8583
8610
8644
8674
8706
8734
8759
8785
8811
8833
8857
8886
8914
8949
8981
9009
9037
9072
9099
9125
9147
9176
9206
9232
9262
9291
9319
9340
9367
9395
9426
9452
9478
9509
9536
9561
9589
9612
9640
9660
9685
9710
9740
9771
9798
9819
9839
9870
9898
9928
9957
9983
10006
10033
10064
10090
10118
10145
10182
10212
10236
10273
10302
10334
10363
10390
10418
10445
10477
10506
10534
10566
10593
10624
10650
10685
10718
10741
10765
10788
10818
10844
10868
10894
10923
10955
10980
11015
11047
11079
11108
11139
11170
11193
11225
11250
11275
11306
11335
11362
11388
11421
11451
11484
11508
11534
11564
11595
11621
11644
11674
11709
11737
11763
11791
11817
11842
11870
11898
11926
11953
11982
12010
12041
12073
12101
12132
12167
12196
12225
12259
12287
12311
12345
12372
12399
12426
12457
12485
12511
12542
12574
12601
12630
12654
12691
12720
12746
12779
12809
12839
12864
12885
12917
12946
12968
12996
13018
13042
13075
13104
13133
13165
13189
13219
13243
13263
13292
13328
13358
13387
13419
13452
13483
13514
13551
13580
13609
13638
13666
13696
13729
13757
13785
13815
13841
13870
13897
13930
13958
13991
14015
14041
14068
14092
14124
14158
14191
14215
14242
14268
14295
14320
14350
14378
14404
14430
14463
14494
14521
14550
14576
14604
14633
14659
14690
14719
14742
14766
14796
14825
14853
14881
14913
14947
14975
14998
15028
15060
15088
15115
15141
15170
15196
15222
15247
15276
15303
15326
15354
15379
15410
15441
15468
15495
15516
15538
15555
15588
15613
15638
15668
15694
15727
15757
15786
15810
15834
15864
15889
15920
15944
15976
16000
16031
16061
16089
16115
16143
16167
16188
16216
16247
16272
16301
16331
16364
16389
16415
16446
16474
16503
16532
16553
16583
16608
16628
16654
16680
16701
16734
16759
16788
16812
16833
16861
16887
16910
16941
16965
16996
17028
17065
17102
17132
17161
17196
17222
17253
17286
17322
17352
17376
17400
17428
17458
17487
17518
17550
17579
17605
17632
17662
17691
17711
17750
17782
17812
17846
17881
17911
17936
17964
17993
18026
18054
18082
18111
18137
18161
18190
18223
18256
18284
18310
18331
18360
18387
18424
18454
18477
18504
18529
18564
18597
18626
18654
18680
18713
18747
18770
18791
18826
18855
18886
18905
18939
18958
18989
19013
19047
19083
19111
19145
19177
19200
19225
19256
19282
19313
19333
19357
19382
19410
19446
19473
19503
19540
19568
19587
19617
19642
19670
19696
19722
19755
19781
19803
19827
19858
19878
19910
19943
19976
20010
20041
20071
20098
20130
20154
20186
20216
20237
20259
20292
20326
20352
20380
20405
20440
20470
20501
20532
20562
20586
20612
20644
20674
20707
20737
20765
20798
20833
20854
20882
20910
20934
20961
20984
21017
21044
21067
21087
21113
21139
21174
21203
21232
21254
21279
21304
21331
21358
21394
21426
21453
21487
21520
21546
21569
21598
21621
21649
21674
21701
21730
21760
21794
21823
21849
21881
21906
21930
21962
21989
22011
22041
22072
22102
22138
22166
22190
22219
22249
22276
22308
22335
22357
22382
22406
22429
22449
22474
22498
22525
22559
22584
22611
22637
22668
22698
22732
22759
22781
22813
22836
22863
22892
22918
22941
22967
22999
23030
23054
23078
23109
23136
23167
23190
23215
23247
23271
23300
23322
23346
23377
23407
23436
23466
23494
23524
23555
23589
23618
23650
23677
23710
23741
23770
23809
23836
23871
23907
23930
23955
23982
24017
24049
24081
24109
24136
24167
24192
24224
24252
24284
24317
24355
24389
24417
24437
24460
24487
24515
24543
24567
24585
24617
24648
24678
24703
24726
24754
24782
24815
24837
24875
24900
24931
24964
24997
25029
25053
25081
25108
25131
25160
25188
25212
25241
25268
25296
25331
25354
25386
25408
25437
25461
25491
25515
25539
25570
25595
25626
25651
25677
25702
25733
25762
25798
25826
25855
25880
25900
25918
25946
25977
26009
26038
26069
26096
26120
26150
26173
26196
26227
26264
26291
26320
26350
26387
26419
26446
26484
26515
26552
26576
26611
26640
26669
26702
26732
26762
26794
26822
26851
26870
26899
26931
26954
26977
27007
27032
27067
27093
27125
27154
27180
27207
27234
27269
27297
27327
27355
27388
27415
27452
27480
27510
27536
27572
27597
27627
27654
27681
27704
27734
27763
27783
27804
27835
27863
27894
27919
27942
27974
28005
28034
28062
28092
28121
28155
28179
28215
28244
28276
28311
28337
28370
28397
28425
28447
28473
28500
28526
28552
28586
28617
28650
28679
28705
28730
28753
28777
28808
28834
28864
28895
28921
28954
28981
29005
29034
29061
29091
29119
29152
29181
29206
29234
29261
29287
29314
29338
29368
29398
29421
29450
29482
29501
29533
29566
29590
29620
29648
29676
29701
29725
29749
29775
29802
29831
29861
29892
29920
29948
29980
30009
30037
30066
30095
30117
30142
30163
30192
30217
30247
30276
30304
30333
30357
30384
30412
30441
30470
30496
30523
30548
30577
30612
30636
30669
30705
30728
30752
30781
30808
30841
30867
30892
30925
30952
30985
31013
31036
31062
31092
31123
31151
31183
31221
31253
31284
31310
31341
31365
31401
31429
31453
31478
31500
31520
31547
31568
31597
31622
31647
31676
31706
31739
31769
31800
31825
31859
31885
31907
31937
31959
31988
32015
32046
32080
32106
32129
32154
32175
32201
32230
32260
32285
32309
32338
32364
32396
32425
32456
32475
32499
32524
32547
32576
32600
32634
32661
32689
32719
32743
32771
32796
32826
32852
32883
32913
32940
32971
33006
33036
33065
33090
33121
33148
33175
33197
33231
33255
33280
33304
33333
33358
33385
33413
33440
33462
33487
33512
33541
33573
33608
33635
33664
33689
33724
33754
33778
33814
33839
33870
33901
33928
33957
33978
34007
34037
34066
34087
34119
34139
34165
34189
34208
34238
34269
34297
34328
34363
34391
34415
34440
34467
34495
34525
34549
34584
34612
34637
34665
34684
34713
34739
34773
34799
34822
34849
34878
34910
34944
34972
34996
35024
35051
35079
35107
35127
35161
35189
35220
35253
35282
35304
35328
35358
35387
35410
35435
35462
35488
35520
35545
35570
35590
35613
35642
35670
35698
35724
35748
35778
35814
35841
35870
35901
35925
35961
35986
36016
36049
36073
36093
36117
36145
36172
36196
36221
36251
36277
36307
36344
36375
36397
36424
36448
36477
36507
36533
36550
36573
36603
36625
36650
36675
36700
36726
36751
36778
36797
36822
36845
36869
36895
36915
36952
36978
37006
37026
37050
37077
37103
37126
37161
37182
37210
37246
37276
37295
37321
37351
37383
37412
37449
37482
37515
37541
37562
37589
37610
37643
37671
37702
37725
37761
37795
37819
37847
37870
37898
37924
37946
37976
38006
38033
38060
38089
38122
38148
38171
38208
38237
38263
38287
38321
38345
38370
38401
38437
38466
38492
38520
38552
38574
38603
38628
38651
38679
38704
38739
38763
38797
38824
38844
38872
38895
38923
38946
38974
39006
39039
39068
39090
39119
39147
39170
39194
39215
39244
39266
39287
39312
39338
39369
39396
39423
39447
39479
39513
39546
39571
39597
39625
39658
39686
39717
39744
39778
39809
39836
39865
39894
39924
39955
39983
40010
40035
40064
40093
40118
40142
40169
40191
40220
40251
40279
40308
40336
40364
40390
40417
40444
40474
40503
40526
40556
40585
40615
40642
40667
40698
40722
40750
40778
40812
40833
40859
40884
40913
40942
40970
40992
41021
41046
41078
41102
41121
41142
41167
41187
41213
41240
41271
41296
41327
41356
41387
41408
41434
41455
41487
41510
41548
41576
41604
41626
41650
41672
41694
41716
41742
41764
41787
41814
41842
41864
41886
41905
41929
41963
41992
42015
42040
42061
42086
42117
42144
42170
42197
42219
42240
42264
42293
42315
42334
42361
42390
42416
42441
42462
42493
42515
42542
42570
42593
42622
42648
42674
42702
42730
42755
42779
42804
42828
42856
42877
42905
42938
42969
42997
43020
43051
43079
43105
43132
43163
43193
43219
43247
43274
43294
43314
43342
43365
43390
43414
43436
43460
43488
43520
43545
43569
43595
43624
43650
43675
43701
43728
43755
43778
43808
43828
43855
43877
43903
43929
43955
43979
44011
44042
44063
44088
44114
44141
44168
44197
44235
44265
44298
44323
44353
44385
44416
44439
44465
44490
44512
44535
44558
44587
44614
44639
44667
44689
44715
44736
44757
44788
44816
44844
44871
44896
44919
44941
44964
44987
45011
45042
45069
45097
45127
45158
45181
45203
45223
45249
45275
45303
45329
45354
45380
45404
45432
45460
45482
45513
45544
45568
45597
45627
45657
45685
45711
45740
45772
45808
45835
45858
45891
45922
45951
45976
46005
46036
46062
46093
46121
46147
46168
46194
46216
46238
46263
46290
46320
46347
46376
46396
46418
46441
46470
46496
46521
46556
46582
46610
46633
46652
46679
46705
46730
46752
46775
46801
46828
46853
46875
46891
46918
46944
46969
46992
47019
47046
47083
47107
47129
47152
47176
47199
47226
47252
47275
47307
47330
47356
47386
47410
47433
47456
47481
47506
47533
47557
47588
47623
47646
47674
47700
47719
47746
47773
47797
47825
47848
47881
47909
47933
47966
48000
48020
48042
48074
48103
48123
48143
48166
48189
48216
48239
48263
48290
48313
48342
48366
48387
48414
48437
48460
48487
48515
48541
48568
48592
48617
48640
48668
48698
48718
48748
48772
48798
48821
48849
48872
48893
48920
48951
48978
49000
49029
49049
49077
49113
49137
49166
49192
49219
49245
49269
49301
49323
49354
49372
49391
49416
49443
49466
49489
49513
49533
49558
49582
49608
49633
49660
49691
49717
49739
49759
49784
49811
49832
49856
49888
49907
49934
49960
49987
50011
50039
50066
50096
50121
50154
50183
50203
50224
50257
50272
50302
50326
50355
50376
50396
50416
50438
50463
50485
50502
50533
50564
50584
50609
50639
50665
50693
50725
50752
50778
50800
50821
50849
50878
50906
50930
50954
50980
51011
51039
51063
51085
51112
51138
51159
51187
51209
51232
51256
51279
51302
51322
51346
51368
51393
51415
51441
51467
51488
51509
51533
51562
51591
51614
51640
51668
51694
51719
51745
51768
51799
51827
51860
51876
51902
51928
51952
51974
52000
52020
52046
52068
52094
52115
52141
52164
52183
52211
52237
52259
52280
52308
52329
52358
52381
52408
52434
52466
52485
52511
52533
52560
52585
52611
52640
52675
52704
52729
52759
52782
52806
52837
52861
52888
52920
52948
52971
52991
53015
53039
53064
53085
53115
53137
53157
53184
53204
53229
53259
53286
53308
53333
53359
53377
53408
53435
53457
53484
53507
53530
53557
53584
53608
53637
53663
53684
53709
53746
53772
53799
53825
53853
53878
53904
53930
53955
53975
54001
54019
54040
54062
54086
54114
54135
54162
54187
54214
54241
54269
54288
54318
54346
54380
54401
54428
54452
54473
54495
54513
54538
54567
54592
54617
54644
54668
54699
54723
54741
54765
54789
54813
54840
54870
54898
54925
54945
54968
54995
55014
55037
55064
55092
55117
55141
55165
55188
55210
55234
55260
55285
55313
55334
55356
55388
55414
55438
55461
55487
55507
55534
55559
55583
55614
55635
55661
55682
55709
55733
55758
55778
55808
55831
55850
55873
55895
55917
55943
55972
56000
56022
56048
56071
56105
56133
56160
56181
56205
56228
56261
56283
56311
56336
56362
56378
56408
56430
56451
56472
56494
56524
56548
56573
56597
56627
56652
56676
56697
56723
56755
56778
56802
56827
56847
56872
56899
56926
56953
56981
57005
57030
57052
57075
57099
57123
57150
57178
57205
57228
57251
57278
57304
57325
57348
57371
57400
57420
57440
57457
57480
57500
57519
57547
57568
57593
57621
57642
57663
57689
57709
57738
57768
57796
57819
57840
57867
57892
57910
57941
57963
57985
58011
58033
58052
58078
58103
58131
58155
58179
58206
58231
58259
58276
58302
58328
58353
58382
58408
58434
58464
58490
58513
58537
58570
58596
58611
58639
58665
58696
58720
58742
58767
58797
58822
58846
58867
58900
58921
58951
58970
58995
59020
59045
59064
59087
59113
59139
59166
59195
59225
59246
59270
59304
59333
59364
59393
59417
59438
59463
59483
59511
59535
59561
59590
59606
59632
59649
59677
59700
59727
59749
59772
59800
59830
59851
59874
59895
59929
59954
59978
60009
60030
60058
60082
60109
60138
60161
60182
60205
60233
60259
60283
60310
60338
60357
60379
60403
60426
60449
60473
60495
60520
60541
60571
60597
60634
60662
60683
60716
60742
60769
60791
60820
60842
60865
60885
60914
60933
60954
60982
61007
61031
61060
61089
61115
61137
61159
61187
61217
61250
61279
61308
61335
61361
61383
61405
61433
61450
61484
61509
61530
61553
61580
61603
61635
61653
61684
61706
61732
61754
61776
61798
61827
61852
61878
61902
61928
61954
61980
62001
62024
62048
62072
62094
62115
62141
62169
62196
62219
62243
62262
62281
62304
62328
62351
62371
62395
62421
62446
62467
62492
62520
62543
62565
62586
62606
62630
62649
62677
62700
62721
62749
62773
62793
62812
62840
62865
62890
62910
62931
62957
62985
63008
63027
63055
63084
63106
63132
63154
63177
63204
63227
63249
63273
63298
63321
63341
63365
63391
63415
63438
63462
63488
63514
63536
63562
63578
63604
63631
63654
63678
63700
63725
63747
63773
63795
63823
63841
63864
63887
63911
63938
63958
63980
64009
64030
64055
64078
64101
64124
64147
64174
64196
64230
64259
64284
64310
64334
64360
64382
64405
64431
64452
64481
64507
64530
64554
64575
64607
64635
64656
64672
64697
64723
64750
64775
64800
64830
64857
64883
64907
64940
64957
64981
65007
65030
65054
65074
65098
65123
65148
65172
65196
65225
65247
65270
65300
65323
65351
65372
65397
65421
65447
65469
65496
65519
65543
65570
65592
65621
65646
65671
65692
65715
65733
65754
65778
65799
65820
65842
65867
65889
65912
65932
65957
65978
66000
66023
66050
66072
66098
66124
66145
66168
66193
66213
66238
66260
66287
66313
66338
66362
66387
66413
66438
66467
66491
66515
66540
66569
66591
66609
66628
66646
66670
66691
66717
66742
66772
66796
66819
66840
66863
66886
66910
66927
66949
66969
66989
67012
67031
67057
67085
67107
67136
67156
67183
67203
67228
67254
67276
67298
67323
67347
67366
67388
67408
67431
67458
67479
67502
67532
67553
67578
67600
67620
67645
67664
67686
67710
67727
67755
67783
67802
67825
67850
67871
67898
67921
67943
67967
67990
68014
68038
68059
68080
68104
68127
68152
68177
68199
68224
68248
68267
68289
68309
68333
68361
68385
68406
68433
68455
68481
68502
68525
68552
68575
68596
68619
68642
68669
68692
68713
68740
68763
68784
68809
68834
68853
68878
68902
68919
68942
68963
68985
69003
69026
69054
69077
69096
69121
69140
69164
69187
69212
69233
69255
69278
69303
69327
69346
69370
69392
69413
69436
69460
69481
69502
69524
69545
69566
69588
69613
69641
69669
69694
69717
69746
69770
69800
69822
69847
69871
69901
69918
69939
69966
69998
70019
70042
70064
70089
70117
70137
70158
70181
70210
70235
70263
70281
70303
70321
70346
70368
70387
70412
70436
70458
70480
70506
70525
70549
70573
70600
70623
70647
70668
70689
70706
70732
70751
70772
70795
70819
70839
70862
70881
70908
70930
70954
70980
71009
71029
71054
71080
71104
71128
71155
71181
71205
71229
71247
71273
71299
71324
71347
71367
71390
71410
71433
71455
71482
71505
71535
71560
71582
71608
71635
71657
71680
71704
71726
71747
71769
71793
71817
71840
71865
71889
71913
71940
71961
71980
72005
72027
72048
72071
72093
72121
72144
72165
72189
72208
72237
72264
72283
72303
72323
72345
72368
72393
72414
72439
72466
72489
72513
72540
72561
72585
72613
72644
72674
72699
72722
72750
72781
72806
72831
72857
72878
72900
72926
72949
72972
73000
73023
73047
73067
73087
73113
73134
73155
73177
73207
73230
73254
73275
73301
73327
73350
73377
73401
73428
73449
73472
73495
73520
73539
73565
73590
73611
73629
73652
73673
73700
73724
73748
73770
73793
73819
73848
73870
73893
73916
73936
73963
73987
74010
74032
74059
74083
74099
74119
74146
74169
74193
74217
74241
74260
74282
74307
74325
74346
74365
74384
74401
74423
74446
74473
74495
74519
74544
74570
74597
74618
74641
74667
74689
74711
74730
74754
74777
74797
74827
74852
74878
74902
74922
74944
74966
74984
75005
75028
75050
75080
75099
75122
75149
75172
75193
75215
75240
75261
75283
75307
75335
75363
75387
75413
75432
75454
75474
75495
75516
75539
75557
75577
75599
75628
75653
75677
75699
75725
75746
75766
75791
75817
75844
75866
75889
75906
75927
75951
75976
75997
76022
76046
76069
76091
76113
76139
76162
76184
76207
76227
76251
76276
76297
76321
76350
76375
76396
76415
76440
76464
76494
76518
76546
76572
76595
76618
76648
76673
76699
76720
76743
76769
76793
76822
76842
76867
76890
76910
76934
76958
76985
77011
77031
77051
77074
77103
77130
77149
77170
77193
77220
77246
77266
77289
77312
77339
77361
77387
77414
77438
77465
77488
77511
77532
77553
77576
77600
77626
77651
77674
77701
77726
77754
77782
77807
77832
77861
77882
77907
77932
77963
77981
78002
78027
78048
78068
78093
78116
78137
78158
78182
78202
78230
78260
78284
78305
78331
78356
78382
78404
78426
78449
78466
78490
78518
78538
78564
78588
78612
78631
78658
78680
78701
78724
78747
78767
78788
78810
78839
78863
78887
78910
78928
78951
78972
78994
79017
79045
79066
79090
79112
79136
79166
79188
79212
79231
79256
79287
79310
79339
79367
79387
79408
79428
79444
79469
79494
79518
79537
79559
79581
79604
79630
79656
79678
79701
79726
79745
79766
79784
79806
79830
79856
79887
79906
79929
79952
79974
79999
80021
80050
80078
80109
80134
80157
80176
80195
80214
80237
80258
80281
80301
80321
80345
80367
80384
80404
80433
80457
80479
80503
80524
80549
80573
80598
80619
80639
80663
80688
80713
80743
80764
80785
80809
80832
80851
80874
80894
80920
80943
80965
80989
81015
81039
81065
81089
81113
81133
81157
81182
81202
81231
81252
81277
81299
81323
81346
81369
81394
81416
81438
81461
81487
81514
81541
81564
81586
81606
81631
81657
81675
81695
81716
81743
81763
81783
81803
81828
81847
81876
81899
81916
81936
81960
81983
82007
82031
82050
82073
82096
82119
82144
82170
82198
82225
82250
82271
82295
82324
82342
82362
82387
82408
82433
82460
82488
82517
82538
82559
82583
82600
82621
82643
82666
82696
82724
82747
82771
82790
82815
82842
82875
82904
82926
82952
82975
82995
83020
83042
83061
83086
83108
83133
83155
83179
83201
83231
83255
83283
83304
83327
83347
83367
83389
83414
83444
83470
83492
83522
83546
83573
83600
83628
83648
83670
83692
83719
83740
83766
83786
83810
83834
83854
83881
83914
83938
83964
83987
84011
84036
84057
84080
84101
84127
84150
84172
84195
84218
84241
84271
84293
84325
84345
84370
84393
84416
84441
84469
84499
84520
84544
84566
84594
84616
84639
84665
84686
84706
84734
84758
84785
84809
84835
84856
84877
84895
84921
84941
84970
84995
85026
85050
85068
85090
85113
85136
85162
85194
85219
85245
85264
85287
85312
85332
85359
85383
85412
85435
85455
85477
85499
85520
85541
85567
85593
85617
85640
85662
85681
85706
85732
85753
85776
85801
85824
85848
85878
85898
85923
85951
85975
85995
86017
86049
86071
86093
86116
86140
86162
86186
86210
86228
86258
86279
86304
86324
86351
86374
86396
86419
86441
86467
86489
86511
86529
86548
86579
86603
86626
86644
86666
86693
86714
86743
86772
86789
86808
86828
86848
86872
86895
86918
86942
86967
86990
87012
87031
87055
87080
87105
87123
87147
87174
87199
87224
87245
87269
87296
87320
87348
87376
87395
87417
87441
87470
87492
87510
87532
87560
87583
87606
87626
87650
87671
87696
87721
87742
87767
87793
87813
87842
87869
87891
87915
87934
87965
87993
88016
88038
88061
88081
88105
88129
88152
88178
88207
88229
88257
88280
88306
88330
88350
88372
88399
88423
88444
88467
88486
88509
88530
88556
88580
88598
88624
88645
88665
88688
88713
88739
88758
88779
88799
88822
88847
88869
88894
88919
88942
88961
88981
89007
89029
89058
89080
89102
89125
89152
89180
89211
89233
89260
89281
89308
89330
89352
89374
89398
89426
89448
89472
89505
89530
89555
89575
89602
89623
89644
89673
89699
89726
89752
89779
89812
89836
89859
89884
89907
89929
89951
89974
89994
90014
90038
90060
90093
90123
90142
90166
90187
90215
90238
90262
90284
90304
90325
90350
90373
90399
90424
90446
90467
90488
90514
90537
90557
90585
90606
90626
90648
90672
90694
90714
90737
90763
90788
90811
90833
90857
90882
90908
90932
90954
90973
90991
91011
91034
91057
91076
91100
91127
91147
91176
91195
91220
91240
91267
91290
91317
91341
91362
91387
91408
91435
91456
91480
91503
91520
91540
91570
91588
91611
91636
91661
91689
91718
91743
91765
91788
91807
91833
91858
91884
91904
91925
91949
91975
92007
92029
92052
92079
92106
92127
92145
92172
92191
92214
92235
92257
92274
92302
92326
92351
92373
92395
92424
92442
92463
92489
92515
92543
92568
92591
92612
92629
92651
92676
92698
92718
92735
92762
92782
92804
92829
92860
92879
92908
92936
92956
92980
93006
93031
93057
93079
93099
93122
93147
93169
93188
93206
93230
93257
93278
93302
93320
93344
93368
93393
93414
93439
93462
93481
93510
93536
93558
93579
93601
93620
93638
93660
93685
93705
93727
93747
93775
93800
93822
93851
93876
93894
93913
93939
93962
93980
94003
94022
94045
94072
94100
94123
94152
94175
94200
94224
94250
94274
94294
94314
94334
94354
94374
94400
94426
94453
94478
94501
94525
94545
94576
94604
94631
94653
94678
94703
94727
94755
94779
94808
94833
94859
94879
94902
94927
94946
94968
94989
95018
95045
95070
95095
95115
95141
95162
95187
95208
95228
95255
95278
95303
95332
95355
95380
95400
95423
95451
95478
95504
95526
95554
95576
95600
95624
95647
95667
95689
95710
95729
95758
95777
95797
95819
95845
95872
95895
95919
95940
95962
95985
96013
96040
96063
96088
96110
96132
96152
96176
96193
96223
96249
96274
96300
96325
96350
96376
96398
96419
96444
96470
96498
96523
96548
96575
96596
96625
96649
96676
96701
96729
96754
96783
96806
96829
96853
96873
96905
96930
96955
96982
97002
97029
97057
97082
97109
97128
97146
97172
97195
97216
97239
97262
97286
97304
97322
97347
97369
97388
97410
97435
97459
97490
97513
97538
97561
97584
97607
97634
97657
97684
97709
97735
97758
97782
97806
97833
97855
97873
97896
97921
97946
97971
97995
98022
98051
98080
98103
98126
98150
98175
98196
98218
98246
98264
98289
98310
98332
98358
98388
98408
98432
98452
98478
98504
98528
98549
98573
98591
98620
98641
98663
98688
98709
98739
98761
98786
98812
98844
98874
98899
98925
98954
98976
98998
99027
99057
99078
99106
99131
99154
99181
99202
99221
99249
99268
99298
99320
99338
99361
99382
99404
99424
99451
99472
99493
99520
99548
99571
99600
99627
99649
99669
99700
99719
99740
99766
99792
99821
99841
99869
99893
99913
99933
99957
99975
100001
100018
100043
100072
100100
100123
100140
100161
100192
100215
100234
100261
100285
100314
100338
100358
100383
100414
100448
100476
100505
100528
100555
100584
100612
100635
100659
100689
100710
100731
100760
100776
100803
100831
100859
100881
100908
100932
100956
100977
101001
101026
101053
101075
101097
101113
101139
101163
101187
101221
101248
101270
101297
101328
101352
101374
101408
101432
101454
101473
101501
101522
101545
101563
101583
101615
101634
101657
101684
101704
101723
101748
101772
101794
101816
101836
101860
101884
101915
101944
101967
101993
102015
102040
102066
102090
102118
102142
102162
102186
102212
102234
102256
102278
102303
102322
102345
102371
102395
102417
102448
102474
102501
102527
102554
102584
102604
102636
102663
102694
102721
102751
102777
102800
102822
102852
102876
102909
102934
102953
102977
103007
103035
103066
103100
103123
103150
103175
103199
103228
103254
103280
103306
103332
103357
103382
103409
103440
103471
103499
103516
103546
103576
103601
103628
103660
103686
103712
103742
103765
103787
103814
103833
103863
103881
103910
103938
103965
103986
104006
104027
104055
104083
104106
104133
104155
104184
104211
104235
104261
104287
104316
104338
104363
104390
104413
104440
104462
104481
104512
104540
104564
104583
104613
104638
104662
104685
104712
104740
104760
104783
104801
104830
104856
104885
104908
104933
104955
104977
105003
105025
105057
105080
105107
105137
105161
105182
105211
105237
105260
105286
105312
105340
105369
105394
105414
105445
105470
105496
105519
105544
105569
105591
105617
105639
105662
105687
105710
105742
105765
105790
105819
105845
105868
105890
105919
105944
105975
106002
106020
106046
106074
106102
106133
106161
106183
106213
106242
106270
106298
106321
106348
106371
106391
106418
106447
106472
106499
106527
106550
106580
106613
106639
106664
106692
106725
106749
106772
106798
106823
106846
106869
106889
106919
106947
106968
106996
107023
107054
107084
107112
107136
107166
107193
107222
107245
107271
107303
107331
107362
107390
107416
107440
107471
107499
107526
107550
107572
107592
107615
107643
107672
107700
107730
107761
107788
107813
107841
107869
107894
107919
107944
107976
108003
108029
108053
108075
108103
108132
108153
108174
108198
108228
108256
108282
108304
108336
108362
108387
108410
108430
108459
108484
108510
108534
108558
108582
108605
108634
108662
108689
108714
108737
108759
108790
108817
108836
108861
108885
108909
108936
108953
108982
109000
109030
109053
109078
109102
109130
109155
109183
109210
109242
109271
109300
109322
109349
109379
109417
109451
109477
109507
109530
109558
109581
109605
109633
109665
109686
109716
109742
109770
109797
109824
109852
109878
109905
109930
109952
109976
109998
110025
110051
110076
110105
110133
110152
110175
110198
110222
110250
110274
110309
110327
110351
110379
110401
110428
110458
110488
110522
110549
110577
110606
110632
110660
110690
110725
110748
110774
110797
110817
110841
110863
110883
110901
110923
110950
110983
111008
111034
111059
111088
111115
111143
111170
111196
111220
111244
111271
111294
111320
111351
111385
111403
111421
111445
111473
111498
111521
111544
111571
111600
111629
111655
111682
111702
111735
111759
111789
111825
111855
111875
111901
111925
111948
111977
111997
112025
112054
112086
112109
112136
112162
112187
112224
112249
112275
112297
112326
112353
112376
112403
112434
112462
112483
112505
112529
112562
112586
112611
112641
112663
112691
112713
112738
112766
112799
112826
112844
112867
112888
112914
112945
112973
112995
113026
113049
113071
113102
113125
113152
113179
113202
113227
113254
113285
113308
113337
113357
113390
113423
113445
113468
113493
113516
113539
113568
113599
113627
113656
113677
113700
113723
113747
113775
113799
113824
113848
113880
113907
113936
113960
113983
114018
114041
114071
114093
114115
114141
114170
114202
114224
114247
114270
114293
114323
114348
114377
114405
114432
114453
114481
114506
114533
114561
114587
114618
114637
114659
114681
114717
114738
114764
114787
114822
114851
114880
114908
114932
114957
114985
115018
115046
115075
115102
115129
115160
115190
115210
115240
115263
115286
115311
115336
115362
115389
115418
115444
115474
115498
115524
115547
115574
115601
115628
115655
115682
115706
115733
115757
115783
115808
115836
115859
115883
115909
115943
115969
115992
116018
116041
116071
116104
116132
116157
116185
116220
116250
116281
116306
116328
116353
116384
116409
116438
116461
116492
116509
116536
116566
116590
116614
116639
116667
116686
116714
116740
116763
116786
116815
116836
116860
116888
116921
116950
116977
117003
117030
117058
117095
117124
117148
117173
117206
117230
117254
117284
117310
117336
117363
117393
117421
117448
117473
117504
117527
117551
117580
117609
117645
117673
117702
117730
117763
117791
117823
117847
117876
117903
117925
117950
117974
118001
118024
118051
118075
118103
118128
118154
118177
118203
118224
118252
118276
118300
118325
118343
118369
118399
118427
118450
118480
118498
118529
118552
118591
118615
118642
118664
118691
118712
118740
118764
118792
118822
118848
118878
118905
118937
118962
118984
119010
119041
119069
119099
119125
119149
119177
119205
119231
119255
119284
119314
119347
119371
119399
119425
119454
119481
119506
119535
119555
119581
119598
119634
119654
119680
119710
119738
119767
119789
119821
119843
119867
119897
119927
119953
119984
120004
120031
120054
120089
120115
120148
120177
120202
120226
120249
120271
120299
120328
120356
120375
120402
120430
120459
120489
120519
120550
120574
120605
120642
120676
120704
120734
120763
120795
120822
120843
120870
120895
120918
120950
120982
121005
121027
121053
121077
121104
121132
121157
121176
121200
121230
121259
121282
121312
121342
121368
121398
121424
121454
121483
121508
121535
121557
121585
121607
121634
121665
121694
121725
121750
121775
121802
121831
121862
121895
121925
121954
121979
122009
122029
122056
122078
122102
122135
122156
122182
122206
122237
122271
122301
122326
122354
122381
122404
122433
122461
122484
122512
122543
122570
122597
122629
122647
122675
122696
122722
122742
122766
122797
122822
122847
122867
122890
122920
122948
122972
123003
123027
123049
123077
123103
123130
123154
123184
123213
123243
123270
123290
123321
123346
123371
123400
123427
123456
123483
123507
123535
123564
123588
123614
123642
123667
123688
123712
123739
123762
123789
123811
123837
123862
123889
123915
123948
123974
123997
124026
124046
124066
124095
124119
124149
124180
124206
124238
124261
124292
124323
124351
124377
124409
124441
124473
124496
124525
124546
124569
124591
124616
124641
124664
124686
124718
124741
124769
124791
124820
124854
124881
124908
124938
124965
124985
125014
125045
125074
125100
125129
125157
125181
125206
125234
125265
125287
125314
125345
125373
125401
125430
125459
125486
125514
125543
125567
125586
125609
125635
125671
125699
125727
125757
125784
125805
125832
125861
125881
125910
125939
125969
125995
126027
126047
126075
126094
126114
126142
126163
126190
126216
126240
126258
126287
126309
126331
126358
126380
126400
126422
126449
126475
126500
126536
126571
126595
126622
126644
126671
126697
126731
126751
126781
126803
126839
126865
126896
126920
126944
126977
127008
127039
127057
127079
127110
127133
127160
127187
127214
127241
127269
127298
127333
127361
127388
127417
127445
127473
127500
127528
127556
127590
127609
127638
127662
127684
127707
127732
127757
127784
127812
127838
127870
127897
127920
127953
127987
128014
128036
128061
128089
128114
128140
128158
128186
128207
128232
128258
128284
128309
128338
128365
128392
128418
128449
128475
128504
128528
128556
128583
128607
128636
128666
128698
128728
128749
128772
128802
128830
128860
128887
128913
128936
128969
129000
129022
129044
129070
129101
129130
129152
129172
129203
129236
129269
129302
129326
129352
129377
129403
129427
129449
129474
129505
129533
129562
129589
129615
129640
129673
129703
129736
129760
129788
129817
129840
129862
129889
129909
129944
129975
130006
130027
130054
130085
130114
130141
130169
130195
130225
130250
130284
130310
130334
130364
130389
130420
130449
130472
130497
130528
130555
130576
130608
130638
130667
130689
130714
130739
130769
130796
130827
130848
130874
130893
130917
130950
130979
131003
131028
131060
131089
131115
131149
131177
131200
131237
131265
131291
131321
131341
131371
131401
131427
131454
131485
131511
131540
131567
131594
131621
131650
131678
131702
131726
131753
131772
131805
131828
131857
131881
131907
131936
131960
131989
132022
132045
132067
132092
132117
132144
132175
132201
132227
132251
132272
132298
132315
132346
132375
132400
132427
132456
132483
132508
132534
132561
132588
132611
132646
132672
132696
132725
132754
132780
132807
132838
132860
132892
132918
132950
132975
132998
133022
133046
133080
133107
133137
133168
133188
133215
133238
133265
133297
133325
133356
133385
133420
133443
133475
133507
133534
133563
133585
133613
133637
133661
133684
133705
133737
133758
133782
133808
133830
133856
133884
133907
133934
133966
133995
134023
134049
134078
134108
134134
134162
134192
134217
134244
134267
134296
134327
134355
134384
134407
134431
134460
134494
134516
134549
134572
134598
134622
134649
134670
134695
134725
134751
134774
134800
134823
134851
134878
134910
134935
134969
134996
135026
135056
135085
135115
135133
135162
135194
135220
135251
135278
135312
135343
135366
135392
135421
135447
135474
135506
135533
135561
135586
135606
135634
135667
135692
135723
135755
135789
135824
135852
135880
135904
135932
135953
135984
136015
136040
136070
136096
136122
136146
136176
136204
136227
136251
136274
136301
136335
136360
136393
136419
136450
136478
136512
136530
136559
136584
136606
136629
136660
136694
136722
136748
136770
136793
136827
136853
136878
136898
136929
136959
136977
137007
137030
137058
137089
137116
137146
137178
137201
137229
137261
137288
137313
137336
137362
137393
137420
137452
137481
137507
137540
137564
137598
137627
137659
137683
137707
137735
137768
137797
137823
137851
137881
137912
137937
137962
137998
138025
138060
138090
138115
138146
138171
138206
138232
138256
138284
138308
138327
138362
138386
138415
138438
138461
138484
138515
138541
138568
138601
138630
138657
138685
138715
138743
138771
138806
138838
138859
138887
138915
138943
138977
138999
139026
139055
139080
139109
139134
139164
139191
139218
139240
139267
139298
139322
139352
139387
139420
139449
139477
139504
139537
139564
139595
139623
139657
139684
139717
139750
139785
139820
139849
139880
139910
139941
139970
140008
140043
140076
140097
140121
140151
140173
140203
140233
140257
140282
140308
140338
140362
140392
140419
140441
140471
140504
140531
140556
140583
140613
140633
140667
140695
140730
140762
140793
140816
140846
140873
140904
140936
140963
140991
141010
141032
141061
141089
141124
141154
141185
141212
141236
141264
141289
141312
141343
141368
141394
141424
141448
141473
141505
141529
141557
141583
141613
141640
141664
141692
141718
141741
141771
141799
141824
141853
141883
141907
141930
141964
141997
142021
142049
142079
142113
142138
142171
142193
142225
142252
142273
142297
142323
142344
142374
142407
142437
142467
142492
142516
142545
142578
142614
142639
142668
142695
142719
142755
142785
142811
142839
142868
142895
142923
142954
142973
142996
143020
143050
143074
143100
143129
143155
143183
143209
143239
143270
143297
143326
143362
143390
143415
143441
143462
143489
143522
143546
143569
143593
143613
143638
143665
143700
143725
143749
143775
143799
143826
143852
143879
143900
143926
143951
143973
144008
144034
144060
144083
144109
144132
144161
144180
144208
144232
144256
144281
144308
144344
144371
144396
144424
144452
144485
144506
144527
144557
144588
144622
144652
144675
144705
144739
144770
144801
144839
144866
144903
144927
144958
144982
145006
145028
145055
145076
145106
145137
145161
145189
145219
145242
145268
145289
145314
145345
145382
145407
145434
145458
145485
145510
145539
145568
145601
145634
145661
145686
145719
145741
145769
145796
145819
145840
145861
145888
145915
145945
145974
146002
146030
146056
146090
146121
146154
146185
146210
146242
146268
146292
146318
146345
146376
146407
146427
146457
146482
146508
146539
146565
146589
146618
146651
146678
146707
146731
146753
146785
146808
146836
146863
146885
146912
146934
146962
146995
147024
147052
147079
147109
147136
147167
147196
147221
147246
147278
147308
147341
147370
147401
147424
147446
147479
147505
147540
147575
147609
147636
147661
147689
147726
147750
147768
147799
147825
147848
147876
147903
147933
147956
147988
148021
148046
148068
148096
148121
148157
148187
148215
148247
148276
148312
148339
148369
148391
148413
148437
148465
148501
148535
148557
148581
148605
148634
148658
148690
148720
148747
148772
148807
148834
148865
148895
148919
148947
148967
148999
149021
149048
149075
149106
149131
149151
149172
149198
149226
149260
149280
149311
149335
149361
149390
149410
149436
149456
149484
149506
149534
149560
149587
149617
149638
149659
149682
149713
149746
149775
149805
149835
149862
149885
149912
149944
149974
149997
150023
150051
150082
150107
150136
150160
150181
150210
150239
150270
150303
150329
150354
150380
150410
150433
150459
150488
150520
150551
150584
150608
150627
150652
150680
150710
150735
150768
150797
150818
150845
150871
150898
150917
150942
150974
151008
151039
151064
151091
151115
151150
151173
151203
151235
151260
151290
151314
151343
151377
151405
151440
151470
151499
151528
151549
151574
151603
151630
151665
151691
151715
151744
151776
151804
151829
151860
151888
151911
151943
151976
152004
152044
152082
152117
152150
152175
152208
152245
152269
152298
152324
152355
152384
152412
152445
152476
152501
152532
152560
152589
152611
152644
152670
152699
152726
152761
152787
152821
152842
152864
152891
152916
152946
152976
153002
153034
153061
153087
153112
153139
153164
153191
153213
153238
153264
153294
153318
153338
153363
153395
153426
153456
153486
153519
153543
153565
153593
153619
153643
153672
153695
153721
153742
153769
153792
153824
153850
153885
153922
153947
153977
154004
154037
154058
154083
154110
154137
154165
154191
154221
154246
154277
154310
154339
154366
154391
154421
154451
154481
154510
154539
154571
154595
154625
154655
154684
154715
154746
154776
154802
154830
154860
154889
154919
154947
154975
154996
155032
155063
155094
155120
155143
155168
155194
155224
155255
155287
155317
155349
155370
155400
155430
155464
155490
155514
155542
155566
155592
155623
155647
155675
155696
155726
155756
155782
155811
155844
155869
155897
155928
155960
155991
156017
156034
156063
156095
156118
156145
156169
156202
156230
156254
156283
156313
156339
156366
156401
156433
156461
156485
156520
156546
156574
156594
156625
156654
156685
156712
156739
156770
156802
156832
156861
156893
156921
156953
156981
157013
157039
157066
157097
157125
157151
157171
157199
157225
157249
157277
157306
157343
157369
157402
157435
157466
157494
157523
157542
157568
157590
157615
157644
157670
157698
157722
157749
157772
157803
157829
157858
157887
157914
157942
157972
158001
158034
158066
158090
158114
158136
158161
158183
158207
158237
158265
158294
158321
158351
158379
158405
158432
158455
158481
158512
158537
158561
158587
158621
158649
158676
158703
158729
158762
158797
158827
158853
158882
158916
158936
158963
158991
159012
159043
159072
159103
159132
159155
159179
159206
159231
159264
159295
159331
159349
159380
159405
159430
159462
159490
159516
159545
159567
159594
159623
159656
159691
159719
159748
159773
159794
159823
159855
159883
159912
159946
159975
160003
160035
160063
160091
160119
160145
160169
160202
160229
160260
160289
160322
160345
160377
160414
160446
160476
160505
160531
160556
160587
160614
160646
160671
160699
160725
160753
160778
160801
160830
160861
160894
160921
160949
160977
161008
161034
161065
161090
161119
161145
161170
161198
161223
161246
161276
161307
161330
161355
161395
161418
161447
161474
161503
161528
161552
161579
161609
161637
161660
161682
161702
161729
161761
161789
161817
161844
161870
161896
161919
161946
161977
161998
162026
162057
162081
162103
162129
162159
162184
162210
162240
162267
162293
162326
162356
162386
162414
162441
162464
162486
162509
162540
162564
162587
162610
162644
162674
162701
162726
162755
162780
162808
162840
162867
162893
162918
162948
162973
163002
163028
163050
163075
163107
163134
163166
163202
163224
163251
163273
163304
163335
163363
163389
163415
163441
163467
163491
163514
163538
163571
163603
163634
163661
163686
163713
163738
163764
163786
163815
163841
163873
163899
163931
163962
163989
164020
164050
164072
164096
164122
164151
164179
164213
164237
164268
164290
164314
164342
164367
164403
164435
164458
164484
164519
164547
164575
164607
164629
164664
164690
164716
164743
164772
164804
164829
164860
164881
164904
164932
164957
164986
165011
165040
165065
165088
165114
165145
165176
165206
165241
165271
165302
165328
165354
165380
165403
165424
165444
165476
165504
165529
165556
165588
165618
165643
165676
165697
165732
165757
165788
165814
165845
165879
165912
165938
165963
165990
166016
166042
166068
166091
166123
166145
166167
166198
166225
166251
166274
166297
166327
166350
166377
166409
166440
166464
166495
166518
166548
166568
166594
166620
166651
166669
166694
166711
166741
166764
166790
166817
166840
166864
166890
166914
166941
166966
166990
167015
167038
167063
167089
167115
167140
167167
167193
167218
167244
167271
167302
167327
167354
167387
167419
167446
167464
167492
167519
167545
167565
167591
167618
167642
167664
167689
167720
167748
167776
167800
167822
167851
167876
167899
167930
167955
167980
168008
168034
168062
168095
168128
168158
168186
168207
168240
168266
168295
168324
168359
168389
168416
168448
168472
168503
168528
168556
168583
168608
168638
168668
168689
168717
168739
168764
168788
168809
168831
168857
168883
168905
168931
168952
168980
169003
169033
169060
169086
169108
169132
169157
169179
169205
169232
169261
169293
169319
169343
169366
169395
169424
169449
169472
169498
169520
169545
169570
169594
169618
169641
169668
169689
169716
169742
169762
169784
169810
169834
169859
169885
169913
169940
169964
169992
170023
170051
170078
170102
170125
170153
170181
170214
170246
170273
170301
170327
170350
170374
170402
170431
170454
170478
170506
170531
170559
170583
170619
170647
170681
170706
170728
170751
170775
170801
170823
170853
170883
170914
170943
170970
171001
171029
171056
171090
171119
171147
171169
171198
171222
171255
171281
171306
171335
171367
171400
171423
171451
171474
171495
171524
171551
171583
171609
171633
171656
171680
171708
171740
171768
171794
171819
171841
171868
171891
171915
171944
171970
171997
172018
172043
172067
172095
172117
172145
172165
172199
172232
172259
172282
172305
172332
172359
172386
172417
172442
172471
172494
172525
172556
172583
172612
172638
172670
172691
172707
172730
172753
172783
172809
172839
172871
172899
172923
172952
172983
173017
173045
173074
173099
173122
173148
173173
173195
173222
173257
173289
173315
173345
173372
173402
173424
173453
173479
173505
173535
173554
173580
173616
173643
173668
173691
173724
173753
173787
173815
173846
173878
173907
173936
173962
173991
174020
174046
174072
174098
174121
174145
174176
174202
174231
174258
174285
174314
174338
174364
174390
174423
174449
174476
174499
174526
174556
174582
174615
174644
174666
174693
174719
174751
174777
174803
174831
174859
174887
174913
174946
174969
174998
175027
175059
175081
175108
175131
175158
175181
175205
175227
175253
175277
175304
175327
175355
175392
175416
175437
175460
175489
175523
175552
175583
175608
175637
175661
175689
175713
175747
175770
175787
175813
175846
175872
175900
175931
175964
175993
176017
176046
176071
176102
176127
176155
176185
176213
176242
176269
176291
176309
176341
176370
176395
176417
176446
176471
176497
176524
176555
176582
176604
176640
176664
176687
176706
176730
176751
176782
176808
176843
176872
176896
176921
176941
176967
176992
177021
177049
177069
177099
177125
177148
177178
177201
177227
177246
177275
177306
177331
177359
177389
177413
177441
177466
177490
177514
177539
177563
177596
177623
177654
177684
177709
177732
177761
177788
177814
177844
177868
177904
177931
177961
177992
178017
178042
178067
178091
178116
178145
178175
178208
178234
178262
178290
178323
178350
178375
178407
178436
178465
178490
178516
178543
178576
178607
178640
178667
178692
178724
178749
178778
178811
178842
178869
178893
178922
178954
178980
179004
179026
179047
179078
179112
179140
179163
179191
179221
179247
179285
179316
179346
179375
179407
179438
179464
179493
179525
179554
179584
179603
179637
179666
179688
179716
179744
179775
179807
179834
179858
179882
179916
179946
179970
179993
180020
180040
180063
180098
180126
180148
180175
180200
