0.8495442271232605
0.8431802988052368
0.846172034740448
0.8490581512451172
0.8310563564300537
0.840378999710083
0.8310563564300537
0.8315222263336182
0.8319755792617798
0.8315222263336182
0.8324572443962097
0.8441880345344543
0.8368716835975647
0.8204794526100159
0.8319755792617798
0.8431802988052368
0.8431802988052368
0.8406254649162292
0.8287427425384521
0.8406254649162292
0.8431802988052368
0.8465135097503662
0.8460096120834351
0.8431802988052368
0.8324572443962097
0.8396698832511902
0.8324572443962097
0.8431802988052368
0.8285152316093445
0.8315222263336182
0.8396698832511902
0.8315222263336182
0.8462205529212952
0.8431802988052368
0.8406254649162292
0.8349762558937073
0.8431802988052368
0.840378999710083
0.8460096120834351
0.8368716835975647
0.8285152316093445
0.8342857360839844
0.8287427425384521
0.8431802988052368
0.8431802988052368
0.8431802988052368
0.8431802988052368
0.8368716835975647
0.8431802988052368
0.8455215692520142
0.8315222263336182
0.8338261246681213
0.8319755792617798
0.8204794526100159
0.8431802988052368
0.8422484397888184
0.8310563564300537
0.8431802988052368
0.8495442271232605
0.8338261246681213
0.8460097312927246
0.8204794526100159
0.8431802988052368
0.8460097312927246
0.8431802988052368
0.8396698832511902
0.8319755792617798
0.8406254649162292
0.8406254649162292
0.8285152316093445
0.8315222263336182
0.840378999710083
0.8319755792617798
0.8435974717140198
0.8431802988052368
0.8406254649162292
0.840378999710083
0.8319755792617798
0.8342857360839844
0.847394585609436
0.8441880345344543
0.84271240234375
0.8310563564300537
0.8422386646270752
0.8396698832511902
0.8324572443962097
0.8460096120834351
0.8406254649162292
0.8204794526100159
0.8315222263336182
0.8361338376998901
0.8429549932479858
0.8490581512451172
0.8431802988052368
0.8455215692520142
0.8324572443962097
0.8488548994064331
0.8495442271232605
0.8342857360839844
0.8435974717140198
0.8324572443962097
0.8310563564300537
0.8324572443962097
0.8462205529212952
0.8394313454627991
0.8338261246681213
0.84271240234375
0.8441880345344543
0.8424772024154663
0.8422386646270752
0.8204794526100159
0.8488548994064331
0.8319755792617798
0.8324572443962097
0.8342857360839844
0.84271240234375
0.8455215692520142
0.8422484397888184
0.8396698832511902
0.840378999710083
0.8441880345344543
0.8490095734596252
0.8342857360839844
0.8315222263336182
0.8435974717140198
0.8431802988052368
0.847394585609436
0.8406254649162292
0.8347594738006592
0.8324572443962097
0.8431802988052368
0.84271240234375
0.8396698832511902
0.8450460433959961
0.8324572443962097
0.8347594738006592
0.8204794526100159
0.8455215692520142
0.84271240234375
0.8319755792617798
0.8324572443962097
0.8324572443962097
0.8495442271232605
0.8422484397888184
0.8431802988052368
0.8431802988052368
0.8287427425384521
0.8324572443962097
0.8310563564300537
0.8319755792617798
0.8204794526100159
0.8431802988052368
0.8287427425384521
0.8342857360839844
0.8324572443962097
0.8394313454627991
0.8431802988052368
0.8396698832511902
0.8460096120834351
0.8310563564300537
0.8324572443962097
0.8483588099479675
0.8406254649162292
0.8324572443962097
0.8310563564300537
0.8310563564300537
0.8450555801391602
0.8429549932479858
0.8204794526100159
0.8429549932479858
0.8204794526100159
0.8495442271232605
0.8324572443962097
0.8315222263336182
0.8315222263336182
0.8287427425384521
0.8422484397888184
0.8431802988052368
0.8490581512451172
0.8319755792617798
0.8319755792617798
0.8406254649162292
0.8319755792617798
0.8361338376998901
0.8342857360839844
0.8422484397888184
0.8310563564300537
0.8406254649162292
0.8431802988052368
0.8342857360839844
0.8483587503433228
0.8422484397888184
0.8431802988052368
0.8431802988052368
0.84271240234375
0.8424771428108215
0.8315222263336182
0.8315222263336182
0.8324572443962097
0.8319755792617798
