0.8375967442989347
0.8297178745269774
0.833006978034973
0.8241562843322752
0.8264944553375242
0.8320876210927962
0.8274233788251876
0.8375589251518247
0.8366332948207853
0.8292086869478223
0.8352487683296203
0.8209759294986723
0.8375589400529859
0.8296806961297988
0.8287304192781446
0.8342700600624083
0.8375589698553083
0.8287304192781446
0.8264572322368621
0.8241562545299528
0.8264791518449781
0.8274232447147367
0.8264944702386855
0.8319818079471586
0.8342920392751692
0.8209758698940275
0.8311499208211897
0.8343074470758436
0.8287148773670195
0.82968071103096
0.8287304192781446
0.8241562545299528
0.8287584781646727
0.831981912255287
0.8367086648941039
0.8241562545299528
0.8375966697931287
0.8219074457883833
0.8352711498737333
0.8352489173412322
0.8264356851577757
0.8375590294599531
0.8274233639240263
0.8319818526506422
0.8343074470758436
0.8287673592567442
0.8241563588380811
0.8319818079471586
0.8319818824529646
0.8264355957508086
0.8403695672750472
0.8320127278566358
0.8342919945716857
0.8343074470758436
0.8330071270465849
0.8186839669942854
0.8392145633697509
0.831981912255287
0.8329694867134093
0.831981912255287
0.8297026008367536
0.8398783802986144
0.8369154930114744
0.8229255080223082
0.8292270898818969
0.8287304192781446
0.831981912255287
0.8329695910215376
0.8319818526506422
0.8366333097219465
0.8264572322368621
0.831056237220764
0.822001665830612
0.8274232596158979
0.8274232149124143
0.8219660520553587
0.8186839669942854
0.8264355957508086
0.8367086499929427
0.8287584781646727
0.8209481984376905
0.8310562223196027
0.8241562545299528
0.8229255378246306
0.8330070078372953
0.8320126086473463
0.8342920392751692
0.8210195451974868
0.8196584582328794
0.8292194604873655
0.8343074321746824
0.8365959227085112
0.8342700600624083
0.8264572322368621
0.8274232447147367
0.8320127278566358
0.8350235372781752
0.8352711498737333
0.8264791518449781
0.8310621082782743
0.8371036797761916
0.8251374363899229
0.8343074321746824
0.8385600149631499
0.8320876359939574
0.8342700600624083
0.8218923211097715
0.8241562545299528
0.8264791518449781
0.8219290226697921
0.8241562545299528
0.831056237220764
0.8164350837469099
0.841077372431755
0.8352489024400709
0.8343074321746824
0.8375965654850004
0.8366333097219465
0.8342700600624083
0.8241563588380811
0.8320126086473463
0.82196606695652
0.8287673592567442
0.8297025859355924
0.8320127278566358
0.8196843713521955
0.8352488428354262
0.8385599702596664
0.8241563588380811
0.8320126831531522
0.8342700302600858
0.8367086648941039
0.8320127129554746
0.8274233192205427
0.8274536430835722
0.8343074470758436
0.8297178745269774
0.8375589996576307
0.8311499208211897
0.8342700600624083
0.831130564212799
0.8306902945041655
0.8232121765613554
0.8319818079471586
0.8264356851577757
0.8375589400529859
0.8219290226697921
0.8342920392751692
0.8343074321746825
0.8209481984376905
0.8366332948207854
0.8210195004940032
0.8306902945041655
0.8251524865627287
0.831056237220764
0.8375590145587919
0.8342920392751692
0.8297178745269774
0.8310685902833936
0.8343074321746824
0.8329765796661375
0.8352489024400709
0.8342920392751692
0.8264944702386855
0.8375589996576307
0.8329695910215376
0.8297178745269774
0.8365959823131559
0.8252034485340116
0.8366332948207853
0.8287148773670195
0.8342700600624083
0.8287304192781446
0.8329695761203765
0.8352488428354262
0.8241562545299528
0.8186906278133391
0.8320260047912595
0.8330070823431013
0.8241563588380811
0.8274233937263488
0.8264790475368498
0.8367086648941039
0.8342920392751692
0.8296806365251539
0.8320260643959043
0.8274232447147367
0.8287673592567442
0.8352697193622587
0.8375589996576307
0.8287365138530729
0.8342700600624083
0.8274232447147367
0.8265601694583891
0.8375589400529859
0.8375589400529859
0.8352489173412322
0.8366332948207853
0.8241562545299528
0.8319818079471586
0.8352487385272978
0.8297178745269774
0.8209697902202605
0.8375589698553083
0.826479062438011
0.8385599702596664
0.8241563588380811
0.8264944702386855
0.8352489173412322
0.8264572322368621
0.8342700600624083
0.8196584433317182
0.8330070227384565
0.8274233788251876
0.8219660520553587
0.8362654745578764
0.8375589698553083
0.8319754749536512
0.8310562223196027
0.8274014443159101
0.8320126384496687
0.8310562223196027
0.8287892788648604
0.8366333097219465
0.8343012630939484
0.8375589251518247
0.8366238772869109
0.8287365138530729
0.8241562992334365
0.8264664262533186
0.8315605372190473
0.8297025859355924
0.8375590145587919
0.8320260494947431
0.8219290822744367
0.8218923211097715
0.831056237220764
0.8342919945716857
0.8241823613643644
0.8410584032535551
0.8311499059200285
0.8352488428354262
0.8394217193126677
0.8287584781646727
0.8241562545299528
0.8359253406524656
0.8218923211097715
0.8319755047559736
0.8241563588380811
0.8287673592567442
0.8219660520553587
0.8365959227085112
0.8375967442989347
0.8336307555437086
0.8264663666486738
0.8375589400529859
0.8274014592170714
0.8385599255561828
0.8310686051845547
0.8342920392751692
0.8342700600624083
0.8274232298135755
0.8342700600624083
0.8218923211097715
0.8320876210927962
0.8352487683296201
0.8232435882091521
0.8209758698940275
0.8375589400529859
0.8320876508951185
0.8251374959945678
0.8367086648941039
0.8338573873043059
0.8375589251518247
0.8264944255352018
0.8329695314168928
0.8274232447147367
0.8343074470758436
0.8186839669942854
0.8375589251518247
0.82968071103096
0.8297178596258161
0.8352487683296201
0.8242082744836806
0.8319754600524901
0.8320126831531524
0.8274233192205427
0.8320521414279936
0.8375966697931287
0.8348046094179151
0.8352487385272978
0.8320876508951185
0.8241563588380811
0.8219074010848998
0.8342700600624083
0.8274233937263488
0.8218923211097715
0.8296806365251539
0.8366332948207853
0.8399104773998258
0.8287584781646727
0.8241562545299528
0.8320260494947431
0.8241562545299528
0.8343074470758436
0.8343074321746824
0.8352487683296201
0.8287584781646727
0.831025034189224
0.8352489173412322
0.84271402657032
0.8342920392751692
0.8375589251518247
0.831981912255287
0.8367086499929427
0.8352488428354262
0.8320126831531522
0.8155035376548765
0.8219359815120695
0.8342700600624083
0.8366333097219465
0.8287584781646727
0.8352711498737333
0.8375590145587919
0.8310685902833936
0.8251374363899229
0.831981912255287
0.8352487683296201
0.8342920392751692
0.8343074321746824
0.8310562223196027
0.8251373767852781
0.8319754749536513
0.8264792114496229
0.8343074470758436
0.8327112942934034
0.8320876508951185
0.8274232447147367
0.8297178745269774
0.8319818824529646
0.8264572322368621
0.8241563588380811
0.8251373767852781
0.8241563588380811
0.8264356404542921
0.82196606695652
0.8320260792970656
0.8320876508951185
0.8218923211097715
0.8274232447147367
0.8287365138530729
0.8219074457883833
0.8338259160518645
0.8327023833990096
0.8343074470758436
0.831056237220764
0.832008048892021
0.8342700600624083
0.8264664262533186
0.8241563588380811
0.8370915800333021
0.8385599702596664
0.8352711498737333
0.8365959227085112
0.8209849298000335
0.8310686051845549
0.8342920392751692
0.8274232447147367
0.8241562545299528
0.8352489024400709
0.8287584781646727
0.8196584433317182
0.835248902440071
0.8310561925172805
0.8366333097219465
0.8241563588380811
0.8365959823131559
0.8274232447147367
0.8385599702596664
0.8274438828229902
0.8219074010848998
0.8320126831531522
0.8264944255352018
0.8241562545299528
0.8343074470758436
0.8366333246231078
0.8319818079471586
0.831981912255287
0.8329695761203765
0.8274536430835722
0.8352487683296201
0.8310562223196027
0.8241563588380811
0.8342919945716857
0.8329695761203765
0.8264790475368498
0.8297178596258161
0.8375589996576307
0.8219660520553587
0.8343074470758436
0.8264663666486738
0.8342700600624083
0.830690264701843
0.8320127278566358
0.8343074321746825
0.8187368363142012
0.8342920392751692
0.8343074470758436
0.8241562545299528
0.8382778614759443
0.8320127278566358
0.8310686051845547
0.8196584582328794
0.8209759294986723
0.8352488428354262
0.8375966697931287
0.8320260047912595
0.8320127278566358
0.830690264701843
0.8342700600624083
0.8229255378246306
0.8342700600624083
0.8264944553375242
0.8264944702386855
0.8310562223196027
0.82196606695652
0.8310686051845547
0.8241563588380811
0.8274537175893781
0.8164866417646407
0.8251374959945678
0.8218923211097715
0.8366332948207853
0.831981912255287
0.82968732714653
0.8375966697931287
0.838251158595085
0.8342700302600858
0.8218923211097715
0.8296806961297988
0.827467307448387
0.825163275003433
0.8219660520553587
0.8296806961297988
0.8241563588380811
0.8310562223196027
0.8342920392751692
0.82968071103096
0.8297178745269774
0.8375589698553083
0.8329696357250211
0.8320126831531522
0.8320126384496687
0.8343074321746825
0.8241562545299528
0.8366333097219465
0.8343019634485244
0.8287148773670195
0.8375966697931287
0.8343074470758436
0.8241562545299528
0.8320876359939574
0.8342700600624083
0.8320127278566358
0.8264944702386855
0.8236874639987944
0.8296806961297988
0.83296962082386
0.83201265335083
0.8186839669942854
0.8288120925426481
0.8241563588380811
0.8320126384496687
0.83201265335083
0.8265601694583891
0.8255286961793898
0.8366333097219465
0.8366333097219465
0.8320127278566358
0.8366333097219465
0.8287673592567442
0.8343074321746825
0.8287304192781446
0.8264572322368621
0.8297178596258161
0.8251373767852781
0.8287304192781446
0.8264572322368621
0.8310562074184416
0.8313359469175337
0.8219290822744367
0.8330071270465849
0.8264944255352018
0.8342700600624083
0.83201265335083
0.8290899395942687
0.8330070972442626
0.8352487832307813
0.8209632933139799
0.8343074321746825
0.8394217640161513
0.8264663666486738
0.832669287919998
0.8375966697931287
0.8330070376396177
0.8310562223196027
0.8274233788251875
0.8366333246231078
0.832969546318054
0.8310562223196027
0.8196584433317182
0.8375589400529859
0.8342700600624083
0.8320126831531522
0.8186906278133391
0.8274232447147367
0.8367086648941039
0.8366333097219465
0.8210195004940032
0.8375589996576307
0.8375589102506636
0.8342700600624083
0.8296806365251539
0.8375965803861616
0.8310686498880384
0.8296806365251539
0.8241562545299528
0.8320876508951185
0.8241562545299528
0.8264355957508086
0.8375588953495023
0.8375589996576307
0.8209481984376905
0.8196584433317182
0.8394030928611753
0.8241562545299528
0.8264663666486738
0.8385599255561828
0.8310686051845547
0.8241563588380811
0.8342920839786527
0.8310562223196027
0.8367086648941039
0.8343074321746824
0.8241562545299528
0.825522258877754
0.8264572322368621
0.8287304192781446
0.8186839669942854
0.8264572322368621
0.8264944553375242
0.8375589996576307
0.8264572322368621
0.8287365138530729
0.8319818079471586
0.8264356851577757
0.8287304192781446
0.820969834923744
0.8209758698940275
0.8352487683296201
0.8219660967588422
0.8375966697931287
0.8241563588380811
0.8311499059200285
0.8297025859355924
0.8352711498737333
0.826479062438011
0.8352487385272978
0.8264944255352018
0.8342700600624083
0.8310562223196027
0.8366333097219465
0.8241562545299528
0.8264572322368621
0.8342700600624083
0.8264944702386855
0.8265030384063718
0.8219074606895445
0.8241997510194776
0.83296962082386
0.8264663368463515
0.8398846089839934
0.8264572322368621
0.8296806961297988
0.8287673592567442
0.8209545314311979
0.8241563588380811
0.8209697902202605
0.8209849298000335
0.8343074321746825
0.8352487683296201
0.8209758698940275
0.8375966697931287
0.8366333097219465
0.8320876508951185
0.8281104415655134
0.832012668251991
0.8274014592170714
0.8343074470758436
0.8209481984376905
0.8366333097219465
0.8274536430835722
0.829208582639694
0.8209849298000335
0.8310686051845547
0.8375590145587919
0.8342919945716857
0.8343074321746824
0.8352711349725721
0.8264791518449781
0.8319818079471586
0.8319818079471586
0.8320876210927962
0.8229255080223081
0.8241563588380811
0.8342700600624083
0.8375589549541471
0.8186906278133391
0.8264663815498351
0.8264944702386855
0.8366333097219465
0.8310686051845547
0.8287673592567442
0.8241563588380811
0.8297178745269774
0.8297025859355924
0.8241562992334365
0.8375589251518247
0.8366333246231078
0.8343516141176222
0.8343074321746824
0.8343074321746824
0.8274232447147367
0.831981912255287
0.8320260047912595
0.8310685902833936
0.8343074321746825
0.8296806961297988
0.8209849298000335
0.8274165391921996
0.8218923211097715
0.8274536430835722
0.8210195004940032
0.8375589698553083
0.8287584781646727
0.8264791518449781
0.8330070078372953
0.8209481984376905
0.8366333097219465
0.8310562223196027
0.8287585228681562
0.8310931026935575
0.8352487832307813
0.8319818079471586
0.8264572322368621
0.8241563588380811
0.8366333097219465
0.8326631039381025
0.8375589996576307
0.8186906278133391
0.8375967442989347
0.8342920392751692
0.8366332948207853
0.8352487683296201
0.8209481984376905
0.8329765796661375
0.8319818079471586
0.831981912255287
0.8219074010848998
0.8320260643959043
0.8320260643959043
0.8343074470758436
0.8196897953748702
0.8241562545299528
0.8297178745269774
0.8274232447147367
0.8311499208211897
0.8219074010848998
0.8343458473682401
0.83201265335083
0.8375589251518247
0.8209849298000335
0.8342700302600858
0.8287673592567442
0.8343074470758436
0.8320876508951185
0.8320876210927962
0.8375967442989347
0.8287148773670195
0.8367086499929427
0.8251374959945678
0.8342700302600858
0.8366333246231078
0.8241563588380811
0.8366333246231078
0.8264572322368621
0.8319818079471586
0.8352487683296201
0.8375589996576307
0.8342700600624083
0.8343228995800017
0.8264663666486738
0.8264664113521574
0.8352711498737333
0.832969546318054
0.8310562223196027
0.8342700600624083
0.8329695910215376
0.8264572322368621
0.8164501339197158
0.8375967442989347
0.8287584781646727
0.8329696357250211
0.8241562545299528
0.8264663368463515
0.8342920392751692
0.8264944255352018
0.8320127278566358
0.8362654745578764
0.8251374959945678
0.8352711349725721
0.8375589400529859
0.8274233192205427
0.8365959823131559
0.8425365835428236
0.8209632784128188
0.8319754749536512
0.8352487683296201
0.8296806961297988
0.8219074606895445
0.8352489024400709
0.8375589698553083
0.8342700600624083
0.8274232447147367
0.8287304192781446
0.8320126384496687
0.8287304192781446
0.8342700302600858
0.8362654745578764
0.8352488428354262
0.8366333097219465
0.8352489173412322
0.8241562545299528
0.8296806961297988
0.8366333097219465
0.8342920392751692
0.8274232447147367
0.8164351433515546
0.8375589698553083
0.8352487832307813
0.8274233937263488
0.8375966697931287
0.831056237220764
0.836265444755554
0.8264663368463515
0.8342919945716857
0.8296806365251539
0.827453553676605
0.8310562223196027
0.8297025859355924
0.8319755047559736
0.8218923211097715
0.825522258877754
0.8415401875972747
0.8375966399908065
0.826472535729408
0.8319754600524901
0.8311499059200285
0.8264572322368621
0.8352487683296203
0.8352487683296203
0.8342919945716857
0.8366332948207854
0.8264355957508086
0.8319755047559736
0.8403694927692411
0.8241562545299528
0.8343074321746824
0.8310562074184416
0.8219290971755979
0.8209545314311979
0.8274233192205427
0.8366333097219465
0.8352489173412322
0.82196606695652
0.8366332948207854
0.8310686498880384
0.8375589251518247
0.8371036797761916
0.8251374959945678
0.8319754749536513
0.8366332948207853
0.8320180773735044
0.8352711349725721
0.8367086499929427
0.8310685902833936
0.832702338695526
0.8274233192205427
0.8306902945041655
0.8346250653266906
0.8342700600624083
0.8218923211097715
0.8209849298000335
0.8342700600624083
0.8297178745269774
0.8297178596258161
0.8375966399908065
0.8287304192781446
0.8343074470758436
0.8287148773670195
0.8310561925172805
0.8366332948207854
0.8366333097219465
0.8375589698553083
0.8320131599903104
0.8320126831531522
0.8320127278566358
0.8319818079471586
0.8343128263950346
0.8366333097219465
0.8287673592567442
0.831056237220764
0.8274233788251876
0.8342919945716857
0.8219074457883833
0.8320260792970656
0.8320126086473463
0.830690264701843
0.8274232447147367
0.8241563588380811
0.8310686051845547
0.8371179252862928
0.8251374363899229
0.8342700600624083
0.8342700600624083
0.8296872675418853
0.8264663666486738
0.8310622274875639
0.8310622274875639
0.8340013623237609
0.8320126086473463
0.8287304192781446
0.8320876359939574
0.8297178745269774
0.8264663666486738
0.8296806961297988
0.8320126831531522
0.8274233788251876
0.8241562545299528
0.8320260643959043
0.8264663666486738
0.8264355361461637
0.8310562074184416
0.8352487683296201
0.8255222290754316
0.8218923211097715
0.8366333097219465
0.8342700302600858
0.8310562223196027
0.833630785346031
0.8342700600624083
0.8296806961297988
0.8367086648941039
0.8320876210927962
0.8329696357250211
0.8310561925172805
0.8385599702596664
0.8394407480955123
0.8319754749536512
0.8319818079471586
0.8241563588380811
0.8375589251518247
0.8264355212450026
0.8319755047559736
0.8375589400529859
0.8297026306390761
0.8274233788251875
0.8241563588380811
0.8352487683296201
0.8370915800333021
0.8241562545299528
0.8382401466369628
0.8287673592567442
0.8287673592567442
0.8218923211097715
0.8375590145587919
0.8264356553554534
0.8375589400529859
0.8320126831531522
0.8287673592567442
0.8287365138530729
0.8342920392751692
0.8340013474225996
0.8287304192781446
0.8343074321746824
0.8287673592567442
0.8375967741012572
0.8342700600624083
0.8264791518449781
0.8366333246231078
0.8287673592567442
0.8241562545299528
0.8352710008621215
0.8279323130846021
0.8229255378246306
0.8274232447147367
0.8310686051845547
0.8352711349725721
0.8297026455402373
0.8320127278566358
0.83201265335083
0.8241562545299528
0.8319818079471586
0.8382401168346403
0.8366332948207854
0.8209632784128188
0.8319754153490064
0.8385598510503767
0.8251373767852781
0.8375589698553083
0.8274536430835722
0.8359849154949186
0.8241562545299528
0.8366333246231078
0.8196584582328794
0.8274232298135755
0.8352489173412322
0.8297026455402373
0.8264944553375242
0.8264664262533186
0.8320126384496687
0.8329695910215376
0.8375967442989347
0.8375966399908065
0.8241563588380811
0.8218923211097715
0.831981912255287
0.8366333097219465
0.8352488428354262
0.8330070227384565
0.8232121765613554
0.83113057911396
0.8352487385272978
0.8232121765613554
0.8320260047912595
0.8371036797761916
0.8365959227085112
0.824265733361244
0.8264572322368621
0.8342919945716857
0.8241563588380811
0.8241563588380811
0.8342919945716857
0.831056237220764
0.831981912255287
0.8365959227085112
0.831056237220764
0.8219074159860609
0.8287304192781446
0.8297178596258161
0.8342700600624083
0.8375966697931287
0.8343074321746824
0.8274014592170714
0.8264572322368621
0.83296962082386
0.8375589251518247
0.8342700600624083
0.8365959227085112
0.8319818079471586
0.8310561925172805
0.8287304192781446
0.8329695910215376
0.8241562545299528
0.8320260792970656
0.8264944553375242
0.8218923211097715
0.8310931026935575
0.8320125937461851
0.8375590145587919
0.8366333097219465
0.831130564212799
0.8375589251518247
0.8264572322368621
0.8274232298135755
0.8320260792970656
0.8343074321746824
0.8343074321746825
0.8274165391921996
0.8296806961297988
0.8343074470758436
0.8310562074184416
0.8297178894281385
0.8310562074184416
0.8319818079471586
0.8241563588380811
0.8329695910215376
0.831981912255287
0.8265030384063718
0.8219074457883833
0.8274232149124143
0.8287304192781446
0.8320127278566358
0.8320126831531522
0.8297025859355924
0.8403694480657575
0.8320876210927962
0.8342919945716857
0.8366333097219465
0.8297025859355924
0.8219660520553587
0.8352487683296203
0.8297178894281385
0.8287673592567442
0.8296806961297988
0.8310686498880384
0.82968732714653
0.8306902945041655
0.831056237220764
0.8252034485340116
0.831981912255287
0.8164866417646407
0.8329695314168928
0.8329765796661375
0.8241563588380811
0.8319818079471586
0.8365959823131559
0.8218923211097715
0.8264572322368621
0.8342700600624083
0.8324832916259765
0.8375589400529859
0.8310931026935575
0.8241562545299528
0.8296806961297988
0.8342700600624083
0.8196584433317182
0.8264572322368621
0.8343074470758436
0.8241563588380811
0.8274232149124143
0.8296806961297988
0.8269477933645247
0.8297026008367536
0.8338573873043059
0.8343074470758436
0.8287673592567442
0.826442003250122
0.8352807164192199
0.8274232298135755
0.8320260792970656
0.8218923211097715
0.8366332948207854
0.8375589251518247
0.8264572322368621
0.8375589400529859
0.8375589251518247
0.8343516141176222
0.8352488428354262
0.8296872228384016
0.831981912255287
0.8242531269788741
0.8319818079471586
0.8343516141176222
0.8329764455556867
0.8342700600624083
0.831981912255287
0.8375870734453199
0.8347857892513274
0.8264572322368621
0.8375965803861616
0.8342700600624083
0.8218923211097715
0.8310562223196027
0.8320126831531524
0.831056237220764
0.8219290226697921
0.8310562074184416
0.8209758698940275
0.8287365138530729
0.8342700600624083
0.8352807164192197
0.8209849298000335
0.8319754600524901
0.8297025859355924
0.8269107639789579
0.8375589996576307
0.8342920392751692
0.8367086499929427
0.8218923211097715
0.8218923211097715
0.8375588655471801
0.83201265335083
0.8297287523746489
0.8366333097219465
0.8320127278566358
0.8352488428354262
0.831981912255287
0.8274232149124143
0.8297026455402373
0.8329696059226988
0.8241563588380811
0.8310562223196027
0.8174247741699217
0.8382512032985686
0.8241562545299528
0.8210195004940032
0.8165215402841566
0.8284263610839842
0.8241563588380811
0.8274232447147367
0.8310562223196027
0.8196584433317182
0.8264790475368498
0.8375966697931287
0.8366333246231078
0.8310685902833936
0.8366333097219465
0.8241563588380811
0.8385599255561828
0.831056237220764
0.8241562545299528
0.8342919945716857
0.8288120925426481
0.8320260792970656
0.838559955358505
0.8342700600624083
0.8352711498737333
0.8366332948207854
0.8164567798376082
0.8320127278566358
0.8342919945716857
0.8296806365251539
0.8366332948207853
0.8319818079471586
0.8352487385272978
0.8280689418315885
0.8287365138530729
0.8357647806406019
0.843875229358673
0.8271185755729673
0.8310562223196027
0.8274014592170714
0.8274233937263488
0.8342700600624083
0.8241562545299528
0.8375589996576307
0.8219290822744367
0.832012668251991
0.8352808505296705
0.8343504071235655
0.8320127278566358
0.8209632784128188
0.831981912255287
0.8382512032985686
0.8375589698553083
0.8365959227085112
0.8320127278566358
0.8284413814544676
0.8366333097219465
0.8280690461397169
0.831056237220764
0.8196584135293958
0.8186906278133391
0.8366333097219465
0.8264944255352018
0.8320126086473463
0.8385599255561828
0.8385599702596664
0.8329695314168928
0.8343183249235153
0.8385599702596662
0.8264944255352018
0.8366333097219465
0.8297178745269774
0.8375967442989347
0.8342920392751692
0.8343074470758436
0.8320126086473463
0.8342919945716857
0.8196584433317182
0.8264572322368621
0.8287303894758222
0.8241563588380811
0.8297178745269774
0.8365959227085112
0.8342920392751692
0.8251374363899229
0.8342700600624083
0.8342700600624083
0.8219290822744367
0.8348420560359953
0.8264356404542921
0.8320259898900983
0.8422386050224302
0.8241562545299528
0.8340013623237608
0.8241562545299528
0.8310562223196027
0.8241562545299528
0.831056237220764
0.8255222290754316
0.8365959227085112
0.831130564212799
0.8365959227085112
0.8320876359939574
0.8219290822744367
0.8366333097219465
0.8320127278566358
0.8274232149124143
0.8274232447147367
0.8297025710344312
0.8264944702386855
0.8366333097219465
0.8297178745269774
0.8375589996576307
0.826479226350784
0.83201265335083
0.8274233788251876
0.8320126831531522
0.8319754600524901
0.8241563588380811
0.8375589698553083
0.8410529941320417
0.8287303894758222
0.8352487683296201
0.8367086648941039
0.8287892788648604
0.8265602737665174
0.8307220190763471
0.8274232596158979
0.8365959823131559
0.8375589996576307
0.827467307448387
0.8310562223196027
0.8352487832307813
0.8342920094728469
0.8310562074184416
0.8342919945716857
0.8342700600624083
0.8366332948207854
0.8310685902833936
0.8342700600624083
0.8209849298000335
0.837596610188484
0.8342700600624083
0.8297178745269774
0.8287673592567442
0.8297026306390761
0.8265403509140012
0.8287584781646727
0.8410640209913252
0.8209849298000335
0.8392256349325178
0.8352487385272978
0.8342919945716857
0.8394030779600142
0.832969546318054
0.8375589251518247
0.8219660520553587
0.8366332948207853
0.8264572322368621
0.8329696357250211
0.8301998525857923
0.83201265335083
0.8310562223196027
0.8241562545299528
0.8366333246231078
0.8310562223196027
0.8264356404542921
0.8219074010848998
0.8287304192781446
0.8241563588380811
0.8385599702596664
0.8319754600524901
0.8352711498737333
0.8218923211097715
0.8375966697931287
0.8347780853509901
0.8287304192781446
0.8375683724880216
0.8375589549541471
0.8336198180913924
0.8342920392751692
0.8330070078372953
0.8366333097219465
0.8264355361461637
0.8320127278566358
0.8375590294599531
0.8264356404542921
0.8209632933139799
0.8264791518449781
0.8366333097219465
0.8320126831531522
0.831025034189224
0.8343074470758436
0.8366333097219465
0.8366332948207854
0.8241563588380811
0.8310562223196027
0.8287673592567442
0.831056237220764
0.8297178596258161
0.8310685902833936
0.832702338695526
0.8320127278566358
0.8319818079471586
0.8319754600524901
0.8241562545299528
0.8410529941320417
0.8343074321746825
0.826910838484764
0.8343074321746825
0.8375966399908065
0.8241562545299528
0.8343074321746825
0.8375589698553083
0.8218923211097715
0.8320126384496687
0.8342700600624083
0.8264572322368621
0.8352489024400709
0.8366333097219465
0.8165215402841566
0.8251373767852781
0.8366333246231078
0.8296806961297988
0.8342700600624083
0.8319818079471586
0.831981912255287
0.8342919945716857
0.8241877257823942
0.8196584433317182
0.8310562074184416
0.8241562545299528
0.8186839669942854
0.8310931026935575
0.8319754600524901
0.8366333097219465
0.8403694927692411
0.8287304192781446
0.8319818079471586
0.8330070376396177
0.8342700600624083
0.8219358772039411
0.8329696357250211
0.8342700600624083
0.8366333097219465
0.8310562223196027
0.8219660520553587
0.8209759294986723
0.826442003250122
0.8320876210927962
0.8301999270915983
0.8287892788648604
0.827467545866966
0.8229255080223081
0.8343516141176222
0.8342920392751692
0.8264944702386855
0.8365959227085112
0.8342700600624083
0.8311499208211897
0.8264791518449781
0.8296806961297988
0.8241562545299528
0.8296806961297988
0.8367086648941039
0.8264663666486738
0.8297026008367536
0.843875229358673
0.8320127278566358
0.8296806365251539
0.8209481984376905
0.8352845907211301
0.8219290971755979
0.8320126831531522
0.8310685902833936
0.8352488428354262
0.8264944255352018
0.8287892788648604
0.83201265335083
0.8264572322368621
0.8241562545299528
0.8342919945716857
0.8297178745269774
0.8264356404542921
0.8155035376548765
0.832969546318054
0.8320126086473463
0.8241563588380811
0.8287673592567442
0.832008123397827
0.8366333097219465
0.8320876508951185
0.82968071103096
0.8310562074184416
0.8320876508951185
0.8342700600624083
0.8274232447147367
0.8319818526506422
0.8264663666486738
0.8329765200614928
0.8352489173412322
0.8320127278566358
0.8343074470758436
0.8241562545299528
0.8319818079471586
0.8196584433317182
0.8403959870338438
0.8343074321746825
0.8297026455402373
0.8264572024345397
0.8342919945716857
0.8241715580224989
0.8264663368463515
0.8264944702386855
0.8320876210927962
0.8342700600624083
0.8342700600624083
0.8287584781646727
0.8310686051845547
0.8365959823131559
0.8241562545299528
0.8209481984376905
0.8352711349725721
0.8342700600624083
0.8320876508951185
0.8241562545299528
0.8241562545299528
0.8342920392751692
0.8287303894758222
0.8319754749536512
0.8297026306390761
0.8366333097219465
0.8366333097219465
0.833630785346031
0.8320127278566358
0.8241562545299528
0.82968071103096
0.8209481984376905
0.8342919945716857
0.831056237220764
0.831981912255287
0.8367086648941039
0.8380517363548278
0.8264572322368621
0.8219359219074247
0.8362862169742582
0.8343504220247266
0.8336198180913924
0.8241562545299528
0.8319818079471586
0.8155035376548765
0.8365959227085112
0.8352808505296705
0.8382999151945112
0.8352489024400709
0.8219290971755979
0.8375966697931287
0.8297178596258161
0.8319818079471586
0.8310562223196027
0.8186906278133391
0.8352807164192199
0.8375965654850004
0.822001665830612
0.8287304192781446
0.8241563588380811
0.8241562545299528
0.8319818079471586
0.8306902945041655
0.8352487683296203
0.8241562545299528
0.8310562223196027
0.8274014592170714
0.8343074321746824
0.8343074470758436
0.8219074010848998
0.8241563588380811
0.8219290822744367
0.8196584433317182
0.8241997510194776
0.8186839669942854
0.8375590145587919
0.8296806961297988
0.831981912255287
0.8274232298135755
0.8365959227085112
0.8274536430835722
0.8274233937263488
0.8219290226697921
0.8399127870798109
0.8287892788648604
0.8241563588380811
0.8342700600624083
0.837085038423538
0.8375589698553083
0.8366333097219465
0.8320126831531522
0.8366333097219465
0.8287304192781446
0.8375589251518247
0.8342700302600858
0.8320127278566358
0.8319755047559736
0.8297178745269774
0.8310562223196027
0.8264572322368621
0.8343074321746824
0.8342700600624083
0.8264356404542921
0.8251373767852781
0.8352487683296201
0.8287304192781446
0.8320127278566358
0.8365959227085112
0.8251374959945678
0.8218923211097715
0.8415401726961135
0.8264572322368621
0.8287304192781446
0.8320126384496687
0.8232121765613554
0.8310685902833936
0.8352489173412322
0.8375966697931287
0.8186839669942854
0.8375589251518247
0.8342919945716857
0.8347780853509901
0.8343074470758436
0.826479062438011
0.8343074321746825
0.8210195004940032
0.8269478082656859
0.8366333246231078
0.8310562223196027
0.8366333246231078
0.8375966399908065
0.8330070078372953
0.8342700600624083
0.8382401466369628
0.8342700600624083
0.8366333097219465
0.8297026008367536
0.8297026306390761
0.8385599702596662
0.8274232000112531
0.8241562545299528
0.8427029997110366
0.8241562545299528
0.8287673592567442
0.8394030928611753
0.8219290822744367
0.831025034189224
0.8352487385272978
0.8320260643959043
0.8287673592567442
0.8330027759075164
0.8329695910215376
0.8338819444179534
0.8375590145587919
0.8342700600624083
0.8320126384496687
0.831025034189224
0.8209481984376905
0.8296806961297988
0.8320127278566358
0.8366333097219465
0.8264572322368621
0.8319818079471586
0.8366333097219465
0.8311499208211897
0.8297026306390761
0.8375966697931287
0.8366332948207854
0.8330071270465849
0.8292381167411802
0.8343074321746825
0.8297178894281385
0.8342920392751692
0.8241562545299528
0.8342700600624083
0.8366333097219465
0.8366332948207853
0.8265601694583891
0.8343074470758436
0.838251158595085
0.8319818079471586
0.8366333097219465
0.8287584781646727
0.8375966399908065
0.8324910998344419
0.8218923211097715
0.8274233043193815
0.8313359171152114
0.8342919945716857
0.8219441026449201
0.8274233937263488
0.827453553676605
0.8264944255352018
0.8186839669942854
0.8385600149631499
0.8209481984376905
0.8343074321746824
0.8366333097219465
0.8264572322368621
0.8287304192781446
0.8287365138530729
0.8274232447147367
0.8310686051845547
0.8186839669942854
0.826479062438011
0.8209481984376905
0.8343074470758436
0.8319818824529646
0.8219660520553587
0.8352711498737333
0.8319818079471586
0.831056237220764
0.8365959823131559
0.8287304192781446
0.8264572322368621
0.8343074470758436
0.831056237220764
0.827416658401489
0.8352489173412322
0.8241562545299528
0.8241562545299528
0.8274233788251875
0.8219359815120695
0.8342920392751692
0.8274493962526321
0.8319754600524901
0.8310562074184416
0.8241562545299528
0.8366333246231078
0.831981912255287
0.8241562545299528
0.8329695761203764
0.8329695314168928
0.8229255378246306
0.8342700600624083
0.8310686051845547
0.8329695910215376
0.8311499208211897
0.8403695374727247
0.83201265335083
0.8186839669942854
0.8343339264392852
0.8281104415655134
0.8342920392751692
0.8320876508951185
0.8241562545299528
0.8366333097219465
0.824192091822624
0.8352487832307813
0.8320126831531524
0.8366333246231078
0.8287584781646727
0.8255222290754316
0.8343074321746825
0.8264572322368621
0.8264572322368621
0.8264792114496229
0.8287304192781446
0.8218923211097715
0.8319818079471586
0.8320127129554746
0.8165215402841566
0.8296872228384016
0.8352487683296201
0.8347780853509901
0.8219660967588422
0.8319754749536512
0.8274233937263488
0.8365959823131559
0.8264572322368621
0.8352711498737333
0.8365959227085112
0.8366333097219465
0.8264944702386855
0.83296962082386
0.8366332948207853
0.8251743316650388
0.8410640209913252
0.8366333097219465
0.835248902440071
0.831981912255287
0.8264663666486738
0.8375589400529859
0.8209481686353681
0.8343074321746824
0.8319754600524901
0.8310562074184416
0.8352489024400709
0.8343074321746824
0.8366332948207854
0.8186839669942854
0.8352488428354262
0.8375966697931287
0.8287584781646727
0.8342700302600858
0.8219376951456068
0.8330070376396177
0.8310686051845547
0.8218923211097715
0.8352489173412322
0.8330026865005492
0.8366333097219465
0.8319754898548124
0.8219139724969862
0.8196584433317182
0.8366332948207854
0.8365959227085112
0.8375589251518247
0.8375589996576307
0.8385599255561828
0.8196897655725478
0.8342700600624083
0.8241563588380811
0.8382778465747832
0.8352922499179839
0.835951894521713
0.8287304192781446
0.8209632784128188
0.8352489173412322
0.831981912255287
0.8310931026935575
0.8219660520553587
0.8264663666486738
0.8343074321746824
0.8264572322368621
0.8235626965761182
0.8287892788648604
0.8310621082782743
0.8264355361461637
0.8320876359939574
0.8352489173412322
0.8385599255561826
0.8315438479185102
0.8320127278566358
0.8209758996963499
0.8330070078372953
0.830690264701843
0.8264664262533186
0.8370915800333021
0.8342700302600858
0.8306902348995208
0.8342919945716857
0.8336572200059889
0.8403884172439574
0.8375811725854871
0.8375589996576307
0.8342919945716857
0.8320126384496687
0.8274232447147367
0.8287304192781446
0.831056237220764
0.8218923211097715
0.8241562545299528
0.8310562223196027
0.8342700600624083
0.8343074321746824
0.8241997510194776
0.8319818079471586
0.8310562223196027
0.830690264701843
0.8352711349725721
0.8297178596258161
0.8319754749536513
0.8251374959945678
0.8352487683296203
0.8340013772249221
0.8241563588380811
0.8342919945716857
0.8352487385272978
0.8320259898900983
0.8301928788423537
0.8310686051845547
0.8241563588380811
0.830690264701843
0.8186839669942854
0.832012668251991
0.8343074470758436
0.835248902440071
0.8352711349725721
0.8265403509140012
0.8264572322368621
0.8320126831531522
0.8375589251518247
0.8241563588380811
0.8319754749536512
0.8287892788648604
0.8375589549541471
0.8264572322368621
0.8319755047559736
0.8413739204406736
0.8219660520553587
0.8352487385272978
0.8367086648941039
0.8241562545299528
0.8375589698553083
0.8264944702386855
0.827416658401489
0.831981912255287
0.8219290822744367
0.8366333097219465
0.8366332948207853
0.8310561925172805
0.8319916427135465
0.8320126384496687
0.8241563588380811
0.8274233937263488
0.8329696059226988
0.8315294981002805
0.8319754600524901
0.827453553676605
0.8186906278133391
0.8264663666486738
0.8219074308872222
0.8320126831531522
0.8310562223196027
0.8352711349725721
0.8297178745269774
0.8320126831531522
0.8342920392751692
0.8264572322368621
0.83201265335083
0.8310562074184416
0.8155035376548765
0.8218923211097715
0.8219290822744367
0.8342920392751692
0.8343074470758436
0.8232121765613554
0.8342920392751692
0.8186839669942854
0.8319818079471586
0.8209481686353681
0.8342700600624083
0.8264572322368621
0.831981912255287
0.8209481984376905
0.8297025859355924
0.8375589698553083
0.8310562223196027
0.831981912255287
0.8264664262533186
0.8274232447147367
0.8352487832307813
0.835951894521713
0.8310931026935575
0.8342919945716857
0.8210195004940032
0.8398846089839934
0.8367086648941039
0.8319818079471586
0.8413740098476408
0.8241563588380811
0.8264356851577757
0.8343074321746824
0.8209758698940275
0.8297178894281385
0.8343074470758436
0.8287584781646727
0.8241563588380811
0.8274233192205427
0.83201265335083
0.8251524865627287
0.8365959227085112
0.8219660520553587
0.8342700600624083
0.831981912255287
0.8343074470758436
0.8320876508951185
0.8366333097219465
0.8232121765613554
0.8342920392751692
0.8310562223196027
0.8219290226697921
0.8241563588380811
0.8352488428354262
0.8320126384496687
0.8241562545299528
0.8427029997110366
0.8232121765613554
0.8375966995954511
0.8342920392751692
0.8375589251518247
0.8366332948207854
0.8365959823131559
0.8241562545299528
0.8287584781646727
0.8241562992334365
0.8274014592170714
0.8343074470758436
0.8320260792970656
0.8352487832307813
0.8287892788648604
0.8241563588380811
0.8196584582328794
0.8264664262533186
0.8241563588380811
0.8375589698553083
0.8347737342119215
0.8320260494947431
0.8366333097219465
0.834296405315399
0.8310562223196027
0.8366332948207854
0.8320876508951185
0.8297025859355924
0.831056237220764
0.8366333097219465
0.8365959823131559
0.8264944553375242
0.8319754749536512
0.8274232447147367
0.8274165391921996
0.8265601694583891
0.8366333097219465
0.8320127278566358
0.8365959227085112
0.8287304192781446
0.8320126831531522
0.8209481984376905
0.8197021037340163
0.8264944702386855
0.8232121765613554
0.8370881527662277
0.8352711349725721
0.8264663666486738
0.8403695672750472
0.8366333097219465
0.8251374363899229
0.824265733361244
0.8310562223196027
0.8287148773670195
0.8264572322368621
0.8264791518449781
0.8352487683296201
0.8274233192205427
0.8291976898908613
0.8241715580224989
0.8241997510194776
0.8296806961297988
0.8320876508951185
0.8219290226697921
0.832012668251991
0.8255286961793898
0.8209849298000335
0.8342920839786527
0.8287584781646727
0.8241562545299528
0.8310562074184416
0.8319754898548124
0.8366333097219465
0.8375589996576307
0.8313623070716857
0.8343074321746824
0.8287673592567442
0.8313359469175337
0.8264356404542921
0.8352489024400709
0.8264663815498351
0.8264663666486738
0.8242082744836806
0.8342700600624083
0.830690264701843
0.8274536728858946
0.8366332948207854
0.8366332948207853
0.8320876508951185
0.8241563588380811
0.8210195004940032
0.8310562223196027
0.8241822421550749
0.8219660520553587
0.8403694927692411
0.831981912255287
0.8251524865627287
0.8241562545299528
0.8410529941320417
0.832012668251991
0.8241562992334365
0.8264663666486738
0.8380782306194304
0.8319754749536512
0.8342964500188826
0.830690264701843
0.8264944702386855
0.8320126831531522
0.8422291129827497
0.8274014592170714
0.8375965654850004
0.8296806365251539
0.8265601694583891
0.8264791667461393
0.8310562223196027
0.8288120925426481
0.8264356404542921
0.831056237220764
0.8264944702386855
0.8196584582328794
0.8186839669942854
0.8320126831531522
0.8287304192781446
0.8375590145587919
0.831056237220764
0.8375590145587919
0.8274232447147367
0.831056237220764
0.8375590145587919
0.8366332948207853
0.8287673592567442
0.8264572322368621
0.8343074470758436
0.8287585228681562
0.8209849298000335
0.8382778465747832
0.8329695314168928
0.8375966399908064
0.8241563588380811
0.8320126831531522
0.8319754749536513
0.8264944702386855
0.827467545866966
0.8375966995954511
0.8352808505296705
0.8342700600624083
0.8241563588380811
0.8319754749536512
0.8329695314168928
0.8265601843595504
0.8311499208211897
0.8352487683296201
0.8320876359939574
0.8366333097219465
0.8306902796030043
0.83201265335083
0.8264944702386855
0.8319754600524901
0.82196606695652
0.8241562545299528
0.8241562545299528
0.8366333097219465
0.8287584781646727
0.8241562545299528
0.8310686051845547
0.8375967442989347
0.8343074470758436
0.8320876508951185
0.8375589698553083
0.8264572322368621
0.8225597292184827
0.831981912255287
0.826472535729408
0.8375589996576307
0.826442003250122
0.8366333097219465
0.8241563588380811
0.8241563588380811
0.8296806961297988
0.8342920839786527
0.8342920392751692
0.8297026306390761
0.8218923211097715
0.8342920839786527
0.8310686051845547
0.8375589698553083
0.8296806961297988
0.8274232149124143
0.8375590145587919
0.8320260643959043
0.8310685902833936
0.8274233788251876
0.8241563588380811
0.8319818079471586
0.8297456353902816
0.8380517363548278
0.8342920392751692
0.8410640060901641
0.8320127278566358
0.8382778465747832
0.8343074470758436
0.8352487385272978
0.8320126831531522
0.8385599702596664
0.8320126384496687
0.8264572322368621
0.8310562223196027
0.8264944702386855
0.8264944702386855
0.8315294981002805
0.8219074010848998
0.8385600149631499
0.8394311070442199
0.830690264701843
0.8264791518449781
0.8310562223196027
0.8375589996576307
0.8241562545299528
0.8319754600524901
0.8342920392751692
0.8297178745269774
0.8366333097219465
0.8287304192781446
0.8319818079471586
0.8274233043193815
0.8375965803861616
0.8296806961297988
0.8274165391921996
0.8375966697931287
0.8296872228384016
0.8320126384496687
0.8264944255352018
0.8251373767852781
0.8287304192781446
0.8241563588380811
0.8342700600624083
0.8342700302600858
0.8287584781646727
0.8186839669942854
0.833006978034973
0.8329695910215376
0.8287584781646727
0.832012668251991
0.8319818079471586
0.8320126831531522
0.8274536430835722
0.8319754749536512
0.8310562223196027
0.831981912255287
0.8352711349725721
0.8241562545299528
0.831981912255287
0.8287673592567442
0.8284414559602735
0.8264663666486738
0.8375590145587919
0.8186906278133391
0.8164501339197158
0.8310561925172805
0.8320126384496687
0.8287304192781446
0.8366333097219465
0.8209481984376905
0.82196606695652
0.8366333097219465
0.8296806961297988
0.8342700600624083
0.8375966697931287
0.8366333097219465
0.8265601694583891
0.8241563588380811
0.8241563588380811
0.8297026455402373
0.8366333246231078
0.8264944553375242
0.8287148773670195
0.8343074470758436
0.8264944702386855
0.8287304192781446
0.8375589251518247
0.831025034189224
0.8241562545299528
0.8342920392751692
0.8264572322368621
0.8366333097219465
0.8219660967588422
0.8241563588380811
0.8241563588380811
0.8382401466369628
0.8274536430835722
0.8264356404542921
0.8241562545299528
0.8264944702386855
0.8242082744836806
0.8274233788251876
0.831056237220764
0.8209481686353681
0.8342920839786527
0.8219290226697921
0.8371036797761916
0.8329695910215376
0.8380516171455382
0.8196584433317182
0.831981912255287
0.8264944702386855
0.8343074470758436
0.8219074010848998
0.8320521414279936
0.8385600149631499
0.8375966399908065
0.8264663666486738
0.8209481984376905
0.8287673592567442
0.8241563588380811
0.8241562545299528
0.8219073861837385
0.8352487683296201
0.8310562223196027
0.8218923211097715
0.8241563588380811
0.8330070227384565
0.8241563588380811
0.8264572322368621
0.8319818079471586
0.8287148773670195
0.8311499208211897
0.8297025710344312
0.8274232596158979
0.8241562545299528
0.8310931026935575
0.831981912255287
0.8320126086473463
0.8342919945716857
0.8319754749536512
0.8366333246231078
0.8343516141176222
0.833006978034973
0.8320126831531522
0.8229255378246306
0.8319818079471586
0.8342919945716857
0.8342920392751692
0.8366333097219465
0.8251374363899229
0.8343074470758436
0.8264944553375242
0.8209759443998335
0.8342700600624083
0.826472535729408
0.8219290822744367
0.8306902945041655
0.8366333097219465
0.8264944553375242
0.8319818079471586
0.8218923211097715
0.8343183249235153
0.8342920392751692
0.8186839669942854
0.8297025859355924
0.8287303894758222
0.8319755047559736
0.8269477933645247
0.8287584781646727
0.8264355957508086
0.8375966399908065
0.8287148773670195
0.832012668251991
0.8342920392751692
0.8219660520553587
0.8365959823131559
0.8320126831531522
0.8352488428354262
0.8329695761203765
0.831056237220764
0.8375966697931287
0.8366332948207853
0.8297025859355924
0.8320876508951185
0.8209849298000335
0.8319818079471586
0.8218923211097715
0.8264572322368621
0.8343074321746825
0.8342700600624083
0.831130564212799
0.8375966697931287
0.8287304192781446
0.8320127278566358
0.8269489705562589
0.8403694927692411
0.8287585228681562
0.8241562545299528
0.832012668251991
0.8297605961561201
0.8287673592567442
0.8320126384496687
0.8310562223196027
0.8241562545299528
0.8320260792970656
0.8367086499929427
0.8297178596258161
0.8380516171455382
0.8218923211097715
0.8343074321746824
0.8241563588380811
0.831981912255287
0.8264791518449781
0.8264791518449781
0.8264791518449781
0.8375589400529859
0.8264572322368621
0.8274232298135755
0.8241562545299528
0.8367086499929427
0.8342700600624083
0.8320876210927962
0.8297178745269774
0.8264791667461393
0.8319754898548124
0.8366333097219465
0.8352487385272978
0.8342919945716857
0.8186906278133391
0.8274233937263488
0.8164866417646407
0.8264355957508086
0.8297178596258161
0.8264572322368621
0.8274166882038114
0.8218923211097715
0.8310562223196027
0.8403882831335066
0.8310562223196027
0.8310562223196027
0.8219660520553587
0.8287511318922041
0.8352487683296201
0.8329696357250211
0.8187119364738462
0.8410640209913252
0.8264508694410322
0.8218923211097715
0.8329695910215376
0.8209849298000335
0.8297178596258161
0.8375966399908065
0.8320260047912595
0.8242082744836806
0.8352489024400709
0.8308366835117338
0.8264572322368621
0.8336264789104461
0.8297178596258161
0.8366333097219465
0.834767147898674
0.8264664262533186
0.8366333097219465
0.83296962082386
0.8251374363899229
0.8218923211097715
0.8375965803861616
0.8352711498737333
0.8196584135293958
0.8352489024400709
0.8264572322368621
0.8241562992334365
0.8264572322368621
0.8219290822744367
0.8320126384496687
0.8343074470758436
0.8251374363899229
0.8297178745269774
0.8343074470758436
0.8342700600624083
0.82196606695652
0.8274233192205427
0.8375589698553083
0.8274674564599989
0.8264791667461393
0.8218923211097715
0.8394217491149901
0.8375589251518247
0.8329695910215376
0.8342700600624083
0.8352710306644439
0.8343074470758436
0.8296806961297988
0.8196584433317182
0.8399033695459365
0.831130564212799
0.8219660520553587
0.8241562545299528
0.8264572322368621
0.8264572322368621
0.831056237220764
0.8219290822744367
0.831981912255287
0.8320127129554746
0.8342920392751692
0.8264355957508086
0.8264355212450026
0.8274234086275098
0.8241563588380811
0.8219660520553587
0.8362654149532317
0.8307219743728637
0.8155035376548765
0.8342700600624083
0.8343074470758436
0.8287511616945265
0.8397281765937803
0.8366333246231078
0.8274536430835722
0.8320260792970656
0.8319818079471586
0.8219073414802549
0.8320126384496687
0.83296962082386
0.831056237220764
0.8241563588380811
0.8342700302600858
0.8209849298000335
0.8241562545299528
0.8186839669942854
0.8297025859355924
0.8264944702386855
0.8320127278566358
0.8366332948207853
0.8241562545299528
0.8264572322368621
0.8241563588380811
0.8287304192781446
0.8310561925172805
0.8319818079471586
0.8297025859355924
0.835248902440071
0.8281104415655134
0.8209632784128188
0.8375589698553083
0.8209849298000335
0.8264663666486738
0.8287304192781446
0.8264791518449781
0.8319818079471586
0.8274014592170714
0.8287892788648604
0.8320126384496687
0.8319754600524901
0.8264792114496229
0.8209849298000335
0.8338258862495421
0.8375590294599531
0.8342700600624083
0.8264572322368621
0.8255286961793898
0.8264572322368621
0.831981912255287
0.8310686051845547
0.8264355957508086
0.8343293070793151
0.8287673592567442
0.8264663666486738
0.8209849298000335
0.8264944553375242
0.8241563588380811
0.8264572322368621
0.8241563588380811
0.8359464555978773
0.8274232298135755
0.8366333246231078
0.8319755047559736
0.8264664262533186
0.8342700600624083
0.8287892788648604
0.82968071103096
0.8274014592170714
0.8297025859355924
0.8352487385272978
0.8385599702596664
0.8287365138530729
0.8375589251518247
0.8264791518449781
0.8209849298000335
0.8342919945716857
0.8352488428354262
0.8219074457883833
0.8264931738376615
0.8209545314311979
0.831056237220764
0.832012668251991
0.8274233192205427
0.8375589251518247
0.8392144143581389
0.832012668251991
0.8264791518449781
0.8342919945716857
0.8319754600524901
0.8310562223196027
0.832969546318054
0.8320127278566358
0.8310686051845547
0.8342919945716857
0.8297178596258161
0.8329764455556868
0.8186839669942854
0.8342700600624083
0.8296806961297988
0.8320126384496687
0.8366333097219465
0.8310562223196027
0.826479062438011
0.8342700600624083
0.8241562545299528
0.8209481984376905
0.8264355361461637
0.8174612522125244
0.8264572322368621
0.8375589251518247
0.8296806365251539
0.8264572322368621
0.8387305140495298
0.8343074321746824
0.8342700600624083
0.8366333097219465
0.8302149772644041
0.8287304192781446
0.831056237220764
0.8320260643959043
0.8329695910215376
0.8296872228384016
0.8375589400529859
0.8264355957508086
0.8342700600624083
0.8287304192781446
0.8310562223196027
0.8265601694583891
0.8319818079471586
0.8330070078372953
0.8329764306545255
0.8343074470758436
0.8310562223196027
0.8320127278566358
0.8287304192781446
0.8241562992334365
0.8229255378246306
0.8342700600624083
0.8219510018825529
0.8385599702596664
0.8455308079719541
0.8297178596258161
0.8219660520553587
0.8310562223196027
0.8310562223196027
0.8242082744836806
0.8241563588380811
0.8320126384496687
0.8155035525560377
0.8196584582328794
0.8320260792970656
0.8352808207273482
0.8319818079471586
0.8352487683296203
0.8265403509140012
0.8320127278566358
0.8241562545299528
0.8287673592567442
0.8297178596258161
0.8287892788648604
0.8219074010848998
0.8352710008621215
0.8287584781646727
0.8367086499929427
0.8330071270465849
0.8310686051845549
0.8375966995954511
0.8352489024400709
0.8310562074184416
0.8241713941097257
0.8385599702596664
0.8196584433317182
0.8219358772039411
0.8366333246231078
0.8274233192205427
0.8343074470758436
0.8274233937263488
0.8359849154949186
0.8251374363899229
0.8319818079471586
0.8375966697931287
0.8296806365251539
0.8287584781646727
0.8342920392751692
0.8241563588380811
0.8367086499929427
0.8241563588380811
0.8264508694410322
0.8297025859355924
0.8186839669942854
0.8296806961297988
0.8196584582328794
0.8297178596258161
0.8297178745269774
0.8310562074184416
0.8352489024400709
0.8296806365251539
0.8209632784128188
0.8367086648941039
0.8241562545299528
0.8342700600624083
0.8343074321746824
0.8264356404542921
0.8320127278566358
0.8352488428354262
0.832976460456848
0.835248902440071
0.8375590145587919
0.8297178745269774
0.831056237220764
0.8297026306390761
0.8342700600624083
0.8264791667461393
0.8274232447147367
0.8375589996576307
0.8218923211097715
0.8241563588380811
0.8297178745269774
0.8241562545299528
0.8342920839786527
0.8343074470758436
0.8297025859355924
0.8219290226697921
0.8264572322368621
0.8319818079471586
0.8287304192781446
0.8274232447147367
0.8241715580224989
0.8366332948207854
0.8297178596258161
0.8209481984376905
0.8320126384496687
0.8375589996576307
0.8264572322368621
0.8375590145587919
0.82420939207077
0.8342920392751692
0.8343516141176222
0.8320260792970656
0.8287892788648604
0.8264572322368621
0.8264355957508086
0.8319818079471586
0.8375966697931287
0.8375590294599531
0.8287511616945265
0.832012668251991
0.8306902945041655
0.8241562992334365
0.835248902440071
0.8264944702386855
0.8319818079471586
0.8320127278566358
0.8352489024400709
0.8241562545299528
0.8264791518449781
0.836265444755554
0.8219074606895445
0.8375775963068007
0.831130564212799
0.831056237220764
0.8264572322368621
0.8241562545299528
0.8310621082782743
0.8264572322368621
0.831056237220764
0.8375966697931287
0.8320260792970656
0.8375589996576307
0.8366333097219465
0.8342903554439542
0.8241563588380811
0.8352488428354262
0.8342919945716857
0.8320126831531522
0.8365959227085112
0.8264791518449781
0.8343074321746825
0.8365959823131559
0.8274233192205427
0.8219660520553587
0.8287303894758222
0.8352488428354262
0.8342919945716857
0.8320126086473463
0.8297178596258161
0.8264572322368621
0.8352487683296201
0.8385599702596664
0.8352487683296201
0.8370694667100904
0.8241563588380811
0.8343074321746825
0.8274232149124143
0.8342920839786527
0.8287304192781446
0.8319754749536512
0.8375589251518247
0.8342700302600858
0.8366333246231078
0.8343074321746824
0.8196584582328794
0.8218923211097715
0.8218923211097715
0.8287148773670195
0.8342920392751692
0.8342919945716857
0.8209481984376905
0.8218923211097715
0.8342919945716857
0.8296806961297988
0.826472535729408
0.8251373767852781
0.8366333097219465
0.8264355957508086
0.8365959823131559
0.8274233937263488
0.8330070078372953
0.8297178745269774
0.8343074470758436
0.8343074321746825
0.8241562545299528
0.8186839669942854
0.8241563588380811
0.8241562545299528
0.8265403509140012
0.8320126086473463
0.8311499208211897
0.8296806365251539
0.8375589698553083
0.8280908614397047
0.8375589996576307
0.8287365138530729
0.8342700600624083
0.8320126384496687
0.8319818079471586
0.8325206041336057
0.8310931026935575
0.8274233043193815
0.8219510167837142
0.8367086648941039
0.8287892788648604
0.8367086648941039
0.8155035376548765
0.8186906278133391
0.8264944702386855
0.8366333097219465
0.8218923211097715
0.8297178745269774
0.8366333097219465
0.8343074470758436
0.8297178745269774
0.8274014443159101
0.8336572349071502
0.8264572322368621
0.8264792710542677
0.8209481984376905
0.8264572322368621
0.8352711349725721
0.8241563588380811
0.8241563588380811
0.8274233639240263
0.836265444755554
0.8320127278566358
0.8296806365251539
0.8265601694583891
0.8274232447147367
0.8343074321746824
0.8310686051845547
0.8264355957508086
0.8346250951290128
0.8342700600624083
0.8297178745269774
0.8219660520553587
0.8375589996576307
0.8352487385272978
0.8264944702386855
0.8310562074184416
0.8264356851577757
0.8287304192781446
0.8342700600624083
0.8352807164192199
0.8320127278566358
0.8330070376396177
0.8241562545299528
0.8241715580224989
0.8370960503816604
0.8343074470758436
0.8319818079471586
0.8241562545299528
0.8264944702386855
0.8287304192781446
0.8352489024400709
0.831981912255287
0.8366332948207854
0.8319754600524901
0.8274232447147367
0.8219073414802549
0.8320259898900983
0.8366333097219465
0.8209481984376905
0.832012668251991
0.831981912255287
0.824265733361244
0.8241562843322752
0.8274014443159101
0.830690264701843
0.8209545314311979
0.8274014592170714
0.8241562545299528
0.8287892788648604
0.8330070078372953
0.8319754600524901
0.8320260047912595
0.839421659708023
0.8319754600524901
0.8319818079471586
0.8209849298000335
0.8264944702386855
0.8196584433317182
0.8352489024400709
0.8241562545299528
0.8241562545299528
0.8343074470758436
0.832976460456848
0.8310931026935575
0.8296914994716642
0.8209849298000335
0.8264572322368621
0.8311499208211897
0.8375967442989347
0.8186839669942854
0.834778070449829
0.8218923211097715
0.831056237220764
0.8310562074184416
0.8385599702596664
0.8375966995954511
0.8296806961297988
0.8296872675418853
0.826442003250122
0.8264944553375242
0.8218923211097715
0.8352487683296203
0.8352488428354262
0.8241563588380811
0.8371179252862928
0.8296806365251539
0.83296962082386
0.8287303894758222
0.8310562074184416
0.8320127278566358
0.8342920392751692
0.8241562545299528
0.8269477933645247
0.8310685902833936
0.8241562545299528
0.8297178745269774
0.8252034485340116
0.831056237220764
0.8287673592567442
0.8352489024400709
0.8342920392751692
0.8342919945716857
0.8264790475368498
0.8251524865627287
0.8196584433317182
0.8264572322368621
0.8219074308872222
0.8296806961297988
0.8264944702386855
0.8319754600524901
0.8296806961297988
0.8196584582328794
0.8336572498083112
0.8296806961297988
0.8274014592170714
0.827467307448387
0.8287304192781446
0.8242206424474715
0.8329765200614928
0.8342700600624083
0.8297178745269774
0.8219290822744367
0.8287304192781446
0.8274493962526321
0.8287673592567442
0.8241563588380811
0.8366333246231078
0.8264664262533186
0.8209632784128188
0.8343074321746824
0.8219376951456068
0.8352487385272978
0.8264792114496229
0.8241562545299528
0.826472535729408
0.8343074321746825
0.839440733194351
0.8342920392751692
0.82968071103096
0.8274233788251876
0.8186839669942854
0.8251373767852781
0.8310685902833936
0.8320126384496687
0.826472535729408
0.8264572322368621
0.8264663666486738
0.838051676750183
0.8296806961297988
0.8392353355884552
0.8279323130846021
0.8359464555978773
0.8362807333469389
0.8287304192781446
0.8367086499929427
0.8320260047912595
0.8241562545299528
0.8375589400529859
0.8218923211097715
0.8241563588380811
0.8320127278566358
0.8274014592170714
0.8320127278566358
0.8241563588380811
0.8264572024345397
0.8330070078372953
0.8218923211097715
0.8241562545299528
0.8186839669942854
0.8251374363899229
0.8264944702386855
0.8320876508951185
0.8297178596258161
0.8352489024400709
0.8310562223196027
0.8342919945716857
0.8241563588380811
0.8366332948207854
0.8264664262533186
0.8219290822744367
0.8319818079471586
0.8375590145587919
0.83201265335083
0.8319818079471586
0.8241562545299528
0.8264572024345397
0.8196584433317182
0.8342920392751692
0.8264572322368621
0.831981912255287
0.831981912255287
0.8366333246231078
0.8320876508951185
0.831056237220764
0.8385599255561826
0.8296806365251539
0.8264944553375242
0.8274536430835722
0.8241997510194776
0.8365959227085112
0.8320260792970656
0.8310686051845549
0.8352808654308317
0.8343074321746824
0.8375589549541471
0.8218923211097715
0.8310686051845549
0.8366332948207854
0.8241563588380811
0.8310562223196027
0.8218923211097715
0.8218923211097715
0.8342700600624083
0.8343074321746824
0.8375589549541471
0.8264356404542921
0.8296806961297988
0.8209481686353681
0.8375589698553083
0.8342700600624083
0.8375589251518247
0.8352487683296201
0.8196584433317182
0.8320876210927962
0.8352489024400709
0.8375966399908065
0.8320876359939574
0.8375966697931287
0.82196606695652
0.8319818079471586
0.8330070078372953
0.8370693922042844
0.8241562545299528
0.8342919945716857
0.8352489173412322
0.831130564212799
0.8343074470758436
0.831025034189224
0.8219074010848998
0.831981912255287
0.8241562545299528
0.8274232447147367
0.8366238325834272
0.8352752625942228
0.8241563588380811
0.8352487683296203
0.837590917944908
0.8264944553375242
0.8320126831531524
0.8274233639240263
0.8347891271114347
0.8366333097219465
0.830690264701843
0.8274232447147367
0.8241562545299528
0.8264944702386855
0.8319818079471586
0.8375589251518247
0.8306902796030043
0.8209545314311979
0.8343074321746824
0.8343074470758436
0.8218923211097715
0.8287673592567442
0.8186839669942854
0.8219660520553587
0.8251374959945678
0.8219660520553587
0.8241562545299528
0.8264792710542677
0.8343074470758436
0.8342700600624083
0.8219290822744367
0.8155035525560377
0.8342700600624083
0.8274233639240263
0.8352489024400709
0.8209545314311979
0.8251524865627287
0.8375589996576307
0.8241562545299528
0.8336197584867475
0.8342920839786527
0.8303592205047605
0.8352487385272978
0.8297178596258161
0.8324757069349288
0.8366333097219465
0.8343074321746825
0.8342919945716857
0.8241563588380811
0.832976460456848
0.8264944255352018
0.8241563588380811
0.8320127278566358
0.8241823613643644
0.8296806961297988
0.8241562545299528
0.8310561925172805
0.8375589400529859
0.8219660520553587
0.8264944702386855
0.8274233788251875
0.8297123461961745
0.8297025859355924
0.8251374959945678
0.8246945738792418
0.8320126682519912
0.8186839669942854
0.8385599702596664
0.8375589698553083
0.8287304192781446
0.8392144143581389
0.8375589698553083
0.8342700600624083
0.8274233937263488
0.834318310022354
0.833007127046585
0.831981912255287
0.831981912255287
0.8352487683296201
0.8329695910215376
0.833006978034973
0.8297026306390761
0.8218923211097715
0.834767013788223
0.8241563588380811
0.8287303894758222
0.8385599702596664
0.8241563588380811
0.831981912255287
0.8352753221988677
0.8342700302600858
0.8375967741012572
0.8287304192781446
0.8342700600624083
0.8362654149532317
0.832008123397827
0.8241998851299284
0.8241562545299528
0.8310562223196027
0.8375589400529859
0.8174246251583098
0.8264572322368621
0.8320126384496687
0.8196584582328794
0.8365959227085112
0.8366333097219465
0.8342700600624083
0.8274233788251875
0.8352487385272978
0.8274537175893781
0.8380517363548278
0.8274232447147367
0.827416658401489
0.8342700600624083
0.8320127129554746
0.8352487683296203
0.8186906278133391
0.8264944255352018
0.8342919945716857
0.8342700600624083
0.8366333097219465
0.8241563588380811
0.8287304192781446
0.8310685902833936
0.8375589251518247
0.8366333097219465
0.8264572322368621
0.8274674564599989
0.8219290226697921
0.8296806365251539
0.8320260494947431
0.8366333097219465
0.8297178745269774
0.8229255378246306
0.8251783996820448
0.8264572322368621
0.8297178745269774
0.8241563588380811
0.835958644747734
0.8343074321746824
0.8241562545299528
0.8287365138530729
0.8320127278566358
0.8320126384496687
0.8219290971755979
0.8342700600624083
0.8264944702386855
0.8336198180913924
0.8264572024345397
0.8375589251518247
0.8310562074184416
0.833007127046585
0.8242082744836806
0.8297026306390761
0.8342920839786527
0.8382512032985686
0.8310562223196027
0.8287584781646727
0.8274536430835722
0.8274233788251876
0.8320127129554746
0.8342700600624083
0.8319818079471586
0.8274536430835722
0.8366333097219465
0.8264944553375242
0.8403694927692411
0.8310685902833936
0.8330071270465849
0.8410640209913252
0.831981912255287
0.8210195004940032
0.8196584433317182
0.8352489024400709
0.8165215402841566
0.8366333097219465
0.8342920392751692
0.8241562545299528
0.8274232447147367
0.8310685902833936
0.8241715580224989
0.833006978034973
0.8186839669942854
0.8174612522125244
0.8352487683296201
0.8375966697931287
0.8297178745269774
0.8255222290754316
0.8375589996576307
0.8264572322368621
0.8219660967588422
0.8297178745269774
0.8251373767852781
0.8265601694583891
0.8274233788251875
0.8342700600624083
0.8264356404542921
0.8264944553375242
0.8366333097219465
0.8196584433317182
0.8219074606895445
0.831025034189224
0.8359517902135847
0.8319754600524901
0.8375589400529859
0.834001377224922
0.8209632784128188
0.8186839669942854
0.8319818079471586
0.8264664262533186
0.8382778614759443
0.8329765796661375
0.8241562545299528
0.8287584781646727
0.8264356404542921
0.8306902348995208
0.8274014443159101
0.8292764723300933
0.831056237220764
0.826472535729408
0.8264572322368621
0.82196606695652
0.8310686051845549
0.8241563588380811
0.8297178894281385
0.8366333246231078
0.8336572349071502
0.8287148773670195
0.8342920392751692
0.8264356404542921
0.8264572322368621
0.8241878300905225
0.8242082744836806
0.8241563588380811
0.8274233788251876
0.8209481984376905
0.8352488428354262
0.8241562992334365
0.8241562992334365
0.8310685902833936
0.8219290822744367
0.8352711349725721
0.8311499059200285
0.8367086648941039
0.8209849298000335
0.8264944702386855
0.8342920839786527
0.8229255378246306
0.8352488428354262
0.8218923211097715
0.8352711349725721
0.8310562074184416
0.8342920392751692
0.8241563588380811
0.8367086499929427
0.8219290822744367
0.8219074010848998
0.8164350986480712
0.8352487683296201
0.8236874043941498
0.8367086499929427
0.8365959227085112
0.8366333097219465
0.8319818079471586
0.8342700600624083
0.8296806961297988
0.8336198180913924
0.8297178596258161
0.8142229020595548
0.8297123312950132
0.8342920839786527
0.8264356404542921
0.82196606695652
0.8330070078372953
0.8342920392751692
0.8366332948207854
0.8342920392751692
0.824199929833412
0.8264572322368621
0.8241563588380811
0.8274233788251875
0.8329695761203764
0.8366333246231078
0.8343074470758436
0.8251798152923583
0.8251373767852781
0.8264944553375242
0.8375589698553083
0.8264944255352018
0.8164866417646407
0.8218923211097715
0.8264944702386855
0.8251373767852781
0.8310562223196027
0.8310562223196027
0.8365959227085112
0.8365959227085112
0.8330070376396177
0.8274014592170714
0.8343074321746825
0.8320127278566358
0.8319818526506422
0.831130564212799
0.8287892788648604
0.8219290822744367
0.8375589698553083
0.8342920392751692
0.8264944702386855
0.8342700600624083
0.8320126831531522
0.8343074470758436
0.8330070823431013
0.8340013623237609
0.8241562545299528
0.8366333246231078
0.8219660520553587
0.8385599255561828
0.8264572322368621
0.8375589251518247
0.8375589996576307
0.8287673592567442
0.8296806961297988
0.8209849298000335
0.8310931026935575
0.83201265335083
0.8352488428354262
0.8342700600624083
0.8320876359939574
0.8319818079471586
0.8352489173412322
0.8366333246231078
0.8219290971755979
0.8274233788251875
0.8219074606895445
0.8264663815498351
0.833006978034973
0.8338134735822675
0.8343019634485244
0.8264572322368621
0.8297178596258161
0.8375589996576307
0.8241562545299528
0.8320126086473463
0.831056237220764
0.831056237220764
0.8218923211097715
0.8297178894281385
0.83296962082386
0.8274675160646436
0.8342700600624083
0.8196584433317182
0.8264572322368621
0.8297025859355924
0.8284414559602735
0.8241562545299528
0.8164350688457488
0.8296806961297988
0.8310562223196027
0.8241563588380811
0.8209481984376905
0.830690264701843
0.8297026455402373
0.832976460456848
0.832012668251991
0.8319818526506422
0.8352489173412322
0.8241563588380811
0.832969546318054
0.8342919945716857
0.8241562545299528
0.8255286961793898
0.8342920392751692
0.8319754600524901
0.8320126831531524
0.8343074470758436
0.8310562223196027
0.8251798152923583
0.8297025859355924
0.8366333097219465
0.82196606695652
0.8219660520553587
0.8274536430835722
0.8241563588380811
0.8241562545299528
0.8352487832307813
0.8219290822744367
0.8229255080223081
0.8343074321746825
0.8287304192781446
0.8352711349725721
0.8236874639987944
0.8367086648941039
0.8343074321746824
0.8310562223196027
0.8342919945716857
0.8287304192781446
0.8265601843595504
0.8274231851100919
0.8320127278566358
0.8264356851577757
0.8319818079471586
0.8352489173412322
0.8296806961297988
0.8264355957508086
0.8264572322368621
0.8320126831531522
0.8375590145587919
0.8296806365251539
0.8229255378246306
0.8287673592567442
0.8274536430835722
0.8367086499929427
0.8375589996576307
0.8274232298135755
0.8219660520553587
0.8366333097219465
0.8320126384496687
0.8319818079471586
0.8241562545299528
0.8264725208282468
0.8287148773670195
0.8365959227085112
0.8241563588380811
0.8155035376548765
0.8274232149124143
0.8264356404542921
0.8241563588380811
0.8367086648941039
0.8242206424474715
0.8287304192781446
0.8375966697931287
0.8306902945041655
0.8297178745269774
0.8287673592567442
0.8311499208211897
0.8287673592567442
0.8343074321746824
0.8241563588380811
0.8209849298000335
0.8241563588380811
0.8366333097219465
0.8366333097219465
0.8352489173412322
0.8264356404542921
0.8375967741012572
0.8320260792970656
0.8366332948207853
0.8219660520553587
0.8274233192205427
0.8264356404542921
0.8264572322368621
0.8287584781646727
0.8209481984376905
0.8310686051845549
0.8342700600624083
0.8219359219074247
0.8219290226697921
0.8329695314168928
0.8287365138530729
0.831981912255287
0.838251158595085
0.8343074321746825
0.8375589251518247
0.8296806961297988
0.8343074470758436
0.8320260643959043
0.8352487683296203
0.8251374363899229
0.8310562223196027
0.8297178894281385
0.8346250802278516
0.8371036797761916
0.8241562545299528
0.830690249800682
0.8241562545299528
0.832969546318054
0.8241563588380811
0.825522258877754
0.8375590145587919
0.8352711498737333
0.8352487683296203
0.8352711498737333
0.8241563588380811
0.8241563588380811
0.8264791965484617
0.833006978034973
0.8284414559602735
0.8264944553375242
0.8219359219074247
0.8264663368463515
0.8342700600624083
0.8352487683296203
0.8310562223196027
0.8330071270465849
0.8319818824529646
0.8319818079471586
0.8320876359939574
0.8287673592567442
0.8287148773670195
0.8209632784128188
0.8320127278566358
0.8264944255352018
0.8210195004940032
0.8274232298135755
0.8274012506008146
0.8366332948207854
0.8319818079471586
0.8218923211097715
0.8366333097219465
0.8287892788648604
0.8241562545299528
0.8375589996576307
0.8343074321746824
0.8251373767852781
0.8287673592567442
0.8284414112567899
0.8219441026449201
0.8366333097219465
0.831056237220764
0.8219074010848998
0.8219290226697921
0.8365959227085112
0.8218923211097715
0.8265403509140012
0.8219660520553587
0.8264572322368621
0.8287673592567442
0.8274232596158979
0.8342920392751692
0.8330070823431013
0.8264572024345397
0.8241563588380811
0.8375966399908065
0.8241562545299528
0.8241563588380811
0.8218923211097715
0.8320127278566358
0.8274232447147367
0.8319818079471586
0.8274233639240263
0.8347141146659849
0.8366333097219465
0.8311499208211897
0.8209481984376905
0.8287892788648604
0.8274232149124143
0.8380671143531797
0.8342700600624083
0.8241562545299528
0.8264572322368621
0.827453553676605
0.8375589400529859
0.8241562545299528
0.8264356851577757
0.8241562545299528
0.8320126831531524
0.842740550637245
0.8320260643959043
0.8241562545299528
0.8186839669942854
0.8264944553375242
0.8241563588380811
0.8264572322368621
0.8366333097219465
0.8398846238851545
0.8219074606895445
0.8367086648941039
0.8209545314311979
0.8251374363899229
0.8352710008621215
0.8320126682519912
0.8274014592170714
0.8310562223196027
0.8241563588380811
0.8219660520553587
0.8375589251518247
0.8219290822744367
0.8287673592567442
0.8352489173412322
0.8241563588380811
0.8324832916259765
0.8264944255352018
0.8408700525760648
0.8219660520553587
0.8186839669942854
0.8186906278133391
0.8274231851100919
0.8320126384496687
0.8196584433317182
0.8310562223196027
0.8241563588380811
0.830690264701843
0.8264944702386855
0.8319818079471586
0.832012668251991
0.8274232149124143
0.8319754600524901
0.8320260643959043
0.8274014592170714
0.8274233788251876
0.8264572322368621
0.8330070376396177
0.8297025859355924
0.8264664113521574
0.824199929833412
0.8329696357250211
0.8329696506261823
0.8319819122552871
0.826479226350784
0.8320876508951185
0.8264572322368621
0.8265601843595504
0.8209545314311979
0.8287304192781446
0.8319818079471586
0.8155035376548765
0.8375966399908065
0.8319818079471586
0.832969546318054
0.8264355957508086
0.8287673592567442
0.8319755047559736
0.8375966399908065
0.8375589251518247
0.8287584781646727
0.8296806961297988
0.8319754600524901
0.8375589698553083
0.8196584433317182
0.8366333097219465
0.8320126831531522
0.8343074470758436
0.831130564212799
0.8297178894281385
0.8375589400529859
0.8287673592567442
0.8196584433317182
0.83201265335083
0.8375589996576307
0.8375589698553083
0.8342700600624083
0.8186839669942854
0.8310686051845547
0.8297178745269774
0.8375589251518247
0.8209849298000335
0.8375589400529859
0.8365959227085112
0.8264663666486738
0.8209632784128188
0.8366333097219465
0.8352711349725721
0.8366333097219465
0.8320127278566358
0.8392144143581389
0.8375590294599531
0.8241562545299528
0.8329695910215376
0.8264944553375242
0.8264572024345397
0.8366333097219465
0.8375589996576307
0.8425366580486295
0.8264944702386855
0.8310931026935575
0.8342700600624083
0.831056237220764
0.8311499208211897
0.8365959823131559
0.8311499208211897
0.8329695910215376
0.832018047571182
0.8319818526506422
0.8413738608360288
0.8241562545299528
0.8342919945716857
0.8319818079471586
0.826910838484764
0.8218923211097715
0.8241562545299528
0.8319818526506422
0.8366333097219465
0.8367086648941039
0.8320126831531522
0.8310562074184416
0.8342700600624083
0.8311499208211897
0.8274537175893781
0.8241562545299528
0.8274014592170714
0.8310686051845547
0.8366333246231078
0.8343074321746824
0.8310685902833936
0.83201265335083
0.8352489173412322
0.8219074010848998
0.8320126384496687
0.8343074321746825
0.8241562545299528
0.8251374959945678
0.8209849298000335
0.8209849298000335
0.8375589996576307
0.8219074010848998
0.8296806961297988
0.8264944702386855
0.8392145633697509
0.8329695165157316
0.8241563588380811
0.8310562074184416
0.8287304192781446
0.8264791518449781
0.8287673592567442
0.8251374363899229
0.842725098133087
0.8310562074184416
0.8343074321746824
0.8320127278566358
0.8287304192781446
0.83296962082386
0.8241997510194776
0.8264664262533186
0.8320126831531522
0.8365959227085112
0.8320126831531522
0.8287585228681562
0.827453553676605
0.8287304192781446
0.8366333246231078
0.830230042338371
0.8241562545299528
0.8296806365251539
0.8343074470758436
0.8352487385272978
0.8264572322368621
0.8343074321746825
0.831981912255287
0.8297178745269774
0.8297026306390761
0.8366332948207854
0.8251373767852781
0.8296806961297988
0.8352487832307813
0.8241563588380811
0.8274536430835722
0.8219074606895445
0.8343360722064971
0.8209758698940275
0.8219290822744367
0.8264572322368621
0.8296806365251539
0.8186839669942854
0.8366333097219465
0.8209545314311979
0.8392145484685897
0.8241563588380811
0.8366333097219465
0.8342964500188826
0.8320127278566358
0.8319754749536513
0.8342700600624083
0.82968071103096
0.8209849298000335
0.8219660520553587
0.8398877084255216
0.8387499153614042
0.8320876210927962
0.8366333097219465
0.8264944553375242
0.8303911387920379
0.8319818079471586
0.8342919945716857
0.8264790475368498
0.8319754749536512
0.8352489173412322
0.825522258877754
0.833006978034973
0.8241998851299284
0.8241562545299528
0.8241563588380811
0.8342700600624083
0.8342700600624083
0.8375966399908065
0.8343074470758436
0.8241562545299528
0.8366333246231078
0.8274232596158979
0.8264572322368621
0.832969546318054
0.8352487683296201
0.8375966697931287
0.8287673592567442
0.8218923211097715
0.8241563588380811
0.8186839669942854
0.8342700600624083
0.8287584781646727
0.8241715580224989
0.8366333246231078
0.8264572322368621
0.8375965803861616
0.8287584781646727
0.8186839669942854
0.8264944255352018
0.8319818824529646
0.8375589996576307
0.826442003250122
0.8352488428354262
0.8218923211097715
0.8310685902833936
0.8296806961297988
0.8375966697931287
0.8209758698940275
0.8343074321746824
0.8320126384496687
0.8320127278566358
0.8342700600624083
0.8352489024400709
0.8287892788648604
0.8342919945716857
0.8241563588380811
0.8264664262533186
0.8297026306390761
0.8343074321746824
0.8310686051845547
0.8343074470758436
0.8320126831531522
0.8296806961297988
0.8264356404542921
0.8310562223196027
0.8342700600624083
0.8287673592567442
0.8251373767852781
0.8297178596258161
0.8219660520553587
0.8287304192781446
0.8264572024345397
0.8310562223196027
0.8219660520553587
0.8320127129554746
0.8311499059200285
0.8241563588380811
0.8342700600624083
0.833007127046585
0.8196584582328794
0.826442003250122
0.8274232447147367
0.8366332948207853
0.8287148773670195
0.8241563588380811
0.831130564212799
0.8219290822744367
0.8366332948207854
0.8352487683296203
0.8365959227085112
0.8352489173412322
0.8320127129554746
0.8399197757244108
0.8274232596158979
0.8347737640142439
0.8375589251518247
0.8319818824529646
0.8219290226697921
0.8264572322368621
0.8287673592567442
0.8274232298135755
0.8219290822744367
0.8367086499929427
0.8219290822744367
0.8367086648941039
0.8264572322368621
0.8264356404542921
0.8367086648941039
0.8241562545299528
0.8366333097219465
0.8320260047912595
0.8352488428354262
0.8186906278133391
0.8264572322368621
0.8352487683296201
0.8367086499929427
0.8367086648941039
0.8241562545299528
0.8375589549541471
0.8366333097219465
0.831056237220764
0.8385599255561826
0.8241562545299528
0.8342700600624083
0.8375966399908065
0.8274233937263488
0.8329765200614928
0.8274232745170591
0.8186906278133391
0.8251374959945678
0.8367086499929427
0.831981912255287
0.8343504071235655
0.832012668251991
0.8241562545299528
0.8320126831531522
0.8274233192205427
0.8274232298135755
0.8241562545299528
0.8297178596258161
0.8375965654850004
0.8219290226697921
0.8264944255352018
0.8366333097219465
0.8366333097219465
0.8319818079471586
0.831981912255287
0.8297178745269774
0.8196584433317182
0.82968071103096
0.8342920839786527
0.8209481686353681
0.8347857445478437
0.8375589698553083
0.8310931026935575
0.8320126831531522
0.8251373767852781
0.8343074470758436
0.8320126831531522
0.8241562545299528
0.8342700600624083
0.8196584582328794
0.8342920392751692
0.8382401466369628
0.8241563588380811
0.8320127129554746
0.8342920392751692
0.8264944553375242
0.8375590145587919
0.8209849298000335
0.8241563588380811
0.8264664262533186
0.8209481984376905
0.83201265335083
0.8274232447147367
0.8319818079471586
0.8375589996576307
0.8382736593484876
0.8297178745269774
0.8229255080223081
0.8297178894281385
0.8342700600624083
0.8297178894281385
0.8352489173412322
0.8209849298000335
0.8219074010848998
0.830690264701843
0.8385599404573438
0.8287365138530729
0.8264664262533186
0.8241563588380811
0.8310686051845549
0.8264791518449781
0.831056237220764
0.8310562223196027
0.8343516141176222
0.8241563588380811
0.8284413814544676
0.8319754600524901
0.8287304192781446
0.8320126831531524
0.8241562545299528
0.827423334121704
0.8241877257823942
0.8342919945716857
0.831056237220764
0.8329765200614928
0.8209758996963499
0.8375590294599531
0.8252035379409788
0.8375590145587919
0.8319754749536513
0.831981912255287
0.8375966399908065
0.8366333246231078
0.8284413814544676
0.8319754600524901
0.8359253406524656
0.8366333097219465
0.8375966399908065
0.8320876210927962
0.831981912255287
0.8264572322368621
0.8342920839786527
0.8329695314168928
0.8310562223196027
0.8241563588380811
0.8264572322368621
0.8209481686353681
0.8320180773735044
0.8219290226697921
0.8367086499929427
0.8366333097219465
0.8284263610839842
0.8366333097219465
0.8265601843595504
0.8385599702596662
0.8366332948207854
0.8366333246231078
0.8274233788251875
0.8241562545299528
0.8352487832307813
0.8274013102054594
0.8242082744836806
0.831056237220764
0.8287304192781446
0.8342700302600858
0.8287148773670195
0.8366333246231078
0.831981912255287
0.8343074321746825
0.8229255378246306
0.8219290822744367
0.82968071103096
0.838753744959831
0.8385600149631499
0.830690264701843
0.8375589698553083
0.8320876210927962
0.834001377224922
0.8352489024400709
0.8209632784128188
0.8375589549541471
0.8319755047559736
0.8287673592567442
0.8366333097219465
0.8264572322368621
0.8320260494947431
0.8319818079471586
0.8375590294599531
0.8297178745269774
0.8209758698940275
0.8319754153490064
0.8241562545299528
0.8352711349725721
0.8319818079471586
0.8242082744836806
0.8342700600624083
0.8241562545299528
0.8375589996576307
0.8241562545299528
0.8352488428354262
0.8343074321746824
0.82196606695652
0.8366333097219465
0.824199929833412
0.8264663666486738
0.824199929833412
0.8310931026935575
0.8342700302600858
0.8343074470758436
0.833006978034973
0.8274165391921996
0.8287304192781446
0.8367086648941039
0.8375589996576307
0.8264572322368621
0.8366333097219465
0.8264663666486738
0.8219290226697921
0.8287304192781446
0.8288121372461317
0.831130564212799
0.831056237220764
0.8375966697931287
0.8366333097219465
0.8264572322368621
0.8287584781646727
0.8319754600524901
0.8264944702386855
0.8342920392751692
0.8343074470758436
0.8265030384063718
0.8264944553375242
0.837577536702156
0.8375965654850004
0.8284263610839842
0.8319754898548124
0.8219074010848998
0.8310686051845547
0.8264355957508086
0.8241563588380811
0.8352711498737333
0.8287673592567442
0.8264572322368621
0.8264572322368621
0.8343074321746824
0.8219660520553587
0.8342700600624083
0.8196584582328794
0.8296806961297988
0.82196606695652
0.8210195004940032
0.8342920392751692
0.8264790475368498
0.8241563588380811
0.8343074321746824
0.8241563588380811
0.831981912255287
0.82968732714653
0.8274233788251876
0.8319818079471586
0.8310562223196027
0.8296872228384016
0.8342700600624083
0.8343074321746824
0.8241562545299528
0.8287148773670195
0.825522258877754
0.8366333097219465
0.8427029848098753
0.83296962082386
0.8264356851577757
0.8241562545299528
0.8219074606895445
0.8264944702386855
0.8375590294599531
0.8219290822744367
0.8264792114496229
0.8186839669942854
0.8287304192781446
0.8274675160646436
0.8264663666486738
0.8296806365251539
0.8366333097219465
0.8362654745578764
0.8264791965484617
0.832969546318054
0.8219359815120695
0.8218923211097715
0.8319754600524901
0.8342700600624083
0.8297026455402373
0.8385599255561828
0.8219358772039411
0.8296806365251539
0.8385600149631499
0.8219290822744367
0.8375589400529859
0.8241562545299528
0.8342920839786527
0.8366333097219465
0.8241562545299528
0.8375965803861616
0.8343074321746824
0.827467307448387
0.8219290822744367
0.830690264701843
0.8287304192781446
0.8241562545299528
0.8342920392751692
0.8330071270465849
0.8274232298135755
0.8264572322368621
0.8375589400529859
0.8219441026449201
0.8241715580224989
0.82196606695652
0.8241562545299528
0.8352489173412322
0.8210195451974868
0.8241562992334365
0.8251374363899229
0.8320126086473463
0.8375967442989347
0.8251374959945678
0.8319818824529646
0.8320126384496687
0.8342919945716857
0.8219509571790694
0.8375966399908065
0.8342700600624083
0.8343074321746824
0.8251524865627287
0.8296806365251539
0.8343229889869688
0.8218923211097715
0.8274232447147367
0.8264356404542921
0.8367086648941039
0.8251374363899229
0.8209632784128188
0.8274233937263488
0.8336572498083112
0.8310562223196027
0.8241563588380811
0.8219660520553587
0.8209849298000335
0.8347857445478438
0.8264356404542921
0.8297178745269774
0.8287304192781446
0.8375589698553083
0.8320127278566358
0.8366333097219465
0.8274166136980055
0.8366333246231078
0.82196606695652
0.8380781263113021
0.8255286961793898
0.8251374959945678
0.8251374959945678
0.8342700600624083
0.8310685902833936
0.8319818079471586
0.831056237220764
0.8342700600624083
0.8264664262533186
0.8319818526506422
0.8219660520553587
0.831981912255287
0.8342920392751692
0.8375590145587919
0.8274232596158979
0.8209849298000335
0.8186839669942854
0.831981912255287
0.8297026008367536
0.8342920392751692
0.831981912255287
0.8287673592567442
0.831056237220764
0.8274014592170714
0.8241563588380811
0.8241562545299528
0.8366333246231078
0.8329696357250211
0.8366332948207854
0.8242082744836806
0.8186839669942854
0.8366333246231078
0.8251373767852781
0.838251158595085
0.8343074321746825
0.8241562545299528
0.8264791965484617
0.8365959227085112
0.8264944702386855
0.8369155526161193
0.838251158595085
0.8297178745269774
0.8352487683296201
0.83113057911396
0.831025034189224
0.8274232447147367
0.8241562545299528
0.8209481686353681
0.8274233937263488
0.8342700600624083
0.8196843862533568
0.8219290226697921
0.8265601694583891
0.8319818079471586
0.8264664262533186
0.8241563588380811
0.8209849298000335
0.8210195004940032
0.8251374363899229
0.8264664262533186
0.8343074321746824
0.8320126831531522
0.8342920392751692
0.8186839669942854
0.8375965803861616
0.8320876508951185
0.8367086499929427
0.8264791667461393
0.8342920839786527
0.8264664262533186
0.8342700600624083
0.8329695910215376
0.8359253853559492
0.8320126831531522
0.825522258877754
0.8352487385272978
0.8310561925172805
0.8292194604873655
0.8369419574737548
0.8241562545299528
0.8329696357250211
0.8375589996576307
0.8251374959945678
0.8264944553375242
0.8320259898900983
0.8274014592170714
0.8366332948207854
0.8287304192781446
0.8343074470758436
0.8274233192205427
0.8287584781646727
0.8219660520553587
0.8310686051845549
0.8297178894281385
0.8287673592567442
0.8310931026935575
0.8320127278566358
0.8342919945716857
0.8342920839786527
0.8310562074184416
0.8219660520553587
0.818710833787918
0.8310562223196027
0.8375590145587919
0.831056237220764
0.8375590294599531
0.8375965803861616
0.8352711498737333
0.8366332948207853
0.8320126086473463
0.8264572322368621
0.8382736593484876
0.8287584781646727
0.8264356404542921
0.8342700600624083
0.8375589400529859
0.8352487832307813
0.8343074470758436
0.8352487832307813
0.8264572322368621
0.8284263908863067
0.8229255080223082
0.8196584433317182
0.831981912255287
0.8303855806589124
0.8241562545299528
0.8241563588380811
0.831981912255287
0.8264791667461393
0.8218923211097715
0.8352487385272978
0.8375966399908065
0.8241562545299528
0.8375589996576307
0.8352487683296203
0.8415588289499282
0.8274014443159101
0.8296806365251539
0.8310562074184416
0.8264791518449781
0.8287304192781446
0.8343074321746824
0.8241563588380811
0.8264944702386855
0.8375966697931287
0.8274233937263488
0.8265403509140012
0.8370915800333021
0.8241563588380811
0.8320876508951185
0.8241562545299528
0.8274232447147367
0.8186839669942854
0.8246912509202955
0.8218923211097715
0.831981912255287
0.8366333246231078
0.8241562545299528
0.831981912255287
0.8287673592567442
0.8264356404542921
0.8241562545299528
0.8342700600624083
0.8352753221988677
0.8385600149631499
0.8219358772039411
0.83201265335083
0.8196584582328794
0.8375589698553083
0.8329764455556868
0.8330071270465849
0.8186839669942854
0.8342920392751692
0.8296806961297988
0.8287673592567442
0.8415401726961135
0.8375966697931287
0.8287673592567442
0.8375966697931287
0.8219660520553587
0.8209849298000335
0.835248902440071
0.8209697902202605
0.8219290822744367
0.8319818079471586
0.830690264701843
0.82968071103096
0.8329765200614928
0.8274233937263488
0.8241562545299528
0.8319818079471586
0.8320260494947431
0.8186839669942854
0.8375966995954511
0.8342700600624083
0.8287304192781446
0.8264572322368621
0.8352487832307813
0.8264572322368621
0.8264663666486738
0.8310685902833936
0.832969546318054
0.8218923211097715
0.8375965654850004
0.8255286067724228
0.8274233788251875
0.8241562545299528
0.8362654745578764
0.8219290822744367
0.8385600149631499
0.8164866417646407
0.8343504220247266
0.8306902796030043
0.8218923211097715
0.8329695314168928
0.8366333246231078
0.831981912255287
0.8320876508951185
0.8265403509140012
0.8287304192781446
0.8287304192781446
0.8264356404542921
0.8366333097219465
0.8196897953748702
0.8365959823131559
0.8241562545299528
0.8375811725854871
0.8342700600624083
0.8264944702386855
0.8209849298000335
0.8164779841899871
0.8342700600624083
0.8330071270465849
0.8343074470758436
0.8282735794782637
0.8287673592567442
0.8367086648941039
0.8319754749536513
0.831056237220764
0.8296872675418853
0.8342920839786527
0.8342700600624083
0.8274443447589872
0.8367086648941039
0.8209545314311979
0.8392145484685897
0.8251373767852781
0.8310562223196027
0.8342920839786527
0.831056237220764
0.8296806961297988
0.8209481984376905
0.8251374959945678
0.8296806961297988
0.8297178745269774
0.8297178745269774
0.831130564212799
0.8265403509140012
0.8320260792970656
0.820932939648628
0.8310622274875639
0.8296872228384016
0.8297178596258161
0.8342700600624083
0.8264944255352018
0.8319754153490064
0.8375589251518247
0.8342700600624083
0.8320126831531522
0.8241562545299528
0.8343074321746825
0.8209481984376905
0.8367086648941039
0.8186839669942854
0.831130564212799
0.8297178745269774
0.8186839669942854
0.8343074470758436
0.8310685902833936
0.8375965654850004
0.831981912255287
0.827423334121704
0.833006978034973
0.8343074470758436
0.831130564212799
0.831981912255287
0.8264944553375242
0.8366333246231078
0.8219660520553587
0.8264572322368621
0.8274233788251875
0.8209849298000335
0.8343074470758436
0.8365959227085112
0.8264572322368621
0.8366333246231078
0.8306902348995208
0.8320127278566358
0.8375966697931287
0.8320126384496687
0.8342700600624083
0.8287304192781446
0.8287892788648604
0.8241563588380811
0.8366333097219465
0.8343074321746825
0.8264725208282468
0.8330070078372953
0.8320127278566358
0.8342920392751692
0.8310562223196027
0.8287304192781446
0.8343074321746824
0.8235626965761182
0.8366332948207853
0.8274536430835722
0.8274233788251875
0.8241563588380811
0.8241563588380811
0.8290898501873014
0.8264944255352018
0.8306902945041655
0.8375966399908064
0.8297026306390761
0.8196584582328794
0.8342920839786527
0.8319755047559736
0.8297178894281385
0.8229255378246306
0.8296806961297988
0.8319754898548124
0.8366332948207854
0.8342920392751692
0.8375589251518247
0.8296806961297988
0.8320127278566358
0.8329695761203764
0.8264356404542921
0.8375966697931287
0.8310931026935575
0.8320127278566358
0.8297178596258161
0.8209481984376905
0.8264790475368498
0.8329696357250211
0.8375589251518247
0.8264572322368621
0.831130564212799
0.8329765200614928
0.8365959227085112
0.8320179432630537
0.8265601843595504
0.8385599255561828
0.8219660520553587
0.8287304192781446
0.8274232447147367
0.8287304192781446
0.8219660520553587
0.8274165391921996
0.8320127129554746
0.8330070227384565
0.8297025859355924
0.8352487832307813
0.8264572322368621
0.8219290822744367
0.8274232447147367
0.8342700600624083
0.832012668251991
0.8274232447147367
0.8219074010848998
0.8385599702596664
0.8219359219074247
0.8287303894758222
0.825522258877754
0.8264664262533186
0.8265601694583891
0.8320876359939574
0.8366333246231078
0.831056237220764
0.8336307406425474
0.8365959823131559
0.8264356553554534
0.8297178745269774
0.837596610188484
0.8310561925172805
0.833007127046585
0.8375966399908065
0.8265403509140012
0.8296806961297988
0.8375589400529859
0.8241562992334365
0.8287304192781446
0.8375967442989347
0.8287673592567442
0.8274232596158979
0.8274233937263488
0.8343074470758436
0.8366332948207854
0.8320876359939574
0.8329696357250211
0.8319818079471586
0.8367086499929427
0.82196606695652
0.8296872675418853
0.8297026455402373
0.8218923211097715
0.8241562545299528
0.8264944255352018
0.8366332948207854
0.8342700600624083
0.8219074606895445
0.8366333246231078
0.8310562074184416
0.8241715580224989
0.825522258877754
0.8297178745269774
0.8364170789718626
0.8274536132812498
0.8385599702596662
0.8292195051908491
0.8343074470758436
0.8219074457883833
0.8375965803861616
0.8342700600624083
0.8241563588380811
0.8209759443998335
0.8342919945716857
0.8241563588380811
0.8330070823431013
0.8319818526506422
0.8251373767852781
0.8320127278566358
0.8310562223196027
0.8319755047559736
0.8297178745269774
0.8241562545299528
0.8229255080223081
0.8287673592567442
0.8310685902833936
0.831056237220764
0.8330071270465849
0.8319754600524901
0.8366333097219465
0.8310686051845549
0.8366286307573316
0.8352487683296201
0.8329695314168928
0.8367086499929427
0.8320126682519912
0.8209849298000335
0.8343167304992675
0.82196606695652
0.8264725208282468
0.8287673592567442
0.824265733361244
0.8352711498737333
0.8264572024345397
0.8241562545299528
0.835248902440071
0.8319818079471586
0.8229255080223081
0.8343074470758436
0.8352487683296203
0.8352711349725721
0.83201265335083
0.8287673592567442
0.8296806961297988
0.8319754153490064
0.8297026455402373
0.8385599255561826
0.8264663666486738
0.8229254782199857
0.8367086648941039
0.8319754600524901
0.8219290226697921
0.824199929833412
0.8375589996576307
0.8209545314311979
0.8219290226697921
0.8352487683296203
0.8443640470504759
0.8375966697931287
0.835248902440071
0.8375967442989347
0.8343074470758436
0.8347857892513274
0.8366333097219465
0.8264663666486738
0.8375590145587919
0.8310931026935575
0.8320876359939574
0.8165215402841566
0.8366333246231078
0.8287892788648604
0.8241563588380811
0.8241562545299528
0.8296872228384016
0.8310562223196027
0.8287611752748488
0.8342920392751692
0.8340013474225996
0.831056237220764
0.8210195004940032
0.8264944702386855
0.8274166136980055
0.8343074470758436
0.8297178596258161
0.834001377224922
0.8274233937263488
0.8241562545299528
0.8219290822744367
0.8385600149631499
0.8251374959945678
0.8310685902833936
0.8343074321746825
0.8241563588380811
0.8367086499929427
0.8375589996576307
0.8196584433317182
0.8365959823131559
0.8196584433317182
0.8320260643959043
0.8264355957508086
0.8274232596158979
0.8264356404542921
0.8366333097219465
0.8297178596258161
0.8375589400529859
0.831056237220764
0.8196584433317182
0.8375966697931287
0.8229255378246306
0.8352489024400709
0.8264356404542921
0.8320126831531522
0.8310561925172805
0.8297178745269774
0.8310562223196027
0.8209481984376905
0.8264944255352018
0.8375589996576307
0.8110357075929641
0.8342700600624083
0.8241563588380811
0.8241562545299528
0.8287304192781446
0.830690264701843
0.8264572322368621
0.8274233937263488
0.8241563588380811
0.8342920392751692
0.8296806365251539
0.8366333246231078
0.8274232596158979
0.8375966399908065
0.8319754898548124
0.831056237220764
0.8375589996576307
0.8342700600624083
0.8219660520553587
0.8218923211097715
0.8375965803861616
0.8375965654850004
0.8310686498880384
0.8329695761203764
0.8241563588380811
0.8375966697931287
0.832969546318054
0.8329696357250211
0.8264663666486738
0.8264944255352018
0.830690264701843
0.8219660520553587
0.8265403509140012
0.8297178596258161
0.8310562223196027
0.8274233937263488
0.8274232447147367
0.8343074321746824
0.8219074010848998
0.8287673592567442
0.832012668251991
0.8142229020595548
0.8366332948207854
0.8359253406524656
0.8241562992334365
0.8343074470758436
0.8367086648941039
0.8218923211097715
0.831981912255287
0.8274232447147367
0.833630785346031
0.8210062235593794
0.8264356851577757
0.8196584433317182
0.831025034189224
0.8367086648941039
0.8274233639240263
0.8375966697931287
0.8343074470758436
0.8352487683296201
0.833006978034973
0.8209849298000335
0.8320127278566358
0.8264355212450026
0.832012668251991
0.8342700600624083
0.8347857147455213
0.8186839669942854
0.8342700600624083
0.8296872228384016
0.8319755047559737
0.8342920392751692
0.8365959823131559
0.8274233788251875
0.8342920392751692
0.8385599702596664
0.8196584433317182
0.8274233788251875
0.8264944553375242
0.8359518647193906
0.8296806961297988
0.8307219594717024
0.8319818079471586
0.8342700600624083
0.8241563588380811
0.8296806961297988
0.8311499208211897
0.8264355957508086
0.8352487385272978
0.8413739353418348
0.8310686051845547
0.8287892788648604
0.8366332948207854
0.8241562545299528
0.8343074321746824
0.8287892788648604
0.831056237220764
0.8251524865627287
0.8274673670530317
0.8287585228681562
0.8380517363548278
0.8296872675418853
0.8310686051845547
0.8186839669942854
0.8264944702386855
0.8310686051845547
0.8366332948207853
0.8219074010848998
0.8287304192781446
0.8343074470758436
0.8265403509140012
0.8320876359939574
0.8274014592170714
0.8264663368463515
0.831981912255287
0.832018047571182
0.8370694667100904
0.8297026008367536
0.8296806365251539
0.8219074010848998
0.8264790475368498
0.8219074010848998
0.8320260643959043
0.8375966697931287
0.8366333097219465
0.8342700600624083
0.8229255080223081
0.8209481984376905
0.8366332948207854
0.8352487683296203
0.8287673592567442
0.8241997510194776
0.8320126831531524
0.8375589400529859
0.831056237220764
0.8330070078372953
0.8264572322368621
0.8342920392751692
0.8342920392751692
0.8296806365251539
0.8343074321746825
0.8209849298000335
0.832012668251991
0.8264572322368621
0.8296806961297988
0.8330070078372953
0.8174612522125244
0.8310562074184416
0.8352487683296201
0.8265403509140012
0.8343230038881301
0.8311499208211897
0.8219660520553587
0.8155035376548765
0.8241562545299528
0.8352487683296201
0.8352489173412322
0.8241563588380811
0.8264944553375242
0.8209632784128188
0.8241562992334365
0.8241563588380811
0.8365959823131559
0.8229255229234693
0.8274232447147367
0.8320876508951185
0.8375589251518247
0.8264944702386855
0.8342920839786527
0.8209481984376905
0.8219359219074247
