2.499999403953551691e-01
1.249999403953551969e-01
4.267765879631041925e-01
1.249999403953551969e-01
2.499998360872268399e-01
2.499999403953551691e-01
4.999998509883880060e-01
4.999999105930327814e-01
2.133882939815520963e-01
4.999998509883880060e-01
7.322328537702560425e-02
4.999998509883880060e-01
4.999998509883880060e-01
2.133882194757460993e-01
2.499999105930327814e-01
4.999999105930327814e-01
2.499999254941940030e-01
2.499998658895492276e-01
4.999999105930327814e-01
4.999997913837432306e-01
2.499998658895492276e-01
4.999999701976775568e-01
2.499999105930327814e-01
2.499999254941940030e-01
2.499999403953551691e-01
2.499998696148395261e-01
2.499999254941940030e-01
2.499998658895492276e-01
4.267765283584594171e-01
1.249999627470970015e-01
2.499999254941940030e-01
7.322327047586439652e-02
4.999998211860655628e-01
2.499999403953551691e-01
1.249999627470970015e-01
4.999997913837432306e-01
4.999998509883880060e-01
4.999998807907103382e-01
1.249999776482581954e-01
2.499999403953551691e-01
1.249999478459358077e-01
4.999997019767760120e-01
1.249999776482581954e-01
2.499999552965163907e-01
4.999998211860655628e-01
4.999998509883880060e-01
9.999998807907102272e-01
4.999997913837432306e-01
2.499999105930327814e-01
1.249999552965163907e-01
4.999997913837432306e-01
4.999999403953551136e-01
1.249999701976775845e-01
7.322323322296141190e-02
9.999998211860655628e-01
4.999997913837432306e-01
4.999999403953551136e-01
2.133882567286490839e-01
4.999998807907103382e-01
2.499999254941940030e-01
2.499999254941940030e-01
1.249999403953551969e-01
4.999998807907103382e-01
9.999997615814206764e-01
4.999997615814207874e-01
2.499999552965163907e-01
1.249999627470970015e-01
2.499999403953551691e-01
3.661163151264189980e-02
4.267765283584594171e-01
4.999997317790984552e-01
2.499999701976775568e-01
9.999998807907102272e-01
4.999998807907103382e-01
2.499998956918716153e-01
1.249999776482581954e-01
1.249999254941940030e-01
2.499998211860656183e-01
1.249999329447746138e-01
4.999998807907103382e-01
2.499998807907103937e-01
1.249999552965163907e-01
2.499999552965163907e-01
4.999999403953551136e-01
2.499999254941940030e-01
1.249999552965163907e-01
2.499999254941940030e-01
2.133882381021976193e-01
2.499999403953551691e-01
4.999999509320671165e-01
4.999998211860655628e-01
4.999997615814207874e-01
2.499999701976775568e-01
3.661163151264189980e-02
1.249999552965163907e-01
4.999999105930327814e-01
2.499999552965163907e-01
2.499998807907103937e-01
2.499999105930327814e-01
2.499999552965163907e-01
4.999997913837432306e-01
4.999998807907103382e-01
4.999999105930327814e-01
1.490116119396516884e-08
4.999997913837432306e-01
2.499999403953551691e-01
4.999998211860655628e-01
1.464465558528900146e-01
4.999998509883880060e-01
2.499998211860656183e-01
2.499999254941940030e-01
2.499998956918716153e-01
4.999998509883880060e-01
2.499999254941940030e-01
1.249999776482581954e-01
4.999999403953551136e-01
4.999997913837432306e-01
4.999999403953551136e-01
4.999999105930327814e-01
2.499999701976775568e-01
2.499998658895492276e-01
1.249999552965163907e-01
2.499999254941940030e-01
2.499998956918716153e-01
2.499999254941940030e-01
2.499998807907103937e-01
1.249999627470970015e-01
4.999998211860655628e-01
4.999997615814207874e-01
4.999998211860655628e-01
4.999998807907103382e-01
4.999998509883880060e-01
4.999999105930327814e-01
1.249999552965163907e-01
1.249999627470970015e-01
4.999998211860655628e-01
2.499999552965163907e-01
4.999998211860655628e-01
4.267764687538146418e-01
1.249999329447746138e-01
4.999998211860655628e-01
2.499999105930327814e-01
2.499999701976775568e-01
2.499999701976775568e-01
2.133882120251655024e-01
4.999999105930327814e-01
1.249999195866727530e-01
2.499998956918716153e-01
6.249995902180670998e-02
2.499998807907103937e-01
2.499998509883880060e-01
3.661165013909339905e-02
4.999998211860655628e-01
2.499999552965163907e-01
1.249999552965163907e-01
4.999999403953551136e-01
2.499999403953551691e-01
2.499998956918716153e-01
2.499999254941940030e-01
4.999999403953551136e-01
1.249999776482581954e-01
1.249999552965163907e-01
4.999997913837432306e-01
2.499999105930327814e-01
2.499999105930327814e-01
2.499999254941940030e-01
4.999999105930327814e-01
1.249999403953551969e-01
2.499999105930327814e-01
1.249999776482581954e-01
4.999997988343238831e-01
9.999998807907102272e-01
9.999998211860655628e-01
4.999999403953551136e-01
4.999998211860655628e-01
4.999999403953551136e-01
4.999998509883880060e-01
2.499998956918716153e-01
2.499998956918716153e-01
4.999998807907103382e-01
2.133882530033588132e-01
1.249999552965163907e-01
2.499999552965163907e-01
2.499999254941940030e-01
4.999997913837432306e-01
4.999999105930327814e-01
2.499999105930327814e-01
2.133882790803908747e-01
4.999999105930327814e-01
2.499999552965163907e-01
4.999998211860655628e-01
4.999998509883880060e-01
4.999999403953551136e-01
4.999998509883880060e-01
1.249999329447746138e-01
2.499999105930327814e-01
2.499999403953551691e-01
2.499999552965163907e-01
4.999999105930327814e-01
2.499998807907103937e-01
2.499999552965163907e-01
4.999997839331625782e-01
1.249999776482581954e-01
2.499999403953551691e-01
4.999998509883880060e-01
2.499999254941940030e-01
2.499998956918716153e-01
2.499999403953551691e-01
4.267764687538146418e-01
4.999999403953551136e-01
4.999999105930327814e-01
4.999999105930327814e-01
2.499998956918716153e-01
2.499999105930327814e-01
4.999999105930327814e-01
4.999998807907103382e-01
2.499999701976775568e-01
2.499999254941940030e-01
4.999998807907103382e-01
2.499999403953551691e-01
4.999998509883880060e-01
4.999999105930327814e-01
4.999999105930327814e-01
4.999999403953551136e-01
2.499999105930327814e-01
1.249999627470970015e-01
4.999997615814207874e-01
2.499999254941940030e-01
2.499999850988387784e-01
4.999999105930327814e-01
2.133882790803908747e-01
2.499999403953551691e-01
4.999999403953551136e-01
2.499999552965163907e-01
1.464465856552123746e-01
2.499998807907103937e-01
2.499999403953551691e-01
4.999997615814207874e-01
2.499999552965163907e-01
2.499999701976775568e-01
4.999999403953551136e-01
2.499998807907103937e-01
4.999997317790984552e-01
2.499999701976775568e-01
2.499998509883880060e-01
4.999998807907103382e-01
1.249999552965163907e-01
4.999999403953551136e-01
2.499999552965163907e-01
9.999994188547133289e-01
4.999998509883880060e-01
4.999998211860655628e-01
2.499998807907103937e-01
2.499999105930327814e-01
2.499998807907103937e-01
1.249999552965163907e-01
9.999997615814206764e-01
2.499999403953551691e-01
2.499999254941940030e-01
4.999999403953551136e-01
1.249999403953551969e-01
4.999999105930327814e-01
2.499999143183230799e-01
4.999998807907103382e-01
2.499999254941940030e-01
4.999998807907103382e-01
4.999999105930327814e-01
4.999998807907103382e-01
2.499999105930327814e-01
4.999997913837432306e-01
1.249999701976775845e-01
4.999997317790984552e-01
4.999997317790984552e-01
4.999998509883880060e-01
4.267765879631041925e-01
4.999998509883880060e-01
2.133882790803908747e-01
2.499999552965163907e-01
2.499999403953551691e-01
4.999998509883880060e-01
2.499998658895492276e-01
2.499999552965163907e-01
1.249999552965163907e-01
2.499998658895492276e-01
2.499999552965163907e-01
4.999999105930327814e-01
4.999999105930327814e-01
4.999998807907103382e-01
4.999997615814207874e-01
2.499999701976775568e-01
9.999995827674864612e-01
4.999999403953551136e-01
1.249999627470970015e-01
4.999997615814207874e-01
-7.450580596982584418e-09
2.499999403953551691e-01
1.249999627470970015e-01
4.999999105930327814e-01
4.999998509883880060e-01
2.499999403953551691e-01
2.499998807907103937e-01
2.499999552965163907e-01
2.499999105930327814e-01
2.499999105930327814e-01
2.499998658895492276e-01
2.499999701976775568e-01
4.999999403953551136e-01
4.267764985561369739e-01
2.499999254941940030e-01
1.249999552965163907e-01
2.499999403953551691e-01
2.499999254941940030e-01
2.499999701976775568e-01
4.267765581607817493e-01
9.999997615814207874e-01
4.999999701976775568e-01
2.499998954083006431e-01
1.249999701976775845e-01
7.322329282760620117e-02
2.499999850988387784e-01
4.999997615814207874e-01
4.999998211860655628e-01
4.999998807907103382e-01
2.499999403953551691e-01
4.999998211860655628e-01
0.000000000000000000e+00
1.249999329447746138e-01
2.499999552965163907e-01
4.999999403953551136e-01
2.499999403953551691e-01
2.499999403953551691e-01
4.999997019767760120e-01
4.999999701976775568e-01
2.499999552965163907e-01
4.999998807907103382e-01
7.322327792644499345e-02
4.999999105930327814e-01
1.249999552965163907e-01
2.499999403953551691e-01
4.999999403953551136e-01
2.499999403953551691e-01
4.999998211860655628e-01
4.999998509883880060e-01
8.535531014204024158e-01
4.999998509883880060e-01
4.999999105930327814e-01
4.999998807907103382e-01
2.499998807907103937e-01
4.999998211860655628e-01
2.499999701976775568e-01
4.999998509883880060e-01
4.999999105930327814e-01
4.267766028642653864e-01
4.999998807907103382e-01
4.999998807907103382e-01
4.999998807907103382e-01
4.999999105930327814e-01
4.999999105930327814e-01
9.999997019767760120e-01
2.499998956918716153e-01
1.249999552965163907e-01
1.249999776482581954e-01
4.999998211860655628e-01
2.499999552965163907e-01
2.499998956918716153e-01
4.999999999999998890e-01
4.999999403953551136e-01
2.499999403953551691e-01
2.499999403953551691e-01
4.999999105930327814e-01
1.249999552965163907e-01
4.999998211860655628e-01
7.322327792644499345e-02
2.499999552965163907e-01
4.999997913837432306e-01
2.499999701976775568e-01
4.999998807907103382e-01
4.999998509883880060e-01
4.999999701976775568e-01
4.999998211860655628e-01
2.499999701976775568e-01
4.999997913837432306e-01
4.999999105930327814e-01
2.499998658895492276e-01
2.499999552965163907e-01
9.999998211860655628e-01
9.999999403953551136e-01
4.999999403953551136e-01
4.999999105930327814e-01
2.499999701976775568e-01
1.249999627470970015e-01
4.999999999999998890e-01
2.499999403953551691e-01
4.999999403953551136e-01
2.499998807907103937e-01
9.999998211860655628e-01
4.999999105930327814e-01
2.499999552965163907e-01
4.999999403953551136e-01
2.499999552965163907e-01
4.999999403953551136e-01
2.499999105930327814e-01
4.999998255505148093e-01
4.999999105930327814e-01
4.999999403953551136e-01
2.499999701976775568e-01
2.499999254941940030e-01
4.999998807907103382e-01
2.499999701976775568e-01
2.499999403953551691e-01
2.499999552965163907e-01
4.999999105930327814e-01
4.999999105930327814e-01
4.999999403953551136e-01
2.499999701976775568e-01
4.999998807907103382e-01
2.499999552965163907e-01
4.999999701976775568e-01
1.249999850988387784e-01
4.999998807907103382e-01
9.999998211860655628e-01
4.999999105930327814e-01
4.999998807907103382e-01
4.999997913837432306e-01
9.999998211860655628e-01
2.499999403953551691e-01
2.499998956918716153e-01
2.499999105930327814e-01
4.999999701976775568e-01
4.999999105930327814e-01
4.999997317790984552e-01
9.999998807907102272e-01
4.999998509883880060e-01
2.499999552965163907e-01
2.499998956918716153e-01
2.499999254941940030e-01
4.999998509883880060e-01
2.499999552965163907e-01
4.999999403953551136e-01
1.249999776482581954e-01
4.999998807907103382e-01
4.999998509883880060e-01
2.499999701976775568e-01
4.999999403953551136e-01
4.999998807907103382e-01
2.499998956918716153e-01
2.499999850988387784e-01
2.499999552965163907e-01
4.999999105930327814e-01
2.499999105930327814e-01
4.999999403953551136e-01
4.999999105930327814e-01
4.999998211860655628e-01
4.999998509883880060e-01
4.999999701976775568e-01
4.999998509883880060e-01
7.322326302528379960e-02
4.999998211860655628e-01
1.249999552965163907e-01
2.499999552965163907e-01
4.999999701976775568e-01
4.999997913837432306e-01
1.490116117433901178e-08
2.499999105930327814e-01
2.499999552965163907e-01
2.499999552965163907e-01
2.499999403953551691e-01
2.499999105930327814e-01
2.499998956918716153e-01
2.499999254941940030e-01
4.999999403953551136e-01
1.249999850988387784e-01
4.999999701976775568e-01
4.999999701976775568e-01
2.499999552965163907e-01
2.499999552965163907e-01
1.249999776482581954e-01
8.535531908273695789e-01
4.999999403953551136e-01
9.999998211860655628e-01
3.749998435378073536e-01
4.999999105930327814e-01
2.499999254941940030e-01
4.999999701976775568e-01
4.999998211860655628e-01
2.499999105930327814e-01
2.499999254941940030e-01
4.999999403953551136e-01
2.499999552965163907e-01
9.999997019767760120e-01
4.999999105930327814e-01
4.999999999999998890e-01
4.999999105930327814e-01
9.999998807907102272e-01
4.999999105930327814e-01
2.499999850988387784e-01
4.999999105930327814e-01
1.249999850988387784e-01
4.999999999999998890e-01
9.999998807907102272e-01
0.000000000000000000e+00
4.999999105930327814e-01
2.499998807907103937e-01
4.999999105930327814e-01
4.999999151292450761e-01
4.999999403953551136e-01
2.499999403953551691e-01
4.999999105930327814e-01
2.499999403953551691e-01
4.999999701976775568e-01
4.999999403953551136e-01
4.267765432596206110e-01
4.999999105930327814e-01
2.499999552965163907e-01
4.999998807907103382e-01
2.499999254941940030e-01
2.499999552965163907e-01
2.499999105930327814e-01
2.499998956918716153e-01
4.999999105930327814e-01
1.249999776482581954e-01
2.499998509883880060e-01
4.999999105930327814e-01
1.249999627470970015e-01
1.249999701976775845e-01
4.999997913837432306e-01
4.999998807907103382e-01
4.999999403953551136e-01
4.999999105930327814e-01
4.999999105930327814e-01
2.499999254941940030e-01
4.999998211860655628e-01
2.499999701976775568e-01
4.999999403953551136e-01
2.499999701976775568e-01
2.499999403953551691e-01
4.999998509883880060e-01
4.999998807907103382e-01
4.999999105930327814e-01
4.999998807907103382e-01
4.999999105930327814e-01
9.999999403953551136e-01
4.999998807907103382e-01
1.249999776482581954e-01
1.249999478459358077e-01
4.999999701976775568e-01
4.999997913837432306e-01
4.999999403953551136e-01
4.999999403953551136e-01
2.499999701976775568e-01
4.999998211860655628e-01
4.999999403953551136e-01
1.249999776482581954e-01
4.999999105930327814e-01
1.464466154575347900e-01
4.999999403953551136e-01
2.499999701976775568e-01
2.499999552965163907e-01
1.249999627470970015e-01
4.999999105930327814e-01
7.322328537702560425e-02
2.499999552965163907e-01
4.999999105930327814e-01
2.499999701976775568e-01
4.999999403953551136e-01
4.999999105930327814e-01
4.999999105930327814e-01
4.999999403953551136e-01
4.999998509883880060e-01
4.999999105930327814e-01
2.499999254941940030e-01
4.999998807907103382e-01
4.999999105930327814e-01
4.999998807907103382e-01
4.999999403953551136e-01
2.499999552965163907e-01
2.499999552965163907e-01
4.999997615814207874e-01
4.999999105930327814e-01
4.999999999999998890e-01
2.499999403953551691e-01
4.999998807907103382e-01
2.499999701976775568e-01
4.999999403953551136e-01
4.999998509883880060e-01
4.999999403953551136e-01
2.499999403953551691e-01
2.499999403953551691e-01
4.999998807907103382e-01
2.499998807907103937e-01
4.999999105930327814e-01
4.999998211860655628e-01
4.999998807907103382e-01
4.999999701976775568e-01
1.249999701976775845e-01
4.999999105930327814e-01
2.499999105930327814e-01
2.499999552965163907e-01
4.999998509883880060e-01
9.999998211860655628e-01
4.999999105930327814e-01
4.267765730619429987e-01
2.499999254941940030e-01
4.999999999999998890e-01
4.999999105930327814e-01
2.499999701976775568e-01
4.999998807907103382e-01
4.999999403953551136e-01
4.999999105930327814e-01
4.999998807907103382e-01
8.535531610250471912e-01
4.999999701976775568e-01
9.999999403953551136e-01
4.999998509883880060e-01
2.499999701976775568e-01
4.999999403953551136e-01
2.499999105930327814e-01
9.999999403953551136e-01
1.249999776482581954e-01
4.999998807907103382e-01
1.249999776482581954e-01
4.999999403953551136e-01
4.999998211860655628e-01
4.999999403953551136e-01
4.999998807907103382e-01
4.999999403953551136e-01
4.999999701976775568e-01
4.999999701976775568e-01
4.999998807907103382e-01
4.999999701976775568e-01
4.999998807907103382e-01
4.999999403953551136e-01
2.499999552965163907e-01
2.499999254941940030e-01
4.999998211860655628e-01
4.999998211860655628e-01
4.999999105930327814e-01
4.999998509883880060e-01
4.999999105930327814e-01
4.999999403953551136e-01
2.499999701976775568e-01
4.999999403953551136e-01
4.999999403953551136e-01
2.499999850988387784e-01
4.999999403953551136e-01
4.999999403953551136e-01
2.499999552965163907e-01
4.999999403953551136e-01
4.999998509883880060e-01
4.999998807907103382e-01
2.499999552965163907e-01
4.999999999999998890e-01
4.999999403953551136e-01
2.499999254941940030e-01
4.999999105930327814e-01
4.999999105930327814e-01
4.999999403953551136e-01
4.999998509883880060e-01
4.999999701976775568e-01
4.999999701976775568e-01
4.999998509883880060e-01
4.999998509883880060e-01
2.499999701976775568e-01
4.999999999999998890e-01
4.999999701976775568e-01
4.999998807907103382e-01
4.999999403953551136e-01
4.999998807907103382e-01
2.499999701976775568e-01
4.999999105930327814e-01
2.499999552965163907e-01
1.464466005563735962e-01
4.999999403953551136e-01
4.999999105930327814e-01
4.999998807907103382e-01
4.999999701976775568e-01
4.999999999999998890e-01
4.999998509883880060e-01
4.999999105930327814e-01
4.999999701976775568e-01
4.999998509883880060e-01
4.999999105930327814e-01
1.249999403953551969e-01
4.999999999999998890e-01
4.999999105930327814e-01
9.999999403953551136e-01
2.499999701976775568e-01
4.999998807907103382e-01
4.999999403953551136e-01
4.999999701976775568e-01
4.999999701976775568e-01
4.999999403953551136e-01
4.999998509883880060e-01
2.499999403953551691e-01
4.999999701976775568e-01
4.999998211860655628e-01
4.999999701976775568e-01
4.999999999999998890e-01
4.999998807907103382e-01
4.999999701976775568e-01
2.499999552965163907e-01
4.999999105930327814e-01
4.999999403953551136e-01
4.999999403953551136e-01
2.499999701976775568e-01
4.999999403953551136e-01
4.999999701976775568e-01
4.999998807907103382e-01
4.999999701976775568e-01
2.499999552965163907e-01
2.499999701976775568e-01
4.999999105930327814e-01
2.499999254941940030e-01
2.499999552965163907e-01
4.999999403953551136e-01
4.999999105930327814e-01
4.999996721744536798e-01
2.499999701976775568e-01
9.999999403953551136e-01
4.999999403953551136e-01
4.999999403953551136e-01
4.999998807907103382e-01
4.999999403953551136e-01
4.999999701976775568e-01
4.999999403953551136e-01
4.999999403953551136e-01
4.999999105930327814e-01
2.499999552965163907e-01
2.499999701976775568e-01
2.499999701976775568e-01
4.999999701976775568e-01
4.999999403953551136e-01
4.999999403953551136e-01
2.499999552965163907e-01
4.999999105930327814e-01
4.999999105930327814e-01
4.999999403953551136e-01
4.999999701976775568e-01
9.999999403953551136e-01
4.999999701976775568e-01
4.999999403953551136e-01
0.000000000000000000e+00
4.999999403953551136e-01
4.999999701976775568e-01
4.999999105930327814e-01
2.499999701976775568e-01
4.999999701976775568e-01
4.999998807907103382e-01
4.999999105930327814e-01
4.999999403953551136e-01
4.999999999999998890e-01
4.999999105930327814e-01
4.999999701976775568e-01
4.999999105930327814e-01
4.999998211860655628e-01
4.999999999999998890e-01
4.999999701976775568e-01
4.999999999999998890e-01
4.999999999999998890e-01
4.999999701976775568e-01
4.999999403953551136e-01
2.499999552965163907e-01
2.499999254941940030e-01
4.999998807907103382e-01
2.499999850988387784e-01
4.999999403953551136e-01
4.999999701976775568e-01
4.999999403953551136e-01
2.499999254941940030e-01
4.999999403953551136e-01
9.999999403953551136e-01
2.499999701976775568e-01
4.999999403953551136e-01
4.999999105930327814e-01
4.999999701976775568e-01
4.999999105930327814e-01
2.499999403953551691e-01
4.999999701976775568e-01
2.499999701976775568e-01
2.499999701976775568e-01
2.499999701976775568e-01
4.999999701976775568e-01
4.999999403953551136e-01
2.499999701976775568e-01
2.499999701976775568e-01
4.999999701976775568e-01
4.999998807907103382e-01
4.999999701976775568e-01
4.999999105930327814e-01
2.499999552965163907e-01
4.999999403953551136e-01
4.999999403953551136e-01
4.999999403953551136e-01
4.999999403953551136e-01
4.999999999999998890e-01
4.999999701976775568e-01
4.999998211860655628e-01
4.999999403953551136e-01
4.999998509883880060e-01
4.999999403953551136e-01
4.999999403953551136e-01
9.999999403953551136e-01
2.499999850988387784e-01
4.999999403953551136e-01
4.999998807907103382e-01
4.999999403953551136e-01
2.499999403953551691e-01
4.999999403953551136e-01
2.499999552965163907e-01
4.999999701976775568e-01
4.999999701976775568e-01
2.499999254941940030e-01
4.999999403953551136e-01
4.999999403953551136e-01
4.999999403953551136e-01
2.499999254941940030e-01
4.999998807907103382e-01
4.267765060067175709e-01
2.499999552965163907e-01
4.999999403953551136e-01
4.267765879631041925e-01
4.999999701976775568e-01
4.999999105930327814e-01
2.499999701976775568e-01
4.999998807907103382e-01
4.999999403953551136e-01
2.499999552965163907e-01
4.999999403953551136e-01
4.999998807907103382e-01
4.999999105930327814e-01
2.499999254941940030e-01
4.999998807907103382e-01
4.999999403953551136e-01
4.999999701976775568e-01
4.999999105930327814e-01
4.999999105930327814e-01
4.999999701976775568e-01
4.999999701976775568e-01
4.999998807907103382e-01
4.999999403953551136e-01
4.999999701976775568e-01
4.999999403953551136e-01
4.999997913837432306e-01
4.999999403953551136e-01
2.499999552965163907e-01
4.999999403953551136e-01
4.999999403953551136e-01
4.999998807907103382e-01
4.999999105930327814e-01
4.999999105930327814e-01
4.999999403953551136e-01
4.999999403953551136e-01
2.499999552965163907e-01
4.999999403953551136e-01
4.999999701976775568e-01
4.999999403953551136e-01
4.999999403953551136e-01
4.999999701976775568e-01
4.999999701976775568e-01
4.999999701976775568e-01
2.499999701976775568e-01
4.999999403953551136e-01
4.999999403953551136e-01
4.999999701976775568e-01
4.999999403953551136e-01
4.999999105930327814e-01
4.999999105930327814e-01
4.999999403953551136e-01
4.999999105930327814e-01
4.999999403953551136e-01
0.000000000000000000e+00
4.999999105930327814e-01
4.999998509883880060e-01
4.999999999999998890e-01
4.999999403953551136e-01
2.499999552965163907e-01
4.999999403953551136e-01
4.999998807907103382e-01
4.999999403953551136e-01
4.999999403953551136e-01
4.999999701976775568e-01
4.999999403953551136e-01
4.999999403953551136e-01
4.999999999999998890e-01
4.999999701976775568e-01
4.999999701976775568e-01
2.499999403953551691e-01
4.999999403953551136e-01
4.999999403953551136e-01
4.999998807907103382e-01
2.499999105930327814e-01
2.499999850988387784e-01
2.499999254941940030e-01
4.999999701976775568e-01
2.499999701976775568e-01
4.999999403953551136e-01
2.499999701976775568e-01
4.999999999999998890e-01
4.999999105930327814e-01
4.999999403953551136e-01
4.999999403953551136e-01
4.999999701976775568e-01
4.999999105930327814e-01
4.999999105930327814e-01
4.999999403953551136e-01
4.999999403953551136e-01
2.499999701976775568e-01
4.999999105930327814e-01
4.999999999999998890e-01
4.999999105930327814e-01
4.999999701976775568e-01
2.499999850988387784e-01
4.999999403953551136e-01
4.999999701976775568e-01
4.999999999999998890e-01
4.999999403953551136e-01
4.999997019767760120e-01
4.999998211860655628e-01
4.999999105930327814e-01
4.999999999999998890e-01
4.999999403953551136e-01
4.999999105930327814e-01
4.999999105930327814e-01
4.999999105930327814e-01
4.999999403953551136e-01
4.999999701976775568e-01
4.999999701976775568e-01
4.999999105930327814e-01
4.999999701976775568e-01
4.999999105930327814e-01
4.999999999999998890e-01
4.999999403953551136e-01
4.999998211860655628e-01
4.999999105930327814e-01
2.499999552965163907e-01
4.999999701976775568e-01
2.499999403953551691e-01
4.999998807907103382e-01
2.499999254941940030e-01
4.999999403953551136e-01
4.999999374809868113e-01
4.999999403953551136e-01
4.999999701976775568e-01
4.999999105930327814e-01
4.999999403953551136e-01
4.999999105930327814e-01
4.999999403953551136e-01
2.499999552965163907e-01
4.999999403953551136e-01
4.999998807907103382e-01
4.999999403953551136e-01
9.999998807907102272e-01
4.999998807907103382e-01
2.499999552965163907e-01
4.999999999999998890e-01
4.999999403953551136e-01
2.499999850988387784e-01
2.499999552965163907e-01
4.999999403953551136e-01
4.999999701976775568e-01
4.999998509883880060e-01
2.499999254941940030e-01
4.999999403953551136e-01
4.999999403953551136e-01
4.999999701976775568e-01
4.999999701976775568e-01
4.999999403953551136e-01
4.999999105930327814e-01
4.999999999999998890e-01
4.999999105930327814e-01
2.499999850988387784e-01
4.999998807907103382e-01
4.999998211860655628e-01
4.999999999999998890e-01
0.000000000000000000e+00
4.999999701976775568e-01
4.999999403953551136e-01
4.999999403953551136e-01
4.999999999999998890e-01
2.499999701976775568e-01
4.999999403953551136e-01
4.999999105930327814e-01
4.999998807907103382e-01
4.999999403953551136e-01
4.999999701976775568e-01
4.999999403953551136e-01
4.999999403953551136e-01
4.999999701976775568e-01
2.499999850988387784e-01
4.999998807907103382e-01
4.999999701976775568e-01
4.999999701976775568e-01
2.499999552965163907e-01
4.999999701976775568e-01
1.249999701976775845e-01
4.999999403953551136e-01
4.999999999999998890e-01
4.999999105930327814e-01
4.999999105930327814e-01
2.499999552965163907e-01
4.999999701976775568e-01
4.999999403953551136e-01
4.999999403953551136e-01
9.999998807907102272e-01
4.999999403953551136e-01
4.999999105930327814e-01
4.999999105930327814e-01
4.999999701976775568e-01
4.999999105930327814e-01
