0.21338820145456378
0.05491742864251138
0.06786159332841635
0.32008204422891134
0.07322324812412231
0.0
0.0366116315126419
0.10669401846826074
0.7910528928041456
0.3540129585890099
-9.679201033621504e-25
0.036611620336771
0.057923468761146055
0.07322324998676775
0.21338806673884386
0.15490938536822793
0.0
0.0
0.18749990314245224
0.004576446488499642
-1.6476721792502143e-09
0.1249999403953552
0.09374993573874234
0.14062481373548505
0.21338817477226257
0.0624999557690983
0.07165285199880599
0.013729361817240708
0.2732073441147804
0.42677642843750563
0.3185791783034801
0.06249996460974215
0.3749995715916156
0.09374992176890372
0.42677637407849145
0.2316939979791641
0.03393080504611134
0.09106910228729247
0.07812496647238729
0.1874998416751624
0.03582641808316111
0.21338815242052075
0.3566939532756805
0.12499984446913001
0.08002053201198576
0.05491744261234999
0.005361653864383694
0.1249999530716289
0.00670205199276097
0.03582642273977398
0.07812491944059728
0.18749989697164282
0.054917402565479265
0.2267248816788196
0.010723302140831944
0.2446381542831659
0.12499988824129103
0.4580261260271072
0.22143068164587015
0.02137921378016471
0.2446382045745849
0.0624999413266778
0.39552632719278324
0.018305823206901543
0.013729352504014962
0.28124977648258204
0.24084684252738947
0.24463810026645658
0.06249996188666716
0.19776317477226255
0.10669408738613127
0.015624966472387307
0.32008213736116886
0.5620395243167876
0.14598654396831987
0.18749982118606565
0.4816937223076819
0.10669411718845365
0.1066941004246473
0.053347039502114044
0.04576452355831861
0.17834695219062263
0.03661161288619041
0.15245858579874036
0.0
0.12499992965652226
0.10669408738613127
0.1562499292194843
0.07622927892953156
0.20312483236193654
0.018305806067232307
0.21338820457458493
0.2133881701156497
0.4267763905227182
0.1066940538585186
0.009152907994575797
0.031249970197677605
0.26830555684864515
0.2316940330498389
0.08002055273391305
0.21338814496994016
0.10669404895353672
0.213388130872449
0.009938094764947893
0.018305812418006214
0.244638193398714
0.0624999403953552
0.28504097089171404
-2.6077032084532505e-08
0.031249965075403445
0.06249993858235191
0.09374996647238729
0.21338816244654998
0.12499993294477461
0.30713814124464983
0.09643075568601488
0.1158470222726464
0.06518076389597567
0.04197326395660638
0.0366116315126419
0.1821382343769073
1.8626451516989157e-09
0.062499911976308546
0.24999981373548502
0.24084684997797007
0.19665274862200022
0.23169392057284008
0.22901317477226252
0.009152907878160471
0.04687495518010109
-2.6077032084532505e-08
0.10669405944645405
0.062499908730387674
0.249999850988388
0.0026808157563209525
0.39552631429704027
0.07165284547954796
0.18749978020787234
0.08002055622637269
0.21338817477226252
0.005361654766602441
0.3200820398051291
0.3200822100043296
0.18749974403237418
0.11584696127101778
0.23169397283345458
0.009152910206466913
0.03125000093132257
0.013729348778724674
0.062499932944774614
0.05373967066407204
0.027458738535642624
0.09106904927147538
0.23437478393316266
0.11584697663784026
0.1562498304992914
0.310929387807846
0.0312499813735485
0.21338811976698574
0.12499993568149635
0.14062483608722684
0.2225410458631813
0.06249994039535521
0.26740542799234385
0.20502045750617975
0.10669409483671187
0.21495846658945078
0.21338817477226255
0.14330575335770843
0.3010585457086562
0.05491743804805526
0.4267763110514299
0.18749984633177516
0.14330568257719276
0.1562498416751623
0.3124997429549694
0.06786158122122286
0.26562472898513073
0.21338823810219765
0.041973240673542016
0.2866114787757396
0.020986642688512795
0.14330570399761197
0.0937498789280653
0.062499955296516405
7.450580596982584e-09
0.03124998556450009
0.18213815987110132
0.14330561179667708
0.26673521474003786
0.16004109662026164
0.31249975040554995
0.027458729222416885
0.21338813161184403
0.1066940929740667
0.32008218020200724
0.2133881971240043
0.3955262452363967
-3.7252903033978315e-09
0.062499932944774614
0.3642764799296855
0.12499988888045663
0.21338816260389312
0.12499986986823239
0.2499998807907104
0.06249994784593581
0.09106911346316336
0.20502047170884904
0.3200822919607162
0.01830581575632095
0.061159507837146514
0.10669405013322827
0.18749983346015095
8.452402814307753e-18
0.11462150141596791
0.07165285199880599
0.10669408831745383
0.018305780366063115
0.23169404268264765
0.062499955296516425
0.0937499552965164
0.062499915249645696
0.08002054691314696
0.1066940557211637
0.21338816305083158
0.015624955296516412
0.2499998733401298
0.14062482863664624
0.12499988079071044
5.885813392225712e-09
-1.8626451467923765e-09
0.018305796128637888
0.32008229196071614
0.062499970197677605
0.03124997112900018
0.018305808305740353
0.036611622912219526
0.143305660225451
0.06249995343387126
0.018305821999962776
0.12499997019767758
0.13415273930877444
0.12499995042919007
0.09374991524964568
0.18749988477686405
0.06249991802424047
0.07812489569187163
0.32008239626884455
0.06249991431832313
0.12231903523206707
0.28124973922967905
0.062499911522422284
0.09374992620699743
0.10669409483671186
0.009152896702289567
0.062499949708580964
0.05491742864251137
0.24463814496994013
0.062499962747097
0.018305798992514603
0.36695741117000574
0.244638193398714
0.036611616611480706
0.06249997206032275
0.018305808305740356
0.3642763942480087
0.0624999888241291
0.09106905013322827
0.19776311889290804
0.01830582230037772
0.1977631859481334
0.03661159798502922
0.09643074613995849
0.42677634581923474
0.13415276088898395
0.0891734268516302
0.02745870873332023
0.12499991059303281
0.12768068304285404
0.046874968257633924
0.12499988824129102
0.03661161738134099
0.05545578896999358
0.21495857834815973
0.4633880555629729
0.7499995380640028
0.09106909111142156
0.06249993387609719
0.006864695344120262
0.18749981746077535
0.03661162033677101
0.10669407993555066
0.06249992745044163
0.24999983189627523
0.06249995897443747
0.10669406503438947
0.18749979138374323
0.00954549387097359
0.06786157190799712
0.036611594259738915
0.2133882343769073
0.14330567419528958
0.06249993899837136
0.06786158215254544
0.02745868638157843
0.12499990516488711
0.21338820457458493
0.24463813751935953
0.03661163337528704
0.21338823437690732
0.06249994039535523
-3.725290298491292e-09
0.036611620336771004
0.06249998230487107
0.05334702320396899
0.05491742491722106
0.03124999441206455
0.33381152339279646
2.4855734137574355e-09
0.14843733608722684
1.4901161174339012e-08
0.10669405576269285
0.18749991990625856
0.18749988079071042
0.12499987246605479
0.062499977182596915
0.022882274352014065
0.013729337602853777
0.03393078036606311
0.20881168544292444
0.1337601691484451
0.09374993573874234
0.07165287062525748
0.1874998193234205
0.00915289297699928
0.24999988311901686
0.16004107892513272
0.21338815987110135
0.3025616984814405
0.018305812031030655
0.10669411346316335
0.09374994225800036
0.26673513650894165
0.12499991653364059
0.010723294690251347
0.01830580923706293
0.02745870500802993
0.1406248779967427
0.0026808176189660983
0.031249965404675166
0.3475410677492618
0.0366116240620613
0.09374993294477461
0.12231905385851857
0.2656246861442923
0.18749985098838803
0.03393078222870827
0.015624970197677621
0.395526435226202
0.01830581203103065
0.018305814126506444
0.12499989010393617
-3.725290298491292e-09
0.06249996833503245
0.23169391871344383
0.046874985098838806
0.1066940715536475
0.18749984023787333
0.2915130181035252
0.00915288925170898
0.005361646177658329
0.06786158308386801
0.23169403057545418
0.2133882641792297
0.09374991431832312
0.4892762526869773
0.06249992549419403
0.19286138936877245
0.1535690203309059
0.04497934132814406
0.2133882194757461
0.06249993667006491
-6.585443856899075e-10
0.03661159427746407
0.06707639619708058
0.12117498740553853
0.10669407621026038
0.11584696522913872
0.03124997112900018
0.010723300278186798
0.3475409690290689
0.062499911334459195
0.3521172634791582
0.17534088331740347
0.3200821851779124
0.0366116144292502
0.07165283267386256
0.10669411245194513
0.18213816359639165
0.2732071112841367
0.018305835314095013
0.2499998547136783
0.0
0.010723298182711003
0.036611612886190414
0.031249970197673973
0.018305815756320957
0.32008219510316843
0.21338823437690735
0.1160769388079643
0.13415284827351567
0.06249995902180672
0.24463814124464983
-1.0911113124123515e-09
0.3642764464020728
0.0678615653887391
0.06249997112768434
0.0419732592999935
0.005361653864383685
0.1535690790042281
0.24999967217445368
0.15624987520277475
0.053347091190516935
0.12499994721732308
0.12499990904996716
0.07500387169420719
0.21338817104697222
0.26673528924584383
0.1600411067518233
0.2133881859481334
0.14330571889877317
0.06249992713444373
0.1066940426826477
0.06249995902180672
0.2667353004217148
0.24329771101474756
0.14330570772290227
0.22143063321709627
0.06249995584352929
0.06249992921948432
0.09374992456287144
0.14918881468474862
0.4176234155893325
0.031249954365193833
0.036611611023545265
3.725290303397831e-09
0.031249977648258202
0.018305810913678663
0.07812490127980706
0.0937499403953552
0.13013151753693816
0.3044571911758522
0.1821382157504558
0.0366116352379322
0.18749980255961413
0.05223659425973891
0.0732232183218002
0.1066941041499376
0.07622928731143472
0.062499953433871255
0.213388079242913
0.022882244549691677
0.04687500349245964
0.036611592397093766
0.32008246146142477
0.6924008429050443
0.062499954349609275
0.320082277059555
0.09240952972322701
0.23169400170445437
0.020986596122384075
0.12499992485503507
0.01390182692557573
0.07812491711229085
0.06249991804361341
0.21338819339871404
0.0
0.42945723794400686
0.0899586621671915
0.18749983888119456
0.09374991618096827
0.18749982118606565
0.13336762599647042
0.04197327396832406
0.21338816732168195
0.005361645482480524
0.05491742653313579
0.10669407248497009
0.16082628816366193
0.16004115343093867
0.18749981373548505
0.23169398680329317
0.04687495419057085
0.46338792145252217
0.03661162219941616
0.03393078967928886
0.015624983236193655
0.1874998658895492
-1.490116119396517e-08
0.06249995529651641
0.12499993667006491
0.027458697557449337
0.12231913581490514
0.1977632381021976
0.05334704834967851
0.0624999888241291
0.24463809654116625
0.18292338028550145
0.18749986588954923
0.1848190193995833
0.001340374350547787
0.05334702320396899
0.21338822692632672
0.0
0.07322324067354201
0.10669401474297045
0.027458707103505727
0.031249964609742158
0.06328509608283638
0.04687495902180672
0.10669402033090589
0.09374993853271006
0.062499957159161554
0.10669404733926055
0.14330567419528958
0.12499991431832311
0.3642764165997504
0.26830567046999926
0.3955265628173947
0.21338815987110132
0.036611616611480706
0.21338814481014262
0.36695721745491017
0.2499998081475496
0.027458702912554145
0.21338819712400436
0.057598244398832314
0.0
0.036611612886190414
0.09374993527308105
0.05491745658218859
0.07812489382922648
0.01830578967928885
0.2499997969716787
0.09374993108212945
0.05491740629076956
0.03661158308386803
0.21338819619268173
0.28259013500064606
0.3391733914613723
0.1874998696148395
0.28124980151187623
0.12499990609620969
0.045764551865796296
0.18749987334012985
0.08995863126385593
0.04687494970858097
0.12768068164587018
0.026348274201154712
0.18213822226971382
0.04576451517641543
0.13036154024302957
0.09374991059303282
0.0937499264255166
0.12499991804361342
0.15624984260648486
0.0
0.062499962747097
0.03661162406206131
0.036611626945129476
0.10669412557035682
0.12499990314245223
0.01830581948161124
0.03661163151264191
0.07322329282760619
0.1291837617754936
0.062499973922967904
0.14330576360225675
0.01830581575632095
0.009152907878160475
0.36427636444568623
0.187499847013722
0.41762335598468775
0.005361659452319145
0.03661161474883555
0.2915130406618117
0.04687499348074198
0.0419732704758644
0.062499955296516405
0.03661161288619041
0.06786158867180346
0.0868852538987994
0.24542325921356672
0.1821381691843271
0.06249995529651642
0.06786162499338387
0.2133882641792297
0.18749986588954923
0.03661162033677101
0.031249951571226113
0.39552649483084673
0.21338814869523048
0.01830578967928886
0.062499944120645516
0.49999959766864766
0.18749987334012982
0.062499977648258195
0.054917447268962846
0.10747927427291869
0.12499994970858096
0.18213823111727834
0.09374991770444362
0.23169402033090591
0.1066940616208085
0.10669409483671186
0.07322326302528381
0.2133881896734237
0.1562499315477907
0.036611618028617114
0.07322325557470319
0.31249976158142084
0.10669416189193724
0.010723287705332037
0.21338819726578978
0.01830580830574036
0.19776314496994016
0.15624990127980706
0.12499987147748445
0.09374996088445185
0.062499961346951675
0.32008230225263784
0.4267764426767825
0.062499973922967904
0.03661162184674315
0.003140781540423631
0.03661163446639936
-1.862645148754992e-08
0.18749987334012982
0.2133881896734237
0.18749991431832314
0.010723294690251349
0.18213817679716698
0.30713806301355356
0.07322323333937672
0.07165286177769302
0.0053616538643837044
0.062499955296516405
0.24999983608722684
0.7499994337558745
0.2133881681957583
0.18749981373548505
0.07812495715916155
0.32008219882845873
0.03125002421438693
0.12499992316588754
0.12499986588954926
0.0
0.10669404827058314
0.09374989662319419
0.32008215785026545
0.018305838108062744
0.11584702343679963
0.10669410973787306
0.009152993559837355
0.031250018798564615
0.031249958090484135
0.21338809654116625
0.027458721771836263
0.0549174379557371
0.12499986588954924
1.580506392429015e-08
0.018305830657482137
0.18749989010393614
0.018305797129869447
0.2133880704641342
0.07165280793448135
0.10898225661367175
0.020986668765544884
0.054917415603995316
0.02879911288619042
0.06786160357296465
0.054917419329285615
0.11584705114364621
0.018305806443095204
0.3200822621583938
0.03527119848877191
0.06786157004535197
0.49999982863664616
0.06249995250254868
0.20502049196511501
0.23169400170445437
0.010723315179347995
0.4176234006881713
0.036611644551157944
0.018305791541934013
0.02098665386438369
0.06249993294477463
0.12499991059303281
0.1874999217689037
0.01830580364912748
0.06249997392296791
0.15624984726309774
0.036611620336771004
0.053347033448517316
0.06249999976716933
0.01562498742714524
0.018305823206901547
0.031249999999999993
0.07678451691754161
0.036611630529702836
0.1249999478459358
7.450580587169506e-09
0.2866114675998687
0.0026808306574821516
0.21495860628783697
0.005361651162903019
0.24999971424375908
0.0
0.018305822275578976
0.10669407621026036
0.3357072845101356
0.14330571703612802
0.24463810026645655
0.062499973922967904
0.052236573304980986
0.2133881567849691
-2.2351741781134675e-08
0.10904966667294502
0.23169392906129355
0.21338815777562556
0.0031407787464559074
0.1406248854473233
0.11584699247032401
0.1433056518435478
0.062499918043613434
0.0007851906120777104
0.018305809702724215
0.18749989848583934
0.12499991973717847
0.1066941265016794
0.16004122048616407
0.18749993853271005
0.08995868079364297
0.24463814683258528
0.062499916123722285
0.5464146733283995
0.3292351700365543
0.21338825859129426
0.06249995902180671
0.06249997531995177
0.27722847461700434
0.06786159996408968
0.10669408086687325
0.23169399797916407
0.14598651416599748
0.06249991059303284
0.0053616166114807216
0.3200822453945875
0.24463817477226252
0.1249999776482582
0.21338811516761777
0.010723301209509371
0.03124999534338712
0.010723299812525513
0.062499951105564826
0.18749986775219438
0.10669407248497007
0.2316939532756805
0.24999984353780744
0.24999985471367922
0.0411880575120449
0.06249994086812104
0.21338832378387448
0.05334705114364623
0.016084920614957803
0.10669409669935702
0.062499894760549055
0.06786161754280327
0.34754092246294016
0.03124994505196809
0.10669407621026038
0.28661143779754633
0.32008230313658703
0.05034098867326974
0.06249995715916157
0.0366116315126419
0.2732072994112968
0.01830581203103065
0.0533470227383077
0.11584695242345333
0.21606897783931342
0.10669410562282165
0.23169398680329317
0.12499991059303282
0.3642764730643463
0.12657023221254346
0.08995864912867543
0.0
0.015624974854290484
0.1249999403953552
0.3669571727514266
0.036611602641642094
0.15356904733926058
0.18749982491135594
0.06786161102354525
0.28661138145253057
0.09152905642986295
-1.053670750650326e-08
0.09832636266946791
0.2499998584389686
0.12499994132667777
0.1249999054570505
0.2133881896734237
0.2675203643739223
0.34754104539752
0.3799014203250407
0.1562498807907104
0.0
0.2499998370757954
0.0
0.0007852017879486084
0.20502047240734095
0.03124996204860508
0.10669410787522791
0.03661162987597293
0.2850409923121333
0.036611612886190414
0.031249977648258195
0.3200823068618774
0.1821382343769073
0.14062488265335557
0.022882307879626747
0.0
0.07322324812412262
0.018305834382772435
0.07322328537702559
0.15356905199587342
0.18749990127980706
0.062499977648258195
0.17377047799527642
0.036611594800210805
0.06249995157122611
0.12499991059303284
0.12499991059303281
0.21338817477226255
0.031249986030161374
0.09374994318932292
0.21495860395953056
0.22656217310577625
0.06249994877725838
0.21338823437690732
0.4633880481123923
0.062499955296516405
0.036611616611480706
0.036611629162035746
0.12499994598329064
0.01830581203103065
0.23437482584267852
0.04576452076435088
0.06249993853271008
0.10669404268264769
0.0
0.03582643083063885
0.02288226829841733
0.12499993737899204
0.09374988824129103
0.05334703531116246
0.21338817477226255
0.06249996891579412
0.20557568687945602
0.10669406130909917
0.32008230127394194
9.561696767690361e-09
0.12499990686774229
0.1249999217689037
0.11584698618389665
0.12499996833503245
0.018305800090977705
0.1249999776482582
0.03661161861591133
0.2133882194757461
0.06249995157122611
0.4267764389514922
0.12499988694578777
0.12499992812837134
0.3642764911055564
0.00536165479570627
0.24999979138374323
-3.725290293584753e-09
0.26673525944352144
0.1328123304992914
0.0366116240620613
0.2812498867278918
0.12499987844152294
0.027458692900836464
0.0
0.36427664756774897
0.10669412921110759
0.2683055996894836
0.06249997392296791
0.21338825486600396
0.23169395327568051
0.062499995503176864
0.036611616611480706
0.1821382194757461
0.0015703849494457269
0.2133882194757461
0.0366116240620613
0.03124996274709701
0.009152910672128199
0.031249951571226113
0.3437496796250342
0.0
0.4633880257606506
0.010723292827606198
0.3124997839331626
0.031249980442225933
1.9557774067079285e-08
0.062499975785613046
0.01830583997070789
0.2850410602986812
0.22254119440913195
0.06328514663048866
0.046874960884451866
0.09374994505196808
0.009152915328741072
0.11473665013909339
0.3642764315009117
0.24999989569187162
0.09643068816512822
1.336376820315621e-08
0.06249997341894006
0.06249995154518777
0.09374998323619364
0.0
0.1433058055117726
0.03124998230487108
0.07322328537702559
0.062499977648258195
0.18749989569187162
0.03661160729825497
0.3124998211860656
0.0
0.12499989162067512
0.2133882343769073
0.12499993853271005
0.30981903197243804
0.062499955296516405
0.06249997206032275
0.05792354047298429
0.018305815756320953
0.21338821498139454
0.06249995529651643
0.3642766177654266
0.031249980442225926
0.36427643895149225
0.21338820021013566
0.2804645798169076
0.23169410228729245
0.010723294690251363
0.12499991417653787
3.725290298491292e-09
0.12499983198214425
0.21338818967342377
0.05491742957383393
0.062499978579580714
0.124999962747097
0.07322328165173529
0.1874999552965164
-6.292933174556479e-09
0.027458690106868747
0.12499987892806527
0.24999989569187162
0.05491746589541434
0.2133882075721317
0.16004111431539053
0.18749989569187162
0.062499977648258646
3.725290298981946e-08
0.06707638502120972
0.01830581203103065
0.124999962747097
0.1874999329447746
0.124999925494194
0.6401647478342055
0.18213820550590748
0.3109294399619102
0.01830583438277244
0.21338820643723005
0.1562499105930328
0.8535527288913726
0.21338826976716518
0.10669413208961484
0.2133883070200681
0.124999962747097
0.15356911718845367
0.0468749776482582
0.28661148808896536
0.36427660286426533
0.1874999552965164
0.1249999403953552
0.031249977648258206
0.02745874319225549
0.0183058138936758
0.06249998696148394
0.0
0.06249995157122611
0.12499988730996844
0.10669411718845365
0.24999993294477457
0.0
0.010723300278186795
0.11584697384387255
0.12499998882412908
0.06249995250254867
0.0366116352379322
0.11584702413529155
0.0624999802824347
0.2446381440386176
0.0716528594493866
0.0
0.12499992921948433
0.0366116389632225
0.12499989941716193
0.12499994784593581
7.514241860510323e-18
0.1249999292194843
0.10669408738613126
0.0
0.0
3.725290293584753e-09
0.12499990765727963
0.03124999068677424
0.036611624062061275
0.01830583624541759
0.3200822994112968
0.28124987892806524
0.04576453380286693
0.06249996561195747
0.0
0.0
0.2133882492780685
-5.067756270182855e-09
0.06786160916090012
0.018305825069546696
0.062499962747097
0.24999994039535517
0.010723299114033578
0.21338829025626177
0.2850410267710685
0.0624999701976776
0.03661162964999675
0.21338811516761774
0.07165287318639457
0.22254105005413288
0.0732232555747032
0.0624999553639641
0.06249998509883879
0.10669408924877641
0.052236621733754866
0.2499998807907104
0.009152911603450772
0.12499994869664909
0.3642766177654266
0.03661163478140494
0.21417341101914641
0.35669404268264765
0.062499951571226106
0.07165284454822539
0.07622926309704779
0.12499993294477461
0.18749998983534652
0.04197328363079577
0.2133881781448785
0.07322325901642256
0.12499990314245221
0.027458714321255694
0.4999999403953551
0.062499944120645516
0.10669410414993762
0.0053616524673998365
0.21338819339871404
0.12499997019767758
0.035826420411467545
0.03661161940544843
0.3200823254883289
0.2133881896734237
0.0366116389632225
0.010723300278186796
0.2133882939815521
0.054917428642511354
0.10669407434761521
0.2446382134221494
0.03661162196463818
0.28661150578409433
0.12499993294477461
0.21338820829987523
0.06249994039535521
0.12499988824129102
0.2499999366700649
0.018305834382772446
0.36427667737007136
0.0
0.22901324369013307
0.3071382357738911
0.07165285758674145
0.010723298415541647
0.03661167994141577
0.3642765581607818
0.18213818315416566
0.12499994784593581
0.106694127433002
0.3642764687538146
0.1600411310791969
0.1821382716298103
0.249999925494194
0.12499997019767758
0.21338820084929463
0.06249994630287014
0.2133882194757461
0.1249999478459358
0.010723296989934681
0.005361647112295031
0.07054241187870501
0.062499962747097
0.26830569142475724
0.0381820136681199
0.18749988637864587
0.06249996647238731
0.12499991431832312
0.062499969047835884
0.031249954365193837
0.21338823996484277
0.0366116352379322
0.0366116315126419
0.0
0.12499992363154885
0.062499956227838986
0.06249997206032275
0.12499993294477461
0.3200822547078132
0.053347039502114044
0.03124998416751623
0.11473655328154561
0.39323813840746874
-1.862645149245646e-09
0.06249994784593581
0.21338830888271332
0.0366116352379322
0.0678615979850292
0.018305821344256398
0.05034098401665687
1.490116119396517e-08
0.546414889395237
0.10826448909938333
0.49999984353780735
0.054917459376156316
0.23169410228729245
0.24463820271193976
0.045764546841382994
0.009152906946837902
0.195542300119996
0.4267763793468474
0.2133882939815521
0.0366116277873516
0.06250003352761267
-6.184813217124938e-10
0.0
0.4267763942480086
0.3642765022814273
0.036611620336770984
0.010723298415541647
0.21338827908039087
0.18213820643723008
0.24463818687945604
0.3642765879631042
0.07322329282760619
0.0
0.062499932944774614
0.499999850988388
0.21338827908039087
0.09106910414993762
0.3071382790803909
0.3749998807907104
0.24999991804361338
0.30713810445740813
0.0
0.5156247094273566
0.0366116389632225
0.21338829118758437
0.16082650050520894
0.01830580458045005
0.0
0.0624999776482582
0.0
0.12499995487115997
0.0
0.24999991059303278
0.2499999552965164
0.0
0.0107232965528965
0.10669415257871148
0.1249999366700649
0.24084689468145365
0.0624999888241291
0.027458751806989312
1.490116119396517e-08
0.3955265581607818
0.054917443543672555
0.463387981057167
0.09374997578561306
0.2133882641792297
0.42677663625105533
0.21338822878897187
0.21338830143213267
0.320082320831716
0.05491746170446275
0.09374990314245223
0.3955266177654265
0.3566940128803252
0.2499999456637107
0.041973277926445
0.4999996572732925
0.036611646413803094
0.124999925494194
0.21338823530241743
0.3200823827646672
0.21338833868503565
0.10669412650167939
0.1249999441206455
0.018305817153304815
0.10669410228729247
0.6401647701859473
0.04687495296820997
0.4267766177654265
0.06249999068677424
0.09374993853271005
0.0
0.0
0.2133882939815521
0.12499995157122609
0.06249994784593581
0.24999994039535517
0.1874999478459358
5.623367549389967e-09
0.0
0.1562499408610165
0.24999991059303278
0.0
0.1874999105930328
0.18749989196658132
0.0366116277873516
0.16004118323326108
0.0
0.03661162778735161
0.3749998792476447
0.24463815242052073
0.0366116315126419
0.03661163531174538
0.08348657772876321
0.0
0.17377052921801803
0.0
0.2133882939815521
0.2133882641792297
0.01072332542389631
0.06786164175719021
0.23169405665248632
0.0732232704758644
0.062499990686774254
0.0
0.0053616520017385465
0.062499980602015434
0.0366116352379322
0.0366116166114807
0.15245867148041722
0.0732232481241226
0.310929462313652
0.3642764384995391
0.12499995529651639
0.21338815987110132
0.3071382166817784
0.0366116352379322
0.2133882641792297
0.12499996460974215
0.0
0.4267764911055564
0.036611632443964474
1.929634896313814e-09
0.01830583810806274
0.07322332821786401
0.0
0.10669418796896932
0.2133882939815521
0.4267766773700713
0.18749997586550787
0.4999999105930328
0.4267765432596206
0.0366116352379322
0.3749998807907104
0.15624994225800035
0.001570390712004154
0.0732232742011547
0.0
0.01608494773972779
0.28124987520277495
0.24999990314245218
0.0
0.21338823652312341
0.3642765879631042
0.18749995157122612
0.0366116389632225
0.23169402033090586
0.0
0.3124999583942075
0.3749998211860656
0.2133882671169207
0.18749994225800032
0.018305826000869264
0.21338827908039087
0.249999925494194
0.10669415071606633
0.0366116687655449
0.07322328537702559
0.009152909740805624
0.16082632867619395
0.3696381598711014
0.187499925494194
0.21338829398155207
0.4267766177654265
0.036611635237932205
0.124999962747097
0.10983489174395797
0.036611620336771004
0.031249970197677605
0.010723301209509371
0.9999998211860656
0.05491742491722106
0.4267766773700713
0.06786161102354525
0.06518080458045006
0.34754106774926175
0.23169411905109877
0.249999850988388
0.1066941078752279
0.3200824122431138
0.01830581575632095
0.4999999105930328
0.14330574870109555
0.05491746589541434
0.0366116277873516
0.0732232742011547
0.09374993480741976
0.018305829726159566
0.10669415630400178
0.24999992747919106
-1.7820084990960433e-10
0.24999997019767756
0.03661162212852334
0.0419732816517353
0.0678616166114807
0.426776498556137
0.249999925494194
0.010723289102315903
2.346951665517577e-25
0.4267766773700713
0.036611642688512795
0.24999997019767756
0.0
0.0624999813735485
0.036611646413803094
0.06249996088445185
0.0625000074505806
0.156249925494194
0.24999991059303278
0.0366116352379322
0.12499991245567796
0.12499992921948432
0.24463808536529538
0.12499996690942572
0.036611642688512795
0.16004123911261553
0.24999991059303278
0.14330575894564387
0.12499998622919138
0.0183058250695467
0.17377049289643762
0.20122921490110454
0.21338830888271326
0.062499962747097
0.21338833868503565
0.062499992549419396
0.12499998509883878
0.24999994412064547
0.0
0.36427661031484593
0.0183058138936758
0.0
0.10669414699077605
0.10669413208961484
0.24999989569187162
0.0
0.12499999254941943
0.12499996977232117
0.2133882641792297
0.12499996833503245
0.0
0.036611625924706445
0.046874955995008336
0.0
0.1249999166102009
0.21338830823493457
0.12499995902180666
0.0
0.01072330772876741
0.018305813893675804
0.0
0.0624999701976776
0.0
0.24463826417922968
0.1249999366700649
0.06249999534338711
0.2499998323619365
0.14330579340457913
0.42677654325962056
0.21338823830878836
0.010723300278186795
0.062499979510903345
0.2133882492780685
-9.169474068926318e-09
0.12499997896534706
0.21338830515742302
0.21338833868503565
0.12499995529651639
0.062499984749592834
0.23169411718845362
0.062499951571226134
0.0
0.3955265171825885
0.03125002980232237
0.0624999813735485
0.09374992828816174
0.07322329282760619
0.49999988079071034
0.23169409856200213
0.42677655071020115
0.1821382939815521
0.1249999722862993
0.4267765879631042
0.21338828280568117
0.0366116389632225
0.5464148670434951
0.12499998509883878
0.0
0.21338830888271326
0.21338824182748795
0.03661165013909339
0.21338829211890697
0.18749995343387127
0.062499962747097
0.49999997019767756
0.005361638963222502
0.249999850988388
0.24999998137354845
0.21338823164018536
0.12499995529651639
0.2133882641792297
0.0624999590218067
0.01072329934686422
0.1249999776482582
0.36427664756774897
0.18749999627470965
0.03661163698416203
0.18749995343387124
0.21338825114071366
0.2133882641792297
0.06249997819381435
0.018305819481611252
0.0
0.18749986588954923
0.2133882492780685
0.010723298415541647
0.12499989832604894
0.12499995343387103
0.06249996833503246
0.06249998509883879
0.21338830888271326
0.0366116389632225
0.49999982118606556
0.21338829537853596
0.4999999105930328
0.0
0.0366116464138031
0.32008238136768336
0.4999999776482581
0.12499997206032264
0.4267765879631042
0.07322328537702559
0.062499962341945534
-6.88343870791641e-09
0.2316940706223249
0.374999850988388
0.036611642688512795
0.07322329282760619
0.2133882939815521
0.24999997019767756
0.12499998308272617
0.12499991804361342
0.24463829025626177
0.07322329282760619
0.12499995529651639
0.0366116389632225
0.2499999292194843
0.24999994039535517
0.09374997206032273
0.49999973177909846
0.03661163710057735
0.3642764911055564
0.21338826604187483
0.21338823996484274
0.12499997019767758
0.1249999217689037
0.0
0.4267766773700713
0.2499999552965164
0.036611635237932205
0.03661165013909339
0.12499996647238729
0.12499997019767758
0.23169411718845362
0.12499987613409755
0.03661163942888379
-4.322957760611144e-27
0.045534551143646254
0.01830582693219185
0.010723302024416627
0.24999991804361338
0.036611642688512795
0.14330575801432127
0.031249985098838803
0.124999925494194
0.0
0.24999998509883878
0.12499994784593581
0.12499995529651639
0.2499999664723873
0.4267765954136848
0.3642765879631042
0.0
0.213388318195939
0.036611642688512795
0.10669413581490515
0.0
0.06249996920084498
0.10669415444135663
0.05491745006293057
3.725290293584753e-09
0.18749989848583934
0.07322330027818678
0.4267766773700713
0.36427664756774897
0.0
0.3642764687538146
0.0732232928276062
0.18749990686774254
0.364276511594653
0.12499996647238729
0.21338830888271326
0.24999995343387124
0.0
0.3749999217689036
0.0
0.0
0.12499997019767758
0.3642765581607818
0.187499930940344
0.49999982118606556
0.036611642688512795
0.2499999552965164
0.2499999552965164
0.4999998807907104
0.07322328537702559
0.36427649855613703
0.0366116538643837
0.499999850988388
0.0
-2.1073423894790718e-08
0.14330578316003081
0.06249996460974215
0.01830582320690155
0.0624999888241291
0.4999999999999999
0.05334705393761396
0.21338829918372124
0.1874998891726136
0.018305815537802025
0.4267766773700713
0.0
0.2133882865309715
0.23169407434761521
0.21338832378387448
0.03661163989454507
0.4999999478459359
0.23169405013322825
0.01830581948161125
0.182138305157423
0.0
0.10669413022696969
0.07322330027818678
0.2133882939815521
1.2284806031137794e-16
0.4267766773700713
0.036611642688512795
0.0366116389632225
0.3071382194757461
0.0937499569263309
0.0
0.21338825364251773
0.249999925494194
0.018305813893675804
0.21338823437690732
0.2133882613765006
0.12499995529651639
0.1249999776482582
0.4267766773700713
0.24999997019767756
0.0366116464138031
0.18749997019767758
0.21338822320103645
0.2133882641792297
0.8535532951354978
0.12499997019767758
0.4267766177654265
0.24999998509883878
0.12499999999999999
0.2133882641792297
0.12499997019767758
0.07322328537702559
0.3642765879631042
0.4267766177654265
0.12499996460974214
0.031249994412064552
0.3642765581607818
0.062499993537987845
0.3642766177654266
0.010723305866122244
0.0
0.12499995529651639
0.0
0.32008246146142477
1.1175870900380414e-08
0.2133882641792297
0.3642765879631042
0.49999997019767756
0.32008237764239306
0.0
0.0624999888241291
0.49999979138374323
0.12499997019767758
0.49999997019767756
0.4999999105930328
0.12499998509883878
0.054917462635785334
0.06249998509883879
0.3749998211860656
0.21338831260800356
0.0468749888241291
0.2499998807907104
0.0
0.36427664756774897
0.49999997019767756
0.21338831819593904
0.31249994039535517
0.0624999888241291
0.21338826867605262
0.49999997019767756
0.124999962747097
0.21338833868503565
0.24999995343387124
0.14330574870109555
0.12499994225800035
3.4373737189952175e-10
0.24999997019767756
0.3124997816257319
0.249999925494194
0.0366116277873516
0.2667353451251983
0.06249998509883879
0.36427667737007136
0.0
0.0366116464138031
0.07322329282760619
0.21338831633329386
0.06250000186264514
0.0
0.3749999068677425
0.05491746030747889
0.12499993294477461
0.18749997951090333
0.06249999254941939
0.0
0.23169412091374397
0.23169410228729245
7.450580587169507e-09
0.036611627787351594
0.0
0.21338830888271326
0.03661164082586764
0.4267765283584594
0.21338833868503565
0.2133882828056815
0.21338827908039087
0.4999999403953551
0.2133882455527782
0.1433057901449501
0.005361650139093402
0.06249997457852529
0.07322329282760619
0.24999996647238726
0.0732232928276062
0.06249999627470969
0.0366116315126419
0.036611646413803094
0.46338820084929455
0.0624999850988388
0.10669414699077603
0.12499995529651639
0.0624999701976776
0.031249998137354844
0.1821383014321327
0.21338833868503565
0.249999925494194
0.1249999776482582
0.24999994039535517
0.4267766177654265
0.0
0.036611620336771
0.03661163069958095
0.24999995157122606
0.21338830888271326
0.4999999105930328
0.249999925494194
0.4999999999999999
-3.725290298491292e-09
0.12499998975545165
0.0
0.24999991059303278
0.0
0.4999999552965163
0.4267766177654265
0.4267766773700713
0.0
0.49999997019767756
0.49999988079071034
0.24999997019767756
0.2499999683350324
0.0
0.21338832378387448
0.2133882939815521
0.0183058213442564
0.12499998509883878
0.0
-1.1175870890567337e-08
0.06249999254941939
0.0
0.0
0.4999999105930328
0.12499998509883878
0.2133882641792297
0.0
0.12499995157122609
0.2499999552965164
0.2133882939815521
0.2499999552965164
0.10669416375458238
0.23169408552348608
0.4267765432596206
0.36427667737007136
0.0
0.4999999403953551
0.2499999552965164
0.0732232704758644
0.24084700038656587
0.01830581203103066
0.1066941414028406
0.06249998323619364
0.4267766177654265
0.249999925494194
0.0732232742011547
0.0
0.0366116389632225
0.07322327792644501
0.4267766252160072
0.0
0.249999925494194
0.3749998770654201
0.2499999552965164
0.03661164307427916
0.4999999403953551
0.32008242607116694
0.21338832378387448
0.1249999366700649
0.46338817570358515
0.12499999254941939
0.1249999776482582
0.0
-1.8626451467923765e-09
0.249999925494194
0.24999998509883878
0.036611642688512795
0.18749999254941938
0.12499998509883878
0.12499998509883878
0.24463828653097147
0.12499997019767758
0.0
0.3642765879631042
0.21338826417922963
0.4999999403953551
0.6401649266481398
0.036611633295290484
0.426776573061943
0.36427667737007136
0.01830581948161125
0.42677658796310414
0.01072330307215452
0.06249999068677424
0.3642766177654266
0.49999988079071034
0.07322331517934798
0.07322330027818678
0.018305821344256398
0.1249999776482582
0.37499994039535517
0.12499995902180669
0.4999999403953551
0.8535532057285309
0.3200824093073606
0.24999998323619363
0.0
0.0
0.0
0.2133883014321327
0.49999997019767756
0.12499995902180669
0.12499998509883878
0.4267765283584594
0.160041210008785
0.4267766773700713
0.4267765879631042
0.42677664756774897
0.13415286317467687
0.06249996460974215
0.0
0.0
0.24999997019767756
0.2499999552965164
0.23169411718845367
2.9336895818969715e-26
0.4999998807907104
0.062499973922967904
0.4999999999999999
0.18749998323619363
0.2499999552965164
0.0
0.0
0.12499992876753116
0.07322328537702559
0.853553235530853
0.0
0.0624999888241291
-6.05903098532131e-18
0.0
0.036611642688512795
0.09374997206032275
0.2133882492780685
0.06249998509883879
0.21338833868503565
0.06249996647238731
0.21338833868503565
0.6218587607145308
0.24999997019767756
0.0732232853770256
0.24999995157122606
0.21338828653097147
0.0
0.4267766177654265
0.21338830888271326
0.10669413022696969
0.0
0.2499999552965164
0.10983492434024811
0.0624999747413022
0.0
0.4267766773700713
0.036611646413803094
0.02745874971151352
0.018305811099708077
0.24999994039535517
0.0
0.073223277926445
0.0
0.42677658051252404
0.2446382120251655
0.1464465707540512
0.14330575987696645
0.249999925494194
0.12499997019767758
0.3642766177654266
0.2499999552965164
0.12499997019767758
0.4999999999999999
0.1249999441206455
0.2499999552965164
0.018305806443095204
0.0366116389632225
0.12499995529651639
0.3749999068677425
0.24999997019767756
0.46338824462145556
0.42677667737007136
0.03661165013909339
0.0
0.3642765581607818
0.036611642688512795
0.12499998509883878
0.07322327792644501
0.0366116315126419
0.4999999999999999
0.2133882641792297
0.249999925494194
3.441719353958205e-09
0.24999998509883878
0.03661165013909339
0.036611646413803094
0.2866116119548678
0.49999997019767756
0.1249999776482582
0.24999998509883878
0.07322328537702559
0.09374994970858096
0.0
0.4999999105930328
0.49999997019767756
0.24999997019767756
0.21338830888271332
0.4999999999999999
0.06249998509883879
0.12500000372529024
0.3200824558734893
0.0
0.4267766177654265
0.2499999552965164
0.0
0.0
0.0624999813735485
0.062499977648258195
0.21338827908039087
0.12499995529651639
0.49999988079071034
0.010723304003477095
0.21338825191224606
0.24999990407377481
0.24999994039535517
0.24999993294477457
0.062499969226036164
0.8535532951354979
0.0
0.07322329282760619
0.06249999254941939
0.1249999776482582
0.0
0.2499999552965164
0.0
0.36427660286426533
0.12499998509883878
0.1249999180436134
0.21338830329477784
0.4267766773700713
0.0
0.12499998509883878
0.4267766401171685
0.3642765879631042
0.4999999105930328
0.18749988824129102
0.019876204431056973
0.06249998323619364
0.4267766177654265
0.21338829398155207
0.49999997019767756
0.4267766177654265
0.49999988079071034
0.1249999441206455
0.7499998733401296
0.24999997019767756
0.14330577477812761
0.49999988079071034
0.46338817477226246
0.4999999403953551
0.1874999403953552
0.03661162592470646
0.24999997019767756
0.1249999776482582
0.12499999254941943
0.03661163482038165
0.054917460773140185
0.7285532057285307
0.2133882939815521
6.584445563862183e-19
0.24999998509883878
0.21338827908039087
7.450580606795663e-09
0.0366116305813193
0.0366116315126419
0.4999999403953551
0.0732232928276062
0.24999997019767756
0.21338830888271326
0.24999994039535517
0.1249999850988388
0.21338832378387448
0.24999994784593577
0.07322327792644498
0.4999999403953551
0.0
0.0
0.05491745844483374
0.0
0.124999965464331
0.3642765879631042
0.42677664756774897
0.0
0.06249997871390955
0.4267766773700713
-1.8626451492309566e-09
0.2133882939815521
0.036611646413803094
0.24999995157122606
0.24999998882412905
0.0
0.2133882939815521
0.4999999403953551
0.3642766177654266
0.49999988079071034
0.12499998509883878
0.36427667737007136
0.05491746589541434
0.24999997019767756
-9.648173371346045e-10
0.1249999776482582
0.036611646413803094
0.0
-1.2585866571157563e-08
0.0
0.005361646413803099
0.0624999888241291
0.9999997913837432
0.124999962747097
0.07322328537702559
0.12499997019767758
0.4999999776482581
0.4267766773700713
0.3200824502855539
0.8535533547401426
0.0
0.36427659541368473
0.07322329282760619
0.4267766105360796
0.2133882902562618
0.24999998509883878
0.0
0.4999999403953551
0.4999999776482581
0.49999988079071034
0.1249999776482582
0.12499998509883878
0.24999997019767756
0.3749999701976776
0.4999997604004086
0.07322329282760619
0.24999997019767756
0.4267766177654265
0.4999999403953551
0.4999999403953551
0.073223277926445
0.07322329282760619
0.005361661780625581
0.07322328537702559
0.42677664756774897
0.4267766177654265
0.49999997019767756
0.1249999776482582
0.37499990314245224
0.036611642688512795
0.42677664756774897
0.0
0.4267766773700713
0.2133882641792297
0.12499998509883878
0.07322330027818678
0.4999999105930328
0.4267766773700713
0.2499999552965164
0.0
0.49999997019767756
0.06249999254941939
0.24999997019767756
0.4267765879631042
0.14330576360225675
0.2499999552965164
0.24999997019767756
0.42677664756774897
0.4999999403953551
0.2133882939815521
0.12499996209934539
0.4267766773700713
0.23169410601258272
0.4999999105930328
0.4267766177654265
0.2499999552965164
0.2133883391369888
0.4999999403953551
0.1249999776482582
0.24999997019767756
0.12499998509883878
0.031249994412064545
0.1249999776482582
0.07322330027818678
0.21338832378387448
0.2133882008492946
0.49999997019767756
0.07322328537702559
0.0
0.062499977648258195
0.010723301209509371
0.4999999403953551
0.0
0.3642766177654266
0.1600411608815193
0.49999994784593565
0.2133882939815521
0.12499997019767758
0.07322329282760619
0.36427659168839444
0.0
0.374999925494194
0.49999997019767756
0.1249999776482582
0.49999997019767756
0.21338832378387448
0.14644658565521237
0.23169407248497007
0.21338821761310098
0.12499998509883878
0.0
0.24999993403588694
0.4267766773700713
0.06249999254941939
0.4267766773700713
0.36427664756774897
0.2499999552965164
0.12499995529651639
0.06249998509883879
0.0
0.49999988079071034
0.42677661776542664
0.036611642688512795
0.24999998509883878
0.06249999254941939
0.4267766773700713
0.12499997392296788
0.0
0.24999994039535517
0.24999997019767756
0.4267766177654265
0.14644658565521237
0.32008242607116694
0.49999982118606556
0.21338830888271326
0.24999997019767756
0.1249999776482582
0.24999994039535517
0.0732233002781868
0.24999995529651636
0.12499998509883878
0.12499998509883878
0.24999997019767756
0.1249999776482582
0.24999997019767756
0.12499997392296788
0.2133882939815521
-4.90653884941496e-18
0.49999997019767756
0.06249997206032276
0.0
0.1249999776482582
0.4999999403953551
0.2499999366700649
0.36427666991949076
0.06249998509883879
0.018305838108062737
0.24999997019767756
0.24999997019767756
0.24999998509883878
0.0624999589370656
0.0
0.24999998789280647
0.0
0.062499973922967904
0.12499997951090333
0.4267766773700713
0.036611646413803094
0.036611642688512795
0.12499998509883878
0.24999991059303278
0.49999997019767756
0.42677655816078175
0.1249999776482582
0.07322329282760619
0.49999997019767756
0.24999997019767756
0.018305823206901554
0.2499998441049493
0.0624999813735485
0.24999998509883878
0.0
0.0
0.0
0.036611646413803094
0.3642765879631042
0.42677664756774897
0.4999999403953551
0.4999999999999999
0.0
0.4999999403953551
0.2499999552965164
0.0
0.4999999403953551
0.14644655585289
0.4267766401171682
0.49999997019767756
0.0
0.24999997019767756
0.4999999403953551
0.32008248008787626
0.4267765879631042
0.0
0.24999993294477457
0.03661165013909339
0.4999999403953551
0.24999997019767756
0.42677664756774897
0.4999999999999999
0.4267766177654265
0.36427664756774897
0.49999997019767756
0.24999998509883878
0.1249999776482582
0.24999998509883878
0.4999999105930327
0.4999999105930328
0.24999997019767756
0.24999997019767756
0.0
0.4267766773700713
0.4999999999999999
0.1249999813735485
0.2133882939815521
0.07322329282760619
0.07322330027818678
0.4999999999999999
0.02144661918282508
0.21338823251426217
0.07322330027818678
0.4999999776482581
0.12499995529651639
0.0
0.24999998509883878
0.6249998509883878
0.1874999515712261
0.12499999674037096
0.0
0.0
0.24999997019767756
0.24999997019767756
0.06249997206032275
0.12499994784593581
0.036611642688512795
0.6401649266481398
0.4267766177654265
0.24999997392296788
0.49999997019767756
0.4999998045367512
0.12499997546603356
0.4999999403953551
0.4999999105930328
0.0
0.49999988079071034
0.0
0.06249999441206454
0.24999997019767756
0.07322329282760619
0.4267765879631042
0.21338830888271326
0.1249999776482582
0.1874999547509608
0.0366116352379322
0.0366116352379322
0.3955266093835234
0.0625
0.12499997019767758
0.4999999999999999
0.07322329282760619
0.21338832378387448
0.12499998509883878
0.12499998509883878
0.36427667737007136
0.2133882939815521
0.0
0.0
0.24999997019767756
0.24999997019767756
0.2499999366700649
0.4999999999999999
0.4267766773700713
0.49999997019767756
0.4999999105930328
0.07322329282760619
0.24999997019767756
0.4999999403953551
0.24999997019767756
0.0
0.07322330027818678
0.4999999999999999
0.4999999105930328
0.4999999999999999
0.0366116352379322
0.2133882939815521
0.14644655585289
0.24999998509883878
0.4267766773700713
0.06249999254941939
0.0732232816517353
0.2499999552965164
0.0
0.4999999105930328
0.4267766773700713
0.21338827908039087
0.24999997019767756
0.9999998211860656
0.24999998509883878
0.12499998509883878
0.07322330027818678
0.2499999552965164
0.06250000558793543
0.10669414326548576
0.49999997019767756
0.036611642688512795
0.036611642688512795
0.3749999292194843
0.4999999403953551
0.21338830888271326
0.49999997019767756
0.0
0.0
0.12499998509883878
0.49999997019767756
0.12499998509883878
0.24999998509883878
0.49999997019767756
0.4999999776482581
0.4999999403953551
0.12499998509883878
0.036611642688512795
0.26830571040045464
0.0
0.07322330027818678
0.42677658423781384
0.18749994254157126
0.42677655816078175
0.2133882939815521
0.49999997019767756
0.0
0.4267766773700713
-5.87538240282015e-09
0.073223277926445
0.0
0.3437499540159478
0.4999999999999999
0.4267766773700713
0.4999999999999999
0.0
0.12499997019767758
0.4999999478459359
0.4267766177654265
0.24999998044222588
0.4999999403953551
0.2499999730488912
0.07322329282760619
0.49999988079071034
0.0
0.2499999552965164
0.06249998509883879
0.0366116389632225
0.2500000270083546
0.062499977648258195
0.036611648276448236
0.49999997019767756
0.4999999403953551
0.12499998509883878
0.4999999403953551
0.06249996647238731
0.4267766177654265
0.21338833868503565
0.24999998509883878
0.4267765283584594
0.37499990314245224
0.4999999999999999
0.36427667737007136
0.3200823757797479
0.0
0.0
0.1249999776482582
0.03661165013909339
0.4999999403953551
0.4999999478459359
0.12500004097819326
0.4267765879631042
0.24999994039535517
0.0
0.24999994039535517
0.4999999403953551
0.3642766177654266
0.2499999552965164
0.0
0.49999997019767756
0.4999999999999999
0.4999999403953551
0.0624999888241291
0.1874999105930328
0.7499998956918715
0.0
0.24999998509883878
0.2133883014321327
0.07322328537702559
0.0
0.07322330027818678
0.12499996274709702
0.12499997951090333
0.21338832378387448
0.2499999552965164
0.49999997019767756
0.07322330027818678
0.0
0.21338828466832638
0.24999997019767756
0.12499996833503245
0.49999997019767756
0.24999997019767756
0.4267766773700713
0.0
0.3200823757797479
0.0
0.21338830888271326
0.12499997019767758
0.24999997019767756
0.036611645948141806
0.0
0.0
0.21338830888271326
0.49999997019767756
0.2133882939815521
0.24999997764825818
0.24999998509883878
0.49999997019767756
0.24999997019767756
0.4267766283021385
0.4999999999999999
0.4267765879631042
0.4267766773700713
0.4267766177654265
0.4999999999999999
0.07322330027818678
0.49999997019767756
0.2499999552965164
0.249999925494194
0.07322329282760619
0.4267766177654265
0.9999999403953551
0.062499999999999986
0.4267766773700713
0.42677658796310414
0.24999997019767756
0.4267766773700713
0.4999999403953551
0.4999999403953551
0.24999997019767756
0.07322330027818678
0.03661165013909339
0.24999997019767756
0.24999998509883878
0.4999999999999999
0.4999999403953551
0.12499997764825818
0.49999997019767756
0.24999994039535517
0.24999998509883878
0.01072330307215452
0.4999999999999999
0.49999997019767756
0.24999998509883878
0.21338830888271326
0.4999999105930328
0.0
0.9999999403953551
0.49999997019767756
0.24999997019767756
-6.88343870791641e-09
0.49999997019767756
0.4999999999999999
0.07322329282760619
0.06249999254941939
0.36427664756774897
0.4999999403953551
0.24999995529651628
0.24999997019767756
0.24999998509883878
0.2133883014321327
0.21338833868503565
0.12499998509883878
9.31322574622823e-10
0.4267766773700713
0.21338833868503565
0.21338830888271326
0.1249999776482582
0.42677664756774897
0.12499998509883878
0.8535532951354979
0.49999997019767756
0.24999997019767756
0.12499998509883878
0.12499997019767758
0.49999997019767756
0.4999999403953551
0.1250000037252903
0.4267766177654265
0.4267766773700713
0.12499997019767758
0.24999994039535517
0.24999997019767756
0.06249997578561305
0.4999999403953551
0.05334706883877515
0.24999998509883878
0.21338830888271326
0.24999998509883878
0.24999997019767756
0.4999999776482581
0.0
0.0624999888241291
0.0
0.24999998509883878
0.4999999999999999
0.4999999701976775
0.4267766773700713
0.062499973922967904
0.2133882939815521
0.4999999999999999
0.4267766773700713
0.49999997019767756
0.062499977648258195
0.24999998509883878
0.0
0.49999997019767756
0.24999997019767756
0.07322330027818678
0.0
0.4267766773700713
0.21338832378387448
0.4999999999999999
0.4267766773700713
0.07322329282760619
0.4999999105930327
0.4267766773700713
0.24999994039535517
0.24999997019767756
0.21338833868503565
0.49999997019767756
0.4267766773700713
0.12499999999999994
0.24999997019767756
0.4267765879631042
0.12499998509883878
0.010723304003477095
0.0
0.07322330027818678
0.07322330027818678
0.24999997019767756
0.4999999403953551
0.036611646413803094
0.24999998509883878
0.24999997019767758
0.4999999403953551
0.49999997019767756
0.0
0.21338826231658453
0.12499998509883878
0.24999997019767756
0.4999999999999999
0.24999998509883878
0.07322329282760619
0.3642766363918781
0.4999999999999999
0.4999999999999999
0.24999998509883878
0.0
0.49999997019767756
0.18749997617137945
0.0
-5.87538240282015e-09
0.0
0.12499998509883878
0.4267766773700713
0.49999997019767756
0.24999997019767756
0.24999995529651636
0.07322330027818678
0.4267766773700713
0.0
0.49999997019767756
0.4267766177654265
0.49999997019767756
0.1249999776482582
0.07322329282760619
0.49999997019767756
0.4999999999999999
0.24999997019767756
0.49999997019767756
-6.88343870791641e-09
0.07322330027818678
0.24999998509883878
0.24999997019767756
0.12499998509883878
0.4999999999999999
-1.1810112887644662e-09
0.0
0.1249999664723873
0.2499999552965164
0.49999997019767756
0.4267766773700713
0.49999997019767756
0.07322329282760617
0.07322329282760619
0.0
0.24999997019767756
0.42677664756774897
0.4999999999999999
0.42677664756774897
0.4999999105930328
0.4999999403953551
0.4999999403953551
0.21338830702006814
0.4267766773700713
0.42677664756774897
0.21338828653097147
0.4267766177654265
0.05491746868938206
0.24999997019767756
0.4267766773700713
0.2499999552965164
0.4267766773700713
0.4999999105930328
0.4999999403953551
0.24999997019767756
0.24999998509883878
0.12499998509883878
0.24999997019767756
-3.725290293584753e-09
0.24999997019767756
0.49999997019767756
0.24999998509883878
0.49999997019767756
0.24999997019767756
0.4999999999999999
0.3642766177654266
0.4999999999999999
0.49999997019767756
0.4999999403953551
0.49999994784593565
0.0
0.06249999254941939
0.062499996274709695
0.49999997019767756
0.24999997019767756
0.4267766773700713
0.4999999999999999
0.0
0.9999999403953551
0.49999997019767756
0.4999999999999999
0.9999998211860656
0.4267766773700713
0.4267766177654265
0.07322329282760619
0.4267766177654265
0.4999999999999999
0.4999999999999999
0.49999997019767756
0.02144660614430904
0.0
0.49999997019767756
0.42677664756774897
0.24999998509883878
0.49999997019767756
0.499999850988388
0.49999997019767756
0.12499998509883878
0.4999999999999999
0.4267766773700713
0.1874999850988388
0.42677664756774897
0.24999997019767756
0.4267765879631042
0.124999962747097
0.21338830888271326
0.0
0.12499998509883878
0.4999999999999999
0.4999999478459359
0.24999997019767756
0.24999997392296788
-3.725290298491292e-09
0.24999997019767756
0.4999999999999999
0.4267766773700713
0.4999999999999999
0.24999998509883878
0.07322330027818678
0.12499998509883878
0.4267766773700713
0.4999999999999999
0.24999997019767756
0.24999998509883878
0.036611642688512795
0.4999999105930328
0.2499999552965164
0.062499992549419396
0.49999997019767756
0.4999999776482581
0.4999999403953551
0.4999999999999999
0.03661163710057735
0.12499999441206452
0.07322329282760619
0.4999999999999999
0.49999997019767756
0.21338833868503565
0.21338830888271326
0.49999997019767756
0.1249999441206455
0.036611646413803094
0.49999994784593593
0.24999997019767756
0.49999997019767756
0.4999999999999999
0.24999997019767756
0.4267766773700713
0.1249999776482582
0.12499997337741163
0.4999999999999999
0.24999998509883878
0.4999999999999999
0.49999997019767756
0.4267766773700713
0.4999999999999999
0.49999997019767756
0.4267766773700713
0.24999997019767756
0.12499998509883878
0.49999997019767756
0.4999999403953551
0.49999997019767756
0.24999995157122606
0.24999997019767756
0.07322330027818678
0.12499996647238774
0.0
0.0
0.42677655816078175
0.4267766773700713
0.24999998509883878
0.4267766773700713
0.4999999999999999
0.4267766773700713
0.4999999999999999
0.0624999888241291
0.4267766773700713
0.24999997019767756
0.21338832378387448
0.49999997019767756
0.42677664756774897
