0.695534586906433
0.8088692426681517
0.746427923440933
0.7843157351016997
0.7867991030216214
0.7284652590751647
0.7538198232650756
0.7296136319637297
0.7793381810188292
0.7766187489032745
0.662173181772232
0.6947235167026519
0.6835973858833312
0.7364315390586852
0.7368308305740356
0.8091498613357543
0.7747478187084196
0.7415149211883544
0.7316035628318784
0.6955345571041107
0.7949356138706205
0.6512033045291901
0.7173882126808167
0.7923001348972318
0.8246052861213682
0.7490582466125486
0.7446787953376769
0.8783910870552062
0.7177134156227111
0.7082758247852324
0.7469191551208495
0.8078622817993163
0.7578387558460233
0.8812298476696012
0.7371809184551238
0.8023051321506499
0.708754003047943
0.6797974705696105
0.6804716587066649
0.7000554502010343
0.7080715894699096
0.7838284671306608
0.7442789375782012
0.6309089362621306
0.7631928026676177
0.7353862524032592
0.6733689308166503
0.8141280114650725
0.6615367829799651
0.7683888673782346
0.7007603645324706
0.6512033045291901
0.7030026018619536
0.7429564595222471
0.6223924458026885
0.7805314660072326
0.710877776145935
0.8366936743259429
0.7688342332839965
0.6216317117214202
0.7867103219032286
0.7200819551944732
0.6523575782775877
0.8165303170681
0.6799616217613219
0.7057629525661467
0.7867898046970367
0.752961367368698
0.7684965431690214
0.8863023221492765
0.7748683393001555
0.8222004175186156
0.7486760020256041
0.7192290425300597
0.7464327812194823
0.7415558099746703
0.796594738960266
0.8036890625953673
0.6962175369262694
0.727516621351242
0.7445884943008422
0.7822107374668119
0.7923696935176847
0.7922207713127135
0.7513992488384247
0.6813159584999082
0.7340270578861235
0.6753457188606261
0.7413079738616942
0.7180466949939727
0.7019765377044677
0.6315960586071013
0.7315935194492339
0.733188360929489
0.6834678649902343
0.8302974998950957
0.7614989280700684
0.6618424952030181
0.7483740746974943
0.7465134561061858
0.686473786830902
0.8529925048351286
0.8111742138862609
0.6966112256050109
0.651203393936157
0.7814537286758422
0.8326025605201719
0.8079315721988677
0.74869567155838
0.7807357013225554
0.7361264526844024
0.6309089362621306
0.6416095793247223
0.7251774072647094
0.7205030024051664
0.6611433625221252
0.7244786322116851
0.7179710566997526
0.6906706690788268
0.6910301148891448
0.7931245565414428
0.7024607658386229
0.7673223018646239
0.6998491287231444
0.652754634618759
0.7520987391471862
0.8088205456733703
0.8666577637195586
0.7465132474899291
0.7625488340854644
0.7371555268764495
0.7352851033210753
0.7534731328487394
0.7429772317409515
0.7077602446079253
0.706636071205139
0.7296117544174193
0.7544129192829131
0.761241465806961
0.6618795692920684
0.7642015218734739
0.8028475940227509
0.7094641327857971
0.7568958401679992
0.672186642885208
0.7455879151821134
0.8400235176086426
0.74210450053215
0.7438760399818419
0.7834178209304808
0.8043912947177887
0.7846826314926146
0.7397768497467041
0.6796138286590574
0.8960183560848234
0.825202703475952
0.7694883942604064
0.7016601860523223
0.7316296398639678
0.7829580605030059
0.7622049748897551
0.7977494299411773
0.7406308352947233
0.7079934775829314
0.733155608177185
0.734470099210739
0.6537302136421203
0.700671225786209
0.6952255368232726
0.7668392360210418
0.7843188047409055
0.7437801063060759
0.7671259343624113
0.631276249885559
0.747722655534744
0.8103230297565458
0.7147763371467588
0.6947235167026519
0.7007601559162139
0.6730016171932219
0.630908966064453
0.630908966064453
0.7382207214832305
0.7840196788311004
0.6737624406814574
0.837705373764038
0.7977749705314635
0.8865530788898467
0.7130746245384215
0.6906821429729461
0.6626945436000823
0.7053695023059844
0.7099882960319518
0.6949071288108825
0.7197571098804472
0.8031407594680784
0.6822707355022429
0.7920511364936829
0.7274772226810453
0.7615489065647124
0.7402631640434264
0.7814591228961943
0.6618424952030181
0.7416952252387998
0.6309089064598082
0.6623518466949462
0.7895801961421965
0.8019759356975554
0.7458772361278533
0.6416095495223998
0.6630617678165435
0.6918433904647826
0.6832546293735503
0.642272263765335
0.8230818212032317
0.7816726863384246
0.7563159465789794
0.69403338432312
0.7496699094772338
0.8029025495052337
0.7369415163993833
0.834740489721298
0.8152155280113219
0.6447686851024627
0.6906706690788268
0.7079932689666747
0.6780434846878051
0.7729083001613616
0.7254889309406278
0.7158642411231994
0.7188617885112761
0.7699162364006041
0.6857035756111144
0.6959862411022185
0.6447686851024627
0.7641524374485014
0.6888019144535064
0.6615367829799651
0.7445884943008422
0.7437689900398252
0.8293426632881162
0.6848302781581878
0.7414446771144865
0.7415786087512968
0.6847289204597472
0.7246496677398679
0.6843542456626891
0.6987304687499999
0.7890338897705076
0.6630075275897979
0.7414264380931852
0.7892647981643676
0.6622468233108519
0.7645554244518278
0.7205715477466581
0.7734201550483703
0.8294623494148252
0.7633991241455077
0.7999860644340514
0.7175706028938291
0.7208276987075803
0.6683082580566405
0.7536715269088744
0.8470889031887052
0.7295116782188414
0.6630074083805083
0.7789592444896698
0.6636390388011931
0.7136366367340088
0.6581886410713195
0.8930281102657317
0.7049423456192015
0.7465845942497252
0.7869338691234588
0.7293912768363952
0.744840383529663
0.7360670268535613
0.7575587928295134
0.7232125997543335
0.7927781045436858
0.733420670032501
0.6788721978664397
0.7157730758190154
0.7598753571510315
0.7057628631591796
0.7971723973751068
0.724867284297943
0.8864799439907073
0.7920328378677367
0.7769751846790314
0.6914028823375701
0.7354640662670134
0.6955345273017882
0.6971890032291411
0.6661036908626555
0.7612416744232176
0.7081273794174193
0.7203519642353056
0.7812578678131102
0.7919805645942687
0.7262688279151917
0.7177463173866272
0.7234227061271667
0.8483701050281522
0.6959862112998961
0.7108778357505798
0.7512031197547911
0.8249273002147672
0.7306390404701232
0.7649753689765928
0.7473518550395964
0.7332290410995481
0.7202190756797788
0.7295950353145598
0.823085695505142
0.8269748985767363
0.6633502840995787
0.7771360874176024
0.8107692301273345
0.6682151556015014
0.7820330262184141
0.7739418148994445
0.8002050817012786
0.7564879953861234
0.803860604763031
0.7772649228572843
0.835894614458084
0.8214696645736692
0.7406865954399107
0.8324978649616239
0.7447359561920166
0.744840383529663
0.6733689010143279
0.6522594690322875
0.7154330015182494
0.7216579914093015
0.7836855351924895
0.6966961920261382
0.7184945940971373
0.7106732130050657
0.733420670032501
0.6515968143939971
0.6515969336032866
0.7793287336826323
0.7152103483676908
0.6646957099437714
0.6534417271614074
0.7351683974266052
0.6416096091270446
0.8216116726398468
0.6729474067687987
0.854986846446991
0.7277768552303313
0.6679675579071044
0.7189276814460753
0.7952961921691893
0.8002050220966337
0.7410148978233336
0.6309088766574859
0.6702136695384978
0.8288963437080381
0.7511326670646666
0.8057256042957304
0.8240474760532378
0.7352851033210752
0.6762807965278624
0.732276678085327
0.71040341258049
0.7437689304351806
0.8039478063583372
0.7613599896430968
0.7361565232276915
0.6630074083805083
0.7574126124382018
0.6957778632640838
0.7514286041259763
0.7580924034118651
0.6618795692920684
0.8034822940826414
0.7342687249183654
0.6522594690322875
0.7078928649425505
0.6637718379497527
0.7599056959152222
0.7891358733177184
0.7495017945766448
0.6900511980056762
0.7586963772773742
0.6971891224384307
0.6894650459289551
0.804210990667343
0.7582224905490873
0.6906706690788267
0.7861404418945311
0.7805753052234647
0.6798604428768157
0.8899289965629575
0.6665011644363402
0.685722917318344
0.7673724591732024
0.6703711450099943
0.797554790973663
0.7104034721851348
0.6515969038009644
0.8211674094200133
0.8166520297527312
0.7448403239250182
0.6952255964279174
0.8183821439743042
0.6581887304782866
0.7010929584503172
0.7488125264644621
0.7368307709693908
0.7016110718250274
0.7423162460327147
0.7718794047832487
0.7464552223682401
0.7895753979682921
0.7799618840217588
0.6416095793247222
0.8259978890419004
0.7812728285789489
0.6947196125984191
0.7779643833637236
0.7708186805248259
0.7274773120880125
0.7517385482788085
0.7803887128829955
0.8378506302833556
0.7180534303188324
0.7345755994319916
0.6866935789585112
0.6843541860580443
0.7665506601333616
0.7813928127288816
0.7031713128089904
0.7106828689575194
0.7316035628318784
0.6726689934730529
0.6615367233753203
0.6958228945732116
0.673742115497589
0.8002050220966337
0.7180466949939727
0.7381017804145812
0.664695769548416
0.7652809917926787
0.7619600296020506
0.6916237175464628
0.7669343650341033
0.6524119377136229
0.7189993262290953
0.7007544338703154
0.6905041337013244
0.8045847415924072
0.6423195898532866
0.7822014987468717
0.7119551002979277
0.8279137909412383
0.7870680689811705
0.6838104426860808
0.719356745481491
0.756316006183624
0.7106550931930541
0.7268586456775663
0.8000290095806121
0.7415787577629089
0.6216317415237426
0.7627553939819334
0.662173181772232
0.7775785923004149
0.7180535197257994
0.7738021314144132
0.6905612349510192
0.6646957993507384
0.7556981444358823
0.7484130561351774
0.7387851774692534
0.6522594988346099
0.7641523480415343
0.7448402941226957
0.7786306440830228
0.7067830562591552
0.7617743909358976
0.7018053233623504
0.7818108797073362
0.671793222427368
0.7018053531646727
0.7202462255954741
0.6328518986701965
0.6968576610088347
0.7221449613571166
0.8004242777824401
0.7385110557079314
0.8003790378570554
0.7862519919872281
0.7637115120887754
0.8062785565853118
0.708007901906967
0.672208398580551
0.6515968739986417
0.7610959112644194
0.6423195600509644
0.7486957609653471
0.6623517870903014
0.7641524076461791
0.704593002796173
0.7508334219455719
0.7281049489974974
0.7800902426242827
0.8327492773532864
0.6746357977390288
0.8549073338508604
0.8413425385951995
0.8376588225364684
0.8240120708942411
0.7077602446079253
0.6515969336032866
0.7527948915958403
0.7520781457424162
0.8468600213527678
0.7997349500656127
0.6984468698501585
0.775197684764862
0.7561853528022765
0.6889353692531585
0.7889727652072905
0.6216317415237426
0.8163227438926695
0.7770859897136688
0.6315960586071013
0.6832545995712279
0.6729473769664763
0.7515789568424224
0.7094641327857969
0.7780434787273405
0.7398777604103087
0.6984469294548034
0.7580925226211547
0.7284052073955534
0.6832546293735503
0.7548305392265319
0.6515969038009644
0.7771191000938413
0.7265552580356597
0.7310332059860228
0.6843542456626891
0.6527546644210814
0.7920023202896116
0.7442354261875151
0.6980644762516021
0.749575614929199
0.7125334441661834
0.7583678066730498
0.8074055016040801
0.8361153602600097
0.8022125363349913
0.790255308151245
0.7413900494575499
0.6916237175464628
0.7319221198558806
0.8130738139152525
0.829636752605438
0.7579664587974546
0.8070615530014037
0.7340675592422483
0.7422798275947569
0.721625655889511
0.8086838126182555
0.7323281168937682
0.7654418647289275
0.7432919442653655
0.7490978837013244
0.6630074381828307
0.7763733565807341
0.6918374001979827
0.7082758843898771
0.7747478485107421
0.7053039669990538
0.73659411072731
0.66290944814682
0.707857847213745
0.6646958887577056
0.7606556117534635
0.713910162448883
0.7324413955211638
0.7109743058681487
0.7450404465198517
0.6736573874950408
0.7582526803016661
0.769083797931671
0.631276249885559
0.7588765323162078
0.7215186059474945
0.7188080847263335
0.6958230137825011
0.7235392928123473
0.7635823488235473
0.7584947645664214
0.7512322664260863
0.6954801976680755
0.7493921816349028
0.758696287870407
0.7078183889389036
0.7106730937957761
0.7648654580116271
0.6622467935085296
0.6844124197959899
0.7070901989936828
0.728613883256912
0.7024607360363007
0.7373652756214141
0.768658012151718
0.7923001348972318
0.6515461206436156
0.8477295637130735
0.6955344676971434
0.793168783187866
0.6618794500827787
0.6630617380142211
0.6615367233753203
0.7922918498516082
0.7281049191951752
0.744671732187271
0.792776435613632
0.6972774565219878
0.7375910878181456
0.7563503682613372
0.7490978837013244
0.7106730937957761
0.7254764437675474
0.7612961232662199
0.7497275173664092
0.7290632128715514
0.7082758545875548
0.7437689900398252
0.7111389636993407
0.7231106162071227
0.6518661081790923
0.8330056369304655
0.6744724214076994
0.8279789388179778
0.7392987310886382
0.6746357977390288
0.7002485394477842
0.6515968441963195
0.7437690198421477
0.67407888174057
0.7817462682723999
0.8078381717205046
0.7767034471035003
0.7011059820652007
0.6851223707199096
0.7300721704959868
0.8006708920001983
0.6216317415237426
0.7010128200054166
0.7392987608909606
0.7067830264568327
0.8211684525012969
0.6949071288108825
0.7375530600547789
0.8580521941184995
0.8380032181739807
0.6906554400920867
0.6840189695358275
0.7349155843257902
0.8188690543174744
0.7324307262897489
0.6231024563312529
0.7819786667823792
0.7668037712574003
0.7300726175308226
0.7970193028450011
0.7437689304351806
0.6522595286369323
0.7010929882526397
0.6630618274211882
0.8105758428573606
0.7817929983139037
0.7066071033477783
0.7170904576778411
0.7802644670009612
0.7416022419929504
0.729905217885971
0.7996265292167662
0.7300022840499878
0.7741410434246061
0.6630618274211882
0.734664887189865
0.8053761422634123
0.7714209258556365
0.7711402773857114
0.821412146091461
0.6741051673889159
0.7643947899341581
0.7789045870304108
0.6904667317867278
0.7198038101196288
0.6630617082118988
0.7534340620040892
0.7690856754779815
0.6408489048480986
0.732089042663574
0.7776832878589629
0.7060303092002868
0.7346998751163482
0.7125172913074492
0.7536739706993102
0.6917595267295836
0.7894254028797149
0.7437919378280639
0.7274772524833678
0.7871082425117492
0.7189641296863555
0.7626690864562987
0.8003448247909546
0.7653990983963012
0.7640677988529204
0.7299051880836486
0.8191718757152557
0.7297137677669524
0.7536207437515258
0.7643169164657592
0.7254414856433867
0.7464160025119779
0.7439399361610411
0.6833089292049408
0.7225769460201262
0.7537424862384794
0.7280012369155883
0.661879539489746
0.7922377586364745
0.7686581313610076
0.8005344867706297
0.7493785619735717
0.7418527603149413
0.8333918750286102
0.7245626151561737
0.7649199068546294
0.631596118211746
0.7539483308792113
0.7127456367015838
0.87831574678421
0.7665989100933074
0.6874036192893981
0.7134469151496887
0.7105676531791686
0.6683081686496734
0.6726046800613402
0.6733690500259398
0.73822084069252
0.8267876803874968
0.7242569625377654
0.669039100408554
0.6615367233753204
0.7679848074913024
0.778665244579315
0.6684937775135039
0.6835974156856536
0.7018053531646727
0.6822708845138549
0.8100967705249785
0.7917534708976746
0.6618795692920683
0.6216316521167754
0.8272113800048827
0.7392306327819823
0.7505366802215575
0.7077057659626005
0.8255333006381986
0.7263032495975492
0.7714630067348478
0.7565285861492156
0.7180073261260985
0.7088443934917449
0.7184790670871735
0.8196816444396972
0.7736028432846067
0.6733689606189727
0.6615367829799651
0.7408852577209472
0.7013201117515563
0.7215842902660369
0.8057040274143219
0.6805251836776733
0.7294195294380188
0.6615368127822874
0.7564125955104827
0.855731040239334
0.7220061421394347
0.7020841240882872
0.8638009130954742
0.6737117171287536
0.8437491059303283
0.7919076681137084
0.7033572494983672
0.7620835304260253
0.7494367361068723
0.6640916168689727
0.8350923359394071
0.6855946481227874
0.7670379579067229
0.6733689308166503
0.7366760373115538
0.800204962491989
0.7019764780998229
0.6954801976680755
0.788075119256973
0.6729475557804107
0.8274393677711486
0.7351044714450836
0.7225691676139829
0.6784007549285888
0.768662005662918
0.7016602158546447
0.7224412262439726
0.7544147372245787
0.741555869579315
0.7135106325149535
0.7907702922821043
0.6618794798851012
0.6515969336032866
0.7000553905963897
0.6626402139663695
0.8669035732746122
0.6538318693637848
0.7053038775920867
0.8407923281192778
0.7375676333904265
0.6630074977874755
0.6527791023254393
0.7686581313610076
0.7151013314723967
0.7367165684700011
0.8132778406143187
0.7638880312442778
0.7067829072475431
0.7209430336952208
0.663638949394226
0.6951129734516143
0.7950461506843566
0.6851730644702909
0.705762892961502
0.7130746543407438
0.683702379465103
0.8080331683158873
0.8075889348983762
0.8526901304721832
0.6836760640144347
0.8270785510540006
0.869156777858734
0.7420665919780729
0.6951842010021209
0.715920865535736
0.7069259881973264
0.6447686851024627
0.8033139407634734
0.7125334441661834
0.7057629227638242
0.7030762434005736
0.7503749728202819
0.7439426481723785
0.693537265062332
0.7372424304485319
0.8104333877563475
0.6309089362621306
0.7869339287281036
0.7509312927722931
0.7173067629337311
0.766986459493637
0.8277740180492401
0.7611765861511229
0.6622467935085294
0.7025697529315947
0.6962444782257079
0.7392818629741668
0.7554970979690551
0.7491437792778015
0.8490844964981077
0.6431345939636229
0.8244213461875913
0.7995443046092985
0.8416596651077268
0.7015005350112914
0.8903781175613401
0.7189641594886778
0.726217210292816
0.652259588241577
0.6537301540374755
0.7082118690013884
0.6952143311500548
0.7615488469600675
0.7744704782962798
0.7233321666717527
0.8237840235233307
0.7064863443374633
0.7270271778106688
0.8116185665130614
0.7154586017131803
0.7475818693637846
0.7610967457294463
0.6637717485427855
0.663381665945053
0.7560292184352874
0.737078934907913
0.6855947375297546
0.6733690202236174
0.7059395909309386
0.7462226450443267
0.6721867620944976
0.7138591110706329
0.7653280794620512
0.8108682930469512
0.7770436704158783
0.6952143609523773
0.7025696635246276
0.750529795885086
0.7024374902248381
0.810916244983673
0.7267470657825469
0.7807323038578032
0.6687150001525878
0.6820563375949859
0.7943260371685028
0.7743645310401915
0.7395647168159484
0.8240925967693327
0.7073474526405333
0.8472629487514495
0.8296464681625365
0.8753807246685026
0.7765010595321652
0.7022645473480223
0.744671732187271
0.8472629487514495
0.672186642885208
0.6630074679851531
0.7974502742290495
0.7392144799232483
0.7967886328697202
0.6971889436244963
0.6729473471641539
0.671793222427368
0.7171735167503355
0.7254585623741149
0.6947074830532073
0.7822107970714568
0.7459490299224851
0.7624728679656981
0.710367977619171
0.7130747437477111
0.854788452386856
0.7663896679878233
0.7679517865180968
0.7073968052864072
0.7067058086395263
0.822191387414932
0.7070900499820708
0.6627691686153411
0.6844122707843779
0.67266908288002
0.8320404887199401
0.6626401245594024
0.6534417867660521
0.7440052926540374
0.6812563836574553
0.7879444360733031
0.6309089064598082
0.7249753773212432
0.7959715425968168
0.8525024354457853
0.7354873418807982
0.6855946481227874
0.7587465047836301
0.7202958166599273
0.7060436010360717
0.7246496975421904
0.6835972368717192
0.6959862112998962
0.8160416185855864
0.6935372352600097
0.769181579351425
0.727931022644043
0.7611766457557677
0.7323281466960905
0.6888863146305083
0.7084594070911406
0.6737624406814574
0.7418031096458434
0.7261220812797545
0.7717186510562895
0.7290203571319579
0.6216316521167754
0.7969713211059569
0.6951904594898223
0.6843541860580443
0.7315443158149719
0.7248035669326781
0.6796137988567351
0.66153684258461
0.7184791266918181
0.6737624406814574
0.6515968441963195
0.6515968441963195
0.6534102857112883
0.8582454323768614
0.8353570103645322
0.6966961920261382
0.6315961182117461
0.7582541704177856
0.6737624406814574
0.6630617082118987
0.6408489048480986
0.8699459433555602
0.8062285780906675
0.735985219478607
0.6315960884094237
0.652779072523117
0.6729474067687987
0.7057629227638242
0.7549946010112761
0.7013714909553527
0.744262784719467
0.71489879488945
0.6902973651885985
0.7507809400558471
0.7116056680679319
0.6874036192893981
0.7188617885112761
0.722186267375946
0.6813161075115203
0.6835973560810088
0.7356635332107543
0.7641544938087462
0.7562350332736968
0.6916859447956084
0.7371133267879485
0.6737117171287534
0.7411201894283294
0.6977665424346923
0.7362870573997495
0.7475819289684295
0.7281826436519621
0.73204630613327
0.7642014920711515
0.6784007847309111
0.7149972021579742
0.7759220898151395
0.8440814614295958
0.727477103471756
0.9260774254798888
0.7756880223751066
0.805135756731033
0.7417031526565551
0.7204353809356688
0.668714940547943
0.6511560082435607
0.7122984826564787
0.8379456996917723
0.7669263184070586
0.7368308901786803
0.6813474297523497
0.6882758438587188
0.6618424355983733
0.6408489942550659
0.752193123102188
0.6621732115745543
0.6530988216400145
0.791940152645111
0.6841080784797667
0.7720232009887694
0.805649012327194
0.7919803857803345
0.7999869883060453
0.6650047600269317
0.7303201854228972
0.6727719008922576
0.7598913311958311
0.797186642885208
0.7821509242057799
0.7954997420310973
0.7387344241142271
0.762692630290985
0.7125172615051268
0.7782517373561858
0.714891791343689
0.7088780105113982
0.8240548074245453
0.7077602446079253
0.6630073785781859
0.8418150246143339
0.7236211001873015
0.7793452441692351
0.7129534482955932
0.6611433327198027
0.8255144953727721
0.690466821193695
0.6851730048656463
0.786708891391754
0.6944438517093657
0.7604677081108092
0.7874564230442046
0.7696877121925353
0.773809641599655
0.6646958887577056
0.7513107061386107
0.7639470398426055
0.6615367233753203
0.7574152350425719
0.691017985343933
0.7775785624980925
0.7818334698677061
0.7204906940460205
0.6319897174835203
0.7065037488937377
0.6906821429729461
0.8323400616645812
0.673657327890396
0.7295857369899749
0.8413870930671692
0.8003447949886321
0.7976104021072385
0.7197569906711576
0.662351757287979
0.7452844381332396
0.7674787938594817
0.7033855319023131
0.7437690198421477
0.6515968739986419
0.6540458500385283
0.7149972319602965
0.7475818991661071
0.8517409861087798
0.7520287930965421
0.7290600836277007
0.6522595584392546
0.708526849746704
0.749058127403259
0.8406455218791961
0.7200971841812133
0.6951840221881865
0.7091181576251983
0.7321635484695433
0.6515968441963195
0.7021969854831693
0.7288838326931
0.786708891391754
0.813594490289688
0.7209091782569884
0.907962679862976
0.7626574039459229
0.6833089590072631
0.6697080135345458
0.8528514802455901
0.8105513751506803
0.8023917675018309
0.7571865320205687
0.6977666616439818
0.6522595584392546
0.7412733435630797
0.7530933916568755
0.7395133674144743
0.7083869278430937
0.734530985355377
0.6419260799884795
0.65225949883461
0.7051396965980529
0.7188082039356231
0.7179431915283202
0.7137390077114104
0.7133364975452422
0.668308138847351
0.7294699251651764
0.8158737719058988
0.6309089362621306
0.7018052637577056
0.7560293078422545
0.8716697692871093
0.7535162866115569
0.701805293560028
0.7416023612022398
0.802907347679138
0.6905041635036467
0.724704712629318
0.7715745270252226
0.6621732413768767
0.7424128651618956
0.6796015501022338
0.805105298757553
0.8159925639629363
0.6968576610088347
0.695986121892929
0.8380516767501831
0.7625193893909454
0.6984001994132994
0.6813771426677704
0.761840224266052
0.7410146594047545
0.7196754813194274
0.6721867024898528
0.8053934574127195
0.7212297618389129
0.6618794202804564
0.719918519258499
0.7034131288528441
0.695534586906433
0.6515968739986417
0.8244242072105405
0.6758517622947692
0.6328518688678739
0.6852855682373045
0.714043080806732
0.6994817554950713
0.7084595263004302
0.7418082058429717
0.6736574470996856
0.7396319508552549
0.814665138721466
0.7583696842193601
0.7147275507450103
0.8930617570877073
0.7304631471633909
0.7104631364345549
0.8279138207435607
0.640848934650421
0.7365870475769042
0.6863890886306762
0.7232517600059508
0.7461542189121244
0.7486759126186371
0.6733690500259398
0.6416096687316893
0.8201642036437987
0.6416095793247223
0.7188554704189299
0.7539357244968413
0.8272043764591216
0.7666447758674622
0.7821510136127472
0.6646957993507384
0.7700017392635344
0.661143273115158
0.8162347078323362
0.7135025858879088
0.7902206182479857
0.713819622993469
0.6804716587066649
0.6408489048480986
0.7280556559562682
0.7731948792934417
0.7192290127277373
0.6309088766574859
0.7088780999183654
0.7644028961658477
0.7920479178428648
0.6888494193553923
0.7624385952949522
0.6832301318645476
0.6689733564853667
0.7338140308856964
0.6615368127822875
0.72364205121994
0.8020886182785033
0.7030488252639769
0.7008613944053649
0.6994606256484984
0.7026004493236541
0.657972455024719
0.7569780945777892
0.6955345273017882
0.7886498570442197
0.7581540048122405
0.73032009601593
0.8420427441596983
0.7316470742225645
0.7077602148056029
0.640848934650421
0.6953437030315398
0.7974713742733
0.6851730942726134
0.8027149140834807
0.6953437030315398
0.7461541295051572
0.6650047600269317
0.8367406129837034
0.776604503393173
0.6814338564872742
0.6309089362621306
0.7481943368911741
0.7216579914093015
0.6741051375865935
0.6833088994026183
0.7249752581119536
0.7971603274345397
0.7488740682601928
0.7082118690013884
0.7661702036857603
0.7366760671138762
0.6515968739986417
0.8383271694183347
0.7083868384361266
0.7308407723903655
0.710673153400421
0.7501777112483977
0.7366174459457396
0.7295951247215269
0.7306843400001525
0.7049423754215238
0.7815727591514585
0.717162936925888
0.7769703269004821
0.8662466108798978
0.7021434307098388
0.6629095077514647
0.7246497571468352
0.7602815032005309
0.810583174228668
0.6940333545207976
0.640848934650421
0.6216316521167754
0.7829057872295379
0.808304190635681
0.7067830264568327
0.7873823642730713
0.6416096687316893
0.8207011520862578
0.683780014514923
0.8479464650154113
0.7184521555900573
0.6626946330070494
0.8002050518989562
0.702359616756439
0.7424654364585875
0.7042379975318908
0.7584946751594542
0.7524628937244413
0.7879015803337095
0.785718411207199
0.693537265062332
0.7390969991683959
0.7981287539005278
0.8420427143573761
0.773602783679962
0.7310332059860228
0.6849204003810883
0.7236771583557128
0.7714982032775878
0.6736573874950408
0.7194401323795317
0.6726046800613402
0.7415729463100432
0.7273945808410642
0.7306593954563139
0.7109585106372832
0.727865397930145
0.7189276814460753
0.6732901334762572
0.6515968739986419
0.6882757246494292
0.7363120317459106
0.6790884733200072
0.821315824985504
0.8019872307777403
0.7463732361793517
0.815985471010208
0.733755588531494
0.8210549056529997
0.8136783242225646
0.7971721887588499
0.6515968441963195
0.7324308454990386
0.6522594392299651
0.6844124495983123
0.7387582957744596
0.7971730232238768
0.756029278039932
0.7873456776142118
0.7626690268516539
0.7189827561378477
0.6741051673889159
0.748997390270233
0.7582225799560546
0.8323469758033752
0.6833089292049408
0.6966961920261382
0.7419201135635375
0.847324043512344
0.7684502899646758
0.774947553873062
0.7102330327033995
0.726475417613983
0.7466213405132294
0.7302725315093993
0.706925958395004
0.744499921798706
0.7209255397319793
0.74631929397583
0.6952255964279174
0.6335147023200988
0.6312762796878814
0.7132708430290222
0.6629095077514646
0.8097382187843322
0.7359851598739623
0.7822105884552001
0.6959862112998962
0.743768811225891
0.7846441864967346
0.7462225854396818
0.75105544924736
0.7157521843910216
0.738263815641403
0.7588871717453002
0.7010832130908965
0.7678893208503722
0.7028008401393889
0.8587287068367002
0.8575990498065947
0.6328519582748412
0.6636390388011931
0.6522595584392546
0.8462243974208831
0.7157522439956664
0.7061946988105773
0.8329169154167174
0.6515461802482604
0.6522595584392546
0.7490580976009368
0.721915304660797
0.7812729775905608
0.7193121016025541
0.7787416875362395
0.6836761534214019
0.7661725282669066
0.7265874743461607
0.6515969336032866
0.6959861814975737
0.787192791700363
0.6882757544517516
0.7324413359165192
0.6809899508953093
0.7186560034751891
0.6733689010143279
0.6729474067687987
0.6918434798717498
0.7458631098270415
0.7978276908397673
0.7423589527606963
0.7375127375125883
0.7450403869152068
0.7225691974163053
0.7696083784103392
0.8030346930027006
0.7506892979145049
0.6888861954212188
0.6315961778163909
0.7359853386878965
0.6223923861980437
0.6683081090450286
0.7008612155914306
0.7293579876422881
0.7443159222602843
0.6630074977874755
0.7535020411014555
0.7492533922195435
0.7125173211097716
0.6738754510879517
0.6874035596847533
0.7870680093765258
0.7776057422161102
0.8410547971725462
0.6328519582748412
0.6615368127822874
0.7709288895130156
0.6996126174926757
0.7584947049617766
0.8340238034725187
0.7718818485736846
0.7742278277873992
0.7447598278522491
0.8218855857849119
0.7708187997341155
0.6618424952030181
0.6717932820320128
0.811161547899246
0.8195981085300444
0.6216317117214202
0.7141852378845214
0.7754609286785125
0.7772929668426513
0.7383186817169188
0.7246497273445128
0.7202957868576049
0.8223178684711455
0.6845687329769133
0.8350447118282316
0.8267138302326201
0.7137389779090879
0.777749180793762
0.6408489048480986
0.6438217163085936
0.8475814163684844
0.7102470695972442
0.8057513535022734
0.7493082284927367
0.8186267912387846
0.8356585800647734
0.7498830258846282
0.7686580419540404
0.6977105438709258
0.7770341038703917
0.6962445080280302
0.7024374306201934
0.7137482166290282
0.7260930538177489
0.7539450526237486
0.7589256465435026
0.7323220372200012
0.7136368751525877
0.7018053233623502
0.7816204130649566
0.631276249885559
0.7974154353141784
0.6995487809181212
0.7244414985179901
0.7551310062408447
0.8323466777801513
0.7676925063133239
0.6615368127822875
0.7401985228061675
0.7371942102909086
0.6729474067687987
0.746434986591339
0.8028523027896879
0.6813127696514129
0.7448837757110595
0.7366760969161985
0.7614527940750121
0.6835973262786864
0.8302624821662902
0.7464407086372373
0.6952144503593444
0.721673160791397
0.7847590148448943
0.6315961778163909
0.685173064470291
0.6423195600509642
0.8093047440052031
0.7281826436519622
0.683597296476364
0.7548807263374326
0.6729473471641539
0.6865185201168058
0.6906707882881162
0.6813161075115203
0.7867088019847869
0.752023011445999
0.7755875289440153
0.6547084748744963
0.7293913364410399
0.7153418958187102
0.7494367659091948
0.6515969336032866
0.7827730774879456
0.6515461504459379
0.7414264380931852
0.7119550704956054
0.7053037583827971
0.67277193069458
0.8755072951316831
0.7187243700027465
0.6315962076187133
0.7244414985179901
0.7062448263168334
0.7842401862144469
0.652259588241577
0.7084594964981079
0.7066072225570678
0.6835973560810089
0.7533487677574155
0.7086862921714782
0.6848246157169341
0.7512030601501464
0.6813127398490904
0.6775705218315122
0.7534754872322081
0.7490978240966795
0.7973599433898924
0.8095068633556365
0.7282599210739135
0.7171734869480132
0.7531729340553283
0.7079933583736417
0.7896143794059751
0.7759954631328582
0.8194426000118255
0.7375911474227905
0.657972455024719
0.7533618211746215
0.7490979135036467
0.6515969336032866
0.7482600808143615
0.6633503139019011
0.6920664906501769
0.6515969038009642
0.8359056115150449
0.7086864709854125
0.7723606526851653
0.7272416055202483
0.6905611753463744
0.7406867444515227
0.6523575782775878
0.6886919438838958
0.71040341258049
0.6818074285984038
0.6525309681892394
0.7955814003944396
0.6622467935085294
0.7346439063549041
0.6780434548854827
0.7295857369899749
0.698446899652481
0.716101586818695
0.8322927653789518
0.7306388914585112
0.7714628279209135
0.8214668631553647
0.7260930240154264
0.7560640275478362
0.6955345571041106
0.6523575782775877
0.6534417867660521
0.672186642885208
0.7062448859214782
0.7784886360168456
0.7070034146308898
0.7063539624214171
0.7139931917190551
0.6839246153831481
0.6737624406814574
0.6733689606189727
0.7914334833621978
0.7389267981052399
0.7242212295532225
0.7138195931911467
0.7946173250675199
0.7829058468341827
0.700861483812332
0.7043519616127012
0.7441004812717437
0.6934867203235625
0.8192915320396422
0.6419997215270995
0.7835141122341156
0.641609489917755
0.7464553415775299
0.7090383172035216
0.7547813355922697
0.6737117171287536
0.7969653606414794
0.7485103309154509
0.7842577397823333
0.6606156229972838
0.6729473769664763
0.6515461504459379
0.7602816224098204
0.7903419435024259
0.651203393936157
0.7714981734752654
0.8329954743385313
0.6736573874950408
0.74728587269783
0.8418793082237243
0.846714913845062
0.6852540969848632
0.7057629823684691
0.7181315422058104
0.6741052567958831
0.640848934650421
0.7894254028797149
0.8264128565788267
0.7106730639934539
0.6832546293735503
0.6790882945060729
0.7147274911403654
0.758222460746765
0.758222460746765
0.7194401323795317
0.8109244108200072
0.8083241283893583
0.7606046199798582
0.6860462725162506
0.7296563684940337
0.7519098222255705
0.7571761310100553
0.7513992488384245
0.7059139311313628
0.6309089362621306
0.7844206690788268
0.7106729447841643
0.6859413981437682
0.7491877377033233
0.7148917317390441
0.7125334739685057
0.7349156141281127
0.7520287930965421
0.76645690202713
0.8528518676757809
0.7290169000625609
0.7051396369934081
0.6984002292156218
0.7435956597328185
0.6733689904212952
0.6733689308166503
0.7372623682022094
0.6899500489234923
0.6949039995670317
0.8517803251743316
0.7140489816665648
0.7319041192531585
0.6833089590072631
0.7516402006149291
0.8158232271671294
0.6729474365711211
0.7817929387092588
0.6849428117275236
0.7821057736873626
0.7138591706752776
0.8040886223316192
0.6416096091270446
0.7820573747158048
0.7581539750099181
0.7136366963386535
0.7896144092082976
0.7209092080593108
0.7288920879364013
0.7208276093006132
0.7324242889881133
0.7099882960319518
0.6959863007068633
0.795090228319168
0.6905042827129363
0.6522596180438994
0.7867899239063261
0.7362951636314391
0.7088027596473693
0.7884972691535949
0.6834530830383301
0.7999337613582609
0.7539709508419037
0.7538526058197021
0.640848934650421
0.6726046502590178
0.6982212662696837
0.6618795990943908
0.7375911474227905
0.6636390089988707
0.6579724252223967
0.7152386605739592
0.6515968739986417
0.7201930880546569
0.7008612751960753
0.6581887006759641
0.7716151773929595
0.6906554102897643
0.6637717187404631
0.6737625002861022
0.6522594094276427
0.6906821131706237
0.6622467339038848
0.6223923861980437
0.6955345273017882
0.7823473811149596
0.738974243402481
0.6426395773887633
0.6315961480140685
0.7069471776485442
0.7294124960899351
0.7745898365974424
0.6790883541107177
0.7053038477897644
0.6729473173618317
0.6807251274585723
0.7611765563488004
0.69521427154541
0.7298207879066466
0.743768811225891
0.6874036490917205
0.7969798147678374
0.7021970450878142
0.712646722793579
0.7484130263328551
0.7423096299171447
0.6841080784797667
0.8026195466518401
0.6867034435272216
0.7536163628101348
0.726217210292816
0.6836760640144347
0.7434997856616973
0.6852855086326598
0.7188080847263335
0.6611432433128357
0.6844122111797332
0.7460022270679473
0.6422723233699797
0.7847049236297606
0.7740749120712279
0.7681053280830382
0.7294587790966034
0.741925537586212
0.6905612051486968
0.7298966944217681
0.7174496352672576
0.7767966389656066
0.6633502840995787
0.7582224905490873
0.713270992040634
0.6515968739986419
0.7535197436809539
0.6512033641338347
0.6626946032047271
0.8093047440052031
0.7373652458190917
0.7393268644809721
0.6977106034755706
0.695214420557022
0.7157521545886991
0.7349157333374021
0.7649198770523069
0.7730464935302732
0.6732901036739348
0.6615368127822875
0.7536165118217467
0.630908966064453
0.7912983298301695
0.6527546644210813
0.6721867024898528
0.7670268416404722
0.695113033056259
0.7927780747413633
0.6426394879817962
0.79087895154953
0.7791108489036558
0.7766519188880919
0.6416095793247223
0.6328518986701965
0.7850340008735656
0.6630073487758635
0.7592844367027282
0.8495750129222868
0.775704562664032
0.8411763608455656
0.6721867024898528
0.6534102857112883
0.8359478712081908
0.7553693950176238
0.73206889629364
0.7832367718219756
0.7835142910480498
0.7363119125366209
0.6216317117214202
0.7369415462017058
0.7324414551258086
0.7535891830921172
0.7344266176223754
0.7340773046016691
0.7633594274520873
0.7315443158149719
0.7057628631591796
0.808140844106674
0.7562350928783416
0.6626945137977599
0.6511560678482055
0.7920490503311156
0.7140432000160217
0.6512033045291901
0.824478507041931
0.7311888635158538
0.8275548219680784
0.7761828899383544
0.8108488619327544
0.7439399063587188
0.715146243572235
0.7559397518634795
0.7676557898521422
0.683597296476364
0.8816907405853269
0.6638224720954894
0.9019031226634978
0.8198468089103697
0.6335145533084868
0.759145140647888
0.7251771688461303
0.815823197364807
0.722841292619705
0.7642995715141294
0.7397811114788054
0.81548336148262
0.669010430574417
0.7053039073944091
0.6615367233753203
0.7930856645107267
0.6935372352600097
0.630908966064453
0.6223925054073333
0.8659784793853759
0.7250686883926389
0.7706573903560637
0.8523018062114716
0.7753995060920714
0.6947234869003295
0.6987304389476775
0.7973310649394987
0.6943406462669371
0.6937006711959838
0.6938360631465911
0.6729473173618316
0.7338349521160125
0.779579162597656
0.6615368723869323
0.7763844430446624
0.6851730048656463
0.6994817852973937
0.6633502840995787
0.7638112604618071
0.7229420542716978
0.8211218714714048
0.7416444122791289
0.7031832039356231
0.6733689308166503
0.6947233974933623
0.630908966064453
0.6721867024898528
0.7125171720981597
0.7592568099498748
0.7466213405132294
0.8215250372886657
0.6790884733200072
0.6949072182178495
0.7088780999183654
0.7914295494556425
0.6835973858833312
0.7086333632469175
0.7521951496601104
0.6416095495223998
0.6615367531776427
0.7438801825046537
0.7508530616760253
0.7188080549240111
0.6581886708736419
0.6751824617385863
0.6801755428314208
0.7153717577457427
0.7769120931625364
0.6849204301834105
0.6967120766639708
0.7661818265914915
0.6534417569637297
0.6852855086326598
0.7248058021068572
0.773851990699768
0.6640917062759398
0.6223924160003661
0.7829058468341827
0.7315443158149719
0.7209919095039368
0.8131226301193236
0.6665011644363402
0.676386386156082
0.748540550470352
0.8091521263122557
0.780000329017639
0.7651398479938506
0.6741051077842712
0.8781349956989286
0.7692385911941527
0.7069259881973264
0.7566085755825042
0.7752540707588195
0.6646957993507384
0.7288962006568906
0.710567533969879
0.6905042529106139
0.790432274341583
0.6522594690322875
0.7473213374614713
0.7773885726928709
0.7198038101196288
0.6416095793247223
0.69711896777153
0.8076904714107512
0.7553626298904418
0.6818878352642058
0.6618795692920683
0.7367571294307708
0.7067829370498656
0.6537473797798156
0.6828874051570891
0.6636701524257659
0.8192483782768247
0.6977105736732482
0.641609638929367
0.8244200646877287
0.6851111352443694
0.7216609120368956
0.7494366466999053
0.7879444658756256
0.7632537484169005
0.6952256262302396
0.683467924594879
0.6852855384349822
0.6216317415237426
0.69752699136734
0.7368032634258268
0.7244211733341216
0.6944436728954314
0.6844124197959899
0.7589256167411803
0.7028008997440337
0.7562350630760193
0.6916860044002532
0.7854851782321929
0.8349228799343107
0.6618794202804564
0.7061301767826079
0.7530435025691985
0.7265876233577727
0.7830472886562346
0.6870607137680051
0.7000553309917448
0.6735780239105223
0.7684502899646758
0.7708186507225034
0.7082118988037108
0.7460882663726807
0.7996985316276548
0.6623517870903014
0.6988561451435088
0.7978569269180296
0.7482351064682005
0.6866935491561889
0.8167181015014647
0.7224720716476439
0.7368032336235046
0.7872944772243499
0.6848245859146117
0.7062448859214782
0.7587740719318389
0.8638796806335448
0.7015005350112914
0.8199893832206725
0.83283531665802
0.6328518688678739
0.814851254224777
0.6615368723869323
0.7204103767871854
0.8000231385231015
0.741172820329666
0.6959862112998961
0.8356256484985349
0.6216316819190978
0.7657117247581482
0.7016601562499999
0.6737623512744904
0.8001345992088316
0.662351757287979
0.7370789051055907
0.8321697413921354
0.7445884943008422
0.7290600836277007
0.6959213316440581
0.7242570817470549
0.7019765377044677
0.7781831622123717
0.7104630470275878
0.7196225225925444
0.6962444782257079
0.7485103011131284
0.686326414346695
0.6515968739986419
0.6615367531776427
0.7666376829147337
0.6820563375949859
0.7792197763919829
0.7285236418247222
0.7445885241031646
0.7901579737663269
0.695113033056259
0.72941255569458
0.7035354077816008
0.6615366935729979
0.8374180197715758
0.6626402437686919
0.7501776814460753
0.6315961182117461
0.6906821131706237
0.7452120780944822
0.6855945587158202
0.6737116873264312
0.7282111346721648
0.743639051914215
0.7978277206420896
0.741523951292038
0.8083241283893583
0.6726046800613402
0.7613295316696166
0.6626401245594024
0.7836855351924895
0.744278997182846
0.6837024092674255
0.6951128840446471
0.778556853532791
0.7901579737663269
0.760822832584381
0.7695232331752776
0.6622467339038848
0.8264180123805998
0.6736574172973632
0.7402478456497191
0.7653899192810057
0.7204963266849517
0.8582006990909575
0.696751594543457
0.7228330075740814
0.6315960586071013
0.6640917658805846
0.7326307892799376
0.8812032043933866
0.7930516898632047
0.7249752879142761
0.8270725607872007
0.7534513771533965
0.6943405270576476
0.7035557031631469
0.781172215938568
0.7348135411739348
0.7087661325931547
0.6736573874950408
0.7323567569255828
0.754010111093521
0.7940326929092405
0.6515968441963195
0.731593370437622
0.6328518688678739
0.6611433327198027
0.6746357083320617
0.6943405866622924
0.6841080486774443
0.7287882864475248
0.652259588241577
0.7090383172035216
0.663822442293167
0.670371115207672
0.7639148235321044
0.6216316521167754
0.7238174080848692
0.6626946032047271
0.6798605918884276
0.6852855086326598
0.7935312688350675
0.6737116873264312
0.652754634618759
0.7408852875232695
0.7288921773433684
0.8219783306121825
0.668215125799179
0.6408489048480986
0.6319896280765532
0.8105513155460357
0.7498510777950285
0.7025374472141265
0.8440814912319181
0.7130747139453887
0.821611702442169
0.7039437890052794
0.6615367233753203
0.6315962076187133
0.6615367233753203
0.6905612051486968
0.7374776303768157
0.6537301838397979
0.6512033045291901
0.7486759424209595
0.7473212778568267
0.7084595263004302
0.6536829471588134
0.7920735180377959
0.781451344490051
0.7549871206283568
0.790157914161682
0.6523576080799102
0.726217210292816
0.6803861558437345
0.7049423456192015
0.7946128547191619
0.6844124495983123
0.7498511075973511
0.701093018054962
0.8362052738666532
0.6972917020320891
0.6611433327198027
0.73032009601593
0.7249248921871184
0.6615368425846099
0.7136368453502654
0.6866637766361235
0.664695769548416
0.7197570204734801
0.7841380238533018
0.6916237175464629
0.8217948377132414
0.802334576845169
0.7077601552009581
0.7491072118282317
0.7874564230442046
0.707003355026245
0.8197267353534697
0.6309089064598082
0.8074946999549865
0.8235398232936858
0.6980959773063659
0.6996126472949981
0.7035816311836242
0.7441247105598447
0.666501224040985
0.7768158316612243
0.7138590812683103
0.7177134454250336
0.8991158306598661
0.7512828707695006
0.772492617368698
0.7388992309570311
0.7153317630290984
0.70591402053833
0.7539597451686858
0.7256478071212767
0.7209093272686004
0.8436899185180662
0.6423196792602538
0.7867899239063261
0.7178725004196166
0.7091475725173949
0.6522594392299651
0.6702137291431426
0.8056489229202267
0.8687232732772826
0.7750141322612762
0.773740917444229
0.7440890073776244
0.6804716289043425
0.732689470052719
0.6741051673889159
0.6947074532508849
0.7378594279289243
0.7539597153663634
0.7366270422935485
0.6768670380115508
0.712517112493515
0.6615367531776427
0.7673752605915068
0.7951532304286956
0.7558297812938689
0.6918970644474028
0.6623517870903014
0.7008613049983977
0.7091476023197173
0.7712554335594175
0.8384800553321838
0.7917164266109467
0.8633473515510557
0.6760663092136382
0.7922454774379729
0.7188617587089539
0.6843541860580443
0.6682152152061461
0.6844123601913451
0.7116056680679319
0.6312762796878814
0.8025707006454467
0.9021858274936676
0.7062448561191558
0.7077602148056029
0.82558137178421
0.8008533716201781
0.7548806369304656
0.631276249885559
0.7006972432136535
0.673762410879135
0.7633595466613768
0.7495756447315215
0.8000215888023375
0.7448636293411254
0.6615367233753204
0.7279099225997924
0.6729474961757659
0.6630617380142211
0.7151013314723967
0.7302309274673461
0.7728619575500486
0.6995966434478759
0.7261220216751099
0.6721867024898528
0.7254762947559356
0.6748786866664885
0.6933293044567107
0.8021289706230161
0.7061845362186431
0.6717933416366576
0.8101530075073241
0.641926050186157
0.6534417569637297
0.7331487238407134
0.7342507541179656
0.7972475886344907
0.715033710002899
0.6971190273761748
0.7406307756900786
0.771004408597946
0.8143148422241209
0.6447685956954956
0.731640875339508
0.7467402815818784
0.7203521132469176
0.7254586219787597
0.6959862112998962
0.7466211616992949
0.889953315258026
0.8068048655986784
0.6993820071220397
0.7867898046970367
0.7487458586692808
0.8667416870594022
0.6959862112998962
0.7068330049514769
0.6630075275897979
0.6223924160003661
0.68483030796051
0.6689735054969786
0.6946233808994292
0.7879433035850524
0.7879829108715056
0.7458927333354949
0.7222367823123931
0.8329150378704071
0.8025230169296264
0.6959862709045409
0.7466466426849363
0.630908966064453
0.7066361010074613
0.7763110399246214
0.8025384247303007
0.7672253847122191
0.7569782435894012
0.6330422461032866
0.6422723233699797
0.6900388300418853
0.6523575782775878
0.7492104470729826
0.7143607139587401
0.7749475836753845
0.7215186953544616
0.7822484374046323
0.7585933208465574
0.8117012083530425
0.7137019634246825
0.6423197090625762
0.6419997513294219
0.7538524568080902
0.6801931858062743
0.7481616139411925
0.7812728285789489
0.7277767658233641
0.7440890669822693
0.700055420398712
0.6859374046325682
0.6515969336032866
0.7378546297550201
0.7156375050544737
0.6633501946926116
0.7518070638179778
0.6958230733871459
0.6515968739986417
0.6953437030315398
0.6615368127822874
0.7541845142841338
0.7509312927722931
0.7147762775421141
0.6511560678482055
0.7641524374485014
0.6809900403022765
0.6447685956954956
0.7409522831439971
0.6216317415237426
0.6515969038009644
0.7514102458953856
0.7685204744338988
0.7577084302902221
0.75674632191658
0.770185351371765
0.7154283821582793
0.7161014974117279
0.6732901334762572
0.7584512233734129
0.6530988216400145
0.7199329137802123
0.878750830888748
0.7366883456706999
0.7589256167411803
0.7883589267730711
0.760921686887741
0.6515461206436156
0.7175705730915068
0.706869214773178
0.7469788789749144
0.6955344676971434
0.6963533759117125
0.68512225151062
0.6512033045291901
0.815530776977539
0.6416095793247223
0.7490977942943572
0.7805914282798766
0.7138591408729552
0.699537307024002
0.7344500124454496
0.7897982299327849
0.7275166809558867
0.7445885241031646
0.7057218253612517
0.6727719008922576
0.6309089064598082
0.7583696246147155
0.818639576435089
0.7251836359500884
0.7228412628173827
0.8307571709156035
0.8532787263393402
0.6955345273017882
0.7569782435894012
0.6860463321208953
0.8413385450839995
0.662351757287979
0.8360570073127745
0.7015006542205809
0.6954801976680755
0.7369357645511627
0.7673957347869873
0.7296712398529052
0.6665012836456298
0.7246497571468352
0.6951130628585814
0.6974567472934722
0.7359482347965239
0.7711759805679319
0.6223923861980437
0.6634290516376494
0.7060992717742919
0.685722917318344
0.7355112135410308
0.6636390388011931
0.6949040889739988
0.7511597275733948
0.6737625300884246
0.7080077826976775
0.6328519582748412
0.7132709026336669
0.8141254484653471
0.7366883456706999
0.6644850969314574
0.6737625002861022
0.7215842902660369
0.710403501987457
0.7155476212501525
0.6928896903991699
0.6536828875541686
0.8114169538021087
0.8176573514938353
0.7748159766197203
0.8266040086746214
0.8473108708858489
0.8071108758449552
0.744478553533554
0.7820754051208495
0.6951129138469695
0.6832546293735503
0.7293581068515776
0.6954802572727202
0.631276249885559
0.7370789647102354
0.7968594133853911
0.6852518916130065
0.7097014486789701
0.7814513742923735
0.6518660187721251
0.7024607658386229
0.6216317117214202
0.7442308068275449
0.7950902581214903
0.7566227018833158
0.7203520238399505
0.8243801593780516
0.761884957551956
0.7407139539718626
0.7335123121738434
0.88451212644577
0.7141852676868438
0.6843542456626891
0.6721867024898528
0.6328519880771636
0.687696874141693
0.6715147793292997
0.7244786024093627
0.6515968143939971
0.8578834533691404
0.7023595869541167
0.755362570285797
0.8006455600261687
0.8759615123271941
0.74972328543663
0.7452121376991271
0.6799493134021758
0.692371219396591
0.7230827510356902
0.6968767940998077
0.79224556684494
0.652754634618759
0.7415043711662292
0.652754634618759
0.6953436732292173
0.7939015924930571
0.6833089590072631
0.6629094779491423
0.7893167734146116
0.6708809435367583
0.7290632724761962
0.7021368145942686
0.6621732413768767
0.6438217759132385
0.7348822057247161
0.7397387325763701
0.917079299688339
0.6630074977874756
0.6740789711475371
0.6958230137825011
0.6971695721149442
0.6729475557804107
0.6733688712120055
0.7159209251403806
0.6622467935085296
0.7821057140827178
0.6664464771747588
0.6408489048480986
0.8157961070537566
0.8241763412952421
0.7817462682723999
0.7360484302043915
0.69403338432312
0.7592375576496122
0.6729473173618317
0.7371807396411895
0.6729474067687987
0.6828874051570891
0.7466512322425841
0.7463326156139373
0.7490978240966795
0.8378946483135222
0.7523285746574401
0.6855157911777495
0.8354147374629972
0.6630074679851531
0.7086863219738005
0.7569782733917236
0.8961201310157774
0.7948346138000488
0.7741409838199613
0.7622048556804656
0.7542280852794645
0.7030490338802337
0.6739884018898008
0.640848934650421
0.621631771326065
0.73263081908226
0.7138591110706329
0.7254888713359832
0.7562350034713744
0.7109743654727936
0.6847795546054839
0.7356634140014647
0.782052546739578
0.7928735017776487
0.7106731832027434
0.7209430932998657
0.7082118093967437
0.7274057567119597
0.820960998535156
0.8323469758033752
0.7086864411830901
0.7105746567249296
0.7682850956916808
0.7026004195213316
0.6726046502590178
0.6638225913047789
0.6623518466949462
0.8187805116176604
0.8137548863887785
0.7217461764812468
0.6950623393058776
0.7582224309444426
0.7256920337677001
0.7018053531646727
0.6216317117214202
0.7973530888557433
0.7243162691593168
0.6447685956954956
0.863338232040405
0.8214263021945952
0.6952255964279174
0.8500997126102446
0.7737116515636442
0.743368089199066
0.7485102415084838
0.6623518168926238
0.758222460746765
0.7490979731082915
0.7498511373996734
0.8716697990894317
0.7188618183135985
0.6790883243083953
0.7331486344337462
0.7270272374153137
0.7243704497814177
0.8784287869930266
0.7141851186752318
0.7059140503406524
0.7563758790493009
0.6790884137153624
0.764668136835098
0.6630074679851531
0.7246569991111755
0.8106153011322019
0.6512033045291901
0.8066262900829314
0.6918434500694274
0.6741050481796264
0.6835973262786864
0.7062970399856566
0.7367165088653563
0.7125333547592162
0.7758280634880066
0.7019765079021453
0.7549871206283568
0.7135412395000457
0.7898606956005095
0.7308478355407714
0.8584364950656889
0.630908966064453
0.6572051048278807
0.6922186613082885
0.65225949883461
0.6848244071006774
0.748704046010971
0.673657327890396
0.7599005401134489
0.7036952674388884
0.7138195633888242
0.7359851598739623
0.6966962218284606
0.7151013612747191
0.6630617380142211
0.7408853471279142
0.7021970152854918
0.6870607733726499
0.7583402395248412
0.8079315721988677
0.7582637071609496
0.7248532772064208
0.6581887304782866
0.7498512268066404
0.9293828904628751
0.7061301767826079
0.8202427327632902
0.8213465809822081
0.7008613348007201
0.631276249885559
0.7086799442768096
0.6737116575241088
0.8053914308547973
0.6630074679851531
0.7582658827304839
0.7836436629295348
0.7582224011421201
0.7867898941040039
0.7006749212741851
0.8870336711406707
0.7150478661060332
0.8360437154769895
0.6315962076187133
0.8698279261589049
0.8049568533897399
0.6518660783767699
0.8184681832790374
0.6741051077842711
0.7134468853473662
0.7018054127693175
0.7686579525470733
0.7224411964416503
0.8272955119609833
0.6834530234336852
0.8520690798759459
0.7979642152786254
0.7251835763454436
0.7203521132469176
0.7806981205940245
0.7498829960823059
0.6416095793247223
0.6416096687316893
0.8154016137123106
0.8900907933712003
0.7157730162143705
0.8114169239997862
0.7051396071910857
0.7978831529617308
0.8102101981639861
0.7681264579296112
0.7784986495971679
0.7737371921539304
0.8266450762748716
0.7689498364925383
0.7302724421024321
0.8002331554889678
0.6721867024898528
0.7579663097858428
0.7711167633533477
0.7368308603763579
0.6905612349510192
0.784685581922531
0.7745922207832334
0.662351757287979
0.8049568533897399
0.6416096091270446
0.8697249591350553
0.7560292184352874
0.8497139513492583
0.7032596468925475
0.7411603331565855
0.6987576782703399
0.7538525462150573
0.7683332860469817
0.7023595869541167
0.630908966064453
0.7299051880836486
0.7269844114780424
0.7522257268428801
0.6733689308166503
0.7130071222782135
0.7155948877334594
0.7726802229881287
0.6904667317867278
0.6848302781581878
0.8021797537803649
0.6565066277980803
0.621631771326065
0.7095066010951995
0.7379401922225951
0.6797975301742553
0.8344696462154387
0.695534586906433
0.7134469151496887
0.7127972245216369
0.6721867024898528
0.7585884630680083
0.6962446272373197
0.6835973858833312
0.80608794093132
0.6828874051570891
0.7035542428493499
0.6831716299057006
0.7674801945686339
0.6536828875541686
0.6940334141254423
0.8057080209255216
0.6408489644527434
0.7517367303371427
0.8197267055511473
0.6634291112422942
0.6977106034755706
0.7544457912445067
0.6622467637062072
0.6429823040962218
0.7590228319168089
0.8327588438987731
0.6848302781581878
0.6972917616367339
0.6746357679367064
0.6848323941230773
0.777118980884552
0.6312762796878814
0.7763932049274442
0.6431345343589782
0.6941975653171538
0.7526009678840636
0.7353237867355346
0.7976702153682707
0.7607689201831818
0.8356449007987975
0.7345977425575255
0.6867562532424926
0.6665012538433074
0.6804716587066649
0.6640916764736174
0.6935373544692992
0.7000555098056792
0.7141851782798767
0.8078390955924988
0.7692971825599668
0.763537973165512
0.7077602446079253
0.6976226568222045
0.7537649869918822
0.6741051673889159
0.6848302781581878
0.7661206126213073
0.7323569059371947
0.68988698720932
0.7415558695793151
0.7171741425991058
0.6851223707199096
0.6615368127822875
0.6959862112998962
0.8297606110572815
0.6882759034633635
0.8276771306991575
0.7274286746978759
0.7985312044620513
0.6423196494579314
0.7440333068370819
0.663822442293167
0.7347402572631836
0.685285598039627
0.751909852027893
0.739398419857025
0.781833529472351
0.7698055505752561
0.7290632724761962
0.799042075872421
0.7484131455421447
0.7912704646587371
0.7806517779827117
0.7538525164127349
0.6661037206649779
0.7444954812526701
0.7534340620040892
0.6679676473140715
0.7021435797214507
0.6804716587066649
0.6757504642009734
0.6954801976680755
0.641999691724777
0.6216316521167754
0.9080955088138578
0.7326821386814116
0.7248674035072326
0.6515969038009642
0.7455250322818755
0.8360437750816343
0.6989991068840026
0.761320412158966
0.7463326156139373
0.748704046010971
0.7822559475898743
0.7419255077838897
0.7444512248039244
0.6951840519905089
0.7420734167098998
0.6309088766574859
0.7172195315361022
0.6936183273792266
0.8130812644958494
0.7549335658550261
0.7636578977108
0.6851222813129424
0.6615367233753203
0.7011330723762511
0.7462225556373594
0.7061844170093535
0.7285236716270446
0.7861788868904112
0.7784748077392576
0.7685835063457487
0.724924862384796
0.7108984887599944
0.7057628333568572
0.7895163893699645
0.7206742465496062
0.7561498284339903
0.7924974262714385
0.7150239646434782
0.640848934650421
0.7714630067348478
0.7024374604225156
0.72317436337471
0.6941975951194762
0.6447685956954955
0.7079934179782866
0.7507019937038422
0.683254599571228
0.6953437030315398
0.7683305740356443
0.8013605475425718
0.6618424952030181
0.6618795990943908
0.6515968739986417
0.7895641326904296
0.7191006541252134
0.8299404978752136
0.7138591110706329
0.7238031923770903
0.6622468233108519
0.6537845134735106
0.7687587440013884
0.7316465377807616
0.71744966506958
0.6315961480140685
0.7066361010074613
0.7917534708976743
0.6813158690929412
0.6799615919589995
0.6511560678482055
0.693247079849243
0.7279011011123656
0.7951891124248504
0.7141094803810119
0.7035354375839232
0.7035557031631469
0.8518314957618712
0.6840450465679166
0.7522705793380736
0.7415148317813873
0.7473230957984923
0.7069471478462218
0.6423195898532866
0.6704545915126799
0.734426587820053
0.6661037504673003
0.7225225269794462
0.8550703525543212
0.7296930849552153
0.670371115207672
0.7487040162086486
0.7664297223091123
0.6618794202804564
0.6328518986701965
0.7535161972045896
0.7611765861511229
0.7841381132602689
0.7614153623580932
0.6665012836456298
0.6836760640144347
0.7320982217788695
0.7485024333000182
0.6903278231620787
0.6615368723869323
0.744100511074066
0.7104034423828124
0.757018357515335
0.7971723079681395
0.7024607956409453
0.7177669703960418
0.7967330813407896
0.71987247467041
0.7538524568080902
0.7013711929321288
0.7560985386371611
0.7701743245124816
0.6679676473140715
0.7490168511867522
0.6592757403850554
0.8038359582424162
0.7376128435134887
0.7920480072498319
0.6955345273017882
0.6837024390697478
0.7544866204261779
0.7181192040443419
0.7553693652153014
0.6896738111972808
0.8404064476490019
0.6423196494579314
0.6855945587158202
0.6753457188606261
0.6902595162391661
0.7198724448680877
0.6615367233753204
0.641999691724777
0.7769122421741483
0.6707700490951537
0.8992134332656858
0.6522594690322875
0.6907717883586882
0.7076551020145415
0.720218926668167
0.6630074977874755
0.8111419081687926
0.7532654404640198
0.6729474961757659
0.6704358160495757
0.7852027714252471
0.683597296476364
0.800608456134796
0.744380384683609
0.8275427222251891
0.6752331256866454
0.7375530302524564
0.7822107076644896
0.8603290915489196
0.6857036054134368
0.680579602718353
0.6615368127822875
0.7188617885112761
0.7065516710281371
0.6962445080280302
0.6447685956954956
0.6328519880771636
0.663350224494934
0.7295116782188414
0.6852856576442717
0.7363119423389434
0.6940333545207976
0.7080717086791991
0.6540459394454955
0.6626402437686919
0.7971526980400084
0.7066361010074613
0.7551693618297576
0.6964077055454253
0.8010884225368498
0.7922455072402953
0.8296093940734861
0.7744692265987395
0.6615367233753203
0.6515968739986417
0.7633991539478302
0.7268060147762297
0.737553149461746
0.6834699809551237
0.7634204626083373
0.843527555465698
0.6602052748203276
0.7379798293113706
0.6408488750457764
0.6416095197200774
0.8122744560241698
0.7354873418807982
0.7884588241577148
0.6637717783451079
0.6703712642192838
0.7178956270217893
0.7364313900470733
0.6522594690322875
0.7504769563674926
0.7527948915958403
0.697710633277893
0.6813770234584807
0.7716865241527557
0.6515461206436156
0.779173046350479
0.7845755517482756
0.7016602158546447
0.8375545740127561
0.7110231816768646
0.7200915217399595
0.8246547579765318
0.7535161972045896
0.7379280030727385
0.7658903896808623
0.6615367829799651
0.7131697535514829
0.7082119286060333
0.7141095995903014
0.7067830264568327
0.7372396886348723
0.8304709792137144
0.691062808036804
0.7477255761623381
0.763302594423294
0.7141089141368864
0.73700350522995
0.6746356487274169
0.6447685956954956
0.8023345172405242
0.6799617409706114
0.8223178982734679
0.671793222427368
0.695822924375534
0.7130071222782133
0.792498618364334
0.65225949883461
0.6515967845916748
0.6809900104999542
0.7858188748359678
0.8296410441398618
0.7025038897991179
0.736803352832794
0.7062211930751799
0.6416096687316893
0.6736573874950408
0.6689736247062682
0.7314759790897368
0.7275167107582091
0.6957629323005675
0.7053039669990538
0.6665011346340178
0.662173181772232
0.8182656168937682
0.7304629683494567
0.7057628333568572
0.8267220854759215
0.6801754534244535
0.6408489048480986
0.6565065085887908
0.7802341878414153
0.6429823935031889
0.6615367233753203
0.744237720966339
0.7189641296863555
0.7816205322742461
0.6956604421138762
0.7953248918056486
0.8811467885971067
0.663822442293167
0.818265527486801
0.7812088727951048
0.8485229313373565
0.7251836359500884
0.719757169485092
0.7019765079021453
0.706523686647415
0.6729474067687987
0.7060595750808715
0.7073967456817626
0.6512033045291901
0.8028332591056822
0.6813473403453826
0.7565506398677825
0.6422723829746245
0.6515461504459379
0.6615367829799651
0.8216463327407837
0.7870651781558989
0.6522594690322875
0.7450404465198515
0.6947195827960967
0.7509218454360961
0.7867914140224456
0.6524118483066558
0.6837023496627807
0.7141090631484984
0.8456548452377318
0.8163647651672362
0.662351757287979
0.642319619655609
0.6629095077514646
0.6515969038009642
0.6447685956954956
0.7617015242576598
0.7982908487319944
0.741852670907974
0.6838103532791137
0.7615845203399657
0.7985313236713407
0.6527791023254393
0.663638949394226
0.7399574518203733
0.7972398698329924
0.6611433625221252
0.7435609400272368
0.6624715924262999
0.7136109769344328
0.7587756216526031
0.7495756745338439
0.7569783031940459
0.7397768497467041
0.7395744919776915
0.7393246293067931
0.6626945734024047
0.6733689010143279
0.7264754474163053
0.7130070626735686
0.8161710500717161
0.6568790078163146
0.6912817060947417
0.6721867322921752
0.6896726191043853
0.7095147669315337
0.7626588940620421
0.8215625286102293
0.6947430074214934
0.7091278433799744
0.8105804026126859
0.7344499826431273
0.7842066586017608
0.8019871711730956
0.6729475557804107
0.7368307709693908
0.7213276922702787
0.7599823176860807
0.6419261097908019
0.8695490360260008
0.726799577474594
0.8241422474384306
0.6959862709045409
0.693537265062332
0.6863889992237089
0.758955270051956
0.6315962374210355
0.8551442325115202
0.7324307858943938
0.7036011517047881
0.7689372599124907
0.821974754333496
0.7498511075973511
0.735985219478607
0.7155476212501525
0.7125172317028043
0.7374936044216155
0.717388331890106
0.812549203634262
0.7083144783973694
0.6936866641044616
0.8101719319820402
0.633514642715454
0.7582225501537322
0.7151274383068082
0.663007378578186
0.8619704246520995
0.751265376806259
0.7299279570579527
0.7639108896255491
0.7370789945125579
0.7939865589141845
0.7102789282798766
0.6309089362621306
0.7392987906932831
0.7359497547149656
0.7150336503982542
0.7743285298347472
0.7277276217937467
0.7749161720275878
0.7104034423828124
0.7304630875587462
0.7189641594886778
0.7381017506122588
0.7218036055564879
0.7837502062320708
0.6807251274585723
0.7297618091106413
0.6512033045291901
0.6703712046146392
0.7367222607135772
0.7078578174114225
0.6944437623023986
0.7246972024440764
0.8246970474719999
0.7949475347995757
0.75153711438179
0.7290631532669066
0.7846825420856474
0.8811319470405578
0.7188618183135985
0.8167598843574522
0.8184106051921843
0.6537372171878812
0.6416094601154326
0.8054330945014954
0.7057629823684691
0.7053039371967315
0.7430945336818694
0.7228413224220275
0.6950475871562957
0.641609638929367
0.6630617678165435
0.6896148920059203
0.6773126125335692
0.7781490087509154
0.677119880914688
0.6914028525352477
0.7572992146015166
0.6309088766574859
0.6753456592559813
0.8187713027000425
0.7790285348892211
0.7018053233623504
0.7535198926925658
0.7316295802593229
0.7209546267986295
0.7355428338050841
0.6423196792602538
0.7542071640491484
0.8265618383884429
0.7580573260784148
0.735663443803787
0.7107714116573333
0.7222982347011565
0.707003355026245
0.7751934826374053
0.7626691162586211
0.7126877903938292
0.6419260799884796
0.6515968441963195
0.6737116575241088
0.6805557310581205
0.7494367659091948
0.6515968441963195
0.759256988763809
0.7311110198497772
0.6623517870903014
0.7299051880836486
0.6737116277217865
0.763192981481552
0.6581288576126099
0.8266237676143645
0.7964833080768584
0.757380187511444
0.695534586906433
0.7178726494312285
0.7251836955547332
0.8001026809215543
0.7067829072475431
0.7057629227638242
0.6697710156440734
0.6615367233753203
0.7299275696277616
0.6721868216991423
0.7376127541065214
0.7874563932418822
0.6515968739986419
0.6515968441963195
0.6809405982494353
0.6408489048480986
0.6618794798851012
0.7334206104278563
0.6737625002861022
0.7361923754215239
0.7602815926074981
0.7970657646656034
0.6554184854030607
0.7914870977401731
0.717943251132965
0.652779072523117
0.6896894872188567
0.773484081029892
0.6527791023254393
0.6527791023254393
0.6934866309165953
0.8035105466842649
0.7179431915283202
0.7522705793380736
0.7841381728649138
0.7066071331501006
0.6749354302883147
0.6943405866622924
0.8274663090705869
0.7366760671138762
0.7170459032058715
0.6527546048164367
0.8090115189552306
0.7125172317028043
0.683617204427719
0.7231105864048003
0.7375913262367247
0.7867899537086486
0.6970475912094115
0.7213038206100462
0.7360670268535613
0.7192290425300597
0.6330423653125762
0.6426394879817962
0.7536208629608153
0.7105675637722013
0.642319619655609
0.7856671810150145
0.7507295310497283
0.6419996619224547
0.6729473769664763
0.7368032634258269
0.8812758326530453
0.6733689606189727
0.8105008602142332
0.6216316819190978
0.754642069339752
0.7687586247920988
0.7181314826011658
0.6640916764736174
0.7458712458610534
0.6515967845916748
0.7022645473480223
0.6515968143939971
0.8307571113109588
0.821417510509491
0.6975269615650176
0.6746356189250945
0.6338573694229125
0.7596777379512786
0.7781448960304259
0.7083869278430937
0.7091277241706846
0.7458926737308501
0.652259588241577
0.6950623393058776
0.6626945137977599
0.6328519582748412
0.6721867024898528
0.6423195898532866
0.7151463925838468
0.6737421751022338
0.8362370431423185
0.8076833486557006
0.807683229446411
0.6841080784797667
0.7799946367740629
0.7036130726337432
0.8262640833854674
0.7916055619716643
0.8217054903507232
0.7050296366214751
0.6977107226848601
0.6637718379497527
0.6515969336032866
0.6640917658805846
0.6618795692920683
0.7464554011821746
0.6741050481796264
0.6935372948646545
0.7012993991374968
0.6833089590072631
0.683702379465103
0.8085434138774872
0.6926367580890656
0.7188618183135985
0.6615367233753203
0.7132709622383115
0.641609638929367
0.7112791836261748
0.6835972666740416
0.7066361010074613
0.7084595263004302
0.729248523712158
0.6319897174835204
0.7184945940971373
0.7057629525661467
0.7018173336982726
0.706306904554367
0.710689902305603
0.8207617700099943
0.7188617885112761
0.6223923861980437
0.7581540942192077
0.6832301914691924
0.7836736440658567
0.6315961480140685
0.6970475614070891
0.6423196494579314
0.7974502444267273
0.6530989408493041
0.7525457739830015
0.715266853570938
0.6540458500385283
0.7060596048831939
0.7021368443965911
0.7389891147613524
0.6729473471641539
0.7681206166744231
0.7865051627159115
0.7293913662433622
0.6522594690322875
0.7918855249881744
0.7098195552825927
0.7025040090084074
0.7577486336231231
0.7775786519050596
0.6682151556015014
0.8331631124019622
0.6924341619014739
0.681315928697586
0.8355742394924162
0.8161973655223845
0.6729473471641539
0.6729474067687987
0.6309088766574859
0.6315961778163909
0.7394936382770537
0.651546150445938
0.8408589363098145
0.6733689308166503
0.6527791619300841
0.7942691743373869
0.8130388557910918
0.7171649038791654
0.7218832373619078
0.8717282712459562
0.7680005133152007
0.7359482645988462
0.6515968441963195
0.652259588241577
0.6790882945060729
0.673657327890396
0.6954802870750426
0.7947473526000974
0.641999691724777
0.7280741930007935
0.7376028001308439
0.7072432041168211
0.6419261097908019
0.6416095793247222
0.8000214993953703
0.7644051015377042
0.674635738134384
0.6665012538433074
0.6906706988811492
0.6423195302486419
0.8044590353965759
0.6822708547115325
0.6330422461032866
0.6860463023185729
0.771420896053314
0.7053038477897643
0.6683081686496732
0.7108985483646393
0.7794989049434661
0.7073475420475005
0.7265802025794982
0.6736100316047666
0.6853013932704924
0.7641210556030272
0.7756035625934599
0.733420670032501
0.7593285143375396
0.727959245443344
0.6940334141254423
0.6626402437686919
0.7867103517055509
0.6126743555068969
0.7510638236999511
0.641926050186157
0.6946234107017516
0.6328519284725188
0.7858569920063019
0.7539597153663633
0.6630617678165435
0.6910627484321593
0.6995966136455535
0.7317788302898406
0.8053455054759978
0.82177397608757
0.7461541295051572
0.7411603033542631
0.8108642399311066
0.7719787955284118
0.630908966064453
0.6835973262786864
0.686326414346695
0.8124345541000365
0.740714132785797
0.7995689511299132
0.6955344974994658
0.7233094573020934
0.7368307411670684
0.652259588241577
0.8380231857299804
0.6733689904212952
0.7538662254810332
0.8194426000118255
0.7517645061016082
0.6697310805320739
0.7244414985179901
0.758357763290405
0.706636071205139
0.6309089064598082
0.6630617678165435
0.8053933978080747
0.741523951292038
0.7066071331501006
0.7629636824131011
0.6312762796878814
0.8151431679725646
0.7768867909908292
0.6864404976367949
0.7171648442745208
0.8413425087928771
0.7110742926597594
0.6481365859508513
0.6639857590198516
0.6527546644210814
0.7866708934307097
0.6679675579071043
0.662351757287979
0.7192290127277373
0.732689470052719
0.741445392370224
0.6611433625221252
0.7410147488117217
0.6618424952030181
0.7785843312740325
0.7746539115905761
0.6515968739986419
0.7412733435630797
0.7488096356391907
0.673711746931076
0.7814692854881286
0.6866934895515441
0.7512878477573394
0.6730016171932219
0.8186395466327666
0.8272957503795624
0.652259588241577
0.7131298184394836
0.8056678175926206
0.7647281885147093
0.6853419244289397
0.8051306903362272
0.8183125257492064
0.7285236120223998
0.7279309630393981
0.7566315829753874
0.732098251581192
0.6975269615650176
0.6729473769664763
0.7486612200736998
0.6646957993507384
0.7099738717079161
0.7474751770496367
0.8024891316890714
0.72643181681633
0.8215460479259489
0.8001205325126647
0.7432045638561248
0.6955344676971434
0.7378510534763336
0.736803352832794
0.7754607796669005
0.6515969038009642
0.6637718081474304
0.8139243721961974
0.641609638929367
0.6736575067043303
0.8163915872573853
0.7136436700820922
0.6515969038009642
0.7445884943008422
0.7445488274097442
0.7413080036640166
0.7067057788372038
0.6419260799884796
0.6615368425846099
0.7172139883041381
0.6602052748203276
0.6851730346679686
0.7304206490516661
0.8102433085441587
0.7196224927902221
0.7320890128612516
0.7707997560501096
0.8002176582813262
0.6515967547893523
0.6419996619224547
0.631596118211746
0.7496699690818786
0.6626945137977599
0.7079934775829314
0.6615368127822875
0.6836760342121124
0.7658903598785399
0.82558137178421
0.6702136993408201
0.668308138847351
0.7063070535659789
0.6419260799884796
0.8270786106586454
0.8433017134666441
0.7729258537292478
0.7628177702426908
0.6918433904647826
0.6914666593074797
0.6961686015129087
0.8021218478679656
0.7244414389133452
0.6958228945732116
0.7147275209426879
0.7684190273284911
0.7172774076461791
0.7954939901828764
0.7437689602375028
0.6511560082435607
0.7316035628318784
0.7665506303310394
0.7541018426418303
0.6841080784797667
0.723252385854721
0.6429823637008666
0.6638225018978118
0.6618424952030181
0.6852855682373046
0.7403181195259093
0.6527546048164367
0.7244414687156675
0.7210705876350402
0.7486759424209595
0.6615366637706755
0.7150336802005768
0.7126467823982238
0.6729475557804107
0.6621290445327759
0.6947195231914518
0.6940334141254423
0.6524119079113004
0.6729473471641539
0.7972571849822996
0.6611433029174804
0.7248673439025879
0.7141851186752318
0.6223924160003661
0.6618795692920683
0.8056678473949431
0.7632537484169005
0.7610959112644194
0.7665506005287168
0.7368307411670684
0.8638009428977964
0.7462897300720213
0.7080077826976775
0.7591483891010282
0.6515968441963195
0.7104453146457671
0.7707504332065581
0.7370035648345946
0.6630074381828307
0.7536208033561704
0.6423195898532866
0.6623517870903014
0.7290203571319579
0.6315960586071013
0.7773885726928709
0.6522595584392546
0.9019840359687804
0.7129535377025602
0.6312762796878815
0.7199330031871795
0.6937007009983062
0.6423196494579314
0.683810532093048
0.7015004754066466
0.7367224991321563
0.7143607139587401
0.7874025404453275
0.68483030796051
0.6524119079113004
0.8527947366237639
0.6726689934730529
0.8582831323146819
0.6429823637008666
0.7631764709949491
0.6216316521167754
0.6335145831108092
0.6813474595546721
0.7645828425884245
0.7079934179782866
0.7469116151332854
0.7543644607067106
0.800324112176895
0.773914337158203
0.6309089362621306
0.695062220096588
0.6844124794006345
0.6966961920261382
0.695316582918167
0.6961686015129087
0.6977107226848601
0.7080078721046447
0.6844124197959899
0.7691814899444578
0.6859412789344786
0.7175950706005094
0.7816780209541319
0.6540459394454956
0.7021368741989135
0.6534417569637297
0.7369356155395507
0.6646957099437711
0.6639858484268187
0.6515968739986417
0.7860653996467589
0.7096417248249052
0.7735228836536406
0.7083144783973692
0.6615368127822874
0.6851111352443694
0.6223924458026885
0.816276341676712
0.6223924160003661
0.652259588241577
0.7411203980445862
0.827020227909088
0.6630617082118987
0.6944437026977537
0.6797398924827575
0.7143860161304473
0.8106260001659391
0.6763863563537597
0.6833088994026183
0.8129348754882811
0.6729473471641539
0.7648810446262359
0.6733690798282622
0.7578476965427398
0.6515968739986417
0.7676557600498197
0.6906337440013884
0.7112792134284971
0.7538525760173795
0.8248497247695921
0.7141851484775542
0.7905757725238798
0.6621290743350982
0.7671908438205718
0.7495757937431334
0.7437689900398252
0.6729474067687987
0.7116056680679319
0.6926367580890656
0.722098797559738
0.7064643502235411
0.7084594964981079
0.8698280453681945
0.7383188307285308
0.7883588969707488
0.652259588241577
0.7016111016273497
0.672186642885208
0.754597783088684
0.7362951934337615
0.6335147023200988
0.8026484251022338
0.6813159584999082
0.6935372948646545
0.8549202680587767
0.6622467935085294
0.6773125827312468
0.7007602751255033
0.6947074234485625
0.818265527486801
0.6838104426860808
0.6947430372238158
0.7246971428394317
0.8239809274673461
0.6721865832805632
0.7741409242153166
0.7130746245384215
0.7244414687156675
0.7509353756904601
0.7082118093967437
0.6952255964279174
0.6860463321208953
0.6939044892787931
0.6798606514930723
0.7000554502010343
0.6801754236221312
0.6630074381828307
0.7316470444202422
0.8601449728012084
0.6959861814975737
0.8345338106155394
0.7524629831314085
0.7462225258350371
0.7299051880836486
0.8047684133052825
0.6511559784412383
0.674635738134384
0.6807370483875274
0.7828561067581176
0.7636377811431884
0.75770828127861
0.6796137690544127
0.7669772803783416
0.6951128840446471
0.7497276067733764
0.7486759126186369
0.7576016783714293
0.6408489048480986
0.7715993523597715
0.8465616703033446
0.7505920827388762
0.7891212105751035
0.802354872226715
0.7588765621185302
0.7439427077770232
0.7552542090415952
0.7493922114372252
0.7362516224384307
0.7812728881835935
0.7315444052219389
0.7113384902477263
0.7311456203460692
0.6844123303890227
0.7798331975936889
0.6860462427139281
0.7139101326465606
0.6722083389759064
0.6944437026977537
0.6515461504459379
0.6687149107456206
0.6874035000801085
0.6954801976680755
0.7609767913818358
0.7634192407131194
0.7766619324684141
0.8020660281181335
0.7999860048294067
0.664695769548416
0.6515968441963195
0.6849429011344909
0.7199329137802123
0.7018053829669951
0.7339675426483152
0.7174976766109467
0.7173634767532346
0.6902974545955656
0.6512033641338347
0.7326932847499846
0.706636071205139
0.830373018980026
0.7493922114372252
0.8090945184230802
0.6874035596847533
0.672186642885208
0.7759597003459929
0.8052816092967986
0.64160618185997
0.7867803573608397
0.7424656152725218
0.6726689338684081
0.7076280713081359
0.734194219112396
0.67407888174057
0.6618795990943908
0.7070033848285674
0.7781386971473693
0.6618795692920684
0.6988563239574431
0.7037429213523864
0.713129937648773
0.7116057872772215
0.6935372948646544
0.7315443158149719
0.7848337292671203
0.6959861814975737
0.6882757544517516
0.6844124495983123
0.7587948441505431
0.8033292889595028
0.7697374522686002
0.7089218497276305
0.6946234107017516
0.7271439433097839
0.713636666536331
0.8055128157138823
0.6309089064598082
0.695296823978424
0.735803723335266
0.7391591966152189
0.7297137677669524
0.8268540799617766
0.783209830522537
0.6876970529556273
0.6615367829799651
0.6849681735038756
0.6231024265289306
0.7796588540077208
0.7015004456043241
0.7106730639934539
0.6309089064598082
0.6447686851024627
0.7976326048374174
0.7153862714767455
0.7249754071235655
0.6721867620944976
0.7395648658275603
0.7010929286479949
0.7469116747379301
0.7433976829051971
0.641999691724777
0.6729473769664763
0.6223924160003661
0.6630617678165435
0.6522594690322875
0.6771199703216552
0.6622467935085294
0.7433975636959074
0.6312762200832366
0.7198037803173065
0.7288921773433684
0.7470189929008482
0.7060435414314268
0.7079934775829314
0.6335145831108092
0.7405777275562286
0.6950623393058776
0.6428146362304686
0.7750689983367919
0.8777369558811186
0.6537301540374755
0.8304703831672667
0.8552323579788206
0.7323568463325499
0.67996147274971
0.6736573874950408
0.6988563239574431
0.7306388020515441
0.841453433036804
0.7503027021884917
0.6524119377136229
0.6849429011344909
0.7470188140869138
0.7450404167175292
0.7509489357471465
0.6914665699005126
0.7309938669204711
0.6621291339397428
0.7501571476459501
0.6729473471641539
0.7305839955806731
0.6963725984096526
0.7366761565208434
0.7012992501258849
0.7565970420837401
0.7325900793075559
0.7691824436187743
0.7493920922279357
0.6993605494499205
0.7611765265464782
0.7587303817272184
0.69434055685997
0.6315962374210355
0.662351757287979
0.7340270876884459
0.6438217163085936
0.6721865832805632
0.8719882071018218
0.7391076087951659
0.6223924160003661
0.6518660187721251
0.6998494267463682
0.8100291490554806
0.683597296476364
0.6527546644210813
0.6615368425846099
0.6863890886306762
0.6309089362621306
0.7259305119514463
0.733353555202484
0.7037431299686431
0.7610201835632324
0.6849204003810883
0.7867088019847869
0.7973289489746093
0.7892040610313416
0.8472461700439451
0.6850962638854979
0.7061591148376464
0.718446373939514
0.7629468739032744
0.7737294435501098
0.685722917318344
0.6515968441963195
0.8122030198574064
0.6962444484233855
0.7016601264476775
0.7315935194492339
0.6416095495223998
0.6626945137977599
0.6833089590072631
0.7181191742420194
0.6752331256866454
0.6959861516952514
0.685722917318344
0.6630075275897979
0.6970475018024443
0.7087661921977996
0.6881396770477294
0.7686580419540404
0.8077050745487212
0.8903401196002958
0.6834530234336852
0.8873209655284879
0.7082118988037108
