26
60
88
122
155
189
212
235
266
295
319
351
374
402
432
468
499
536
560
587
608
634
660
690
727
765
792
824
854
884
916
945
977
1007
1033
1063
1095
1125
1154
1180
1203
1231
1254
1286
1310
1336
1367
1391
1411
1433
1458
1493
1525
1553
1581
1611
1643
1666
1687
1711
1739
1766
1791
1823
1852
1883
1910
1936
1964
1992
2027
2059
2084
2117
2146
2177
2208
2229
2257
2286
2319
2346
2368
2401
2434
2462
2492
2518
2549
2573
2603
2628
2662
2688
2720
2749
2779
2815
2840
2870
2898
2922
2948
2974
2999
3035
3060
3088
3115
3139
3165
3204
3229
3264
3291
3319
3348
3378
3404
3434
3468
3498
3523
3550
3581
3608
3638
3669
3704
3730
3758
3787
3817
3847
3876
3905
3937
3968
3996
4021
4052
4087
4115
4150
4189
4218
4247
4275
4307
4336
4361
4394
4425
4456
4487
4507
4534
4558
4584
4617
4646
4676
4701
4729
4761
4789
4821
4851
4876
4905
4931
4968
4994
5026
5045
5072
5101
5130
5163
5189
5218
5248
5275
5301
5333
5362
5385
5406
5434
5464
5496
5526
5558
5593
5619
5646
5676
5704
5734
5767
5800
5829
5857
5895
5927
5950
5981
6011
6040
6070
6099
6133
6164
6192
6223
6255
6281
6309
6338
6367
6398
6429
6453
6481
6507
6536
6560
6589
6615
6646
6671
6698
6732
6758
6789
6817
6838
6867
6897
6926
6956
6985
7017
7040
7067
7088
7115
7136
7163
7192
7221
7246
7274
7297
7334
7355
7389
7419
7444
7469
7494
7519
7551
7579
7611
7639
7663
7689
7717
7744
7773
7797
7826
7857
7882
7911
7945
7970
7997
8032
8056
8085
8113
8144
8173
8203
8234
8261
8287
8320
8347
8371
8401
8430
8460
8498
8531
8557
8582
8612
8639
8675
8694
8724
8750
8777
8805
8837
8864
8884
8917
8946
8967
8993
9022
9042
9071
9106
9135
9162
9190
9225
9264
9286
9317
9347
9369
9394
9419
9445
9471
9498
9529
9554
9577
9610
9643
9676
9706
9741
9767
9795
9824
9856
9877
9916
9945
9976
10006
10031
10051
10075
10105
10131
10160
10189
10214
10239
10272
10303
10333
10370
10398
10430
10466
10487
10513
10538
10572
10597
10625
10654
10682
10706
10742
10776
10803
10831
10858
10881
10908
10939
10965
10997
11025
11046
11077
11111
11138
11167
11194
11221
11243
11274
11302
11330
11363
11395
11425
11450
11474
11500
11525
11551
11577
11608
11634
11667
11694
11722
11751
11776
11806
11833
11864
11896
11915
11945
11979
12004
12026
12046
12075
12099
12120
12148
12185
12210
12241
12275
12304
12332
12361
12394
12421
12442
12470
12494
12523
12553
12580
12602
12632
12665
12696
12723
12753
12781
12803
12833
12859
12886
12915
12939
12962
12996
13023
13053
13077
13100
13123
13153
13180
13213
13240
13274
13297
13334
13370
13402
13432
13452
13479
13503
13531
13560
13587
13614
13647
13675
13703
13728
13760
13784
13811
13837
13868
13893
13927
13955
13982
14001
14028
14055
14080
14107
14136
14163
14189
14216
14244
14270
14300
14324
14349
14374
14402
14426
14454
14482
14510
14542
14568
14596
14631
14662
14694
14725
14758
14786
14811
14835
14873
14902
14933
14953
14978
15004
15023
15049
15079
15108
15136
15165
15188
15221
15246
15272
15302
15328
15359
15380
15409
15436
15463
15493
15517
15542
15567
15584
15617
15643
15672
15695
15725
15751
15776
15799
15827
15852
15882
15910
15937
15964
15992
16015
16046
16068
16090
16116
16140
16165
16192
16218
16242
16271
16295
16319
16346
16371
16401
16425
16456
16492
16527
16549
16573
16599
16624
16658
16684
16712
16741
16769
16793
16821
16850
16882
16913
16936
16967
16999
17031
17059
17090
17115
17139
17167
17201
17232
17261
17288
17316
17346
17372
17402
17429
17464
17489
17510
17537
17562
17597
17624
17650
17677
17698
17731
17762
17792
17818
17852
17884
17913
17935
17963
17995
18024
18049
18074
18102
18130
18153
18178
18211
18237
18268
18293
18318
18342
18378
18409
18428
18451
18474
18501
18539
18563
18590
18618
18643
18670
18695
18725
18754
18780
18806
18825
18856
18883
18907
18939
18967
18996
19029
19053
19080
19107
19130
19157
19182
19205
19228
19259
19287
19309
19333
19365
19395
19422
19452
19482
19512
19539
19564
19600
19631
19663
19689
19723
19757
19782
19808
19832
19858
19889
19913
19943
19963
19991
20015
20041
20067
20093
20121
20156
20180
20204
20227
20252
20271
20300
20330
20356
20388
20414
20446
20473
20494
20525
20552
20571
20601
20632
20658
20681
20714
20743
20779
20817
20840
20870
20903
20925
20951
20977
21005
21034
21059
21083
21117
21143
21172
21195
21225
21246
21273
21298
21326
21357
21387
21414
21444
21465
21490
21524
21556
21588
21616
21638
21664
21692
21719
21742
21762
21790
21820
21844
21876
21904
21935
21963
21993
22025
22054
22079
22097
22127
22149
22180
22209
22237
22269
22292
22316
22345
22371
22400
22424
22448
22474
22499
22531
22558
22583
22616
22646
22670
22697
22722
22744
22771
22799
22828
22856
22882
22912
22933
22962
22987
23011
23034
23061
23089
23120
23143
23177
23204
23234
23263
23289
23316
23338
23362
23389
23410
23431
23464
23484
23511
23536
23564
23592
23617
23644
23669
23703
23730
23760
23785
23808
23833
23861
23885
23915
23938
23958
23988
24011
24037
24065
24089
24109
24143
24173
24199
24222
24253
24288
24315
24340
24365
24389
24411
24433
24457
24486
24511
24542
24571
24600
24622
24654
24680
24705
24731
24752
24778
24804
24825
24854
24883
24911
24936
24961
24991
25012
25043
25065
25087
25120
25145
25171
25197
25223
25250
25277
25308
25334
25368
25399
25426
25454
25479
25510
25530
25559
25585
25608
25639
25666
25694
25719
25738
25757
25781
25808
25840
25871
25891
25918
25943
25964
25994
26021
26051
26072
26097
26122
26143
26169
26194
26225
26248
26272
26299
26320
26343
26370
26397
26421
26449
26478
26502
26536
26560
26584
26614
26638
26661
26681
26703
26725
26747
26772
26799
26823
26846
26871
26895
26914
26940
26960
26984
27005
27033
27060
27087
27108
27132
27157
27177
27199
27223
27249
27273
27292
27312
27335
27356
27382
27408
27428
27448
27483
27499
27523
27551
27576
27599
27627
27651
27679
27708
27732
27755
27777
27801
27827
27849
27873
27896
27935
27955
27985
28007
28030
28059
28082
28108
28134
28157
28184
28205
28233
28259
28289
28312
28335
28355
28386
28407
28435
28455
28480
28508
28532
28553
28571
28593
28617
28639
28670
28695
28718
28747
28775
28798
28827
28849
28873
28903
28930
28950
28971
29000
29027
29049
29083
29106
29127
29151
29177
29207
29229
29249
29273
29297
29329
29353
29373
29404
29428
29456
29483
29508
29537
29564
29588
29609
29632
29656
29680
29705
29724
29745
29773
29797
29821
29851
29872
29894
29921
29946
29969
29998
30027
30055
30084
30108
30130
30152
30180
30204
30227
30253
30286
30312
30336
30360
30385
30410
30432
30460
30486
30509
30533
30561
30587
30612
30636
30659
30692
30711
30737
30765
30787
30812
30835
30866
30890
30916
30943
30964
30985
31009
31031
31059
31087
31116
31139
31169
31198
31225
31247
31279
31303
31330
31357
31388
31414
31438
31462
31485
31509
31535
31559
31580
31604
31626
31646
31673
31691
31718
31743
31766
31792
31819
31839
31867
31891
31914
31938
31962
31983
32011
32031
32057
32081
32102
32123
32144
32171
32197
32228
32250
32275
32302
32324
32347
32372
32392
32415
32442
32463
32491
32514
32541
32567
32586
32611
32635
32661
32685
32709
32733
32761
32788
32809
32835
32858
32881
32910
32934
32954
32975
32995
33013
33041
33066
33098
33125
33156
33177
33203
33226
33255
33277
33302
33323
33353
33377
33402
33426
33447
33472
33501
33524
33552
33579
33608
33631
33649
33678
33711
33738
33757
33777
33804
33828
33851
33873
33899
33924
33943
33969
33993
34018
34040
34065
34092
34118
34145
34167
34189
34221
34245
34269
34297
34320
34342
34365
34388
34416
34441
34466
34491
34513
34547
34579
34600
34627
34650
34671
34692
34717
34741
34761
34786
34810
34840
34867
34894
34918
34942
34967
34996
35022
35047
35074
35099
35121
35139
35165
35190
35215
35238
35257
35275
35304
35326
35349
35373
35404
35427
35447
35475
35497
35520
35552
35573
35598
35622
35641
35673
35701
35730
35759
35786
35811
35836
35861
35887
35909
35936
35966
35989
36017
36039
36063
36089
36116
36139
36166
36183
36210
36237
36263
36292
36316
36344
36365
36391
36415
36439
36461
36486
36508
36538
36563
36588
36611
36635
36658
36681
36699
36727
36754
36775
36799
36819
36838
36863
36891
36910
36932
36962
36983
37008
37032
37058
37081
37107
37130
37149
37171
37194
37218
37246
37279
37297
37323
37351
37372
37392
37424
37447
37473
37491
37514
37538
37557
37585
37602
37630
37668
37690
37710
37737
37756
37779
37801
37828
37850
37878
37900
37923
37945
37969
38001
38032
38053
38073
38099
38128
38152
38178
38201
38222
38247
38268
38289
38316
38337
38357
38381
38406
38427
38451
38475
38500
38523
38550
38580
38605
38625
38648
38676
38699
38717
38737
38761
38784
38808
38833
38859
38888
38908
38939
38955
38987
39011
39034
39059
39081
39105
39124
39150
39171
39195
39217
39239
39263
39290
39310
39337
39367
39391
39410
39434
39456
39481
39508
39524
39554
39575
39599
39625
39651
39673
39694
39718
39742
39773
39796
39823
39848
39870
39899
39920
39947
39971
39995
40018
40043
40065
40092
40116
40141
40166
40185
40207
40229
40254
40277
40297
40323
40351
40377
40397
40416
40436
40459
40481
40502
40526
40550
40571
40596
40619
40644
40672
40697
40723
40750
40769
40798
40825
40847
40872
40894
40916
40945
40967
40986
41006
41029
41049
41069
41088
41109
41134
41152
41178
41201
41221
41245
41264
41285
41310
41333
41356
41382
41402
41425
41441
41475
41502
41523
41548
41567
41589
41607
41629
41655
41679
41707
41736
41758
41780
41805
41830
41852
41872
41897
41920
41946
41965
41989
42010
42034
42063
42088
42114
42136
42158
42176
42199
42225
42247
42273
42300
42324
42351
42376
42398
42418
42444
42469
42493
42516
42540
42565
42586
42608
42631
42652
42670
42691
42713
42740
42764
42783
42806
42828
42854
42883
42903
42925
42949
42975
42995
43018
43043
43065
43089
43108
43130
43149
43176
43205
43232
43252
43275
43299
43330
43350
43377
43397
43419
43440
43470
43498
43519
43543
43567
43591
43618
43648
43674
43696
43720
43743
43766
43788
43816
43839
43859
43882
43910
43929
43952
43979
44001
44022
44047
44073
44095
44120
44143
44166
44186
44210
44237
44265
44282
44304
44324
44349
44370
44393
44414
44430
44453
44477
44494
44516
44541
44570
44590
44619
44649
44670
44691
44713
44740
44766
44788
44807
44829
44851
44878
44903
44923
44945
44967
44990
45014
45034
45056
45081
45107
45129
45149
45170
45196
45215
45237
45262
45284
45312
45337
45357
45380
45410
45440
45465
45488
45512
45535
45557
45583
45603
45633
45657
45680
45699
45721
45745
45775
45797
45819
45841
45866
45887
45911
45932
45953
45974
45997
46025
46043
46070
46092
46120
46142
46165
46188
46211
46235
46257
46276
46296
46315
46344
46367
46397
46427
46454
46477
46495
46517
46547
46574
46607
46629
46655
46683
46709
46728
46760
46782
46802
46832
46861
46883
46908
46927
46947
46968
46998
47019
47048
47073
47099
47120
47138
47160
47181
47204
47226
47246
47275
47293
47313
47336
47356
47379
47403
47428
47449
47477
47496
47516
47536
47558
47580
47601
47623
47651
47674
47700
47723
47750
47776
47801
47825
47850
47871
47892
47911
47933
47954
47973
47996
48023
48049
48072
48092
48117
48137
48157
48181
48205
48229
48254
48272
48305
48328
48349
48370
48388
48409
48430
48449
48467
48489
48513
48541
48567
48591
48614
48641
48666
48689
48711
48737
48769
48793
48813
48835
48863
48892
48914
48940
48962
48982
49009
49034
49057
49075
49101
49119
49143
49170
49188
49206
49224
49248
49267
49289
49314
49336
49359
49382
49399
49418
49441
49470
49493
49512
49536
49554
49579
49596
49619
49641
49665
49688
49714
49739
49764
49785
49809
49825
49850
49874
49896
49918
49940
49961
49982
50004
50029
50052
50073
50093
50116
50139
50166
50187
50208
50232
50256
50281
50304
50327
50346
50370
50396
50418
50441
50464
50485
50506
50527
50547
50570
50593
50615
50634
50652
50671
50690
50714
50739
50765
50784
50806
50829
50856
50877
50899
50917
50944
50962
50983
51003
51026
51055
51081
51104
51125
51151
51179
51200
51220
51242
51266
51287
51313
51333
51353
51374
51400
51424
51447
51468
51487
51508
51531
51555
51577
51605
51627
51653
51675
51700
51727
51747
51769
51796
51817
51839
51862
51888
51909
51934
51955
51980
52002
52024
52042
52064
52086
52110
52128
52151
52172
52198
52221
52245
52267
52291
52314
52338
52359
52381
52405
52429
52448
52471
52494
52517
52540
52562
52583
52606
52627
52648
52674
52706
52729
52760
52779
52804
52827
52853
52875
52899
52919
52946
52976
53002
53029
53050
53070
53090
53108
53128
53148
53171
53198
53225
53245
53269
53287
53311
53334
53357
53381
53401
53428
53448
53475
53496
53519
53540
53561
53584
53609
53633
53656
53681
53700
53719
53741
53762
53780
53803
53830
53851
53873
53898
53924
53944
53976
54005
54030
54051
54072
54093
54112
54131
54150
54172
54191
54217
54237
54256
54281
54307
54328
54352
54378
54401
54423
54441
54462
54486
54508
54530
54555
54579
54598
54621
54642
54669
54689
54718
54737
54758
54784
54806
54825
54846
54870
54891
54916
54937
54960
54979
55005
55023
55042
55063
55084
55113
55133
55162
55185
55203
55223
55240
55269
55290
55308
55328
55346
55369
55396
55423
55446
55469
55495
55518
55535
55559
55584
55607
55627
55646
55678
55698
55720
55739
55765
55789
55809
55836
55860
55881
55903
55920
55941
55971
55987
56015
56036
56058
56077
56095
56119
56138
56161
56186
56205
56227
56248
56268
56288
56311
56330
56349
56374
56397
56412
56432
56449
56477
56502
56527
56549
56574
56599
56623
56642
56664
56684
56709
56727
56755
56779
56801
56823
56841
56864
56890
56913
56936
56962
56985
57005
57030
57056
57081
57099
57131
57155
57176
57197
57217
57242
57265
57291
57312
57335
57356
57378
57401
57424
57447
57467
57485
57507
57527
57548
57567
57592
57616
57643
57663
57687
57708
57727
57753
57774
57798
57820
57844
57865
57886
57905
57925
57950
57970
57993
58017
58036
58056
58078
58097
58122
58145
58163
58191
58214
58236
58252
58274
58296
58316
58338
58356
58379
58398
58418
58440
58463
58488
58507
58526
58552
58571
58590
58615
58640
58669
58694
58712
58740
58764
58791
58811
58835
58857
58879
58908
58930
58951
58971
58991
59011
59032
59055
59074
59098
59115
59133
59156
59175
59199
59218
59241
59259
59277
59298
59317
59337
59360
59380
59404
59422
59440
59462
59481
59499
59518
59542
59564
59587
59611
59628
59650
59676
59694
59715
59740
59759
59781
59802
59821
59841
59862
59878
59902
59927
59946
59965
59990
60008
60031
60052
60074
60096
60115
60133
60149
60167
60190
60208
60231
60255
60275
60295
60313
60334
60363
60383
60403
60422
60444
60467
60491
60512
60534
60552
60577
60598
60616
60638
60660
60681
60701
60725
60750
60766
60786
60809
60834
60856
60878
60901
60920
60945
60971
61001
61025
61044
61067
61087
61106
61129
61153
61180
61206
61230
61249
61270
61293
61312
61329
61352
61371
61392
61412
61430
61454
61476
61499
61518
61539
61564
61589
61610
61631
61654
61679
61700
61727
61756
61776
61792
61814
61839
61860
61882
61904
61926
61947
61974
61996
62020
62041
62065
62084
62103
62127
62149
62174
62199
62225
62244
62261
62282
62306
62333
62357
62379
62404
62427
62448
62468
62488
62514
62532
62554
62575
62600
62624
62645
62665
62682
62705
62728
62753
62776
62796
62813
62835
62856
62879
62898
62922
62940
62961
62983
63003
63026
63049
63073
63091
63113
63138
63161
63184
63208
63228
63253
63271
63296
63318
63339
63358
63378
63398
63422
63445
63467
63487
63506
63526
63545
63568
63589
63606
63623
63641
63669
63691
63713
63732
63753
63777
63797
63817
63839
63859
63879
63899
63925
63948
63968
63991
64010
64030
64059
64080
64103
64120
64146
64169
64189
64208
64232
64259
64283
64306
64334
64353
64374
64402
64426
64455
64477
64503
64529
64551
64573
64592
64610
64631
64657
64676
64699
64726
64748
64767
64785
64807
64827
64844
64863
64884
64907
64931
64949
64971
64992
65016
65040
65060
65085
65104
65126
65148
65167
65188
65209
65233
65258
65275
65300
65321
65341
65365
65390
65413
65431
65452
65481
65505
65524
65545
65568
65584
65607
65627
65646
65666
65686
65711
65729
65752
65771
65795
65816
65837
65862
65883
65906
65926
65946
65968
65989
66006
66025
66047
66067
66089
66113
66136
66161
66182
66206
66227
66245
66266
66286
66306
66329
66346
66364
66384
66403
66427
66448
66473
66493
66517
66537
66562
66580
66603
66624
66649
66669
66690
66711
66731
66757
66785
66804
66824
66846
66867
66889
66917
66936
66962
66982
67004
67032
67051
67068
67088
67110
67136
67157
67174
67195
67222
67242
67262
67289
67312
67333
67359
67375
67399
67421
67442
67460
67482
67505
67530
67558
67578
67596
67617
67644
67660
67680
67703
67726
67741
67760
67778
67802
67831
67851
67871
67897
67918
67938
67962
67982
68004
68023
68043
68063
68081
68104
68129
68149
68169
68189
68210
68233
68262
68283
68310
68330
68351
68371
68392
68411
68437
68460
68487
68507
68526
68548
68569
68591
68612
68632
68651
68676
68697
68719
68738
68760
68787
68806
68826
68850
68879
68899
68918
68941
68966
68988
69011
69029
69048
69072
69093
69116
69137
69158
69179
69201
69222
69246
69275
69300
69322
69343
69361
69380
69404
69428
69450
69473
69493
69514
69536
69558
69581
69608
69629
69652
69670
69688
69707
69733
69757
69786
69807
69834
69855
69876
69899
69919
69941
69960
69985
70007
70028
70050
70070
70093
70120
70142
70164
70190
70209
70232
70252
70273
70292
70313
70339
70359
70383
70406
70427
70444
70465
70489
70509
70533
70557
70580
70598
70614
70633
70650
70674
70692
70710
70734
70755
70777
70802
70826
70850
70872
70891
70912
70934
70957
70979
71001
71024
71044
71066
71090
71110
71128
71147
71168
71185
71207
71229
71250
71269
71290
71312
71340
71361
71383
71405
71433
71455
71475
71494
71511
71528
71551
71576
71601
71621
71636
71653
71672
71689
71711
71731
71754
71770
71791
71810
71829
71854
71877
71893
71911
71934
71957
71974
71999
72019
72035
72053
72074
72094
72114
72136
72157
72177
72202
72219
72238
72258
72282
72303
72323
72340
72365
72385
72405
72427
72448
72469
72491
72512
72535
72555
72577
72598
72619
72643
72668
72693
72719
72737
72757
72775
72796
72818
72839
72863
72888
72905
72927
72947
72965
72986
73010
73028
73048
73073
73096
73116
73134
73153
73171
73187
73208
73224
73245
73266
73287
73311
73332
73354
73377
73395
73417
73443
73465
73482
73502
73525
73550
73571
73591
73612
73636
73658
73681
73700
73725
73747
73771
73788
73812
73837
73861
73882
73906
73927
73948
73966
73986
74011
74030
74047
74069
74091
74113
74133
74155
74176
74199
74221
74244
74264
74289
74306
74327
74345
74369
74387
74408
74438
74458
74478
74498
74518
74536
74554
74576
74596
74615
74636
74655
74675
74696
74719
74744
74759
74780
74799
74820
74840
74865
74886
74904
74929
74948
74970
74995
75011
75033
75055
75077
75099
75125
75144
75163
75182
75206
75231
75250
75268
75288
75313
75336
75355
75379
75402
75424
75447
75467
75488
75509
75529
75551
75570
75589
75608
75628
75648
75666
75686
75705
75726
75746
75766
75785
75808
75834
75854
75873
75893
75914
75938
75959
75984
76003
76027
76050
76073
76092
76113
76132
76155
76182
76206
76225
76245
76267
76290
76308
76327
76348
76375
76396
76420
76440
76461
76480
76505
76527
76553
76577
76596
76619
76639
76662
76688
76713
76733
76757
76775
76794
76817
76836
76854
76873
76892
76908
76929
76952
76971
76990
77010
77031
77055
77079
77102
77127
77146
77170
77190
77213
77237
77258
77277
77301
77323
77350
77369
77391
77411
77432
77452
77472
77492
77512
77534
77551
77578
77597
77621
77645
77665
77687
77708
77727
77747
77767
77787
77806
77826
77847
77867
77885
77903
77926
77947
77967
77988
78006
78022
78040
78063
78081
78100
78119
78143
78163
78185
78209
78228
78251
78276
78293
78309
78331
78349
78372
78390
78412
78428
78448
78463
78486
78505
78523
78541
78562
78584
78605
78623
78643
78665
78683
78701
78725
78744
78761
78782
78799
78818
78835
78855
78874
78896
78919
78940
78960
78978
79002
79024
79042
79062
79086
79105
79122
79142
79164
79185
79209
79232
79253
79275
79297
79315
79334
79355
79373
79392
79414
79432
79454
79480
79505
79530
79552
79574
79597
79616
79635
79653
79672
79689
79711
79728
79747
79764
79781
79803
79826
79845
79863
79882
79910
79928
79948
79970
79991
80014
80037
80057
80084
80104
80124
80142
80165
80187
80205
80233
80251
80273
80292
80314
80336
80358
80388
80405
80425
80445
80462
80481
80498
80515
80540
80561
80577
80594
80615
80636
80655
80675
80697
80718
80734
80754
80776
80794
80814
80835
80855
80878
80900
80921
80942
80968
80988
81011
81028
81055
81077
81097
81119
81141
81161
81181
81202
81222
81241
81261
81282
81302
81323
81340
81361
81381
81403
81423
81444
81464
81483
81504
81524
81542
81563
81582
81602
81624
81649
81673
81696
81716
81733
81757
81777
81793
81812
81831
81849
81866
81883
81903
81923
81946
81971
81994
82019
82040
82069
82091
82109
82131
82154
82177
82201
82223
82240
82258
82283
82312
82331
82357
82378
82400
82422
82446
82471
82492
82515
82534
82556
82577
82597
82625
82646
82674
82693
82715
82736
82759
82781
82800
82819
82839
82858
82879
82904
82925
82943
82967
82986
83004
83025
83048
83072
83092
83116
83136
83158
83185
83207
83226
83247
83267
83291
83311
83333
83355
83377
83395
83418
83442
83465
83485
83510
83526
83545
83562
83583
83610
83635
83655
83676
83699
83719
83741
83760
83784
83800
83825
83850
83874
83895
83917
83935
83965
83989
84014
84037
84057
84083
84107
84129
84149
84173
84194
84217
84236
84258
84276
84295
84314
84340
84357
84381
84401
84427
84453
84472
84489
84512
84534
84557
84581
84600
84622
84646
84663
84685
84707
84728
84757
84782
84807
84825
84847
84865
84888
84914
84935
84956
84984
85003
85021
85041
85066
85085
85105
85124
85147
85169
85191
85214
85234
85256
85282
85306
85326
85345
85365
85393
85411
85430
85450
85473
85492
85512
85537
85559
85579
85601
85620
85646
85668
85690
85712
85735
85757
85781
85802
85822
85839
85859
85878
85902
85922
85943
85964
85991
86012
86035
86061
86081
86102
86123
86142
86160
86187
86208
86229
86258
86283
86309
86334
86354
86377
86397
86418
86440
86462
86486
86510
86532
86561
86586
86610
86634
86657
86681
86710
86731
86750
86771
86792
86817
86839
86862
86885
86908
86929
86951
86974
86993
87015
87042
87070
87095
87115
87140
87159
87177
87203
87223
87246
87274
87295
87318
87337
87361
87389
87412
87434
87463
87485
87507
87526
87548
87568
87590
87613
87638
87661
87686
87705
87726
87751
87775
87796
87822
87847
87871
87890
87914
87943
87969
87993
88013
88037
88061
88083
88107
88130
88152
88178
88201
88225
88246
88270
88292
88315
88338
88361
88387
88407
88433
88456
88473
88506
88527
88557
88580
88603
88631
88657
88680
88708
88734
88761
88789
88817
88845
88867
88888
88910
88936
88961
88984
89008
89031
89059
89089
89114
89136
89159
89180
89205
89224
89247
89275
89297
89322
89347
89370
89400
89422
89443
89472
89495
89518
89543
89566
89591
89617
89639
89663
89684
89706
89731
89752
89771
89791
89813
89834
89855
89878
89900
89921
89944
89970
89993
90019
90046
90067
90093
90116
90142
90164
90189
90213
90238
90264
90288
90311
90330
90358
90377
90397
90421
90445
90466
90485
90506
90533
90554
90579
90605
90627
90653
90675
90699
90719
90742
90770
90789
90810
90835
90859
90880
90912
90936
90959
90979
91005
91028
91047
91068
91092
91112
91137
91159
91178
91201
91221
91243
91268
91295
91317
91337
91363
91386
91412
91440
91469
91488
91513
91531
91555
91578
91606
91631
91657
91674
91693
91716
91745
91766
91789
91812
91831
91851
91872
91892
91917
91942
91964
91983
92006
92026
92051
92081
92107
92135
92161
92190
92217
92241
92266
92288
92311
92334
92357
92385
92411
92435
92456
92486
92509
92535
92561
92583
92606
92627
92651
92671
92695
92718
92740
92766
92786
92813
92841
92869
92896
92920
92943
92970
92997
93022
93044
93070
93094
93123
93147
93173
93195
93217
93241
93270
93292
93314
93333
93353
93372
93400
93422
93442
93465
93486
93510
93534
93567
93596
93623
93650
93673
93694
93722
93744
93766
93790
93812
93836
93863
93887
93909
93932
93954
93981
94011
94035
94056
94082
94101
94125
94151
94175
94198
94220
94238
94259
94292
94313
94342
94372
94398
94430
94456
94479
94503
94525
94549
94573
94597
94616
94638
94659
94682
94700
94728
94753
94771
94792
94812
94838
94859
94887
94910
94935
94957
94982
95002
95027
95054
95074
95098
95119
95145
95172
95198
95221
95243
95270
95299
95331
95356
95380
95403
95426
95453
95477
95504
95534
95560
95584
95611
95633
95656
95679
95703
95727
95750
95774
95796
95818
95842
95869
95895
95923
95955
95979
96004
96030
96058
96085
96111
96133
96154
96176
96203
96225
96248
96270
96295
96323
96347
96368
96388
96419
96438
96465
96492
96514
96536
96554
96582
96609
96632
96657
96678
96707
96730
96752
96779
96798
96821
96847
96871
96890
96920
96949
96969
96997
97024
97045
97074
97094
97114
97134
97155
97175
97202
97227
97250
97269
97299
97328
97352
97379
97404
97428
97449
97474
97500
97525
97546
97571
97594
97616
97637
97657
97680
97702
97722
97746
97769
97793
97815
97840
97866
97892
97914
97943
97969
97998
98026
98045
98072
98096
98119
98147
98167
98191
98221
98244
98265
98298
98325
98351
98378
98399
98434
98461
98481
98506
98525
98544
98567
98589
98615
98636
98662
98684
98702
98726
98755
98783
98801
98821
98846
98869
98892
98919
98941
98968
98989
99021
99047
99065
99088
99112
99135
99161
99187
99214
99236
99259
99286
99312
99331
99359
99383
99409
99433
99461
99484
99511
99536
99556
99582
99610
99631
99659
99683
99711
99738
99759
99783
99806
99830
99853
99874
99897
99919
99942
99965
99989
100013
100041
100062
100084
100111
100139
100164
100186
100207
100224
100247
100270
100299
100322
100346
100368
100395
100425
100451
100471
100498
100522
100539
100564
100589
100609
100637
100659
100682
100711
100736
100760
100785
100806
100830
100849
100872
100892
100921
100940
100962
100993
101020
101041
101062
101087
101123
101144
101167
101190
101212
101234
101253
101283
101305
101326
101346
101367
101389
101418
101441
101466
101488
101513
101536
101563
101597
101618
101639
101665
101690
101719
101746
101771
101793
101814
101835
101856
101880
101904
101925
101953
101978
102005
102032
102060
102083
102100
102120
102145
102169
102190
102212
102233
102257
102281
102306
102326
102349
102370
102396
102417
102442
102463
102490
102519
102547
102570
102595
102620
102647
102665
102685
102709
102734
102757
102781
102807
102829
102856
102883
102904
102930
102950
102978
103001
103032
103058
103085
103108
103127
103155
103180
103199
103225
103246
103269
103293
103315
103337
103361
103387
103408
103438
103462
103486
103510
103539
103564
103581
103609
103630
103649
103670
103689
103713
103737
103763
103787
103815
103836
103861
103887
103910
103939
103962
103988
104009
104036
104060
104083
104107
104134
104159
104186
104208
104229
104249
104272
104291
104317
104340
104370
104390
104415
104442
104467
104500
104518
104546
104576
104604
104634
104661
104681
104703
104724
104748
104772
104796
104824
104847
104871
104895
104919
104940
104966
104991
105010
105035
105060
105088
105109
105131
105152
105173
105197
105221
105244
105276
105308
105333
105361
105390
105415
105446
105470
105501
105527
105554
105576
105601
105624
105650
105676
105707
105735
105763
105787
105814
105840
105866
105892
105921
105947
105968
105994
106021
106048
106074
106103
106131
106161
106186
106212
106238
106261
106286
106311
106333
106356
106381
106409
106440
106474
106501
106520
106545
106571
106600
106627
106646
106668
106692
106721
106746
106770
106800
106825
106855
106886
106910
106933
106953
106981
107004
107035
107068
107102
107127
107155
107189
107216
107241
107275
107299
107321
107345
107378
107400
107425
107451
107478
107503
107528
107557
107585
107611
107645
107669
107696
107727
107758
107776
107800
107833
107868
107894
107925
107946
107975
108006
108029
108061
108090
108123
108153
108180
108201
108231
108261
108287
108309
108340
108376
108401
108424
108448
108470
108496
108523
108547
108575
108606
108634
108655
108683
108711
108734
108760
108788
108815
108839
108868
108891
108916
108938
108962
108985
109011
109047
109071
109100
109127
109154
109171
109196
109217
109238
109262
109286
109317
109340
109366
109398
109429
109461
109490
109519
109544
109569
109591
109621
109648
109672
109701
109729
109750
109769
109804
109832
109858
109885
109911
109942
109970
109997
110021
110046
110075
110105
110133
110161
110189
110216
110241
110268
110293
110320
110343
110380
110406
110434
110464
110491
110518
110540
110568
110596
110623
110649
110672
110699
110731
110760
110787
110813
110832
110854
110875
110901
110921
110949
110977
111011
111040
111066
111093
111117
111146
111166
111190
111216
111245
111276
111298
111324
111352
111381
111410
111438
111461
111486
111516
111550
111575
111602
111632
111657
111683
111713
111737
111764
111793
111814
111845
111872
111896
111925
111946
111970
111993
112021
112043
112065
112090
112115
112139
112166
112191
112224
112254
112281
112309
112335
112362
112384
112409
112444
112476
112502
112525
112551
112575
112598
112627
112650
112678
112708
112736
112758
112779
112808
112828
112860
112886
112915
112934
112962
112987
113015
113044
113074
113095
113119
113148
113174
113201
113225
113251
113275
113308
113331
113359
113386
113414
113440
113462
113488
113515
113544
113570
113596
113624
113656
113683
113709
113727
113755
113783
113809
113834
113859
113881
113902
113926
113953
113971
114000
114029
114055
114085
114105
114138
114165
114193
114223
114253
114281
114307
114329
114352
114383
114406
114435
114467
114485
114508
114531
114553
114581
114617
114639
114662
114682
114712
114734
114762
114783
114811
114834
114862
114886
114914
114944
114963
114986
115013
115038
115063
115092
115119
115146
115170
115189
115216
115236
115272
115295
115327
115354
115382
115413
115448
115474
115501
115525
115549
115575
115603
115630
115662
115688
115713
115742
115762
115793
115814
115843
115875
115899
115923
115945
115973
116002
116029
116060
116085
116110
116142
116170
116196
116224
116251
116274
116301
116325
116351
116378
116402
116434
116459
116482
116502
116528
116558
116585
116614
116637
116665
116694
116715
116737
116762
116793
116813
116837
116867
116897
116924
116955
116977
117004
117027
117054
117075
117101
117131
117157
117183
117214
117237
117258
117283
117310
117338
117363
117390
117420
117444
117466
117493
117518
117543
117569
117599
117624
117647
117676
117704
117729
117749
117779
117809
117833
117860
117884
117906
117936
117966
117991
118016
118045
118064
118091
118114
118134
118165
118187
118212
118234
118261
118285
118311
118329
118357
118380
118406
118434
118465
118495
118523
118545
118567
118595
118619
118649
118675
118698
118724
118754
118776
118802
118830
118860
118887
118909
118937
118956
118988
119009
119031
119056
119080
119104
119136
119162
119182
119207
119236
119259
119286
119314
119341
119369
119394
119415
119441
119463
119488
119514
119539
119561
119586
119610
119638
119660
119682
119702
119733
119758
119778
119808
119842
119870
119890
119916
119945
119968
119999
120026
120047
120073
120099
120125
120158
120191
120217
120250
120276
120297
120321
120345
120370
120399
120433
120461
120491
120512
120534
120564
120589
120611
120640
120657
120679
120700
120720
120741
120771
120798
120823
120849
120871
120898
120924
120950
120977
121003
121028
121052
121083
121107
121135
121158
121186
121212
121240
121265
121290
121319
121344
121366
121390
121416
121446
121470
121494
121518
121540
121569
121592
121616
121641
121666
121688
121713
121734
121766
121799
121823
121847
121873
121900
121930
121955
121979
122005
122028
122054
122081
122099
122128
122152
122174
122198
122222
122247
122271
122303
122327
122353
122374
122397
122426
122448
122474
122497
122519
122541
122567
122589
122605
122630
122652
122676
122704
122732
122756
122778
122799
122824
122853
122878
122904
122927
122950
122977
123005
123030
123053
123078
123103
123133
123155
123183
123206
123232
123259
123287
123313
123338
123360
123381
123413
123438
123469
123501
123520
123549
123569
123597
123624
123648
123675
123701
123726
123756
123787
123812
123835
123863
123886
123910
123939
123962
123987
124014
124038
124062
124090
124112
124139
124165
124197
124226
124257
124285
124314
124337
124365
124390
124411
124437
124458
124485
124516
124540
124566
124583
124606
124632
124655
124680
124708
124730
124756
124787
124814
124839
124864
124890
124915
124939
124965
124988
125017
125047
125074
125101
125120
125141
125168
125193
125222
125249
125274
125300
125327
125350
125378
125408
125434
125460
125485
125511
125540
125559
125580
125611
125634
125659
125686
125708
125735
125762
125782
125814
125829
125858
125885
125912
125936
125961
125983
126007
126036
126062
126091
126112
126134
126163
126184
126205
126232
126260
126286
126314
126335
126361
126382
126410
126433
126458
126483
126513
126537
126560
126582
126606
126632
126661
126683
126708
126730
126756
126778
126801
126823
126845
126871
126902
126921
126951
126978
127000
127024
127050
127081
127103
127131
127152
127179
127206
127235
127256
127281
127299
127321
127347
127367
127398
127420
127447
127473
127500
127519
127547
127568
127593
127611
127635
127662
127688
127710
127737
127767
127790
127815
127839
127871
127896
127922
127948
127973
127999
128024
128052
128074
128095
128125
128153
128180
128210
128234
128254
128281
128313
128338
128364
128390
128416
128442
128463
128490
128522
128557
128582
128605
128628
128656
128686
128714
128749
128777
128805
128828
128853
128876
128898
128929
128958
128982
129007
129038
129068
129090
129116
129137
129164
129190
129215
129236
129258
129284
129305
129333
129363
129386
129418
129446
129469
129496
129522
129547
129572
129597
129622
129650
129672
129701
129733
129755
129778
129807
129835
129860
129893
129918
129948
129974
130002
130032
130058
130079
130101
130131
130157
130181
130204
130234
130259
130287
130319
130339
130363
130384
130409
130434
130460
130488
130513
130541
130569
130596
130618
130642
130672
130701
130726
130759
130790
130818
130848
130874
130903
130924
130948
130978
131004
131026
131049
131073
131105
131131
131156
131178
131197
131225
131252
131278
131299
131321
131341
131362
131392
131422
131455
131484
131511
131540
131567
131592
131615
131641
131666
131694
131720
131738
131759
131780
131808
131831
131857
131878
131900
131925
131945
131974
132000
132027
132054
132077
132100
132123
132152
132182
132212
132242
132274
132293
132320
132346
132368
132396
132424
132452
132478
132496
132528
132554
132584
132604
132631
132664
132687
132713
132735
132764
132789
132813
132835
132861
132889
132915
132940
132966
132992
133023
133049
133072
133097
133119
133144
133170
133194
133213
133237
133264
133291
133318
133343
133372
133395
133416
133438
133462
133490
133515
133541
133569
133596
133618
133646
133674
133695
133718
133742
133774
133802
133834
133864
133896
133924
133949
133979
134005
134034
134058
134090
134119
134148
134173
134200
134230
134247
134274
134302
134323
134345
134373
134398
134426
134453
134479
134506
134533
134564
134591
134618
134645
134667
134696
134722
134748
134766
134790
134814
134849
134873
134898
134928
134956
134985
135013
135039
135062
135092
135120
135146
135168
135193
135227
135255
135277
135298
135325
135352
135374
135399
135430
135453
135482
135510
135542
135573
135593
135620
135642
135676
135707
135734
135758
135781
135813
135843
135864
135896
135920
135949
135980
136010
136034
136051
136072
136095
136119
136147
136173
136200
136224
136245
136276
136300
136329
136361
136389
136425
136454
136477
136504
136536
136563
136587
136616
136647
136672
136696
136721
136746
136780
136809
136835
136853
136875
136900
136934
136961
136985
137012
137037
137061
137091
137118
137139
137169
137198
137223
137247
137273
137296
137322
137346
137366
137391
137423
137448
137470
137496
137522
137548
137580
137602
137627
137653
137682
137708
137730
137755
137784
137808
137838
137859
137886
137916
137947
137970
137989
138012
138039
138065
138084
138115
138139
138160
138189
138218
138244
138267
138295
138322
138348
138373
138403
138434
138459
138479
138496
138518
138541
138568
138590
138617
138646
138666
138697
138719
138747
138774
138796
138817
138846
138875
138897
138925
138947
138969
138996
139022
139046
139070
139096
139126
139155
139177
139206
139233
139255
139284
139311
139339
139364
139392
139411
139439
139468
139494
139522
139546
139569
139600
139627
139651
139674
139696
139718
139739
139762
139785
139810
139835
139863
139889
139919
139944
139970
139998
140022
140050
140078
140108
140132
140161
140193
140214
140238
140271
140292
140321
140350
140376
140402
140429
140454
140482
140514
140539
140573
140596
140629
140655
140677
140707
140731
140759
140789
140811
140831
140855
140887
140913
140944
140971
141003
141028
141059
141087
141116
141140
141168
141193
141222
141250
141276
141305
141337
141364
141392
141414
141442
141466
141492
141515
141543
141574
141598
141625
141654
141675
141699
141726
141753
141782
141807
141834
141854
141881
141904
141921
141951
141982
142011
142040
142066
142096
142124
142147
142173
142194
142223
142248
142280
142304
142327
142353
142382
142405
142437
142464
142487
142510
142536
142557
142584
142613
142638
142664
142691
142718
142749
142768
142795
142822
142838
142864
142888
142913
142943
142972
143002
143030
143059
143087
143111
143135
143162
143190
143217
143240
143267
143289
143315
143344
143369
143394
143422
143442
143465
143489
143516
143533
143559
143583
143607
143631
143654
143684
143704
143731
143757
143780
143811
143835
143863
143888
143913
143935
143963
143988
144018
144045
144069
144093
144117
144141
144166
144197
144219
144247
144274
144299
144329
144357
144380
144404
144430
144456
144478
144504
144526
144563
144588
144611
144639
144661
144684
144710
144736
144761
144789
144822
144852
144876
144902
144926
144957
144979
145004
145033
145061
145089
145114
145140
145166
145191
145223
145250
145279
145305
145331
145357
145377
145400
145425
145454
145484
145512
145541
145565
145596
145617
145643
145666
145689
145713
145739
145768
145792
145816
145840
145865
145897
145926
145945
145972
146001
146026
146052
146081
146104
146132
146160
146183
146213
146237
146264
146288
146314
146341
146368
146395
146419
146442
146466
146497
146524
146552
146576
146605
146630
146655
146684
146706
146729
146761
146785
146808
146832
146859
146884
146915
146944
146972
146995
147025
147051
147078
147103
147131
147159
147183
147206
147232
147262
147289
147315
147346
147380
147407
147431
147466
147496
147527
147551
147578
147604
147631
147660
147687
147717
147745
147766
147791
147813
147842
147864
147886
147910
147931
147962
147989
148016
148039
148067
148094
148119
148144
148171
148197
148226
148248
148272
148305
148332
148356
148384
148409
148441
148472
148501
148525
148550
148576
148606
148632
148668
148692
148721
148744
148776
148807
148834
148855
148887
148918
148945
148971
148992
149021
149050
149072
149106
149131
149154
149177
149202
149222
149254
149288
149321
149350
149384
149408
149439
149468
149505
149535
149566
149597
149624
149649
149672
149697
149724
149748
149775
149806
149835
149868
149894
149916
149943
149971
149996
150018
150046
150079
150108
150139
150163
150187
150215
150253
150282
150307
150333
150358
150384
150411
150439
150470
150501
150529
150559
150582
150609
150635
150668
150701
150731
150762
150791
150820
150851
150877
150909
150933
150962
150998
151028
151052
151080
151107
151135
151168
151193
151220
151243
151269
151299
151335
151361
151389
151424
151452
151473
151503
151536
151564
151594
151624
151652
151678
151703
151725
151753
151786
151810
151842
151864
151888
151919
151943
151967
151988
152019
152046
152080
152109
152134
152153
152179
152212
152238
152260
152288
152314
152340
152368
152392
152422
152444
152478
152515
152543
152574
152603
152635
152663
152693
152717
152749
152778
152804
152832
152857
152884
152919
152948
152982
153008
153037
153062
153091
153116
153149
153177
153205
153235
153262
153292
153316
153338
153364
153390
153419
153445
153472
153498
153524
153549
153574
153603
153629
153658
153686
153712
153749
153779
153802
153826
153855
153885
153906
153928
153960
153986
154010
154043
154073
154103
154124
154153
154181
154211
154243
154274
154304
154327
154356
154386
154416
154453
154479
154505
154529
154556
154584
154612
154645
154668
154692
154717
154754
154784
154807
154826
154850
154877
154897
154929
154960
154990
155023
155054
155084
155116
155142
155167
155197
155230
155255
155288
155312
155337
155363
155392
155424
155452
155479
155513
155537
155567
155598
155620
155653
155682
155716
155748
155779
155806
155826
155849
155880
155905
155931
155962
155992
156020
156054
156086
156119
156144
156177
156208
156233
156269
156296
156323
156343
156370
156403
156432
156461
156484
156515
156541
156567
156591
156622
156647
156666
156692
156718
156752
156778
156806
156838
156864
156889
156916
156945
156979
157008
157039
157063
157085
157111
157142
157176
157205
157229
157255
157283
157305
157331
157356
157383
157412
157440
157471
157494
157523
157546
157572
157607
157629
157659
157684
157707
157734
157767
157794
157817
157845
157872
157904
157936
157970
157999
158024
158057
158086
158113
158146
158177
158207
158232
158264
158289
158318
158341
158370
158400
158427
158448
158480
158508
158531
158564
158584
158615
158640
158668
158702
158734
158769
158796
158827
158857
158888
158922
158944
158975
159006
159034
159054
159082
159110
159136
159157
159187
159211
159237
159264
159297
159321
159346
159375
159406
159430
159463
159495
159524
159550
159578
159604
159630
159658
159685
159712
159734
159764
159800
159826
159854
159886
159915
159944
159967
159997
160027
160058
160087
160119
160144
160165
160189
160218
160242
160260
160291
160315
160343
160373
160399
160431
160460
160488
160520
160545
160576
160600
160630
160662
160688
160712
160748
160778
160804
160827
160856
160887
160922
160956
160987
161020
161045
161066
161093
161119
161144
161173
161211
161245
161275
161304
161330
161357
161386
161418
161447
161474
161503
161530
161557
161581
161611
161639
161668
161692
161722
161751
161784
161815
161845
161878
161909
161937
161965
161993
162020
162053
162086
162118
162154
162183
162212
162240
162276
162305
162340
162368
162394
162430
162459
162490
162513
162549
162582
162606
162631
162660
162685
162716
162746
162771
162797
162825
162863
162891
162917
162947
162978
163007
163039
163068
163094
163127
163164
163194
163226
163251
163285
163305
163339
163368
163404
163436
163466
163494
163523
163553
163584
163616
163636
163665
163700
163725
163751
163775
163810
163847
163873
163907
163936
163969
163999
164025
164051
164072
164105
164135
164161
164187
164209
164243
164276
164309
164330
164365
164395
164419
164455
164485
164515
164543
164567
164592
164624
164659
164684
164709
164734
164756
164788
164820
164848
164878
164908
164941
164965
164997
165025
165051
165074
165102
165126
165148
165178
165213
165247
165273
165307
165339
165372
165405
165433
165468
165502
165529
165560
165590
165624
165651
165675
165700
165731
165756
165784
165819
165845
165876
165906
165940
165972
166002
166033
166061
166096
166130
166162
166193
166226
166253
166281
166305
166325
166356
166389
166423
166452
166483
166505
166538
166562
166590
166615
166641
166669
166704
166733
166768
166796
166825
166854
166883
166905
166940
166966
166988
167019
167053
167087
167118
167150
167185
167216
167239
167265
167290
167320
167351
167381
167415
167441
167467
167495
167527
167561
167588
167616
167650
167675
167702
167730
167764
167791
167820
167855
167889
167916
167953
167982
168007
168043
168077
168102
168134
168159
168185
168213
168249
168278
168313
168345
168374
168407
168439
168467
168492
168521
168541
168574
168605
168635
168668
168698
168724
168757
168789
168816
168850
168873
168896
168933
168968
168995
169028
169063
169097
169122
169157
169191
169222
169247
169281
169317
169353
169381
169405
169427
169460
169492
169524
169558
169595
169621
169653
169683
169706
169737
169761
169786
169814
169848
169878
169901
169931
169963
169991
170011
170042
170078
170111
170137
170165
170196
170219
170241
170269
170297
170339
170367
170400
170434
170457
170491
170523
170552
170589
170627
170656
170692
170724
170757
170788
170820
170853
170890
170921
170953
170981
171006
171032
171058
171089
171115
171139
171165
171192
171223
171253
171286
171316
171347
171384
171415
171444
171474
171509
171537
171566
171600
171628
171652
171683
171713
171741
171780
171812
171848
171875
171908
171939
171969
171992
172025
172057
172083
172112
172141
172181
172214
172248
172283
172309
172341
172376
172405
172433
172463
172495
172532
172564
172597
172629
172667
172699
172730
172760
172794
172825
172844
172876
172908
172929
172964
172998
173022
173052
173086
173109
173145
173181
173214
173241
173269
173299
173333
173359
173384
173413
173440
173477
173500
173527
173564
173596
173629
173665
173694
173722
173755
173785
173812
173844
173869
173897
173930
173959
173997
174027
174061
174092
174122
174160
174191
174221
174249
174275
174306
174332
174366
174397
174424
174447
174476
174501
174528
174552
174584
174618
174657
174677
174706
174735
174763
174801
174829
174860
174890
174916
174941
174971
175011
175036
175058
175088
175124
175154
175185
175213
175242
175276
175313
175336
175371
175402
175425
175455
175481
175505
175537
175562
175594
175626
175650
175685
175715
175745
175776
175803
175836
175862
175888
175920
175952
175985
176013
176046
176084
176114
176144
176174
176200
176236
176267
176298
176326
176358
176388
176422
176449
176480
176509
176545
176580
176615
176646
176680
176712
176739
176774
176800
176829
176863
176901
176932
176962
176989
177014
177047
177074
177108
177138
177164
177194
177220
177248
177272
177305
177328
177365
177391
177422
177448
177481
177516
177545
177573
177607
177639
177667
177690
177716
177738
177769
177803
177842
177865
177893
177927
177958
177989
178013
178047
178073
178107
178139
178174
178199
178231
178265
178296
178326
178361
178391
178424
178457
178483
178511
178544
178567
178603
178636
178668
178702
178729
178762
178790
178822
178856
178891
178923
178957
178983
179011
179042
179069
179096
179124
179150
179184
179216
179246
179276
179306
179342
179377
179406
179445
179469
179502
179530
179561
179591
179624
179655
179676
179707
179738
179777
179813
179839
179877
179904
179933
179970
179995
180030
180065
180099
180125
180157
180186
180216
180246
180271
180299
180337
180368
180393
180426
180456
180488
180517
180543
180574
180605
180635
180666
180689
180717
180748
180780
180804
180833
180864
180900
180934
180965
180997
181024
181052
181086
181120
181142
181174
181201
181229
181253
181283
181314
181339
181369
181398
181428
181463
181493
181527
181552
181582
181613
181648
181670
181701
181735
181767
181798
181821
181849
181885
181917
181944
181975
182005
182037
182077
182106
182128
182161
182197
182226
182258
182288
182322
182358
182390
182421
182451
182473
182507
182542
182564
182592
182618
182642
182667
182695
182727
182756
182788
182812
182838
182866
182894
182928
182961
182991
183019
183049
183082
183109
183137
183169
183193
183222
183252
183283
183315
183341
183369
183397
183425
183457
183492
183519
183547
183576
183613
183642
183672
183698
183732
183762
183790
183813
183843
183874
183900
183929
183959
183990
184021
184046
184078
184111
184133
184169
184197
184232
184261
184292
184327
184358
184388
184414
184442
184469
184494
184530
184558
184589
184618
184649
184675
184706
184729
184759
184788
184818
184848
184884
184908
184942
184975
184998
185024
185055
185088
185109
185137
185165
185193
185227
185255
185290
185316
185346
185369
185394
185427
185451
185488
185524
185552
185584
185619
185645
185674
185704
185730
185764
185789
185813
185841
185870
185909
185944
185972
185993
186019
186056
186083
186106
186132
186163
186199
186232
186264
186297
186327
186353
186387
186418
186447
186478
186513
186540
186565
186599
186633
186655
186682
186706
186741
186773
186796
186829
186852
186885
186917
186950
186987
187017
187051
187082
187114
187152
187187
187208
187238
187270
187294
187332
187357
187381
187414
187447
187473
187498
187526
187555
187591
187628
187658
187690
187723
187759
187789
187818
187839
187872
187905
187940
187979
188006
188036
188072
188103
188133
188165
188195
188218
188246
188280
188304
188342
188367
188396
188418
188446
188471
188502
188537
188567
188600
188624
188646
188678
188711
188742
188769
188800
188828
188866
188900
188925
188946
188979
189004
189034
189057
189090
189118
189147
189180
189213
189238
189274
189302
189337
189371
189399
189434
189459
189487
189518
189546
189585
189616
189651
189677
189705
189731
189758
189792
189821
189844
189875
189903
189935
189962
189991
190023
190061
190090
190123
190155
190185
190211
190239
190270
190299
190322
190348
190375
190405
190439
190470
190500
190527
190563
190591
190613
190641
190673
190702
190736
190764
190790
190818
190847
190876
190907
190938
190972
191004
191032
191060
191085
191114
191140
191170
191198
191228
191259
191298
191329
191360
191393
191417
191452
191483
191509
191539
191568
191598
191634
191661
191699
191728
191757
191782
191812
191832
191862
191891
191927
191959
191983
192019
192051
192085
192110
192146
192181
192217
192256
192281
192309
192343
192365
192391
192415
192450
192479
192513
192539
192559
192596
192622
192657
192691
192716
192755
192787
192817
192848
192885
192911
192946
192977
193012
193044
193071
193096
193130
193161
193186
193219
193251
193281
193313
193340
193370
193402
193433
193459
193492
193515
193543
193567
193600
193634
193658
193683
193716
193744
193775
193807
193835
193869
193906
193938
193966
193996
194024
194059
194088
194123
194153
194184
194211
194236
194265
194303
194344
194370
194403
194439
194476
194503
194533
194556
194589
194619
194650
194677
194705
194732
194762
194801
194838
194870
194898
194923
194956
194982
195015
195051
195078
195106
195129
195154
195180
195212
195236
195269
195292
195326
195358
195380
195410
195440
195471
195505
195538
195562
195590
195618
195648
195678
195711
195745
195778
195816
195844
195874
195907
195933
195965
195988
196014
196043
196080
196116
196151
196189
196218
196249
196285
196319
196351
196387
196417
196447
196477
196505
196528
196565
196599
196629
196665
196694
196723
196749
196783
196813
196839
196866
196898
196926
196955
196978
197013
197039
197070
197095
197117
197149
197182
197212
197238
197269
197303
197337
197365
197392
197424
197462
197492
197520
197554
197578
197613
197638
197667
197689
197720
197750
197788
197812
197840
197874
197902
197936
197964
197987
198014
198044
198072
198099
198135
198168
198195
198222
198252
198282
198313
198343
198374
198405
198432
198459
198491
198521
198546
198580
198614
198640
198674
198705
198728
198757
198786
198819
198850
198884
198916
198952
198982
199012
199038
199069
199092
199125
199155
199195
199225
199252
199280
199307
199342
199376
199413
199448
199478
199513
199548
199574
199612
199636
199665
199693
199717
199739
199781
199816
199848
199884
199919
199948
199984
200006
200036
200070
200101
200137
200166
200201
200232
200261
200294
200328
200365
200392
200429
200459
200491
200519
200558
200592
200619
200650
200681
200706
200734
200763
200789
200817
200842
200869
200895
200923
200958
200989
201017
201047
201077
201108
201140
201169
201203
201237
201261
201291
201318
201347
201376
201410
201446
201481
201506
201530
201563
201589
201619
201648
201673
201709
201733
201763
201800
201832
201859
201893
201930
201957
201990
202022
202049
202084
202113
202149
202170
202203
202234
202266
202297
202329
202359
202385
202414
202445
202479
202510
202548
202576
202610
202643
202669
202701
202725
202759
202790
202825
202849
202875
202904
202932
202960
202993
203021
203047
203076
203104
203138
203166
203192
203224
203249
203278
203309
203344
203374
203406
203439
203475
203499
203530
203564
203595
203626
203662
203699
203725
203751
203786
203823
203853
203883
203917
203945
203974
204008
204040
204066
204093
204121
204152
204183
204213
204250
204282
204308
204340
204371
204406
204437
204473
204504
204533
204568
204606
204633
204667
204703
204729
204758
204783
204818
204855
204890
204925
204958
204985
205017
205047
205076
205110
205144
205172
205200
205232
205265
205294
205325
205357
205379
205410
205444
205475
205510
205547
205583
205621
205659
205686
205724
205757
205790
205818
205846
205880
205912
205942
205972
206000
206027
206057
206087
206119
206150
206181
206216
206247
206275
206301
206334
206369
206394
206424
206457
206489
206520
206556
206581
206611
206632
206663
206684
206720
206742
206776
206811
206849
206875
206908
206938
206970
206999
207032
207061
207087
207114
207147
207168
207194
207221
207251
207274
207308
207336
207364
207390
207422
207449
207475
207508
207536
207565
207588
207616
207645
207677
207708
207740
207767
207794
207825
207854
207879
207905
207933
207955
207979
208016
208048
208081
208110
208141
208167
208202
208231
208255
208286
208317
208350
208379
208410
208444
208473
208502
208532
208563
208596
208630
208660
208696
208730
208760
208791
208820
208852
208878
208913
208936
208964
208991
209018
209046
209074
209102
209130
209157
209184
209217
209249
209282
209317
209340
209370
209400
209430
209453
209480
209513
209544
209575
209605
209634
209665
209694
209728
209758
209783
209805
209841
209873
209902
209936
209966
209989
210012
210050
210082
210109
210134
210162
210199
210238
210275
210301
210329
210368
210404
210431
210462
210490
210521
210553
210584
210611
210647
210671
210706
210733
210768
210801
210829
210860
210896
210932
210965
210994
211024
211054
211081
211106
211143
211175
211208
211240
211268
211303
211337
211370
211397
211430
211460
211496
211522
211554
211578
211614
211648
211679
211705
211726
211754
211787
211818
211846
211883
211909
211945
211977
211997
212034
212071
212103
212131
212165
212194
212218
212253
212283
212316
212349
212380
212415
212438
212468
212495
212534
212558
212597
212625
212649
212682
212712
212748
212780
212809
212833
212861
212892
212928
212961
212999
213031
213064
213090
213115
213148
213168
213196
213232
213256
213280
213304
213336
213369
213403
213431
213463
213489
213526
213556
213586
213613
213639
213671
213703
213728
213759
213790
213823
213860
213888
213912
213951
213979
214017
214046
214073
214102
214134
214162
214192
214226
214263
214291
214319
214349
214378
214410
214445
214472
214503
214529
214561
214588
214628
214664
214699
214726
214753
214785
214818
214841
214874
214911
214938
214971
214999
215026
215054
215090
215113
215145
215175
215206
215236
215270
215294
215324
215359
215396
215429
215465
215498
215529
215560
215588
215619
215657
215683
215718
215746
215767
215795
215829
215860
215888
215916
215947
215976
216007
216043
216075
216107
216136
216166
216189
216219
216252
216284
216319
216350
216382
216415
216448
216481
216514
216548
216579
216604
216634
216667
216703
216730
216767
216794
216821
216857
216889
216908
216943
216974
217009
217049
217075
217095
217133
217169
217193
217222
217253
217282
217314
217343
217370
217397
217424
217454
217485
217520
217554
217584
217609
217637
217662
217693
217725
217750
217774
217802
217843
217871
217896
217921
217953
217983
218011
218039
218066
218095
218126
218165
218198
218221
218250
218280
218309
218338
218374
218407
218432
218460
218487
218516
218552
218585
218617
218649
218682
218708
218737
218768
218797
218819
218843
218873
218899
218928
218955
218983
219006
219030
219063
219101
219125
219157
219184
219215
219252
219285
219316
219345
219381
219409
219432
219467
219494
219531
219567
219601
219638
219667
219696
219724
219748
219777
219808
219836
219860
219895
219925
219953
219981
220015
220043
220079
220115
220142
220170
220196
220225
220254
220280
220316
220338
220371
220404
220435
220470
220491
220520
220553
220583
220615
220643
220671
220704
220732
220763
220803
220836
220866
220898
220933
220961
220988
221010
221044
221071
221100
221135
221163
221197
221227
221264
221293
221322
221348
221378
221408
221441
221471
221503
221534
221562
221602
221634
221667
221691
221717
221754
221782
221813
221849
221885
221924
221950
221984
222012
222041
222070
222100
222131
222167
222195
222225
222256
222291
222324
222357
222389
222415
222446
222478
222511
222539
222568
222604
222638
222673
222703
222739
222779
222813
222833
222867
222891
222928
222959
222989
223024
223055
223087
223122
223150
223182
223213
223249
223278
223315
223346
223371
223408
223441
223467
223503
223534
223559
223584
223619
223650
223675
223699
223728
223765
223802
223831
223865
223899
223931
223963
223988
224015
224046
224074
224106
224139
224168
224194
224224
224259
224294
224323
224361
224388
224414
224452
224476
224505
224540
224571
224609
224636
224656
224681
224708
224745
224774
224810
224833
224861
224896
224930
224966
224998
225029
225062
225090
225128
225158
225185
225218
225247
225279
225311
225353
225380
225414
225448
225474
225497
225525
225558
225586
225615
225646
225677
225714
225746
225780
225815
225846
225876
225907
225936
225969
225989
226022
226048
226080
226115
226145
226183
226216
226248
226280
226312
226339
226369
226401
226435
226466
226496
226533
226561
226588
226618
226644
226679
226712
226748
226782
226814
226849
226879
226910
226945
226976
227006
227046
227076
227115
227147
227184
227209
227242
227275
227310
227345
227379
227412
227444
227475
227509
227544
227575
227600
227630
227666
227704
227732
227764
227796
227826
227860
227889
227916
227950
227985
228018
228052
228082
228119
228151
228182
228212
228246
228282
228322
228355
228387
228421
228452
228484
228520
228547
228581
228605
228640
228672
228698
228732
228768
228794
228827
228862
228890
228915
228942
228979
229004
229043
229076
229105
229146
229177
229207
229241
229275
229311
229345
229372
229410
229435
229463
229497
229529
229566
229603
229637
229673
229708
229737
229770
229809
229845
229870
229900
229934
229962
230000
230031
230066
230105
230135
230172
230205
230239
230268
230297
230331
230368
230401
230433
230471
230506
230544
230572
230610
230643
230675
230714
230747
230781
230818
230848
230882
230917
230943
230978
231007
231042
231068
231101
231139
231165
231201
231233
231266
231296
231331
231372
231399
231437
231473
231513
231552
231581
231616
231647
231682
231720
231759
231798
231837
231876
231906
231944
231978
232012
232042
232069
232102
232135
232170
232206
232237
232268
232300
232337
232366
232404
232430
232456
232490
232522
232554
232588
232627
232661
232691
232726
232758
232795
232832
232863
232899
232936
232970
232998
233035
233063
233096
233127
233154
233188
233221
233248
233283
233314
233348
233378
233414
233450
233491
233520
233562
233593
233626
233665
233694
233733
233767
233794
233824
233855
233886
233921
233961
233988
234025
234058
234096
234127
234159
234187
234213
234249
234281
234312
234348
234383
234418
234452
234477
234501
234532
234558
234593
234626
234665
234700
234730
234753
234791
234826
234859
234890
234927
234962
234989
235019
235056
235094
235126
235151
235189
235217
235240
235272
235299
235329
235362
235393
235428
235462
235489
235520
235552
235587
235622
235660
235694
235720
235761
235797
235835
235871
235904
235943
235973
236010
236045
236080
236117
236141
236170
236203
236242
236281
236321
236352
236383
236422
236458
236495
236532
236568
236597
236629
236659
236696
236736
236773
236805
236840
236867
236895
236923
236950
236972
237005
237030
237069
237099
237134
237164
237199
237229
237260
237295
237327
237364
237405
237444
237480
237512
237544
237577
237615
237651
237683
237716
237748
237782
237816
237849
237880
237919
237949
237985
238021
238054
238086
238119
238150
238183
238218
238246
238273
238308
238338
238364
238398
238427
238461
238504
238538
238577
238610
238648
238680
238710
238741
238775
238817
238860
238899
238928
238961
238991
239021
239057
239092
239115
239157
239193
239236
239268
239296
239318
239355
239393
239423
239454
239491
239520
239550
239577
239599
239637
239671
239700
239731
239770
239800
239836
239873
239910
239937
239970
240003
240039
240073
240105
240131
240158
240199
240234
240267
240298
240332
240364
240398
240437
240470
240501
240530
240560
240594
240627
240661
240693
240727
240757
240794
240836
240870
240899
240938
240970
241005
241032
241065
241094
241121
241156
241193
241232
241268
241293
241326
241368
241408
241446
241481
241514
241547
241581
241599
241624
241655
241690
241719
241748
241780
241817
241846
241879
241915
241952
241988
242022
242057
242096
242124
242156
242188
242218
242248
242277
242314
242344
242380
242413
242446
242482
242517
242554
242588
242611
242645
242681
242710
242735
242769
242805
242839
242873
242904
242944
242979
243009
243046
243072
243107
243141
243181
243217
243256
243282
243312
243347
243378
243409
243434
243470
243502
243529
243555
243593
243621
243657
243687
243716
243749
243773
243811
243841
243868
243902
243928
243963
243992
244023
244055
244086
244117
244144
244173
244206
244243
244278
244312
244344
244374
244406
244441
244470
244506
244545
244578
244607
244644
244678
244709
244743
244775
244806
244835
244864
244900
244933
244962
244990
245019
245054
245086
245121
245155
245190
245216
245243
245280
245311
245341
245370
245401
245434
245461
245492
245523
245550
245578
245613
245643
245669
245697
245724
245756
245785
245822
245854
245876
245912
245942
245974
246006
246035
246068
246093
246132
246156
246183
246217
246247
246271
246299
246333
246365
246392
246415
246445
246477
246504
246531
246557
246585
246620
246643
246673
246703
246728
246760
246788
246823
246844
246876
246906
246933
246968
247002
247035
247064
247097
247128
247158
247194
247221
247250
247277
247310
247335
247365
247391
247416
247438
247476
247511
247535
247565
247591
247625
247658
247691
247727
247758
247785
247815
247847
247879
247910
247942
247974
248005
248041
248072
248106
248136
248168
248190
248218
248250
248279
248310
248336
248371
248403
248433
248464
248494
248537
248565
248600
248626
248660
248693
248725
248754
248783
248814
248843
248875
248899
248923
248956
248989
249020
249048
249076
249112
249133
249166
249198
249232
249259
249290
249321
249357
249391
249421
249454
249487
249522
249549
249582
249613
249646
249680
249714
249746
249763
249791
249823
249855
249887
249924
249955
249981
250017
250053
250077
250113
250138
250167
250199
250228
250261
250303
250343
250374
250406
250449
250480
250508
250538
250571
250594
250629
250663
250691
250724
250759
250791
250825
250855
250884
250912
250941
250971
251005
251033
251066
251098
251131
251161
251197
251227
251262
251289
251312
251345
251378
251415
251448
251478
251511
251551
251580
251612
251638
251670
251696
251731
251766
251800
251832
251863
251899
251935
251961
251994
252024
252058
252090
252123
252156
252193
252217
252247
252284
252326
252355
252388
252424
252462
252492
252519
252548
252569
252609
252641
252669
252702
252732
252767
252797
252823
252855
252888
252917
252957
252990
253024
253049
253086
253121
253149
253176
253206
253231
253264
253299
253332
253363
253394
253424
253460
253492
253520
253556
253587
253619
253647
253683
253715
253743
253769
253808
253842
253866
253900
253937
253973
254005
254041
254073
254107
254146
254174
254208
254242
254262
254291
254324
254352
254379
254413
254448
254488
254522
254558
254595
254629
254666
254699
254729
254757
254795
254829
254859
254890
254926
254959
254992
255029
255053
255090
255126
255155
255187
255222
255253
255285
255310
255340
255370
255397
255422
255459
255495
255522
255558
255593
255620
255654
255688
255729
255754
255784
255816
255855
255888
255923
255957
255986
256019
256053
256094
256134
256169
256196
256231
256265
256294
256328
256361
256391
256430
256466
256497
256529
256565
256597
256624
256657
256694
256730
256765
256797
256832
256856
256890
256921
256959
256983
257010
257051
257087
257126
257164
257205
257245
257282
257311
257343
257382
257422
257462
257500
257536
257570
257597
257632
257657
257688
257720
257758
257792
257829
257859
257893
257925
257956
257989
258030
258067
258097
258135
258169
258206
258243
258273
258307
258340
258369
258408
258448
258478
258516
258540
258578
258607
258642
258675
258712
258747
258786
258815
258852
258887
258928
258962
259003
259029
259061
259093
259127
259163
259189
259221
259248
259282
259310
259334
259371
259408
259438
259462
259489
259527
259557
259581
259611
259648
259682
259714
259747
259779
259817
259852
259892
259927
259963
259997
260035
260072
260097
260134
260171
260206
260236
260273
260308
260344
260370
260405
260434
260471
260496
260528
260562
260586
260622
260652
260686
260721
260757
260796
260830
260859
260893
260928
260961
260992
261033
261063
261091
261123
261155
261185
261219
261245
261282
261315
261353
261382
261412
261448
261487
261520
261553
261589
261622
261663
261693
261730
261758
261791
261826
261858
261892
261930
261963
261997
262031
262064
262094
262130
262169
262202
262241
262265
262299
262329
262354
262389
262415
262437
262470
262502
262531
262563
262598
262629
262664
262696
262730
262763
262792
262830
262865
262896
262934
262959
262991
263028
263058
263090
263120
263151
263190
263221
263254
263290
263317
263345
263370
263401
263435
263465
263500
263535
263570
263605
263630
263653
263686
263721
263754
263783
263804
263837
263866
263903
263938
263965
263996
264022
264059
264097
264129
264158
264187
264214
264243
264264
264296
264322
264344
264377
264404
264430
264462
264503
264526
264558
264587
264626
264655
264684
264712
264742
264775
264803
264841
264875
264910
264933
264966
265001
265032
265059
265087
265111
265137
265164
265193
265224
265254
265275
265303
265334
265369
265404
265436
265463
265493
265526
265557
265584
265621
265647
265677
265713
265739
265771
265797
265828
265853
265885
265909
265944
265969
266001
266032
266060
266090
266126
266165
266193
266223
266252
266282
266315
266347
266372
266403
266432
266466
266501
266528
266552
266581
266618
266656
266682
266715
266750
266783
266819
266840
266868
266905
266932
266956
266983
267008
267035
267066
267094
267128
267160
267188
267217
267241
267274
267302
267342
267381
267415
267444
267469
267493
267525
267548
267576
267604
267632
267669
267705
267729
267765
267799
267838
267879
267912
267934
267963
267999
268036
268064
268094
268126
268142
268173
268202
268233
268268
268303
268328
268353
268377
268412
268440
268476
268515
268541
268569
268594
268624
268651
268685
268719
268744
268767
268801
268838
268865
268894
268926
268961
268990
269017
269046
269072
269096
269117
269145
269180
269205
269234
269266
269303
269341
269369
269395
269428
269449
269478
269506
269533
269563
269587
269620
269654
269684
269721
269748
269782
269813
269843
269875
269906
269939
269965
269993
270022
270057
270079
270115
270144
270173
270197
270233
270265
270299
270323
270355
270384
270423
270449
270486
270512
270551
270577
270614
270652
270690
270725
270761
270789
270817
270849
270878
270908
270936
270970
271001
271033
271071
271105
271129
271154
271179
271206
271234
271262
271302
271340
271376
271403
271429
271460
271484
271508
271542
271576
271609
271633
271660
271688
271715
271750
271789
271818
271853
271890
271925
271954
271993
272029
272055
272091
272118
272143
272177
272205
272224
272255
272286
272320
272357
272383
272418
272454
272476
272513
272537
272576
272605
272625
272655
272674
272701
272741
272778
272810
272838
272876
272912
272944
272972
273001
273028
273062
273084
273114
273146
273179
273211
273237
273268
273292
273325
273356
273380
273403
273430
273466
273491
273526
273558
273583
273613
273647
273671
273702
273730
273765
273795
273822
273857
273881
273912
273947
273971
273997
274022
274050
274087
274120
274152
274186
274221
274261
274292
274331
274358
274392
274417
274450
274482
274505
274537
274568
274591
274623
274657
274686
274717
274746
274773
274800
274838
274860
274890
274919
274942
274979
275008
275036
275067
275101
275135
275174
275198
275223
275246
275269
275299
275326
275358
275387
275420
275452
275483
275506
275543
275578
275611
275638
275665
275700
275727
275751
275785
275809
275840
275871
275896
275926
275963
275989
276023
276053
276082
276106
276131
276164
276182
276212
276245
276269
276295
276327
276354
276379
276412
276439
276466
276505
276541
276572
276610
276650
276688
276718
276760
276789
276827
276864
276896
276928
276960
276998
277025
277053
277084
277118
277159
277191
277226
277259
277297
277331
277361
277390
277421
277449
277485
277523
277555
277591
277618
277660
277688
277720
277752
277783
277819
277850
277889
277923
277956
277992
278024
278047
278072
278095
278134
278175
278210
278236
278264
278297
278331
278372
278401
278430
278464
278500
278521
278549
278585
278619
278656
278686
278719
278752
278784
278815
278851
278879
278910
278940
278972
278994
279026
279060
279088
279113
279146
279178
279216
279248
279276
279309
279339
279376
279411
279449
279474
279513
279549
279582
279620
279649
279678
279699
279732
279763
279803
279840
279874
279903
279937
279969
280000
280028
280049
280087
280118
280144
280176
280204
280241
280274
280296
280332
280356
280388
280422
280456
280493
280529
280566
280601
280635
280662
280694
280731
280762
280800
280839
280873
280909
280934
280968
280997
281029
281060
281098
281136
281162
281197
281237
281264
281295
281312
281337
281362
281396
281433
281468
281497
281525
281550
281574
281606
281640
281673
281712
281752
281779
281820
281857
281897
281926
281961
281990
282022
282062
282086
282118
282152
282176
282207
282235
282266
282296
282325
282360
282387
282424
282453
282481
282513
282541
282570
282599
282629
282665
282703
282736
282767
282803
282837
282869
282907
282943
282984
283016
283053
283089
283125
283153
283187
283214
283245
283285
283318
283346
283377
283414
283452
283489
283516
283542
283578
283606
283635
283668
283696
283730
283764
283801
283825
283858
283892
283927
283961
283988
284026
284059
284091
284126
284159
284186
284218
284252
284290
284316
284343
284369
284394
284418
284447
284481
284503
284520
284546
284579
284608
284643
284678
284715
284750
284793
284815
284851
284885
284914
284944
284971
285006
285038
285065
285099
285139
285173
285208
285244
285283
285321
285353
285393
285424
285461
285499
285528
285560
285599
285636
285667
285707
285742
285775
285811
285841
285871
285913
285949
285980
286014
286057
286091
286126
286160
286193
286223
286255
286286
286322
286359
286386
286427
286460
286496
286535
286568
286608
286637
286673
286707
286749
286782
286810
286844
286873
286902
286936
286965
286998
287036
287072
287111
287147
287182
287216
287252
287284
287325
287364
287395
287430
287469
287510
287546
287583
287623
287654
287688
287726
287757
287792
287830
287867
287902
287937
287967
288005
288042
288078
288113
288147
288177
288207
288240
288274
288303
288340
288375
288407
288447
288483
288517
288554
288597
288624
288661
288697
288727
288764
288790
288816
288842
288874
288907
288932
288967
289005
289041
289076
289104
289136
289175
289211
289248
289278
289305
289335
289363
289393
289421
289453
289490
289526
289559
289585
289623
289652
289693
289729
289767
289803
289835
289866
289909
289943
289973
289999
290037
290073
290106
290144
290171
290206
290246
290281
290317
290344
290378
290408
290444
290474
290514
290550
290579
290615
290654
290684
290716
290752
290776
290811
290843
290879
290905
290946
290985
291013
291039
291067
291102
291143
291173
291212
291239
291278
291307
291334
291367
291396
291431
291464
291505
291545
291573
291605
291643
291669
291700
291729
291766
291804
291830
291868
291896
291936
291969
292005
292032
292065
292104
292142
292179
292220
292251
292286
292319
292356
292386
292420
292455
292487
292522
292553
292589
292622
292661
292694
292732
292764
292791
292826
292861
292894
292924
292965
292989
293020
293056
293087
293120
293150
293173
293216
293247
293275
293310
293335
293364
293402
293436
293469
293507
293540
293575
293599
293623
293655
293687
293722
293746
293771
293811
293841
293873
293914
293945
293976
294013
294041
294074
294110
294150
294178
294210
294236
294259
294294
294334
294367
294404
294440
294476
294511
294538
294567
294600
294637
294670
294703
294743
294780
294811
294842
294866
294897
294934
294962
294988
295013
295049
295083
295118
295151
295189
295219
295253
295282
295305
295335
295370
295400
295429
295468
295502
295533
295567
295605
295642
295674
295707
295744
295784
295817
295849
295880
295917
295952
295988
296031
296061
296090
296127
296155
296191
296221
296257
296293
296327
296361
296393
296426
296459
296482
296521
296556
296592
296622
296654
296689
296719
296756
296791
296828
296868
296909
296942
296974
297008
297041
297073
297111
297146
297180
297202
297234
297264
297296
297327
297362
297396
297435
297469
297498
297540
297580
297617
297646
297680
297716
297751
297779
297814
297834
297868
297899
297931
297958
297991
298023
298061
298083
298123
298165
298200
298230
298271
298308
298342
298375
298416
298459
298487
298525
298552
298581
298619
298657
298695
298728
298763
298799
298833
298867
298902
298931
298970
299005
299035
299062
299102
299130
299171
299207
299244
299270
299305
299337
299367
299402
299435
299463
299495
299531
299560
299590
299618
299660
299691
299723
299759
299799
299836
299865
299905
299939
299977
300008
300045
300086
300122
300153
300193
300224
300257
300290
300327
300368
300396
300435
300461
300502
300542
300574
300600
300639
300680
300719
300759
300792
300826
300861
300894
300920
300952
300980
301016
301048
