28
51
84
115
141
169
195
223
248
284
311
336
363
389
413
447
479
512
542
573
603
634
666
691
728
755
787
812
845
875
909
936
969
997
1029
1058
1090
1123
1157
1191
1215
1247
1279
1311
1338
1369
1394
1423
1445
1478
1506
1528
1558
1590
1618
1644
1672
1696
1721
1747
1779
1805
1842
1871
1900
1927
1953
1983
2013
2048
2082
2110
2135
2166
2199
2219
2245
2275
2303
2339
2364
2397
2432
2457
2477
2506
2533
2561
2586
2609
2639
2665
2691
2714
2743
2766
2790
2818
2845
2871
2897
2920
2949
2972
2997
3033
3055
3077
3099
3130
3151
3185
3213
3237
3268
3297
3329
3355
3377
3400
3425
3456
3480
3515
3543
3569
3601
3627
3650
3677
3707
3739
3765
3794
3815
3847
3878
3902
3930
3958
3981
3998
4021
4047
4078
4107
4136
4164
4186
4210
4243
4272
4299
4331
4364
4387
4414
4438
4462
4490
4514
4539
4568
4593
4619
4647
4676
4700
4724
4753
4783
4806
4832
4860
4888
4919
4949
4970
4994
5023
5046
5078
5110
5141
5164
5191
5216
5244
5269
5301
5332
5360
5395
5415
5448
5472
5498
5520
5552
5582
5612
5640
5671
5696
5728
5763
5798
5818
5849
5887
5925
5954
5986
6016
6048
6078
6109
6138
6165
6194
6219
6243
6265
6302
6332
6352
6378
6410
6433
6455
6487
6520
6549
6575
6601
6636
6661
6693
6717
6742
6765
6790
6817
6839
6866
6894
6919
6948
6981
7017
7040
7076
7111
7146
7174
7200
7231
7258
7281
7311
7335
7373
7401
7433
7463
7498
7524
7549
7578
7608
7635
7667
7690
7719
7752
7773
7800
7833
7860
7888
7925
7956
7986
8015
8044
8074
8099
8125
8162
8192
8218
8243
8268
8307
8344
8371
8403
8433
8460
8481
8509
8534
8564
8592
8618
8648
8673
8701
8734
8762
8793
8826
8852
8882
8911
8932
8958
8980
9003
9036
9057
9080
9111
9140
9161
9185
9213
9236
9256
9288
9318
9351
9381
9409
9433
9463
9497
9524
9553
9583
9607
9633
9659
9688
9712
9733
9756
9779
9811
9838
9870
9898
9929
9960
9982
10007
10039
10063
10090
10116
10142
10168
10203
10233
10261
10287
10315
10340
10369
10394
10423
10450
10478
10506
10525
10554
10583
10611
10639
10666
10694
10719
10746
10781
10809
10835
10866
10894
10920
10941
10972
11003
11027
11053
11076
11110
11136
11163
11195
11227
11254
11283
11305
11328
11358
11389
11418
11449
11468
11495
11522
11550
11575
11598
11628
11655
11680
11706
11738
11763
11788
11819
11844
11878
11908
11934
11963
11994
12030
12062
12086
12119
12152
12186
12217
12244
12268
12287
12317
12346
12376
12405
12431
12461
12481
12508
12535
12565
12588
12608
12636
12660
12684
12714
12744
12776
12804
12826
12859
12885
12915
12939
12967
12993
13024
13049
13073
13097
13127
13152
13176
13206
13236
13264
13289
13315
13336
13368
13393
13422
13445
13482
13505
13529
13552
13583
13615
13641
13666
13686
13712
13736
13758
13782
13811
13838
13865
13892
13921
13948
13973
13998
14031
14060
14081
14107
14133
14158
14190
14222
14252
14283
14307
14337
14359
14390
14411
14442
14475
14499
14527
14552
14572
14595
14613
14647
14670
14696
14720
14751
14780
14808
14830
14859
14883
14912
14942
14968
14996
15020
15049
15079
15108
15135
15156
15183
15202
15235
15265
15295
15323
15347
15373
15392
15412
15439
15467
15486
15519
15546
15575
15597
15626
15657
15682
15713
15740
15762
15785
15813
15833
15860
15884
15909
15938
15963
15987
16016
16045
16077
16101
16124
16158
16190
16211
16240
16264
16296
16326
16354
16371
16392
16414
16435
16461
16483
16507
16534
16561
16581
16599
16626
16648
16677
16707
16728
16752
16779
16809
16834
16858
16889
16915
16936
16961
16986
17015
17034
17059
17085
17109
17130
17157
17181
17199
17223
17253
17275
17294
17319
17346
17374
17405
17434
17455
17481
17512
17532
17557
17583
17604
17634
17656
17682
17706
17732
17754
17777
17804
17824
17849
17876
17906
17935
17964
17990
18018
18047
18075
18108
18127
18154
18176
18200
18231
18260
18285
18312
18339
18360
18383
18407
18436
18463
18488
18510
18532
18553
18579
18600
18624
18651
18677
18698
18720
18742
18769
18788
18812
18839
18859
18887
18908
18930
18950
18969
18991
19013
19036
19059
19077
19101
19126
19149
19182
19209
19240
19267
19292
19322
19339
19364
19389
19415
19440
19468
19492
19514
19539
19563
19586
19610
19629
19657
19679
19699
19719
19745
19768
19795
19817
19844
19866
19892
19915
19937
19961
19980
20011
20039
20060
20089
20114
20140
20165
20194
20214
20239
20269
20290
20315
20338
20361
20384
20409
20433
20460
20482
20506
20531
20557
20581
20601
20625
20647
20667
20692
20711
20733
20762
20788
20815
20839
20862
20884
20912
20940
20965
20987
21019
21039
21060
21089
21109
21130
21150
21173
21195
21219
21241
21263
21287
21310
21335
21358
21380
21405
21430
21452
21478
21508
21534
21559
21582
21606
21633
21658
21679
21707
21730
21757
21781
21806
21831
21857
21881
21905
21928
21946
21970
21995
22020
22048
22070
22098
22116
22145
22166
22195
22221
22244
22266
22293
22316
22337
22365
22389
22415
22438
22466
22489
22511
22537
22565
22585
22607
22631
22653
22675
22699
22722
22746
22766
22788
22808
22828
22848
22868
22888
22911
22937
22961
22979
23005
23026
23052
23077
23102
23127
23148
23170
23189
23205
23227
23244
23267
23288
23308
23330
23353
23370
23391
23414
23435
23464
23483
23503
23527
23547
23566
23588
23610
23629
23652
23680
23704
23728
23746
23773
23792
23814
23835
23859
23882
23906
23924
23947
23975
23996
24021
24053
24077
24097
24119
24140
24163
24182
24208
24232
24261
24287
24309
24338
24360
24381
24403
24424
24446
24469
24490
24514
24534
24559
24585
24609
24628
24645
24667
24691
24714
24733
24753
24778
24803
24826
24850
24877
24903
24929
24951
24974
24992
25011
25031
25052
25074
25097
25117
25139
25159
25183
25207
25225
25247
25268
25286
25305
25327
25347
25370
25390
25414
25434
25455
25476
25499
25520
25541
25565
25589
25611
25637
25658
25677
25699
25719
25741
25761
25780
25800
25823
25844
25870
25893
25912
25936
25961
25986
26006
26027
26050
26069
26089
26111
26130
26155
26182
26202
26228
26251
26276
26299
26323
26344
26364
26384
26406
26427
26443
26463
26481
26501
26522
26546
26569
26587
26607
26624
26644
26667
26688
26712
26730
26751
26770
26790
26812
26832
26854
26883
26904
26928
26950
26974
26997
27013
27036
27054
27075
27096
27114
27141
27160
27180
27204
27225
27246
27264
27282
27303
27326
27345
27372
27394
27413
27438
27459
27478
27503
27523
27544
27565
27587
27611
27635
27656
27683
27699
27720
27736
27755
27783
27804
27823
27846
27868
27892
27915
27937
27967
27987
28008
28030
28048
28074
28090
28111
28135
28158
28183
28202
28221
28243
28261
28285
28305
28324
28347
28363
28392
28410
28431
28451
28470
28496
28513
28537
28556
28573
28595
28613
28635
28657
28677
28701
28721
28740
28762
28783
28800
28824
28842
28864
28886
28904
28929
28949
28972
28992
29014
29037
29061
29084
29103
29122
29143
29161
29182
29208
29230
29252
29270
29287
29309
29330
29350
29367
29388
29406
29428
29447
29471
29495
29512
29531
29562
29580
29605
29628
29650
29670
29694
29717
29736
29754
29775
29794
29818
29840
29863
29880
29899
29923
29944
29963
29988
30006
30032
30052
30072
30092
30115
30142
30166
30193
30221
30249
30264
30284
30308
30333
30357
30380
30400
30423
30445
30466
30485
30506
30528
30544
30563
30582
30603
30624
30645
30662
30683
30706
30722
30744
30762
30781
30805
30830
30852
30872
30891
30910
30931
30954
30975
30997
31018
31036
31059
31084
31105
31127
31148
31168
31189
31206
31223
31243
31261
31278
31299
31324
31346
31366
31386
31407
31423
31442
31462
31482
31503
31525
31546
31569
31591
31611
31630
31649
31674
31697
31715
31736
31757
31777
31801
31821
31839
31857
31879
31895
31915
31932
31950
31971
31990
32011
32029
32047
32068
32090
32111
32131
32146
32163
32185
32208
32231
32257
32275
32299
32326
32348
32363
32382
32399
32418
32436
32456
32475
32496
32516
32538
32555
32581
32598
32616
32634
32653
32670
32688
32707
32726
32745
32763
32781
32804
32824
32839
32859
32877
32897
32918
32937
32956
32973
32995
33012
33031
33051
33068
33087
33110
33130
33146
33167
33184
33203
33218
33238
33255
33272
33290
33310
33329
33350
33366
33387
33409
33426
33444
33463
33479
33500
33521
33538
33558
33575
33598
33615
33635
33653
33676
33696
33714
33735
33757
33777
33794
33812
33834
33855
33874
33893
33909
33930
33948
33967
33988
34006
34028
34044
34062
34082
34099
34118
34138
34157
34174
34195
34211
34231
34249
34269
34285
34304
34324
34345
34361
34379
34401
34422
34442
34459
34483
34501
34521
34544
34563
34580
34597
34614
34634
34654
34671
34693
34715
34732
34753
34770
34795
34811
34830
34849
34868
34889
34908
34930
34948
34975
34992
35015
35031
35052
35070
35089
35109
35130
35151
35168
35184
35203
35221
35241
35257
35276
35293
35311
35328
35346
35363
35380
35397
35415
35433
35453
35471
35491
35507
35524
35541
35557
35576
35595
35613
35631
35652
35671
35689
35712
35733
35750
35772
35795
35811
35828
35843
35862
35879
35896
35912
35932
35949
35967
35984
36004
36022
36038
36056
36073
36092
36111
36130
36150
36170
36188
36207
36226
36246
36263
36283
36302
36319
36339
36355
36374
36393
36413
36430
36450
36469
36486
36503
36519
36535
36552
36570
36592
36611
36630
36648
36666
36690
36709
36731
36752
36768
36786
36805
36823
36840
36856
36875
36898
36915
36931
36949
36970
36988
37008
37024
37040
37057
37074
37092
37109
37127
37146
37164
37184
37207
37226
37248
37268
37288
37305
37324
37342
37360
37385
37404
37426
37448
37467
37484
37501
37520
37536
37553
37570
37585
37603
37620
37642
37661
37677
37694
37712
37730
37747
37765
37783
37802
37819
37843
37860
37883
37903
37925
37944
37963
37986
38003
38022
38042
38063
38081
38099
38117
38134
38152
38169
38187
38202
38222
38240
38259
38277
38292
38308
38324
38341
38358
38377
38399
38417
38432
38450
38473
38493
38508
38525
38546
38563
38580
38597
38616
38635
38655
38673
38693
38711
38731
38749
38765
38783
38800
38820
38837
38857
38877
38895
38912
38933
38949
38965
38982
39000
39021
39038
39053
39075
39092
39110
39130
39150
39170
39189
39206
39225
39240
39260
39280
39301
39318
39337
39357
39375
39390
39406
39427
39444
39463
39483
39500
39517
39536
39558
39575
39594
39618
39635
39651
39669
39688
39705
39723
39743
39761
39777
39797
39814
39829
39845
39861
39879
39897
39914
39932
39950
39966
39991
40011
40028
40047
40065
40080
40098
40114
40135
40152
40172
40189
40205
40223
40242
40262
40283
40299
40318
40336
40352
40369
40387
40404
40425
40441
40456
40477
40492
40508
40523
40540
40559
40574
40591
40606
40625
40641
40656
40676
40692
40709
40728
40743
40759
40774
40792
40808
40828
40844
40860
40879
40897
40915
40933
40950
40968
40985
41003
41021
41038
41054
41072
41088
41105
41124
41140
41158
41177
41196
41214
41230
41249
41265
41281
41300
41317
41332
41349
41366
41383
41398
41414
41432
41451
41470
41487
41505
41522
41540
41557
41577
41593
41610
41629
41645
41666
41682
41697
41713
41732
41751
41768
41785
41804
41821
41836
41855
41874
41896
41914
41931
41946
41963
41983
42000
42018
42034
42050
42072
42091
42109
42126
42144
42161
42178
42196
42212
42230
42247
42263
42279
42297
42313
42333
42351
42367
42383
42401
42417
42439
42459
42475
42494
42511
42531
42550
42568
42583
42600
42618
42634
42651
42671
42688
42703
42719
42736
42756
42774
42792
42809
42827
42842
42857
42874
42898
42917
42936
42953
42970
42986
43003
43024
43039
43056
43075
43091
43110
43128
43151
43169
43184
43200
43218
43234
43250
43267
43284
43300
43317
43336
43359
43374
43389
43404
43423
43440
43456
43472
43489
43509
43528
43544
43560
43576
43594
43611
43627
43643
43661
43679
43696
43715
43732
43750
43765
43782
43800
43817
43834
43851
43868
43884
43907
43925
43942
43959
43978
43995
44011
44028
44045
44063
44078
44096
44114
44132
44153
44169
44185
44201
44217
44235
44251
44269
44286
44304
44321
44338
44353
44368
44384
44402
44419
44435
44453
44471
44487
44502
44519
44536
44551
44567
44584
44600
44616
44635
44652
44671
44690
44707
44722
44737
44754
44774
44789
44807
44824
44842
44858
44876
44891
44906
44925
44942
44964
44982
44997
45014
45030
45046
45063
45080
45101
45119
45134
45151
45168
45191
45208
45227
45243
45262
45278
45295
45311
45328
45344
45360
45376
45393
45412
45429
45444
45461
45478
45496
45516
45533
45551
45566
45585
45601
45618
45633
45650
45666
45682
45700
45718
45733
45751
45770
45787
45805
45822
45838
45856
45872
45890
45909
45930
45945
45962
45978
45996
46015
46033
46051
46068
46086
46103
46119
46134
46151
46169
46186
46201
46216
46231
46248
46265
46280
46296
46313
46331
46348
46363
46381
46397
46413
46434
46451
46468
46486
46503
46521
46537
46554
46572
46588
46608
46625
46642
46659
46679
46697
46714
46732
46750
46768
46785
46801
46819
46838
46856
46875
46891
46907
46923
46939
46956
46972
46988
47007
47024
47044
47062
47077
47095
47112
47131
47149
47165
47181
47198
47214
47229
47245
47261
47276
47292
47308
47327
47343
47360
47378
47393
47410
47425
47442
47459
47474
47491
47514
47532
47551
47567
47584
47600
47616
47635
47651
47669
47688
47706
47723
47740
47755
47773
47790
47808
47826
47844
47862
47882
47899
47917
47934
47952
47973
47988
48006
48024
48043
48061
48077
48093
48111
48127
48143
48162
48178
48194
48210
48228
48247
48265
48284
48300
48316
48332
48348
48364
48381
48400
48415
48433
48454
48469
48488
48504
48520
48536
48551
48570
48588
48604
48621
48637
48653
48669
48689
48711
48729
48745
48762
48778
48797
48813
48830
48846
48864
48882
48900
48918
48935
48951
48967
48985
49000
49015
49032
49051
49069
49086
49102
49121
49138
49154
49170
49185
49202
49218
49233
49248
49265
49280
49296
49311
49327
49345
49361
49379
49395
49413
49429
49447
49465
49481
49497
49515
49530
49546
49563
49579
49597
49613
49629
49645
49660
49676
49692
49708
49723
49739
49755
49771
49787
49802
49817
49834
49850
49867
49885
49901
49917
49933
49949
49964
49981
49998
50015
50032
50047
50067
50082
50099
50115
50130
50145
50161
50177
50195
50212
50227
50243
50260
50275
50295
50313
50333
50348
50363
50380
50397
50412
50428
50444
50459
50475
50492
50511
50528
50543
50558
50575
50593
50608
50624
50640
50656
50673
50690
50706
50722
50738
50754
50771
50786
50803
50818
50836
50857
50874
50890
50906
50921
50936
50952
50971
50987
51003
51018
51033
51050
51068
51083
51103
51119
51139
51155
51170
51185
51201
51219
51238
51253
51269
51285
51300
51317
51333
51348
51366
51384
51404
51423
51439
51456
51472
51489
51504
51520
51537
51553
51568
51583
51599
51616
51636
51653
51671
51687
51702
51718
51735
51753
51770
51786
51802
51817
51836
51853
51869
51886
51904
51921
51938
51954
51972
51990
52008
52025
52042
52058
52076
52091
52106
52121
52136
52155
52172
52188
52204
52221
52237
52254
52270
52287
52302
52322
52337
52352
52368
52384
52401
52418
52434
52450
52465
52483
52499
52515
52531
52546
52564
52582
52600
52615
52631
52647
52666
52682
52697
52712
52728
52748
52764
52782
52798
52813
52829
52846
52863
52882
52898
52915
52933
52949
52966
52982
52997
53013
53030
53046
53063
53079
53097
53112
53127
53142
53157
53172
53189
53209
53225
53241
53257
53277
53294
53309
53325
53341
53357
53373
53388
53406
53422
53438
53453
53470
53486
53502
53517
53535
53551
53566
53585
53602
53618
53633
53648
53667
53682
53698
53715
53730
53747
53763
53780
53797
53813
53829
53849
53864
53881
53896
53912
53927
53945
53960
53977
53992
54010
54026
54041
54057
54073
54088
54103
54120
54135
54153
54171
54189
54204
54222
54239
54254
54269
54284
54302
54318
54335
54353
54373
54393
54410
54426
54443
54461
54477
54495
54511
54528
54546
54561
54577
54595
54612
54629
54644
54661
54677
54692
54708
54725
54740
54755
54772
54789
54806
54822
54837
54854
54871
54888
54903
54920
54937
54954
54971
54987
55003
55018
55033
55049
55065
55080
55096
55114
55130
55148
55166
55182
55199
55215
55232
55249
55267
55286
55307
55325
55342
55358
55374
55393
55410
55427
55443
55460
55475
55491
55513
55528
55544
55560
55576
55591
55607
55622
55641
55660
55676
55693
55709
55725
55740
55755
55771
55787
55804
55819
55834
55850
55866
55882
55900
55917
55934
55951
55969
55989
56006
56022
56037
56052
56068
56084
56103
56120
56135
56152
56167
56182
56199
56215
56232
56249
56264
56280
56295
56312
56328
56345
56363
56379
56395
56412
56429
56445
56461
56477
56492
56507
56522
56538
56553
56570
56587
56603
56623
56639
56656
56673
56688
56703
56718
56737
56753
56768
56783
56800
56817
56832
56849
56864
56880
56896
56913
56928
56944
56962
56977
56994
57009
57029
57044
57059
57076
57092
57110
57125
57140
57157
57172
57188
57206
57225
57241
57257
57273
57290
57309
57326
57341
57359
57375
57391
57407
57423
57441
57457
57474
57489
57505
57521
57538
57556
57571
57588
57604
57621
57637
57653
57669
57686
57702
57718
57734
57750
57766
57786
57803
57819
57835
57851
57866
57882
57899
57916
57931
57947
57962
57978
57995
58011
58027
58043
58064
58079
58094
58111
58128
58144
58160
58176
58193
58210
58226
58242
58257
58272
58287
58302
58318
58333
58350
58366
58381
58398
58413
58428
58445
58461
58477
58492
58511
58526
58542
58557
58573
58588
58607
58622
58639
58654
58670
58686
58702
58718
58736
58752
58768
58783
58799
58818
58834
58849
58865
58880
58896
58912
58927
58943
58959
58978
58996
59011
59027
59043
59061
59077
59095
59112
59127
59145
59162
59178
59193
59208
59223
59238
59253
59270
59285
59300
59320
59337
59353
59373
59389
59406
59424
59442
59460
59477
59493
59508
59524
59542
59559
59576
59592
59609
59626
59642
59658
59675
59690
59705
59721
59740
59755
59771
59787
59802
59821
59837
59853
59868
59883
59899
59915
59933
59948
59963
59978
59995
60012
60027
60046
60061
60078
60093
60111
60126
60143
60159
60177
60193
60209
60225
60241
60257
60273
60288
60303
60320
60336
60353
60369
60388
60404
60420
60435
60453
60470
60489
60506
60524
60539
60555
60571
60588
60603
60619
60635
60650
60666
60682
60699
60716
60731
60749
60764
60780
60796
60814
60830
60846
60862
60879
60895
60912
60929
60945
60960
60976
60995
61011
61028
61045
61060
61077
61092
61109
61124
61142
61159
61175
61190
61206
61222
61237
61256
61276
61291
61306
61323
61339
61355
61373
61389
61404
61419
61435
