0.24084689840674395
0.24999980628490442
0.10747922398149966
0.03582633659243582
0.21338820457458493
0.045764522626996026
0.062499962747097
0.15624988079071042
0.3749996714029211
0.0067020633723586815
0.18749985471367833
0.23169405231545287
0.062499977648258195
1.8626451467923769e-09
0.24084690958261487
0.03393080458045004
0.054917408619076
0.1821381682530045
0.03661161102354525
0.04430910572409629
0.028961745789274566
0.34754091501235956
0.10826440528035161
0.2316939727722786
0.04576448227425355
0.06249993294477463
0.008042457513511177
0.06249994684372051
0.03661161661148071
0.07812491059303284
0.18347855913452804
0.3357071746140718
0.03661162406206131
0.0198762034997344
0.063285137002822
0.2316939355805516
0.027458705008029913
0.10669403895735738
0.18749980675056577
0.4165128543972968
0.12499988824129102
0.18749985098838803
0.13036153791472316
0.0183058213442564
-3.9252310795319673e-17
0.3132174722850322
0.018305812031030655
0.18213817477226252
0.12499989755451678
0.2602629545144736
0.1082644835114479
0.062499960112918904
0.21338819230760017
0.05491743236780165
0.0781249152496457
0.10669411532580851
0.07165284641087055
0.14330574404448268
0.09374991618096827
0.06249991431832312
0.062499949708580964
0.5102630034089087
0.009152904152870173
0.20881165564060208
0.008435071911662817
1.3038516044719523e-08
0.10669408738613127
0.1799172908067703
0.041973254876211286
0.17913207411766047
0.09374989423839385
0.062499962747097
0.05334704578854143
0.02667351812124252
0.3642763197422027
0.0053616506047546855
0.018305810316011858
0.1874997400350559
0.10669405385851859
0.06249992176890372
0.1433057114481926
0.010723302140831946
0.36427643895149225
0.3475409559905528
0.0716528296470642
0.15624985098838803
0.031249944283871383
0.3642763830721378
0.3917351812124252
0.09374994225800036
0.18213818967342374
0.018305812031030644
0.1874998798262943
0.09374999254941938
0.10669406503438948
0.027458718046545975
0.10669407807290551
0.06249994914143907
0.28124975785613054
0.2133881989866495
0.2133882343769073
0.06249996210793806
0.09374991804361342
0.426776424050331
0.1562498770654201
0.16004107892513272
0.1303615495562553
0.11584701389074326
0.23169404827058315
0.32923513918649405
0.06249993387609719
0.1301315380260348
0.18749990500509733
0.12499989569187162
0.057923492975532995
1.1175870900380414e-08
0.01830578781664371
0.11584700644016263
0.0
0.031249974854290485
0.03661163389905
0.2316939383745193
0.1459865532815456
0.015624980489031604
0.14330574730411166
0.24463818222284311
0.06249989130908949
0.031249980209395286
0.031479921191930785
0.21338821016252038
0.3292352389544248
0.031249954365193837
0.2499998197890821
0.1874998002450163
0.0
-2.793967723868469e-09
0.06249992921948432
0.10669410228729247
0.13036151059372303
0.01830581575632095
0.309818847104907
0.062499977648258195
0.01830581784494267
0.3566938638687133
0.062499921768903725
0.28504104912281036
0.0937498966231942
0.17377047613263127
0.010723294690251349
0.03661162033677101
0.1874997522681951
0.04687496088445185
0.24999982491135592
0.12499984022570043
0.15502436412498355
2.980232238793034e-08
0.4976440519094466
0.3642764464020728
5.26835514103041e-09
0.10669410508126018
0.3955264538526534
0.03661160543560982
0.018305795267224312
0.03661160729825496
0.18749985843896863
0.10669413395226
0.26562467566691333
0.24463816732168192
0.12499990127980706
0.026673484593629834
0.3642764091491698
0.062499951571226106
0.2133882008492946
0.09374992642551659
0.062499944120645516
0.1874997932463884
0.18213820736855266
0.14330576360225675
0.26673525571823115
0.0937499180436134
0.03661162049656075
0.36427631974220276
0.31249967403709883
0.03532871976494789
0.07322323322296141
0.01830581109970808
0.12499988079071042
0.2316940166056156
0.053347044624388204
0.14023222029209134
0.0015703858807682987
0.005246676504611979
0.09307971131056546
0.124999925494194
0.06249993294477462
0.06249994419153814
0.009152907878160477
0.10669409483671186
0.3903946075588464
0.062499944586306797
0.062499955296516405
0.24999980162829155
0.018305785953998566
0.24999984353780744
0.06786157985733242
0.06249994498823423
0.0026808287948369997
0.0
0.12499993568149569
0.18749973408625295
0.17337778862565753
0.1249999338760972
0.03818200342357158
0.02745871245861053
0.01830581203103065
0.21417331602424378
6.519258022359761e-09
0.1223190454766154
0.11584698199294506
0.01830581203103065
0.04197327047586441
0.0
0.3200823590159415
0.0
0.03661162592470646
0.0339308176189661
0.006146849133074284
0.005361650139093399
0.06249995529651642
0.0366116315126419
0.24999978699990993
0.12657028436660764
0.1977631282061338
0.031249963678419583
0.015624975785613057
0.18749978627517905
0.1874998658895492
0.005361653864383706
0.2133882194757461
0.1600411348044872
0.18749988605906684
0.21338818408548826
0.16004107892513272
0.21338823437690732
0.007812509313225746
0.2732072994112968
0.10669414140284059
0.018305812031030648
0.19207619130611414
0.0
0.018305813893675797
0.00915290834382176
0.03661161661148071
0.07031242549419402
0.6196374669671058
0.25245056301355356
0.05334698664955794
0.062499957159161554
0.0732232481241226
0.21338809037115422
0.04687496123369782
0.03393069654703139
0.010723292827606395
0.1848188992589712
0.1667431592941284
0.18749982118606565
0.16004112130030987
0.36427643895149225
0.3642763602547347
0.6401644647121429
0.1821381337940693
0.05223656690213828
0.24999982118606565
0.07812492822995408
0.21338821247090495
0.3200822621583938
0.06249995110556482
0.4892762452363967
0.03661163896322249
0.20703100413084025
0.05334700457751749
0.14062483236193654
0.1646175608038902
0.0312499664723873
0.08995865285396573
0.06249993319191693
0.21338817849755282
0.0624999590218067
0.03144628228619695
0.09374990127980708
0.0419732816517353
0.054917441681027405
0.18749984167516232
0.1620516190305352
0.14788211882114408
0.32008230872452254
0.15624986216425893
0.11166315153241155
0.133367583155632
0.3696381673216819
0.03661163710057737
0.018305806443095207
0.03661161288619063
0.18749985098838803
0.37499976158142084
0.21495851594954726
0.12499989941716191
0.12231906130909918
0.10669408525177403
0.12499988079071042
0.0366116315126419
0.14252039650455114
0.1821382269263267
0.18749983236193654
0.2683055698871612
0.01830581575632095
0.12634035013616082
0.06249994505197003
0.10669407807290553
0.2667351085692644
0.0366116277873516
0.005361648276448249
0.048120118677616106
-1.1175870900380414e-08
0.21338819483114438
0.21338820084929466
0.3200823292136192
9.3132257486815e-09
0.2133882492780685
0.17834687046706674
0.2732073033694178
0.2622736846096813
0.21338816369483823
-7.450580587169506e-09
0.05491743143647908
0.08002057421242774
0.05334702134132384
0.124999862803417
0.015624976716935628
0.07165286131203173
0.3566939234733581
0.26673524826765055
0.07165285199880599
0.6218586862087249
0.12499990686774251
0.09374991618096827
0.2446381971240043
0.062499949708580964
0.31249972060322756
0.019646206870675084
0.06249987520277499
0.05491740256547927
0.10669406503438948
0.09374992828816175
0.09374994039535521
0.14330570399761197
0.01562498696148395
0.036611624062061296
0.009152906946837902
0.027458730619400733
0.10669411400871953
0.018305808305740353
0.10669402682746473
0.004576443694531917
0.03393079340457916
0.0366116240620613
0.19665265362709758
0.018305789679288864
0.018305795267224312
0.18749980628490445
0.11584697291254994
0.124999925494194
0.09832635521888732
0.11127056088298556
0.14330577850341794
0.26830564439296717
0.03661161288619041
0.12499990686774251
0.20312486775219435
0.05491745844483374
0.04576454311609267
0.10669411718845362
0.42677632719278324
0.3109292462468146
0.23169399797916412
0.06249993387609719
0.22332620993256566
0.05334702879190445
0.32923525571823115
-3.725290303397831e-09
0.09374991059303282
0.05223659425973891
0.0183058176189661
0.13572318851947782
0.42677640914916987
0.0
0.21338814299280348
0.1158469635993242
0.1821381896734237
0.02288229390978813
0.12499986145533092
0.12499989569187162
0.24463814124464983
0.09374994412064551
0.010723295621573922
0.015624978812411424
0.018305818550288677
0.06786159425973891
0.10669413674622773
0.07165289297699928
0.03661162733539846
0.10669407807290553
0.036611609160900116
0.12499991804361342
0.23169392906129355
7.450580596982584e-09
0.15356902964413163
0.04576453473418951
0.10669406503438948
0.3044572882354259
0.18749987892806524
0.18749975785613057
0.005361650139093397
0.02144658891484141
0.09374991711229085
0.01830580830574034
0.062499903142452226
0.09374988451600075
0.13281234726309774
0.22254101745784277
0.18292343989014623
0.12499985968270444
0.06786158308386803
0.15245855599641797
0.09106909111142157
0.18213815242052078
0.3642765097320079
0.0732232555747032
0.14062489382922647
0.09374988824129102
0.1783468620851636
0.03661162624428437
0.160041157156229
0.20502049662172792
0.018305815756320953
0.03124999254941939
0.07322321087121964
0.07031241801450959
0.18749985098838803
0.1928615868091583
0.19665279425680632
0.12499993480741976
0.09374994691461323
0.24921457422897214
0.06786161661148071
0.16461754404008386
0.06249996554106473
0.1249999217689037
0.0549174267798662
0.03661162510637216
0.054917403496801846
0.21338820457458493
0.17834699805825946
0.21338817477226252
0.11584696173667908
0.2133881875323212
0.046874972060322755
0.027458710595965385
0.1158469757065177
0.26673525199294085
0.13415278773754835
0.19776312820613384
0.062499938532710075
0.3124997280538082
0.005361645482480524
0.07054243097081779
0.10669408738613127
0.03124997019767762
0.2133882455527782
0.10669405758380887
0.018305834382772453
0.015624986269846094
0.0624999701976776
0.09374995995312928
0.036611646413803094
0.11166310124099252
0.02745871990919114
0.12499993480741976
0.027458693832159035
0.06249996181577443
0.09374994039535521
0.21338827908039087
0.42677642405033106
0.09374994412064551
0.0777997141703963
0.02745870500802993
0.09643074125051497
0.13872921466827393
0.15624987334012982
0.2133882120251655
0.009152911603450775
0.09374994970858096
0.06786155048757789
0.1783469244837761
0.05334705859422683
0.33057559934551906
0.06249994039535521
0.2316939793527126
0.009152879007160664
0.0
0.09374989941716194
0.03393079340457916
0.1562498640269041
0.0
0.12499990314245223
0.21338813751935953
0.06249995157122611
0.5464145690202712
0.020986643736250695
0.031249978579580777
0.11584698408842084
0.320082326277866
0.036611630581319325
0.28124983422458166
0.062499962747097
0.0624999308953955
0.10669407667988072
0.18749984540045256
0.1821382157504558
0.005361645482480524
0.10669406875967977
0.16004114784300325
0.0624999484515244
0.21338810585439202
0.2499998472630977
0.10669410973787308
0.07165288552641867
0.12499995436519382
0.02745869103819131
0.0
0.10983483493328092
0.17377040348947045
0.00915290787816048
0.1433057114481926
5.040281525481304e-10
0.018305810168385506
0.0
0.05563527619233354
0.04687493992969393
0.05334703624248503
0.015624977648258195
0.21338819848649668
0.05491744261234998
0.36427639797329897
0.010723302140831944
0.182138230651617
0.22254097089171404
0.06249998509883879
0.02879913710057734
0.374999664723873
0.12499991059303281
0.0624999776482582
0.21338820457458493
0.04687495063990353
0.2133881452435736
0.16004110872745514
0.0366116315126419
0.23169407248497007
0.18749988824129102
0.06249992799599879
0.0624999544619551
0.09374994970858097
0.062499955955060735
0.24999978765845293
0.310929300263524
0.42677636444568623
0.124999962747097
0.057923465967178345
0.062499951571226106
0.1406248742714524
0.24463812354952094
0.062499947845935794
0.11584693193435668
0.06786162871867417
0.3799014128744601
0.018305765464901924
0.3200823068618774
0.2149585392326116
0.03661159798502922
0.013174146413803113
0.0
0.0
0.18749986588954923
0.3642764165997504
0.10898231621831653
0.10669413954019544
0.0
0.1874998267740011
0.018305808305740353
0.2499998770654201
0.0
0.053347057966765414
0.12499993564419948
0.08995867148041724
-3.725290293584753e-09
0.42677664756774897
0.09374992363154885
0.005361638963222502
9.313225758494575e-10
0.036611627241795335
0.18749985098838803
0.031249951571226123
0.0937499389184757
0.06786163244396447
0.14330570772290224
0.01830582320690155
0.0183058138936758
0.12499994784593581
0.05334704741835593
0.15624994784593582
0.18749988824129102
0.124999925494194
0.18213819339871404
0.2133882939815521
0.1249999338760972
0.12499989476054905
0.18749984754666865
0.06249996406418611
0.0366116389632225
0.0
0.01830581965522991
0.12499989569187162
0.05334705300629138
0.08348656818270682
0.12499994412064551
0.036611594924728756
0.00039259158074855804
0.2133882641792297
0.06249994598329066
0.11584702320396895
0.12499991059303281
0.21338813379406926
0.1874999366700649
0.027458753436803818
0.0624999724644995
0.12499990725743881
0.062499989369685365
0.01830580271780491
0.222541157156229
0.10669413208961485
0.124999925494194
0.05491744726896285
0.2316939681768417
0.031249992549419403
0.06249991804361342
0.18749983927596311
0.04687492739394949
0.062499931082129465
0.06249992549419402
0.3200822230428457
0.03661162639036774
0.10669407434761524
0.3475410789251327
0.12499991245567797
0.08002055401448159
0.09374993294477461
0.2667352277785539
0.04687495774123817
0.28124994039535517
0.2133882641792297
0.06249998882412911
0.10669411346316336
0.14330571889877317
0.14330570586025715
0.01072328351438045
0.32008234411478037
0.062499981373548494
0.49999988079071034
0.3200823180377483
0.0732232816517353
0.18749989941716194
0.01830579712986946
0.03661162336356937
0.031249973922967904
0.3955263793468475
0.07165287320654688
0.18213824927806851
0.18749991990625856
0.10669410271264866
0.10669408924877642
0.18749994412064547
-6.731630808332056e-10
0.09374996554106473
0.005361660383641719
-1.8626451467923765e-09
0.010723318904638289
0.0366116277873516
0.2499998790737798
0.0366116352379322
0.2133882939815521
0.018305839039385315
0.0624999701976776
0.06249997612457036
0.0624999739229679
0.14062483608722684
0.21338819229565326
0.018305812031030655
0.1537990429496858
0.21338816266506905
0.031249975785613057
0.1066941302269697
0.10669407993555063
0.36427649855613703
0.21338812907628066
0.06249995902180672
0.3124997969716787
0.1535690482705831
0.010723305866122242
0.062499942258000374
0.12499994039535521
0.0937499701976776
0.2812497448479047
0.42677655443549145
0.009152915328741072
0.12499995352176983
0.2915132045745849
0.0183058138936758
0.05334706231951713
0.005361653864383697
0.03125001490116119
0.18481900356709952
0.21338817663490767
0.003140759188681841
0.018305824603885412
7.450580596982584e-09
0.12499995049382215
0.1249999403953552
0.21338829035090653
0.1570350546389818
0.12499991059303281
0.1874999366700649
0.036611616611480706
0.03661162964999676
0.18749988079071045
0.3566939830780029
0.1874998357542159
0.018305830657482158
0.3955263830721377
0.33570716530084604
0.0366116352379322
0.18749988451600075
0.12499990885680566
0.124999925494194
0.0
0.05491745192557573
0.018305820605816533
0.036611609160900116
0.1874999105930328
0.249999850988388
0.10669410228729247
3.166496753962925e-08
0.036611627321690314
0.0026808157563209464
0.24999981746077532
0.0053616473451256735
0.03661166504025459
0.0080424714833498
0.18749992868293028
3.585612640303927e-17
0.12499991850382561
0.1249999403953552
0.09374993294477461
0.1249999776482582
0.14196531171910462
0.01830582123850188
0.21338816359639168
0.01830582077628162
0.28124977275729174
0.12499993667006512
0.062499926585306106
0.15624998323619366
0.24999986588954923
0.12499988485683486
0.249999925494194
0.03661164641380309
0.312499898369424
0.018305849283933636
0.0366116315126419
0.24999982118606562
0.0
0.0732232555747032
0.10669412463903424
0.07322328630834816
-1.1175870895473877e-08
0.09374993853271005
0.36427667737007136
0.31249977275729174
0.18213818967342374
0.36427664756774897
0.03661160171031952
0.046874970197677605
0.2499998360872268
0.036611650139093385
0.1874999152496457
0.12499995529651639
0.07054242910817264
0.031249981373548508
0.05491747334599494
0.12499988824129102
0.01830580509178747
0.03661162033677101
0.09375001862645146
0.2133882157504558
0.05491744820028542
0.36427636072039593
0.005361650139093397
0.12499991245567796
0.0937499664723873
0.0366116315126419
0.21338823437690732
0.1249998954297957
0.10669409111142157
0.2133881375193596
0.03124997881241142
0.24463822133839128
0.04576455033384263
0.036611619013039214
0.11584703810513018
0.2316939383745193
0.0366116240620613
0.42677643245804525
0.21338822320103643
0.2133882641792297
0.2499998807907104
0.005361653864383695
0.3955264389514922
0.09374992642551659
0.09793378692120312
0.036611597985029214
0.24999980029206464
0.0
0.036611640825867646
0.12499992393460778
0.16461754776537413
0.07322328537702559
0.04687498323619365
0.12499988079071042
0.2499998807907104
0.0183058250695467
0.05491744307801126
0.1874999105930328
0.10669412836432454
0.0366116389632225
-2.182222846869308e-09
0.036611646413803094
0.0366116389632225
0.010723302606493236
0.0624999813735485
0.10669413954019544
0.21338820457458493
0.03661162592470646
0.0
0.0
0.30713807791471476
0.0
0.12500000628642735
0.0
0.1874999105930328
0.31249974725548224
0.01830581203103067
0.0
0.036611642688512795
0.0
0.0
0.062499977648258195
0.03661163337528704
0.1459866091609001
0.36427643150091166
0.42677662873620925
0.42677646875381464
0.0
0.1249999515712261
0.12499995529651639
0.036611643888088345
0.010723298415541647
0.42677655443549156
0.01830585300922394
0.19207632355391976
0.0678616240620613
0.10669414699077605
0.018305807840079066
0.0015703802928328514
0.12499995529651639
0.03661163083820545
0.052236612653359764
0.156249925494194
0.1874999403953552
0.05491746217012405
0.37499965727329243
0.036611642688512795
0.02144659683108329
0.1249999701976776
0.0
0.4999997317790984
3.8008218794516316e-09
0.036611642688512795
0.127680754289031
0.21338818036019797
0.06249996274709699
0.1082645636051893
0.04576453252229839
0.21338828751954028
0.12499998323619363
0.05491744649742979
0.1249999329447746
0.0624999701976776
0.3200824242085218
0.07322326488792895
0.24999983608722684
0.036611631370856206
0.09888159035472198
0.06249995436519383
0.07165284827351569
0.374999948225728
0.12499998509883878
0.21338830888271326
0.06249994730037976
0.018305815756320953
0.0
0.32008236646652216
0.02098664036020636
0.0
0.2133881859481334
0.10669411066919562
0.21338824927806857
0.3749998472630977
0.4267766177654265
0.05491745378822087
0.062499968800693737
0.21495865285396573
0.24999994039535517
0.249999888241291
0.035826448351144784
0.0
0.24999986588954923
0.3071381356567144
0.18749991059303278
0.23169397935271258
0.10179240629076955
0.054917436558753245
0.24999994039535517
0.12499997019767758
7.450580592076045e-09
0.5464149117469786
0.3642766366754503
0.21338827535510058
0.020986627787351605
0.03661163710057735
0.05491744354367255
0.3749997919508851
-3.693733346181942e-09
0.11584702134132384
0.03661165013909339
-3.7252902935847534e-09
0.010723303072154518
0.0
0.3955265115946531
0.018305813893675808
0.12499999813735482
0.10669410973787305
0.0
0.3200824484229087
0.07322328910231587
0.18213822692632672
-7.450580606795661e-09
0.031249978579580777
0.27745857089757914
0.10669412091374396
0.018305808305740346
0.21338819339871404
0.062499962747097
0.1249999282881617
0.122319093439728
0.213388216752672
0.2667352287098765
0.18749988824129102
0.0
0.18749994970858092
0.0
0.0
0.0
0.0937499478459358
0.4267764389514922
0.1874998435378074
0.4267766773700713
0.14644661545753476
0.37499975040554995
0.3749996908009051
0.09374996554106471
0.3109294474124908
0.1249999191347264
0.23169405385851854
0.0624999888241291
0.32008229196071625
0.24999994784593535
0.018305817618966103
0.018305846822170176
0.053347055800259106
0.06249998308272619
0.12499998509883878
0.018305815756320936
0.46338804531842465
0.03661161474883555
0.12499993349033066
0.1066941618919372
0.24999995902180666
0.054917469620704665
0.031249967869371172
0.2133882939815521
0.0
0.0366116240620613
0.031249970197677626
0.05491746857296674
0.018305817618966103
0.015624996274709712
0.12499996274709702
0.0
0.12499998509883878
-3.441719353958205e-09
0.23169402778148646
0.49999988079071034
-1.8626451467923765e-09
0.018305825535207987
0.21338823886932662
0.0
0.03661164315417408
0.18749988824129102
0.24999991059303278
0.0183058138936758
0.03124997578561306
0.12499995529651639
0.06249996188666769
0.18749992828816173
0.10669410601258275
0.0624999701976776
0.2133882492780685
0.1249999403953552
0.0
0.21338822259508303
0.21338816327567753
8.351010438722993e-10
0.13415281288325784
0.21338828653097147
0.062499977648258195
0.18749987079914507
0.18213827908039093
0.018305806443095204
0.0
0.21338833868503565
0.2499999552965164
0.09374993480741975
0.010723298415541645
0.062499956592019665
0.10669411784355314
0.10669412650167939
0.21338822506368155
0.018305812031030655
0.0624999888241291
0.17834700644016263
0.062499977648258195
0.062499973922967904
0.12499998445968029
5.587935450190207e-09
0.0624999701976776
0.44508228823542584
0.213388305157423
0.03661160671943108
0.4267766363918781
0.18213825114071366
0.0
0.18749992263403922
0.10669408831745383
0.42677660286426533
0.249999925494194
-7.450580587169506e-09
0.0
0.062499955296516405
0.2133882865309715
0.1249999850988388
0.3071380630135535
0.062499981373548494
0.0
0.12499995529651639
0.2499999552965164
1.356351009285106e-08
0.4267766177654265
0.06249995350476411
0.09374992363154888
0.1874999105930328
0.05491742771118878
0.1874999403953552
0.0366116352379322
0.1874999180436134
0.06249998509883879
-1.2168315799421234e-09
0.21338827908039087
1.4901161174339012e-08
0.4267765479162335
0.21338830888271326
0.0015704110264778094
0.0
0.03661164346246514
0.21338826604187483
0.03661162871867429
0.01830583298578858
0.10669413208961485
0.124999962747097
0.06249998509883879
0.2133882641792297
0.009152915328741072
0.07322329282760619
0.06249998509883878
0.06249996296561621
0.0937499701976776
0.10669408738613126
0.010723298415541645
0.12499994784593581
0.13336758781224486
0.09374994784593581
0.4999999403953551
0.09374998509883879
0.49999979138374323
0.2499998577488869
0.1066941199824214
0.062499977648258195
0.0
0.0366116315126419
0.07322327047586438
0.0183058176189661
0.12499994598329064
0.10669409483671186
0.005361642688512814
0.062499953433871255
0.07322328537702559
0.0
0.4267766326665878
0.49999988079071034
0.0026808371767401695
0.07165287807583808
0.21338823251426217
5.949365444735122e-10
0.24999998509883878
3.7252900764173087e-09
0.0
0.01830581817324339
0.2133883330971002
0.02144660614430904
0.21338830888271326
0.24999998509883878
0.054917469620704644
0.07322330027818678
-3.024167471998851e-09
0.1874998454004526
0.4267766177654265
0.1821383014321327
0.2133881654590368
0.2133882939815521
0.12499995529651639
0.0366116352379322
0.06249996088445186
0.1249999776482582
0.24084691191092128
0.01830581901594996
0.21338830888271326
0.2133882492780685
0.009152903221547604
0.12499999452655629
0.10669410228729247
0.09374991804361342
0.0053616389632224915
0.21338827908039087
0.24084698595106596
0.10669413022696972
0.062499977224959244
0.062499977648258195
0.21338825329957437
0.2133882977068424
0.11718738824129103
0.0
0.031249994644895196
0.07322328910231589
0.18749988079071042
0.2316940743476152
0.4267764985561371
0.3749997541308402
0.18213817104697222
0.11584698408842084
0.42677664756774897
0.3642765283584594
0.0
7.450580596982584e-09
0.018305815756320946
0.24999991059303278
0.03661164082586764
0.09374992598847685
0.03661164641380309
0.21338826045393938
0.426776654087007
0.0937499552965164
0.2133882641792297
0.018305822275578976
0.12499995529651639
0.1874999452448511
0.36427661771805747
0.031249984167516225
0.10669416002929205
0.49999988079071034
0.249999850988388
0.054917464129123225
0.12499998509883878
0.05491744820028542
0.12499997764825818
0.12499996833503244
0.3475410975515842
0.2133881896734237
0.10669412836432456
0.37499983981251706
0.06249998416751622
0.0
0.2133882939815521
0.20312492921948427
0.1562499180436134
0.036611639894545064
0.124999962747097
0.18749996088445184
0.05334708345344473
0.3566939812153577
0.033930804580450044
0.062499977648258195
0.0
0.036611635237932205
0.10669410601258275
0.49999988079071034
0.36427664770369345
0.42677655816078175
0.24999994039535517
0.21338826527034224
0.12499997578561303
0.12499994784593581
0.0
0.0
0.03661165013909339
0.0624999813735485
0.49999997019767756
0.14330576360225675
0.24999992642551655
0.01072330307215452
0.036611642688512795
0.12499993790961203
0.463388026419195
0.18749992921948433
0.062499966509983865
0.0
0.2133882939815521
0.36427664756774897
0.062499952107092346
0.05334706697613001
0.42677660286426533
0.21338823437690732
0.06249998509883879
0.12499994412064551
0.0
0.036611633934623376
0.10983493737876415
0.0
0.0015703998506069088
0.49999992083758105
0.03125000046566128
0.07322329282760619
0.1249999329447746
0.03661163710057736
0.073223277926445
0.0
0.12499998509883879
0.07322328444570302
-3.441718909868996e-09
0.124999962747097
0.0366116389632225
0.12499998509883878
0.0
0.2866115570068359
0.21338823437690732
0.4267766177654265
0.05491742119193076
0.062499962939980225
0.3749998547136783
0.1966527886688709
0.01830584742128849
0.0
0.21338830888271326
3.725290298491292e-09
0.42677655816078175
0.12499996647238726
0.2133882902562618
0.31249989382922644
0.23169411718845362
0.0
0.0
0.0366116277873516
0.49999982920378805
0.00915289670228958
0.0
0.4999999105930328
0.4999999105930328
0.06249999254941939
0.2133882977068424
0.4999999403953551
0.21338830888271332
0.0624999888241291
0.23169412836432451
0.1249999776482582
0.24999997019767756
-1.7946726882378523e-09
0.0625
0.21338831633329386
0.062499988824129174
0.426776610314846
0.21338832378387448
0.1249999403953552
0.10669411486014722
0.24999994551762936
0.36427665129303927
0.0
0.42677664756774897
0.21338832378387448
0.07322326861321936
0.24999997019767756
0.2133882492780685
-1.1175870900380414e-08
0.10669416747987268
0.0
0.0
0.24999997019767756
0.010723302140831946
0.4999999999999999
0.0
-1.0080563050962608e-09
0.1433057729154825
0.9999998807907102
0.21338823810219762
0.24999998137354845
0.05491745471954345
0.49999997019767756
0.0732232704758644
0.05491747334599494
0.07322329282760619
0.07322329282760619
0.2133882939815521
0.4267766773700713
0.0366116352379322
0.3200824817907319
0.0
0.0
0.7499998882412908
0.0366116389632225
0.2499999403953552
0.4267766065895557
0.12499997578561303
0.0
0.14330577850341794
0.036611642688512795
0.2446382865309715
0.4267765879631042
0.036611646413803094
0.2499999552965164
0.2133882641792297
0.009152915328741075
0.3200824782252311
0.09375000558793545
0.036611642688512795
0.0
0.036611642688512795
0.2499999552965164
0.036611646413803094
0.2583675123751163
0.0624999813735485
0.045764543116092654
0.24999997019767756
0.2499999552965164
0.0366116352379322
0.0
0.1249999776482582
0.0732232704758644
0.036611642688512795
0.4267766177654265
0.12768075615167615
0.06249998509883879
0.0366116389632225
0.21338829398155207
0.12499995529651639
0.12499997578561327
0.062499982247625305
0.036611642688512795
0.07322328537702559
0.1464466005563736
0.21338830888271326
0.30445741862058634
0.1249999403953552
0.124999962747097
2.260708065193739e-09
0.07322325650602578
0.09374996274709699
0.2499999282881617
0.07322326302528379
0.0624999813735485
0.21338830888271326
0.0366116389632225
0.4267766177654265
0.320082439109683
0.0
0.2133882716298103
0.12499993294477461
0.3642765209078788
0.4267766773700713
0.21338828466832635
0.07322328910231589
0.05491745332255958
0.21338827908039087
0.4267766177654265
0.4999999403953551
0.24999989569187162
0.07322328910231589
0.24999991028609878
0.10669410601258277
0.0
0.32923522964119906
0.36427664756774897
0.05491746217012405
0.4999999999999999
0.03661163457938776
0.4267765879631042
0.07322329282760619
0.42677654325962056
-1.862645149245646e-09
0.4267765283584594
0.4267765842378139
0.07322330027818678
0.4999999105930328
0.0
0.0
0.4267766773700713
0.07322331890463826
0.31249996274709696
0.12499998509883878
0.24999997019767756
0.0
0.4999999403953551
0.12499998509883878
0.0
0.0
0.21338830888271326
0.0
0.3200824558734893
0.0
0.14330582134425637
0.010723301209509371
0.10669412864789504
0.4267766177654265
0.49999988079071034
0.2133882492780685
0.24999989654258445
0.21338830888271326
0.21338826045393944
0.24999994039535517
0.4267765879631042
0.06249997066333889
0.07322327885776757
0.24999997019767756
0.12499995715916154
0.2133882641792297
0.2499999552965163
0.12499998509883878
0.24999997019767756
0.062499970197677605
0.07322327792644501
0.07322330027818678
0.4999999776482581
0.031249998137354847
0.42677661031484593
0.24999998137354845
0.010723301209509371
0.640164941549301
0.4267766773700713
0.4999999403953551
0.21338826417922974
0.0
0.0624999813735485
0.21338830888271326
0.0
0.10669414140284059
0.0
0.21338833868503565
0.073223277926445
0.18749997392296788
0.2133882641792297
0.49999997019767756
0.42677655816078175
0.231694146990776
0.03661165060475468
0.036611642688512795
0.0
0.010723301675170662
0.10669410973787305
0.21338830888271326
0.49999997019767756
0.42677654325962056
0.036611642688512795
0.0366116389632225
0.4267766177654265
0.07322329282760619
0.24999997019767756
0.1249999776482582
-7.450580606795663e-09
0.1066941153258085
0.010723304003477095
0.3642765656113624
0.06249998509883879
0.0
0.2133882492780685
0.14644657075405118
0.0366116464138031
0.249999925494194
0.49999997019767756
0.12499996833503245
0.0
0.0
0.0
0.4267766773700713
0.010723304003477095
0.06249997485429048
0.8535532653331755
0.0
0.4267766177654265
0.8535532951354979
0.03661165013909339
0.03661163570359348
0.24999997019767756
0.42677664756774897
0.24999998137354845
0.036611647228710346
0.010723302140831946
0.0
0.031249986961483952
0.1249999478459358
0.21338830888271326
0.2499999552965164
0.24999994039535517
0.07165288599207996
0.09374996483571896
0.0
0.21338827956447654
0.49999994784593565
0.36427667737007136
0.12499998509883878
0.4999998893755747
0.005361657589673993
0.01830582157708704
0.12499998882412909
0.15624988777562973
0.0
0.4267766773700713
0.12499998509883878
0.0
0.49999997019767756
0.1249999776482582
0.2499999552965164
0.07322328537702559
0.5464149639010428
0.0
0.2812498658895492
0.0366116389632225
0.4999999403953551
0.24999994039535517
0.49999988079071034
0.21338833868503565
0.0
0.4267765879631042
0.2499998956918716
0.0
0.10669413581490511
0.3437497783452272
0.12499998509883878
0.48012355715036387
0.18749992549419403
0.12499994225800035
0.21338832378387448
0.07322327047586441
0.12499995529651639
0.7499997690320014
0.3642765581607818
0.2133882939815521
0.010723298764787613
0.0
0.062499996274709715
0.02144660800695419
0.07322330027818678
0.21338833868503565
0.24999998137354845
0.4999999105930328
0.06249999254941939
0.14330582087859509
0.036611642688512795
0.018305821344256398
0.0
0.4267766773700713
0.4999999999999999
0.0
0.24999991059303278
0.3200824782252311
0.021446585655212395
0.009152911603450763
0.07322329282760619
0.4999999403953551
0.0
0.0
2.2351741790947753e-08
0.036611644551157944
0.4999999403953551
0.010723299812525509
0.4267766773700713
0.12499998509883878
0.21338830888271326
0.24999997019767756
0.0
0.07322328537702559
0.2133882939815521
0.01830582274124026
0.24999997019767756
0.2499999552965164
0.24999996647238726
0.0
0.0
0.0624999701976776
0.24999991059303278
0.4999999105930328
0.018305817618966103
3.725290298491292e-09
0.24999998137354845
0.24999994039535517
0.2499999338188512
0.2499999552965164
0.4999999403953551
0.21338833868503565
0.0
0.21338830888271326
0.4999999776482581
0.4999999105930328
0.07322328351438044
0.36427667737007136
0.24999997019767756
0.03661165572702883
0.21338828686024366
0.010723302140831946
0.4999999403953551
0.24999994039535517
0.06249998509883879
0.49999997019767756
0.12499997578561303
0.0366116464138031
0.18213829211890695
0.0
0.0
0.12499996181577443
0.0
0.24999998509883878
0.4999999776482581
1.5430652311465559e-09
0.4267765879631042
0.0
0.0366116352379322
0.24999997019767756
0.4267766773700713
0.06249998668571881
0.4633881971240043
0.2499999552965164
0.0
0.010723300278186795
0.0
0.24999997019767756
0.01072330307215452
0.1821382790803909
0.036611642688512795
0.06249999068677425
0.12499997019767758
0.42677661776542664
0.4999999105930328
0.4267765879631042
0.073223277926445
0.2499999552965164
0.4267766773700713
0.4999999105930328
0.32008247449994076
0.054917450528591864
0.12499998696148393
0.37499993294477457
0.07322328537702559
0.4267766773700713
0.36427649855613703
0.1249999813735485
-1.1175870890567337e-08
0.018305825535207987
0.036611646413803066
0.24999998509883878
0.21338830888271326
0.0
0.249999925494194
0.07322329282760619
0.01830581482499838
0.24999998183920977
0.42677664756774897
0.24999995157122606
0.24999997019767756
0.0
0.010723298415541645
0.49999997019767756
0.07322328537702559
0.12499997019767758
0.49999997019767756
0.4999999701976775
0.0
0.03661164827644824
0.1874999403953552
0.07322330027818678
0.2499999552965164
0.374999850988388
0.4999999403953551
0.4267766773700713
0.4999999999999999
0.1249999776482582
0.2133882939815521
0.4999999999999999
0.06249999254941939
0.37499994039535517
0.036611638963222504
0.4999999999999999
0.0
0.12499993294477461
0.49999997019767756
0.4999999403953551
0.0
0.24999997019767756
0.0
0.49999997019767756
0.12499995529651642
0.010723301675170657
0.21338827908039087
0.42677664756774897
0.0
0.10669415071606635
0.12500000186264512
0.4999999813735484
0.03661165013909339
0.12499999068677423
0.01072330307215452
0.24999997019767756
0.2499999552965164
0.42677664756774897
0.24999997019767756
0.24999998509883878
0.853553235530853
0.24999997019767756
-1.8626451467923765e-09
0.2133882939815521
0.0
0.1874999441206455
0.0
0.0
0.36427664756774875
0.4999999403953551
0.036611642688512795
0.07322330027818678
0.42677664756774897
0.0366116389632225
0.04197330027818679
0.42677664756774897
0.42677667364478106
0.4999999403953551
0.24999997019767756
0.4999999999999999
0.12499997764825818
0.01830581948161124
0.12499997764825818
0.0
0.21338830888271326
0.07322330027818678
0.6401649042963979
0.4267766177654265
0.42677659913897503
0.24999991804361338
0.07322329282760619
0.24999997019767756
0.24999994039535517
0.4999999403953551
0.395526411011815
0.07322330027818678
0.07322329282760619
0.0
0.0
0.21338828839361662
0.24999997019767756
0.03661165013909339
0.7285533472895621
0.49999997019767756
0.49999997019767756
0.24999986204976676
0.21338827908039087
0.2133882492780685
0.036611646413803094
0.0
0.49999997019767756
0.07322329282760619
0.4999999105930328
0.0366116464138031
0.2866115681827068
0.24999998509883878
0.0
0.21338821966490057
0.0624999813735485
0.12499996833503256
0.49999988079071034
0.4267766177654265
0.1249999776482582
0.24999997019767756
0.49999994784593565
0.07322330027818678
0.24999997019767756
0.8535531759262084
0.0
0.07322330027818678
0.36427664756774897
0.24999998509883878
0.12499998509883878
0.05491745611652731
0.24999997019767756
0.24999994039535517
0.24999997019767756
0.1249999776482582
0.4999999403953551
0.0
0.24999998509883878
0.07322328817099331
0.07322330027818678
0.0624999888241291
0.07322329282760619
0.4267766773700713
0.49999997019767756
0.24999997019767756
0.21338829398155207
0.4267766773700713
0.07322328537702559
0.24999995529651614
0.4267766773700713
0.49999997019767756
0.4999999999999999
0.3200824316591024
0.036611645948141806
0.010723301209509371
0.374999850988388
0.24999998509883878
0.24999998509883878
0.4999999999999999
0.49999997019767756
0.4999999403953551
0.018305815756320953
0.2499999552965164
0.42677655816078175
0.06249998044222592
0.24999997019767756
0.4999999999999999
0.0
0.06249998044222592
0.03661165013909339
0.12499998509883878
0.12499997951090333
0.4267766773700713
0.24999997019767756
0.24999994039535517
0.23169410228729245
0.8535532876849172
0.2499999552965164
0.49999997019767756
0.07322330027818678
0.12499998509883878
0.4999999999999999
0.4999999403953551
0.07322330027818678
0.24999997019767756
0.2499999552965164
0.37499991059303284
0.0
0.24999998509883878
0.49999997019767756
0.4999999999999999
0.0624999701976776
0.03661165013909339
0.4267766177654265
0.07322330027818678
0.0
0.0
3.725290298491292e-09
0.4999999403953551
0.4267766773700713
0.4999999850988387
0.07322328537702559
0.7499998360872268
0.4267766773700713
0.12499998509883878
0.2499999552965164
0.0
0.49999989569187153
0.07322330027818678
0.07322329282760619
0.3642766419798135
0.062499996274709695
0.4999999999999999
0.12499997764825818
0.03124999906867742
0.4267765879631042
0.4999999403953551
0.4267766773700713
0.12499996088445184
0.320082351565361
0.21338832005858419
0.4267766773700713
0.21338830888271326
0.12499998246466082
0.24999997019767756
0.4999999329447745
0.12499998509883878
0.12499996538127477
0.36427664756774897
0.4267766773700713
0.4999999105930328
0.0
0.24999997019767756
0.12499998509883878
0.07322329655289649
0.49999997019767756
0.4267766773700713
0.07322330027818678
0.0624999813735485
0.24999998509883878
0.4999999403953551
0.4999999105930328
0.499999850988388
0.49999997019767756
0.4267766773700713
0.24999998509883878
0.4999999999999999
0.4999999403953551
0.4267766773700713
0.12499997764825818
0.07322329282760619
0.0
0.0
0.21338830888271326
0.24999998509883878
0.07322330027818678
0.036611646413803094
0.07322329282760619
0.24999997019767756
0.24999997019767756
0.4267766773700713
0.4999999403953551
0.124999962747097
0.0
0.12499998509883878
0.4267766177654265
0.24999997019767756
0.49999997019767756
0.4267766773700713
0.21338830888271326
0.124999975785613
0.24999997019767756
0.49999997019767756
0.4999999403953551
0.2499999552965164
0.49999988079071034
0.0
0.8535532802343367
0.42677664756774897
0.24999998509883878
0.12499998509883878
0.010723305400460955
0.12499998509883878
0.4999999105930328
0.4999999403953551
0.49999997019767756
0.24999998509883878
0.4267766177654265
0.853553235530853
0.187499962747097
0.4999999403953551
0.4999999999999999
0.07322329282760619
0.036611642688512795
0.2133882641792297
0.24999997019767756
0.0
0.4267766177654265
0.24999997019767756
0.24999997019767756
0.0
0.24999997019767756
0.24999997019767756
0.4999999403953551
0.49999997019767756
0.0
0.036611642688512795
0.4267766177654265
0.4999999105930328
0.49999997019767756
0.0
0.2866116119548678
0.24999998882412905
0.249999925494194
0.2499999552965164
0.036611646413803094
0.49999997019767756
0.05334706045687198
0.0
0.4999999999999999
0.2499999552965164
0.42677667364478106
0.4999999105930328
0.24999998509883878
0.07322329282760619
0.4999999403953551
0.07322330027818678
0.4999999105930328
0.0
0.0
0.24999997019767756
0.0
0.24999997019767756
0.2499999552965164
0.4999999403953551
0.0549174710176885
0.2499999552965164
0.2499999552965164
0.4267766773700713
0.24999994039535517
0.24999997019767756
0.0
0.4999999403953551
0.036611639428883784
0.0
0.24999997019767756
0.24999997019767756
0.24999997019767756
0.24999998509883878
0.49999997019767756
0.24999998882412905
0.12499996833503245
0.07322330027818678
0.4999999999999999
0.24999997019767756
0.49999997019767756
0.062499996274709695
0.49999997019767756
0.24999998509883878
0.2499999552965164
0.01072330307215452
0.06249997951090336
0.21338830888271326
0.4999999999999999
0.1249999776482582
0.4999999403953551
0.07322331145405767
0.03661165572702885
0.07322330027818678
0.2499999552965164
0.36427667737007136
0.42677661776542664
0.42677664756774897
0.49999997019767756
0.4999999403953551
0.21338831819593904
0.4999999999999999
0.0
0.49999996331423885
0.24999997019767756
0.49999997019767756
0.2133882939815521
0.124999962747097
0.24999995902180666
0.4267765879631042
0.21338830888271326
0.49999997019767756
0.12500000745058057
0.12499998509883878
0.7285531908273695
0.21338830888271326
0.4999999403953551
0.12499996712013872
0.24999998509883878
0.24999995902180666
0.0
0.4999999999999999
0.2499999552965164
0.4999999403953551
0.0
0.4999998653224073
0.4267766177654265
0.3642766177654266
0.0
0.2866116119548678
0.0
0.07322330027818678
0.0
0.036611642688512795
0.4999999403953551
0.4267766773700713
0.37499995529651636
0.07322329282760619
0.4999999776482581
0.4999999999999999
0.49999997019767756
0.4999999999999999
0.49999997019767756
0.42677666991949076
0.12499994211621489
0.49999997019767756
0.2133882939815521
0.124999962747097
0.49999997019767756
0.24999997019767756
0.24999998509883878
0.0
0.4267766773700713
0.4999999999999999
0.2499999552965164
0.0107233002781868
0.4999999403953551
0.49999988079071034
0.2499999552965164
0.06249999254941939
0.24999997019767756
0.4267766177654265
0.09374995157122612
0.0
0.3200824856758117
1.1764864120888602e-16
0.24999997019767756
0.0
0.0
0.24999998509883878
0.21338823437690732
0.0
0.0624999776482582
0.2499999552965164
0.463388293981552
0.4267766773700713
0.06249995902180671
0.24999997019767756
0.2499999552965164
0.4999999776482581
0.21338830888271326
0.4633882045745849
0.07322329282760619
0.2133882939815521
0.4999999105930328
0.36427664756774897
0.0
0.07322330027818678
0.4999999403953551
0.2499999552965164
0.49999997019767756
0.21338832378387448
0.062499979510903345
0.12499998509883878
0.4999999105930328
0.49999997019767756
0.12499995902180669
0.12499998509883878
0.07322330027818678
0.1066941618919372
0.4999999403953551
0.49999997019767756
0.24999997019767756
0.4999999999999999
0.0
0.4999999105930328
0.3200824558734893
0.4267766773700713
0.0
0.03661163803189992
0.24999998509883878
0.49999997019767756
0.07322329282760619
0.49999997019767756
0.49999988079071034
0.24999997019767756
0.21338833868503565
0.4999999105930328
0.24999997019767756
0.2499999552965164
0.4999999403953551
0.07322329282760619
0.4999999403953551
0.12499995529651639
0.32008242607116694
0.49999988079071034
0.0
0.0
0.49999997019767756
0.12499997019767758
0.24999995529651645
0.4999999403953551
0.9999998211860656
0.24999997019767756
0.4999999403953551
0.07322329282760619
0.2499999552965164
0.2499999552965164
0.4999999403953551
0.0
0.07322328537702559
0.4999999999999999
0.49999997019767756
0.0
0.37499994039535517
0.0
0.06249999254941939
0.036611642688512795
1.2117658210186733e-08
0.07322330027818678
0.42677664756774897
0.4999999403953551
0.49999997019767756
0.2499999552965164
0.4999999403953551
0.4999999999999999
0.4999999999999999
0.24999994039535517
0.0
0.4267766773700713
0.4267766773700713
0.49999997019767756
0.0
0.07322330027818678
0.2499999552965164
0.07322329282760617
0.4267766773700713
0.24999997019767756
0.24999997019767756
0.4999999403953551
0.06249999254941939
0.07322330027818678
0.4999999105930328
0.4999999999999999
0.07322330027818678
0.4999999999999999
0.24999998509883878
0.24999997019767756
0.4999999403953551
0.062499996274709695
0.49999997019767756
0.49999997019767756
0.49999997019767756
0.4999999403953551
0.07322329282760619
0.8535532802343367
0.2499999999999999
0.9999999403953551
0.49999997019767756
0.4999999403953551
0.0
0.24999998509883878
0.0
0.1249999776482582
0.24999997019767756
0.24999997019767756
0.49999997019767756
0.07322330027818678
0.49999997019767756
0.49999997019767756
0.24999997019767756
0.2133882939815521
0.07322330027818678
0.0183058213442564
0.3642766252160072
0.24999998509883878
0.31249997019767756
0.4999999999999999
0.07322329282760619
0.4999999776482581
0.24999993294477457
0.0
0.24999995529651645
0.0
0.3749999403953551
0.12499998509883878
0.07322329282760619
0.4267766140401362
0.4267765879631042
0.4999999999999999
0.0
0.0
0.06249998509883879
0.49999997019767756
0.4267766177654265
0.28661161661148066
0.036611646413803094
0.2499999552965164
0.49999997019767756
0.4999999999999999
0.4999999403953551
0.49999997019767756
0.2499999552965164
0.2499999552965164
0.4999999403953551
0.4999999999999999
0.4267766773700713
0.0
0.6401649191975592
0.4999999478459359
0.03661165013909339
0.49999997019767756
0.4267766773700713
0.4999999403953551
0.1249999776482582
0.24999997019767756
0.0
0.4267766773700713
-1.5732333213946954e-09
0.2499999552965164
0.4267766177654265
0.4999999403953551
0.24999997019767756
0.07322329282760619
0.0
0.24999997019767756
0.49999997019767756
0.0
0.49999997019767756
0.4999999999999999
0.0
0.07322329282760619
0.1249999776482582
0.49999997019767756
0.24999997019767756
0.4999999999999999
0.4999999999999999
0.06249999161809682
0.49999997019767756
0.49999988079071034
0.0
0.42677664756774897
0.24999997019767756
0.49999997019767756
0.07322330027818678
0.0
0.4999999105930328
0.24999997019767756
0.49999997019767756
0.49999990314245213
0.24999997019767756
0.0
0.07322329282760619
0.4267766773700713
0.07322330027818678
0.4267765879631042
0.4267765879631042
0.0624999888241291
0.036611646413803094
0.24999998509883878
0.124999962747097
0.24999998509883878
0.2133882641792297
0.49999997019767756
0.4999999776482581
0.4999999105930328
0.42677667364478106
0.49999997019767756
0.49999997019767756
0.8535533100366591
0.1464465856552124
0.4999998807907104
0.24999995902180666
0.2499999552965164
0.4999999999999999
0.49999997019767756
0.4999999403953551
0.07322329282760619
0.4999999403953551
0.49999997019767756
0.21338832378387448
0.4999999403953551
0.4999999999999999
0.0
0.4999999403953551
0.49999997019767756
0.49999997019767756
0.0
0.4999999105930328
0.03661165013909339
0.24999997019767756
0.062499989107699924
2.8512137095759722e-09
0.21338833868503565
0.06249999441206455
0.4999999105930328
0.0
0.24999995902180666
0.49999997019767756
0.4999999999999999
0.49999997019767756
0.49999997019767756
0.036611646413803094
0.4999999403953551
0.4999999403953551
0.4999999105930328
0.0
0.12499997951090333
0.0
0.49999997019767756
0.36427664756774897
0.49999997019767756
0.0366116389632225
0.49999997019767756
0.24999998509883878
0.21338832378387448
0.0
0.07322330027818678
0.49999997019767756
0.4999999403953551
0.0732232928276062
0.12499998509883878
0.49999997019767756
0.24999997019767756
0.0
0.0366116389632225
0.24999998509883878
0.49999997019767756
0.21338833868503565
0.07322330027818678
0.4999999999999999
0.4999999403953551
0.4999999403953551
0.0
0.4999999403953551
0.49999997019767756
0.4999999999999999
0.0
0.03661163290962576
0.4999999999999999
0.06249998509883879
0.07322331145405767
0.4267766177654265
0.49999997019767756
0.4999999403953551
0.07322330027818678
0.49999988079071034
0.4999999999999999
0.07322330027818678
0.2499999552965164
0.4999999403953551
0.4999999105930328
0.4999999999999999
0.4999999999999999
0.12499998509883878
0.07322329282760619
0.24999994039535517
0.4999999403953551
0.12499997392296786
0.4267766177654265
0.4999999105930328
0.4267766773700713
0.49999997019767756
0.24999998509883878
0.07322330027818678
0.14644662290811533
0.426776636391878
0.06249999254941939
0.4999999403953551
0.24999997019767756
0.12499995902180647
0.01830581901594996
0.07322330027818678
0.49999997019767756
0.4267766177654265
0.24999997019767756
0.1249999776482582
0.4999999999999999
0.24999997019767756
0.24999998509883878
0.1249999850988388
0.07322330027818678
0.24999997019767756
0.4999999999999999
0.10983490478247403
0.4999999999999999
0.4999999105930328
0.4999999999999999
0.49999997019767756
0.03661165386438369
0.24999997019767756
0.07322329282760619
0.49999997019767756
0.4267766773700713
0.07322329282760619
0.4999999999999999
0.24999997019767756
0.0
0.4999999403953551
0.06249999254941939
0.018305822275578976
0.49999997019767756
0.0
0.4267766773700713
0.24999997019767756
0.1249999776482582
0.4999999403953551
0.1249999701976776
0.4999999999999999
0.49999997019767756
0.9999999403953551
0.21338827908039087
0.4999999776482581
0.24999997019767756
0.4999999999999999
0.21338831447064874
0.0624999888241291
0.49999997019767756
0.49999997019767756
0.49999997019767756
0.4267766773700713
0.49999997019767756
0.010723302140831946
0.24999998509883878
0.036611642688512795
0.07322328537702559
0.42677664756774897
0.4267766773700713
0.24999997019767756
0.24999997019767756
0.24999997019767756
0.12499998509883878
0.4267766773700713
0.06249998509883879
0.4999999999999999
0.2499999552965164
0.4999999105930328
0.18749989941716189
0.12499997019767758
0.4999999403953551
0.4999999403953551
0.0
0.12499998509883878
0.07322330027818678
0.4267766773700713
0.9999998807907102
0.07322330027818678
0.21338833868503565
0.4999999999999999
0.24999997019767756
0.0
0.21338833868503565
0.2499999552965164
0.4267766773700713
0.18749996460974214
0.4267766177654265
0.4999999999999999
0.0
0.4999999403953551
0.4999999999999999
0.49999997019767756
0.4267766177654265
0.21338833868503565
0.21338830888271326
0.49999997019767756
0.0
0.4999999403953551
0.49999997019767756
0.4999999403953551
0.49999997019767756
0.062499996274709695
0.42677664756774897
0.07322329282760619
0.0
0.0
0.24999997019767756
0.4999999999999999
0.07322330027818678
0.07322330027818678
0.12499998509883878
0.49999997019767756
0.4999999999999999
-7.450580606795661e-09
0.24999997019767756
0.4999999403953551
0.036611642688512795
0.21338833495974538
0.49999997019767756
0.49999997019767756
0.4267766773700713
0.49999997019767756
0.2499999552965164
0.12499997392296788
0.1249999776482582
0.4999999105930328
0.07322329282760619
0.4999999999999999
0.07322330027818678
0.21338830888271326
0.24999998509883878
0.21338832378387448
0.010723305866122248
0.036611646413803094
0.24999998509883878
0.07322330027818678
0.49999973177909846
0.4999999999999999
0.07322330027818678
0.4999999999999999
0.4999999999999999
0.49999997019767756
0.24999998509883878
0.06249998509883879
0.2133883404253289
0.07322329934686421
0.07322328623745543
0.21338833868503565
0.4999999403953551
0.49999997019767756
0.4999999999999999
0.4999999403953551
0.8535532802343367
0.49999997019767756
0.4999999105930328
0.49999997019767756
0.4999999999999999
0.49999988079071034
0.12499997019767758
0.4999999999999999
0.24999997019767756
0.2499999552965164
0.21338830888271326
0.07322330027818678
0.036611646413803094
0.12499995902180669
0.0
0.07322330027818678
0.49999997019767756
0.4999999999999999
0.2499999552965164
0.24999994039535517
0.24999993387609715
0.21338830888271326
0.4999999105930328
0.21338832378387448
0.49999997019767756
0.036611646413803094
0.07322329282760619
0.073223277926445
0.49999997019767756
0.42677664756774897
0.07322329282760619
0.4999999403953551
0.12499998509883878
0.4267766177654265
0.12499998509883878
0.21338832378387448
0.0
0.07322329282760619
0.18749997019767758
0.4267766773700713
0.24999997019767756
0.21338832378387448
0.0
0.036611646413803094
0.4999999999999999
0.0
0.6401649266481398
0.24999997019767756
0.24999998509883878
0.0
0.21338833868503565
0.21338833868503565
0.2499999441206459
0.4267766773700713
0.9999999403953551
0.4999999403953551
0.4267766773700713
0.07322328537702559
0.4267766773700713
0.21338833868503565
0.49999997019767756
0.49999997019767756
0.4999999999999999
0.12499997764825818
0.24999997019767756
0.49999997019767756
0.49999988079071034
0.4999999999999999
0.4999999999999999
0.49999997019767756
0.12499998509883878
0.07322329655289649
0.4999999999999999
0.036611646413803094
0.4999999999999999
0.4267765879631042
0.49999997019767756
0.24999991059303278
0.4999999999999999
0.4999999999999999
0.4267766773700713
0.036611646413803094
0.07322329189628361
0.07322330027818678
0.4999999999999999
0.24999997019767756
0.0
0.24999998509883878
0.7285531312227248
0.4999999403953551
0.49999997019767756
0.49999997019767756
0.4267766773700713
0.12499998509883878
0.4267766177654265
0.2499999552965164
0.49999997019767756
0.4267766177654265
0.06249999254941939
0.36427667737007136
0.4999999403953551
0.49999997019767756
0.49999997019767756
0.49999997019767756
0.24999997392296788
0.4999999403953551
0.24999998509883878
0.42677664756774897
0.4999999403953551
0.24999997019767756
0.4999999999999999
0.4999999403953551
0.0
0.12499998509883878
0.1249999776482582
0.12499999068677423
0.0
0.4999999403953551
0.49999997019767756
0.24999997019767756
0.24999997019767756
0.4999999999999999
0.49999997019767756
0.2133883014321327
0.24999994039535517
0.24999997019767756
0.4999999105930328
0.49999997019767756
0.49999997019767756
0.0
0.4999999403953551
0.42677660286426533
0.4999999999999999
0.4999999403953551
0.49999997019767756
0.36427664756774897
0.24999998509883878
0.07322330027818678
0.07322330027818678
0.24999997019767756
0.036611642688512795
0.4999999999999999
0.49999997019767756
0.4999999403953551
0.24999997019767756
0.06249998509883879
0.07322330027818678
0.21338831726461643
0.4267766773700713
0.4267766773700713
0.4999999999999999
0.4999999999999999
0.07322330027818678
0.24999997019767756
0.24999998509883878
0.2499999403953552
0.0
0.49999997019767756
0.36427664756774897
0.07322330027818678
0.49999997019767756
0.42677664756774897
0.49999997019767756
0.36427667737007136
0.4267766773700713
0.24999997392296788
0.24999997019767756
0.4999999999999999
0.2499999552965164
0.4999999105930328
0.036611646413803094
0.4999999776482581
0.24999997019767756
0.374999850988388
0.07322329282760619
0.24999998509883878
0.24999997019767756
0.24999997019767756
0.21338832378387448
0.24999997019767756
0.49999997019767756
0.24999998509883878
0.32008242979645724
0.49999997019767756
0.07322330027818678
0.4999999999999999
0.49999997019767756
0.2133882939815521
0.06249998509883879
0.49999997019767756
0.4999999776482581
0.4267766177654265
0.24999998509883878
0.4999999999999999
0.4999999403953551
0.24999998509883878
0.42677664756774897
0.37499989941716183
0.4999999105930328
0.4999999999999999
0.2499999552965164
0.4999999403953551
0.4267766177654265
0.49999997019767756
0.24999991059303284
0.49999997019767756
0.24999998509883878
0.07322330027818678
0.4267766773700713
0.07322329282760619
0.4999999999999999
0.49999997019767756
0.4999999999999999
0.062499996274709695
0.4999999999999999
0.4999999105930328
0.24999998509883878
0.24999997392296788
0.3749999261059371
0.07322330027818678
0.49999997019767756
0.01072330307215452
0.4267766773700713
0.07322330027818678
0.018305823206901547
0.12499997019767758
0.0
0.1249999776482582
0.06249999254941939
0.4999999999999999
0.4999999403953551
0.07322329282760619
0.4999999403953551
0.4267765954136848
0.4267766773700713
0.4999999403953551
0.8535532206296921
0.0
0.286611626856029
0.21338833868503565
0.4999999999999999
0.24999998509883878
0.4267766773700713
0.0
0.4999999999999999
0.03661165013909339
0.07322329282760619
0.24999998509883878
0.0
0.24999997019767756
0.42677664756774897
0.0
0.4999999999999999
0.12499997764825818
0.42677664756774897
0.21338833868503565
0.4999999403953551
0.49999997019767756
0.24999997019767756
0.0
0.4999999403953551
0.4999999999999999
0.036611642688512795
0.4999999999999999
0.06249999254941939
0.4999999105930328
0.21338830888271326
0.49999997019767756
0.07322329655289649
0.4999999999999999
0.2499999552965164
0.4999999105930328
0.0624999888241291
0.2499999552965164
0.24999998509883878
0.0
0.24999997019767756
0.4999999999999999
0.4999999999999999
0.07322330027818678
0.24999994039535517
0.4999999105930328
0.07322330027818678
0.0
0.4999999403953551
0.0
0.4999999403953551
0.12499998509883878
0.07322329282760619
0.12499997392296788
0.12499998509883878
0.36427664384245867
0.49999997019767756
0.0
0.49999997019767756
0.24999997019767756
0.4999999105930328
0.07322330027818678
0.4267766773700713
0.4999999999999999
0.24999998509883878
0.4999999776482581
0.07322330027818678
0.24999998882412905
0.24999998509883878
0.21338832005858419
0.49999997019767756
0.49999997019767756
0.24999994039535517
0.036611642688512795
0.4999999999999999
0.24999997019767756
0.4999999999999999
0.8535533323884008
0.49999997019767756
0.49999997019767756
0.4999999403953551
0.0
0.24999998509883878
0.4999999999999999
0.42677655816078175
0.24999997019767756
0.0
0.49999997019767756
0.4999999776482581
0.07322330027818678
0.24999998509883878
0.7285532504320144
0.4999999999999999
0.24999997019767756
0.2499999552965164
0.24999997019767756
0.49999997019767756
0.49999997019767756
0.49999997019767756
0.21338830888271326
0.499999850988388
0.0
0.4999999999999999
0.4999999999999999
0.12499998509883878
0.21338833495974538
0.0
0.12499998509883878
0.4267766773700713
0.49999997019767756
0.49999997019767756
0.07322329282760619
