0.24668885348364708
0.24506632168777284
0.24668882787227628
0.2483333051204681
0.24668884277343744
0.24751108343480152
0.24668886850122357
0.2450663203835574
0.2483332967385649
0.24668886431027198
0.24668885348364708
0.24506633528471863
0.24668884114362297
0.24668886419385666
0.24833332002162928
0.24668884277343744
0.2483332967385649
0.24506633635610336
0.2466888536000624
0.24506632122211156
0.2450663214549422
0.24668886419385666
0.24668885767459867
0.24833332002162928
0.24668886419385666
0.2483333116397261
0.2483333116397261
0.2434654722856066
0.24506634206045413
0.2466888397466391
0.24833327531814572
0.24668884277343744
0.24506632122211156
0.2483332966221496
0.2483333265408873
0.24833331280387932
0.2450663501876988
0.2483333051204681
0.24668886431027198
0.2483332902193069
0.2483333265408873
0.24668885767459867
0.2483333051204681
0.24668886741892487
0.2483332966221496
0.24668883846607054
0.2483332966221496
0.24668886431027198
0.24668886419385666
0.24668884114362297
0.24668886419385666
0.2450663214549422
0.2483333116397261
0.24668884114362297
0.2483333051204681
0.2483333051204681
0.24668884114362297
0.24668886741892487
0.2483332966221496
0.24668883858248586
0.24668882787227628
0.2450663214549422
0.2466888536000624
0.24668885348364708
0.24833329790271816
0.24668886741892487
0.24668882787227628
0.2499999832361936
0.24506633528471863
0.2450663214549422
0.24668886431027198
0.2483332966221496
0.2483332902193069
0.24668886431027198
0.24833331280387932
0.2483333116397261
0.2483333265408873
0.24668885767459867
0.24668884277343744
0.24668884114362297
0.24668885251685418
0.24506633528471863
0.2466888536000624
0.24668886741892487
0.2483332967385649
0.24668886741892487
0.24506634206045413
0.2450663501876988
0.24833332002162928
0.24668887257575983
0.2434654722856066
0.24668884114362297
0.2483333265408873
0.24668885767459867
0.2483333265408873
0.24833332002162928
0.24668885767459867
0.24506632122211156
0.24668885251685418
0.2483333051204681
0.24346544247964624
0.24668886419385666
0.24668886431027198
0.24346544247964624
0.24668885348364708
0.2483333051204681
0.24346544247964624
0.24668888232008607
0.24668885348364708
0.24668884277343744
0.24506632122211156
0.24506634206045413
0.2450663214549422
0.24668883846607054
0.2450663203835574
0.24833331280387932
0.24668884277343744
0.24668884114362297
0.24668886431027198
0.24668885767459867
0.2450663214549422
0.24668886419385666
0.2450663501876988
0.2450663501876988
0.2466888536000624
0.24833329790271816
0.2483333265408873
0.24506633635610336
0.2483333051204681
0.24506632122211156
0.24668885348364708
0.24506633635610336
0.24506632122211156
0.24833331280387932
0.24506632122211156
0.24506632122211156
0.24506632122211156
0.2466888536000624
0.2450663501876988
0.2483333051204681
0.24506633528471863
0.2483332966221496
0.24506632122211156
0.24668885348364708
0.24668886431027198
0.24668886850122357
0.24506632983684537
0.24506633528471863
0.2450663214549422
0.2483333051204681
0.24668886419385666
0.24506633635610336
0.2483333051204681
0.24668886431027198
0.24668886419385666
0.24668886419385666
0.2466888536000624
0.24506633528471863
0.2450663203835574
0.24668884114362297
0.2450663203835574
0.24668885251685418
0.24668884277343744
0.24668885348364708
0.24506632122211156
0.24668885767459867
0.24668883846607054
0.2450663501876988
0.24668885348364708
0.24668885336723176
0.24668884114362297
0.2483333051204681
0.2466888536000624
0.24668884277343744
0.24668886419385666
0.24668886741892487
0.24506632122211156
0.24506634473800654
0.2499999832361936
0.24668886419385666
0.24833331280387932
0.24506632122211156
0.24999997159466145
0.2483332966221496
0.24668884114362297
0.24668886419385666
0.24506632727570826
0.2483332966221496
0.24506633635610336
0.2483332966221496
0.2483333265408873
0.24668886431027198
0.2483332902193069
0.2483333051204681
0.2466888536000624
0.24668884114362297
0.24668884114362297
0.24668882787227628
0.2450663214549422
0.24668883858248586
0.2491666337009519
0.24751108343480152
0.24668886419385666
0.2450663214549422
0.2450663501876988
0.2434654381831933
0.24506632122211156
0.2450663214549422
0.2483332967385649
0.24833332002162928
0.2491666173445992
0.24668886431027198
0.24506632122211156
0.2483333051204681
0.24751105043105776
0.2450663214549422
0.24506632133852688
0.24506633528471863
0.24668885348364708
0.24506632122211156
0.2450663501876988
0.24668884277343744
0.24346544247964624
0.2450663203835574
0.24668885767459867
0.2483333051204681
0.2450663214549422
0.24668886419385666
0.24668886419385666
0.24668886419385666
0.24506632122211156
0.24668886431027198
0.2466888536000624
0.24833327531814572
0.2450663214549422
0.2466888536000624
0.24346544247964624
0.2450663501876988
0.24668884277343744
0.2450663214549422
0.2450663501876988
0.2475110356463119
0.24506633635610336
0.2483333265408873
0.24668884114362297
0.24506632168777284
0.2466888536000624
0.24668885336723176
0.24506632122211156
0.24668883846607054
0.24668883846607054
0.24668885767459867
0.24833331280387932
0.24668885348364708
0.24668885251685418
0.2466888536000624
0.2450663214549422
0.24506633528471863
0.24506633528471863
0.2466888492926955
0.2483333051204681
0.2466888536000624
0.24668883439153427
0.2450663501876988
0.24668884114362297
0.2483333116397261
0.24506632983684537
0.24668885348364708
0.2450663214549422
0.24668885348364708
0.24668884114362297
0.2450663501876988
0.24506633528471863
0.24668884114362297
0.24668885348364708
0.24668886431027198
0.2466888536000624
0.2466888536000624
0.24668883858248586
0.24506632122211156
0.2483333265408873
0.2466888536000624
0.24668886419385666
0.24668885348364708
0.24506633528471863
0.24506634473800654
0.24668885251685418
0.2466888536000624
0.24668884114362297
0.24668886741892487
0.24506632122211156
0.2466888536000624
0.2499999832361936
0.24668886419385666
0.24506632122211156
0.2450663214549422
0.24506632133852688
0.24506633528471863
0.2450663214549422
0.2450663214549422
0.24833329790271816
0.24668884114362297
0.24668883858248586
0.24668885767459867
0.24668884114362297
0.2483333116397261
0.24668884114362297
0.2450663501876988
0.24668884114362297
0.2466888492926955
0.2466888536000624
0.24668884114362297
0.2450663501876988
0.2450663501876988
0.24668884114362297
0.24668886419385666
0.24506632983684537
0.24668883439153427
0.24668886741892487
0.24668886431027198
0.24668886431027198
0.2466888536000624
0.24506634473800654
0.24833332002162928
0.2483332967385649
0.2483333265408873
0.24668886741892487
0.24668884277343744
0.24668885348364708
0.24506633635610336
0.2450663214549422
0.24506632122211156
0.24668886431027198
0.24668882379774001
0.24506633635610336
0.2483333116397261
0.2466888536000624
0.24833331280387932
0.24668884277343744
0.2434654722856066
0.2450663203835574
0.2466888536000624
0.2466888536000624
0.2466888536000624
0.24668884114362297
0.2466888536000624
0.24668886431027198
0.24668884114362297
0.24668882379774001
0.24668884114362297
0.2466888536000624
0.24668885767459867
0.2483333265408873
0.24668886741892487
0.24668885348364708
0.24668882787227628
0.24506633528471863
0.24506634473800654
0.24506633528471863
0.24668885348364708
0.24668885348364708
0.2483333116397261
0.2483333265408873
0.24506632168777284
0.24668886419385666
0.2466888536000624
0.2450663203835574
0.2466888536000624
0.24506632168777284
0.24668884114362297
0.2450663501876988
0.24668886741892487
0.2483332967385649
0.24668886431027198
0.2483333051204681
0.24668888232008607
0.2483332967385649
0.2450663501876988
0.24668886741892487
0.2450663501876988
0.2483333051204681
0.24668888232008607
0.2466888536000624
0.24833329790271816
0.24668884277343744
0.24506633528471863
0.2499999864958226
0.2466888536000624
0.2450663214549422
0.2483332902193069
0.2499999864958226
0.24668886431027198
0.2466888397466391
0.24668884277343744
0.24506633528471863
0.2499999832361936
0.24668888232008607
0.24668885767459867
0.24668884277343744
0.24506632122211156
0.24668882787227628
0.2450663214549422
0.24668882787227628
0.24668884277343744
0.24506632122211156
0.2483332902193069
0.24999997019767756
0.2466888397466391
0.2466888397466391
0.24999997019767756
0.2483332902193069
0.2483332966221496
0.24668886741892487
0.24668885348364708
0.2483333116397261
0.24668884114362297
0.24833331280387932
0.24668886741892487
0.24668883846607054
0.2466888536000624
0.2434654381831933
0.24833331280387932
0.24668885348364708
0.24346544247964624
0.24506632122211156
0.2466888536000624
0.24668885251685418
0.24668885251685418
0.24668886419385666
0.24833331280387932
0.24668882379774001
0.24669432275004505
0.24668884277343744
0.2483333051204681
0.24668885767459867
0.24506632122211156
0.24506634473800654
0.2466888536000624
0.24668885348364708
0.24668886741892487
0.24346545308435447
0.2483333051204681
0.2483333116397261
0.24668884114362297
0.2450663203835574
0.24506633635610336
0.24669433385133738
0.24668883846607054
0.2483332967385649
0.2483332966221496
0.2450663203835574
0.24668886419385666
0.2466888492926955
0.24506634206045413
0.2483333265408873
0.24668887257575983
0.2450663214549422
0.24668884114362297
0.24668888232008607
0.2450663214549422
0.2483333051204681
0.24668884277343744
0.2466888536000624
0.24999997159466145
0.2483332967385649
0.24506633528471863
0.24668886419385666
0.24668884277343744
0.24668884114362297
0.24668883846607054
0.24668884114362297
0.24833329790271816
0.2483333265408873
0.2483332966221496
0.24506633528471863
0.24668884277343744
0.24506633528471863
0.24668883846607054
0.24668884277343744
0.24668885348364708
0.24668884114362297
0.24668886419385666
0.2483333051204681
0.24668885251685418
0.24668884114362297
0.24668886419385666
0.2450663214549422
0.24506633528471863
0.24833329790271816
0.2450663203835574
0.2483332902193069
0.2483332967385649
0.2450663501876988
0.2450663214549422
0.24506632122211156
0.2483332966221496
0.24506633528471863
0.24668883858248586
0.24506633635610336
0.24833331280387932
0.24668886431027198
0.24668885348364708
0.2483333051204681
0.24668884114362297
0.24668885348364708
0.24506633528471863
0.24668884114362297
0.24668886431027198
0.24668885251685418
0.24668886431027198
0.2483333051204681
0.2434654722856066
0.24999997159466145
0.24668884277343744
0.2450663501876988
0.24668884114362297
0.24668886419385666
0.2450663214549422
0.2450663501876988
0.2499999864958226
0.2434654381831933
0.24506632122211156
0.2483333116397261
0.2483332966221496
0.24668886419385666
0.2483332902193069
0.24668885348364708
0.2491666183341294
0.2450663501876988
0.24506632168777284
0.2483332966221496
0.24668884114362297
0.2450663214549422
0.2499999832361936
0.24506632168777284
0.2483332967385649
0.2450663214549422
0.2466888536000624
0.2450663501876988
0.24668886741892487
0.24833331280387932
0.2483333051204681
0.2450663214549422
0.2450663203835574
0.24668886431027198
0.24506634473800654
0.24668884114362297
0.2483333051204681
0.2466888536000624
0.2466888536000624
0.24999997159466145
0.24833332002162928
0.2434654381831933
0.24833327531814572
0.24506633635610336
0.24668883858248586
0.24668885336723176
0.24668884277343744
0.2483333051204681
0.24506632983684537
0.24668884277343744
0.24833331280387932
0.24833332002162928
0.24668886419385666
0.24668885251685418
0.24668884114362297
0.24668886431027198
0.24668884114362297
0.2483333265408873
0.24506632122211156
0.24668885336723176
0.2450663214549422
0.2483333116397261
0.24668886419385666
0.2434654381831933
0.2483333051204681
0.24506633528471863
0.2466888536000624
0.2483333116397261
0.24668886741892487
0.24668884277343744
0.24346544247964624
0.2483333265408873
0.24668886431027198
0.2450663214549422
0.24916660232702265
0.24668885348364708
0.2450663501876988
0.2466888397466391
0.24668885348364708
0.2450663214549422
0.24506633528471863
0.24668884114362297
0.24506632122211156
0.24668884114362297
0.24506632122211156
0.24506632168777284
0.2483333265408873
0.24668886419385666
0.24506634473800654
0.2434654722856066
0.24668884114362297
0.24506634473800654
0.24668886431027198
0.2450663214549422
0.24668884114362297
0.2483333051204681
0.2450663203835574
0.2450663214549422
0.2483333116397261
0.2483333116397261
0.24668884277343744
0.2450663214549422
0.2483333265408873
0.24506634473800654
0.24668884114362297
0.24833327531814572
0.2434654722856066
0.24668885348364708
0.24506633635610336
0.24668886741892487
0.24506632983684537
0.24506634217686946
0.24833331280387932
0.24506633635610336
0.2499999832361936
0.24668884114362297
0.2483333265408873
0.2483332966221496
0.24833329790271816
0.2434654722856066
0.2450663501876988
0.2483333265408873
0.24668885336723176
0.24506632122211156
0.24668886419385666
0.24506633528471863
0.24668888232008607
0.24668885348364708
0.24506632122211156
0.24506632122211156
0.24668885348364708
0.24668883846607054
0.2450663501876988
0.24668886419385666
0.24668886431027198
0.2450663214549422
0.24668885348364708
0.24506633528471863
0.24668887257575983
0.24506633635610336
0.2466888536000624
0.24668885348364708
0.24668882379774001
0.2450663214549422
0.24506632122211156
0.24668884114362297
0.24506632168777284
0.24506632122211156
0.2450663203835574
0.24668884114362297
0.24833332002162928
0.24668883846607054
0.2466888536000624
0.24668886431027198
0.24668888232008607
0.2483333051204681
0.24506632122211156
0.24668884114362297
0.24668888232008607
0.24751105904579157
0.2483332966221496
0.24506633528471863
0.24668885767459867
0.24668885348364708
0.24506632122211156
0.24668886431027198
0.24506633528471863
0.24668885348364708
0.2450663214549422
0.2450663501876988
0.2466888397466391
0.24506633528471863
0.24999997159466145
0.24506634473800654
0.2483333116397261
0.24506633635610336
0.2450663214549422
0.2466888536000624
0.2434654722856066
0.24506632122211156
0.2466888397466391
0.24668884114362297
0.2483332966221496
0.24506632122211156
0.24668886741892487
0.24506633528471863
0.24506633528471863
0.24506632122211156
0.2483333051204681
0.24668884114362297
0.24506634473800654
0.24999997159466145
0.24506633528471863
0.24668886419385666
0.24506632122211156
0.24833331280387932
0.24668884114362297
0.24346544247964624
0.24506634473800654
0.2450663203835574
0.24668885348364708
0.24668885348364708
0.24506633528471863
0.24668884114362297
0.24506632122211156
0.24668885767459867
0.2450663501876988
0.24668886741892487
0.24668885348364708
0.24668885348364708
0.24668884277343744
0.24668884277343744
0.24668884277343744
0.2483333051204681
0.24668883858248586
0.24506632727570826
0.2483332967385649
0.24506632122211156
0.24506632122211156
0.24668886431027198
0.24668884114362297
0.24506632133852688
0.24506632727570826
0.24668884114362297
0.2483332967385649
0.24833332002162928
0.2450663214549422
0.24506633635610336
0.24833329790271816
0.24668886431027198
0.24506632122211156
0.2483332967385649
0.24668884114362297
0.2483333051204681
0.24833331280387932
0.24506632168777284
0.24668886741892487
0.24668884114362297
0.24668884277343744
0.24668884114362297
0.24668886419385666
0.24668885767459867
0.24668884114362297
0.2483332966221496
0.24668884277343744
0.2483332966221496
0.24668887257575983
0.24668885767459867
0.2483333051204681
0.24506633528471863
0.2450663214549422
0.24668884114362297
0.24506632122211156
0.2450663501876988
0.24668885348364708
0.24506632122211156
0.24668885251685418
0.2466888536000624
0.24506632122211156
0.2483332902193069
0.24668885336723176
0.24668883846607054
0.24668885348364708
0.2450663203835574
0.24668885348364708
0.24668886741892487
0.24668886741892487
0.24668886741892487
0.24506632133852688
0.2483333116397261
0.24668886431027198
0.24506633635610336
0.24506632133852688
0.24833331280387932
0.2466888536000624
0.24751104839378965
0.24668886741892487
0.24506633528471863
0.24506632122211156
0.24506634473800654
0.2483332966221496
0.24506632122211156
0.2466888492926955
0.24668885767459867
0.2483332967385649
0.24506632122211156
0.24668885767459867
0.24506633635610336
0.24668884114362297
0.24668884114362297
0.24506634473800654
0.24668885348364708
0.24506633528471863
0.24668884114362297
0.24833331280387932
0.2450663214549422
0.24668885251685418
0.24506633528471863
0.2466888536000624
0.24668885348364708
0.24506632122211156
0.24668886419385666
0.24506632133852688
0.24506633528471863
0.2483333265408873
0.24668884114362297
0.2483333051204681
0.2483333265408873
0.24668886419385666
0.24668886419385666
0.2450663501876988
0.24833332002162928
0.2466888536000624
0.24668886431027198
0.24999997159466145
0.24668886419385666
0.24668884114362297
0.2483333116397261
0.24668884114362297
0.24506632983684537
0.24506633635610336
0.2450663214549422
0.24833329790271816
0.2466888536000624
0.24506632122211156
0.24668883846607054
0.24506632168777284
0.24668885251685418
0.24506632168777284
0.24668883846607054
0.24668887257575983
0.24668882379774001
0.24833331280387932
0.24668884114362297
0.2450663203835574
0.2483332966221496
0.2466888397466391
0.2450663214549422
0.24668885336723176
0.24668887257575983
0.24668886419385666
0.24506632122211156
0.24506633528471863
0.2450663501876988
0.24668884114362297
0.24506632122211156
0.24668885767459867
0.24668886431027198
0.2450663501876988
0.24506632122211156
0.24506633528471863
0.24668886419385666
0.24506633635610336
0.2466888536000624
0.2466888536000624
0.2483332966221496
0.2450663501876988
0.24506632122211156
0.24506632122211156
0.24506632168777284
0.2475110441446304
0.24668886419385666
0.24346544247964624
0.2483332966221496
0.2466888536000624
0.24506633528471863
0.24668885251685418
0.24668885348364708
0.2450663203835574
0.24833329790271816
0.24506632122211156
0.24668885348364708
0.24506632122211156
0.2466888536000624
0.24668884277343744
0.24506633635610336
0.24506633635610336
0.24833329790271816
0.24668885348364708
0.24506632168777284
0.24668885251685418
0.2434654722856066
0.24668886419385666
0.24668885251685418
0.2450663214549422
0.24668884114362297
0.24668886741892487
0.24668885251685418
0.24668884277343744
0.24668885348364708
0.24668886419385666
0.24506632122211156
0.24668884114362297
0.2450663501876988
0.24999997159466145
0.2466888536000624
0.24668884114362297
0.24506632168777284
0.2450663214549422
0.24668886741892487
0.24833332002162928
0.24668884114362297
0.24833329790271816
0.24668885251685418
0.2483332967385649
0.2466888536000624
0.2450663214549422
0.24668885767459867
0.2483332967385649
0.24833331280387932
0.24833332002162928
0.24506634473800654
0.2483333051204681
0.24668886431027198
0.2466888536000624
0.24668885348364708
0.24833329790271816
0.24668886431027198
0.24668885251685418
0.24668884114362297
0.24506632122211156
0.24668885336723176
0.24668886431027198
0.24506633635610336
0.24506632122211156
0.24668884114362297
0.24668886741892487
0.24668884114362297
0.24506632122211156
0.24668886431027198
0.24668886431027198
0.24506632122211156
0.24506632122211156
0.24506634473800654
0.24668884114362297
0.24668885251685418
0.24506633528471863
0.24668884114362297
0.24668885251685418
0.24668884277343744
0.24668886419385666
0.2450663214549422
0.2483333051204681
0.24506632122211156
0.2483333116397261
0.24668886419385666
0.24668884277343744
0.24668885251685418
0.2450663501876988
0.24668884277343744
0.2483333265408873
0.24668885251685418
0.24506632122211156
0.24668884114362297
0.2483333051204681
0.24999997159466145
0.24833329790271816
0.24668888232008607
0.2466888536000624
0.24668885251685418
0.24506632122211156
0.2466888536000624
0.2483333116397261
0.2483332967385649
0.24668885767459867
0.24668885251685418
0.2499999832361936
0.24668883846607054
0.2483332902193069
0.2450663501876988
0.24669433373492206
0.24506632122211156
0.24668886431027198
0.24668885767459867
0.2466888536000624
0.2483333051204681
0.24506632122211156
0.2450663501876988
0.2450663501876988
0.24506633635610336
0.24668884114362297
0.2483332967385649
0.2483332966221496
0.2466888536000624
0.24668884114362297
0.2483332966221496
0.2483332967385649
0.24506632133852688
0.24668882379774001
0.24506633528471863
0.24833332002162928
0.24668885348364708
0.2483332967385649
0.24751108343480152
0.24506634473800654
0.24587756354594598
0.2483332967385649
0.24833331280387932
0.2450663203853764
0.24668884277343744
0.24668884114362297
0.24668886419385666
0.2483332966221496
0.24506632122211156
0.2483332967385649
0.24668886741892487
0.24668886419385666
0.24668884114362297
0.2483332967385649
0.24668886741892487
0.24506632122211156
0.24751105345785612
0.2450663501876988
0.24668886741892487
0.24668887257575983
0.24751658118157135
0.2483333265408873
0.24506632122211156
0.24668883846607054
0.24668886850122357
0.24346544247964624
0.24669432274822606
0.24668884277343744
0.24668884114362297
0.2483333051204681
0.24668885767459867
0.24833332002162928
0.24506632122211156
0.2450663214549422
0.24506632122211156
0.24668886741892487
0.24506632168777284
0.2466888536000624
0.24668884277343744
0.24668884114362297
0.24668886431027198
0.24668883846607054
0.24668886419385666
0.24668884277343744
0.24668884114362297
0.2466888536000624
0.24668886741892487
0.2450663501876988
0.24833331280387932
0.24506633528471863
0.24668885767459867
0.24668885767459867
0.2483332966221496
0.24506634473800654
0.2483333116397261
0.24506632122211156
0.2499999864958226
0.24668886419385666
0.24506632168777284
0.2466888536000624
0.24668884114362297
0.24668885336723176
0.24668886419385666
0.2450663203835574
0.24668885767459867
0.24506633528471863
0.24668882379774001
0.24668884114362297
0.24668883846607054
0.24833331280387932
0.24506632122211156
0.2483333051204681
0.2450663203835574
0.24999997019767756
0.2483333116397261
0.24506633528471863
0.2499999832361936
0.2450663203835574
0.2466888536000624
0.24668885767459867
0.24346544247964624
0.24506634473800654
0.24668886419385666
0.24833332002162928
0.24833329790271816
0.24506633528471863
0.24668884114362297
0.24668888232008607
0.24833331280387932
0.2450663214549422
0.24668885348364708
0.2450663214549422
0.2466888397466391
0.2483332966221496
0.2483332966221496
0.2466888536000624
0.24668886741892487
0.24833331280387932
0.24668885348364708
0.24668885767459867
0.2450663203835574
0.24668885251685418
0.24668886431027198
0.24668886741892487
0.2483332967385649
0.2466888536000624
0.24506632122211156
0.2483332966221496
0.24999997159466145
0.24668883858248586
0.24668884114362297
0.2450663214549422
0.2466888536000624
0.24668888232008607
0.24833329790271816
0.24999997019767756
0.24506633528471863
0.2483333051204681
0.24751104839378965
0.2483332966221496
0.24668884114362297
0.24506632168777284
0.24506634473800654
0.24668886741892487
0.24668884114362297
0.2483333051204681
0.24506633528471863
0.24506633635610336
0.24668884277343744
0.24668884114362297
0.24668886431027198
0.2450663214549422
0.2466888536000624
0.24668886419385666
0.24506634473800654
0.2466888536000624
0.24668885348364708
0.24506632168777284
0.24668886741892487
0.2483332902193069
0.24506633635610336
0.2434654722856066
0.2483333051204681
0.24833329790271816
0.24668886419385666
0.24833331280387932
0.24668884114362297
0.24668883858248586
0.24506633635610336
0.2450663214549422
0.2450663501876988
0.24668884277343744
0.24506633528471863
0.24506634473800654
0.2499999864958226
0.2483333265408873
0.2483332967385649
0.24668888232008607
0.24506632168777284
0.24668886741892487
0.2483332966221496
0.2450663501876988
0.2466888536000624
0.24668886850122357
0.24668884277343744
0.24668888232008607
0.24668885767459867
0.24668885348364708
0.24668886741892487
0.2466888536000624
0.2483332967385649
0.2450663501876988
0.2450663214549422
0.2466888536000624
0.24506633528471863
0.24668885348364708
0.24833331280387932
0.2483333116397261
0.2483332966221496
0.24668884277343744
0.24587757716653863
0.2450663501876988
0.24506633528471863
0.24506632122211156
0.24506632122211156
0.24506632122211156
0.24668886419385666
0.24506633528471863
0.24668885348364708
0.24668884114362297
0.24668888232008607
0.24506633528471863
0.24668884114362297
0.24506632122211156
0.24668884114362297
0.24668885251685418
0.2483333051204681
0.24999997159466145
0.2450663203835574
0.24668886431027198
0.24833332002162928
0.24668886741892487
0.2466888536000624
0.24668886419385666
0.24668885767459867
0.24668884277343744
0.2466888536000624
0.24751105345785612
0.24668884277343744
0.24999997159466145
0.24668886431027198
0.24668886431027198
0.24668886419385666
0.24668886741892487
0.24506632133852688
0.24506633635610336
0.24506633528471863
0.24668886419385666
0.24668885251685418
0.24506634206045413
0.2483332966221496
0.24506632122211156
0.24668884114362297
0.24506634473800654
0.2450663501876988
0.24833329790271816
0.24506633528471863
0.24506633528471863
0.24668882787227628
0.2483333051204681
0.2483332966221496
0.24668886741892487
0.24506634206045413
0.2466888492926955
0.24506632122211156
0.24506633528471863
0.24506632983684537
0.24668885336723176
0.24506632122211156
0.24999997159466145
0.2483333265408873
0.2499999864958226
0.24506633528471863
0.2450663501876988
0.24668888232008607
0.2483332966221496
0.2466888536000624
0.2450663501876988
0.24506633528471863
0.24506634473800654
0.24668884114362297
0.24668885348364708
0.24668886741892487
0.2499999864958226
0.24506633635610336
0.2483333116397261
0.2466888536000624
0.24668887257575983
0.24506633528471863
0.2475110356463119
0.2483333265408873
0.24506633528471863
0.24506632983684537
0.24506633528471863
0.24668885348364708
0.2450663501876988
0.2483333116397261
0.24668884114362297
0.2450663501876988
0.24668882379774001
0.2450663214549422
0.24668884277343744
0.24668885767459867
0.2450663214549422
0.24668884114362297
0.24668884277343744
0.24668888232008607
0.2450663214549422
0.24833329790271816
0.24506633528471863
0.2483332966221496
0.24668886419385666
0.2450663214549422
0.2466888536000624
0.2450663214549422
0.24668886741892487
0.24668886741892487
0.24506633528471863
0.24668883858248586
0.24506634206045413
0.24506632168777284
0.24506632133852688
0.2450663501876988
0.24668886419385666
0.24668883846607054
0.24506633528471863
0.24506633528471863
0.24668884114362297
0.24668883846607054
0.24506632727570826
0.24668885767459867
0.2466888536000624
0.24668887257575983
0.24506633635610336
0.2483333051204681
0.24668885767459867
0.24668884114362297
0.2450663214549422
0.2450663501876988
0.2483332966221496
0.2483333116397261
0.24668885767459867
0.24506633528471863
0.24668885348364708
0.24916660785675043
0.2466888536000624
0.2450663214549422
0.2499999864958226
0.2450663501876988
0.24506632122211156
0.2466888536000624
0.2483333051204681
0.24668888232008607
0.2483333051204681
0.24668884114362297
0.24668884114362297
0.24506633528471863
0.24506634473800654
0.24506632133852688
0.2483332966221496
0.24668885348364708
0.24668884114362297
0.24668885767459867
0.24668885348364708
0.2483332967385649
0.2483333051204681
0.2450663501876988
0.2483332966221496
0.24506632983684537
0.24668884114362297
0.24669430276844648
0.24506633528471863
0.24668882787227628
0.2434654722856066
0.24833331280387932
0.24668886741892487
0.24668884114362297
0.24668886431027198
0.2483333116397261
0.24668883846607054
0.24506632983684537
0.2483333116397261
0.2483333051204681
0.24668884114362297
0.24668887257575983
0.2483333265408873
0.2450663214549422
0.24668888232008607
0.2450663501876988
0.2483332966221496
0.24668887257575983
0.24668886431027198
0.2483332966221496
0.2466888536000624
0.2499999864958226
0.24668885251685418
0.24668885251685418
0.24668886431027198
0.24833884037798268
0.2491666337009519
0.2434654722856066
0.24668886419385666
0.24506633528471863
0.24668884114362297
0.2483333051204681
0.24668886431027198
0.24668886419385666
0.24506633635610336
0.24506633528471863
0.24506632133852688
0.24668885251685418
0.2483333265408873
0.24506633528471863
0.2483332966221496
0.24506633528471863
0.24668885348364708
0.24506632122211156
0.24506633528471863
0.24668886431027198
0.2466888536000624
0.2466888536000624
0.24833331280387932
0.24668884277343744
0.24506633635610336
0.2434654722856066
0.24668886741892487
0.24668885348364708
0.2450663214549422
0.2434654722856066
0.24668886419385666
0.24668884114362297
0.24507172641915526
0.24506632122211156
0.24506633528471863
0.2483333051204681
0.2450663501876988
0.2483333265408873
0.24668886431027198
0.24668884277343744
0.24506630548421524
0.2450663214549422
0.24668886741892487
0.24506633635610336
0.2483333051204681
0.2450663501876988
0.24833329790271816
0.24668885767459867
0.24506632168777284
0.2450663501876988
0.24506634206045413
0.24668884277343744
0.24506633528471863
0.24668882379774001
0.24506633528471863
0.24668882379774001
0.24668888232008607
0.2483333051204681
0.24506632133852688
0.2434654722856066
0.24668884114362297
0.2466888536000624
0.24668886431027198
0.24668886741892487
0.24668886431027198
0.24668886431027198
0.24506632122211156
0.24668886741892487
0.24833329790271816
0.2466888492926955
0.2450663214549422
0.24668885348364708
0.24506633528471863
0.24668884114362297
0.24668885348364708
0.2450663214549422
0.2499999864958226
0.24506633528471863
0.24833329790271816
0.2450663203835574
0.24751108343480152
0.2483332966221496
0.2483332966221496
0.2483332967385649
0.24833331280387932
0.24668886419385666
0.24506632122211156
0.24506632122211156
0.24506633528471863
0.24506633528471863
0.2450663203835574
0.2434654722856066
0.2450663203835574
0.2466888536000624
0.24668888232008607
0.2450663214549422
0.24668886419385666
0.24668886419385666
0.24668885348364708
0.24668885348364708
0.2483333116397261
0.24668884277343744
0.24668886431027198
0.24506632122211156
0.24668884114362297
0.24668885251685418
0.24668884277343744
0.24668886741892487
0.2483333051204681
0.2483333116397261
0.24668885767459867
0.2483332966221496
0.2466888536000624
0.24506634473800654
0.2450663203835574
0.24506633528471863
0.24506633528471863
0.24506632168777284
0.24668886741892487
0.24668885767459867
0.24668885767459867
0.24668885767459867
0.24506633635610336
0.24833329790271816
0.2483332902193069
0.24668885348364708
0.24668884277343744
0.24668885767459867
0.24668886419385666
0.2483333265408873
0.24668886741892487
0.24668884114362297
0.2483333265408873
0.24668886431027198
0.24668884114362297
0.24833331280387932
0.24668884277343744
0.2434654381831933
0.2499999832361936
0.24668883858248586
0.2483333265408873
0.24668884114362297
0.24668885348364708
0.24668885767459867
0.24506634473800654
0.2450663501876988
0.2483333116397261
0.2483333051204681
0.24668886431027198
0.24833331280387932
0.2483333051204681
0.2483333051204681
0.24668886419385666
0.24751108343480152
0.2450663214549422
0.2483332966221496
0.24668884114362297
0.24668885336723176
0.24668884114362297
0.24668885336723176
0.2450663203835574
0.24833327531814572
0.24506633635610336
0.2450663214549422
0.24668883846607054
0.24668885251685418
0.24668884114362297
0.24668885348364708
0.2483332967385649
0.24506632122211156
0.24668886419385666
0.24668886431027198
0.24668883858248586
0.2483333265408873
0.2499999864958226
0.2450663501876988
0.24506633635610336
0.24833329790271816
0.24506632122211156
0.24668885767459867
0.2483333116397261
0.24668884114362297
0.24668886431027198
0.2483332966221496
0.24668886431027198
0.24506632133852688
0.24506633528471863
0.24668887257575983
0.24833886080887166
0.2466888536000624
0.24668886419385666
0.24506632168777284
0.24506632133852688
0.2483332966221496
0.24506634206045413
0.2450663203835574
0.24506633528471863
0.2483332966221496
0.24506634473800654
0.24506632168777284
0.24668885336723176
0.24506633528471863
0.24668886431027198
0.24668886431027198
0.24668886419385666
0.24668884114362297
0.2450663203835574
0.2450663203835574
0.24668886431027198
0.24668883858248586
0.2483332967385649
0.2483332967385649
0.2483332966221496
0.2483332902193069
0.24668886419385666
0.24668884114362297
0.2450663203835574
0.2483333051204681
0.24668885348364708
0.2483333116397261
0.24668886431027198
0.24833331280387932
0.24668883846607054
0.24346544247964624
0.24668884114362297
0.2483333051204681
0.2483333051204681
0.2483332966221496
0.24833331280387932
0.24668885767459867
0.24668885767459867
0.24668885767459867
0.2483332966221496
0.24506634473800654
0.24668882379774001
0.2466888492926955
0.24506633528471863
0.2450663203835574
0.24668884114362297
0.2483333051204681
0.2483333051204681
0.2450663203835574
0.24668885251685418
0.24833329790271816
0.24833331280387932
0.2483333116397261
0.2483333051204681
0.24833329790271816
0.2466888536000624
0.2483332966221496
0.24833329790271816
0.24999997019767756
0.24833332002162928
0.24506632122211156
0.2483333265408873
0.2483333051204681
0.2450663214549422
0.2499999832361936
0.2483333265408873
0.2466888536000624
0.2466888536000624
0.2450663501876988
0.2466888536000624
0.2466888536000624
0.24506633528471863
0.24506632133852688
0.24668888232008607
0.2483333265408873
0.24668885767459867
0.24668884277343744
0.24506634473800654
0.24668884114362297
0.24668883846607054
0.2483332967385649
0.2483333051204681
0.2483333051204681
0.2483333051204681
0.24506633528471863
0.24668885336723176
0.24506632122211156
0.2450663203835574
0.2434654722856066
0.2450663214549422
0.24506633528471863
0.24668884114362297
0.24668886419385666
0.2483332967385649
0.24833329790271816
0.24506633635610336
0.2483333116397261
0.24833331280387932
0.24668885336723176
0.2491666183341294
0.2466888536000624
0.24668885767459867
0.24668885767459867
0.24668885348364708
0.24668885767459867
0.24668886741892487
0.24506633528471863
0.24668884277343744
0.24668886431027198
0.24668886431027198
0.24668885251685418
0.24751105345785612
0.2450663501876988
0.24751105345785612
0.24668886741892487
0.24668886850122357
0.2483333051204681
0.24668886419385666
0.24668886419385666
0.2466888536000624
0.2450663214549422
0.2483333116397261
0.24668884277343744
0.24506633528471863
0.2434654381831933
0.2466888536000624
0.24506632122211156
0.2434654722856066
0.24506632983684537
0.24668885767459867
0.24668884277343744
0.24668885767459867
0.2434654722856066
0.2466888536000624
0.24668885348364708
0.2483332967385649
0.24833331280387932
0.24668885348364708
0.24506632122211156
0.2450663501876988
0.24668884277343744
0.24506634473800654
0.24506632122211156
0.24668885767459867
0.24668885767459867
0.2483333051204681
0.2483333116397261
0.2450663501876988
0.24506632168777284
0.24506633528471863
0.24506633528471863
0.24506632122211156
0.24833331280387932
0.2450663501876988
0.24751108627015125
0.2499999832361936
0.2466888536000624
0.24668883846607054
0.24506632727570826
0.2483332966221496
0.24668884114362297
0.24833329790271816
0.24833329790271816
0.24668885348364708
0.2466888536000624
0.24668884277343744
0.24668886431027198
0.24668885767459867
0.2483333116397261
0.24833332002162928
0.24668886431027198
0.2483333051204681
0.2483333265408873
0.24668884114362297
0.24668886431027198
0.2499999864958226
0.24833331280387932
0.24506633528471863
0.2466888536000624
0.24506632122211156
0.24833329790271816
0.2450663214549422
0.2483333116397261
0.24668884114362297
0.24668883858248586
0.2483333051204681
0.24506632122211156
0.2483332966221496
0.24833332002162928
0.2483332966221496
0.24668884114362297
0.24668885251685418
0.24668886419385666
0.2466888536000624
0.24668886741892487
0.2466888536000624
0.2483332966221496
0.24668886741892487
0.24668885348364708
0.2450663501876988
0.2450663203835574
0.24668885251685418
0.24668886419385666
0.2499999864958226
0.24506633528471863
0.2483332966221496
0.24833328160457308
0.24668884114362297
0.24506632122211156
0.24668884114362297
0.24668884277343744
0.24668886850122357
0.24668884114362297
0.24506632122211156
0.24668882379774001
0.24668885348364708
0.2466888536000624
0.24668882379774001
0.24668882379774001
0.2483332967385649
0.24506633635610336
0.24668884114362297
0.2483333265408873
0.24668886431027198
0.2450663214549422
0.24999997159466145
0.24668886419385666
0.2483332966221496
0.24506632122211156
0.24506632168777284
0.24506632122211156
0.24506633528471863
0.2450663501876988
0.24506634473800654
0.24668885348364708
0.24668884114362297
0.24668885348364708
0.2483333116397261
0.2450663203835574
0.24506633528471863
0.2483333051204681
0.2499999832361936
0.24833327531814572
0.2483333051204681
0.24668885348364708
0.24506632133852688
0.24506634206045413
0.24668886741892487
0.24668885348364708
0.24668884114362297
0.24506632122211156
0.24668886419385666
0.2450663501876988
0.24668886741892487
0.24668886419385666
0.24506633528471863
0.24668886741892487
0.24668883858248586
0.24668886419385666
0.24668882787227628
0.2450663214549422
0.24668884277343744
0.24506632122211156
0.2483332967385649
0.24668882379774001
0.24668887257575983
0.24668885251685418
0.24833332002162928
0.24668886419385666
0.2483333116397261
0.24668886419385666
0.2483333265408873
0.24668885767459867
0.24506634473800654
0.24346544247964624
0.24668887257575983
0.24668884114362297
0.2466888536000624
0.24668886431027198
0.2450663501876988
0.24668885251685418
0.24346544247964624
0.24668886741892487
0.24506632168777284
0.2475110441446304
0.24668886741892487
0.24668885348364708
0.24916664150077847
0.2466888492926955
0.24668886419385666
0.24999997019767756
0.2483333116397261
0.24668885767459867
0.24668884114362297
0.24668888232008607
0.2499999864958226
0.2483333051204681
0.2450663214549422
0.2450663501876988
0.24668885767459867
0.24833332002162928
0.24668884277343744
0.24833329790271816
0.24833329790271816
0.2450663214549422
0.24668884114362297
0.24668886431027198
0.2483332966221496
0.2483333265408873
0.2450663214549422
0.24668886419385666
0.24668885251685418
0.2483332966221496
0.2483333265408873
0.24668882379774001
0.2483332967385649
0.2466888536000624
0.24668886419385666
0.2483333265408873
0.2450663214549422
0.24916664150077847
0.24668885251685418
0.24506632122211156
0.2450663203835574
0.24668882379774001
0.24668885348364708
0.24668886419385666
0.2483333265408873
0.24668885767459867
0.24506632122211156
0.24668883858248586
0.24506634473800654
0.2466888536000624
0.2483332966221496
0.24668886419385666
0.24668886419385666
0.24668885251685418
0.2483332967385649
0.2483333265408873
0.2466888492926955
0.2483333265408873
0.24668885767459867
0.2483333051204681
0.24506634206045413
0.2450663501876988
0.2450663203835574
0.2483333265408873
0.2450663214549422
0.24668885251685418
0.24668886431027198
0.24668884114362297
0.2450663203835574
0.24668886741892487
0.2450663501876988
0.24668886419385666
0.24506634473800654
0.24668885251685418
0.2483333051204681
0.24668883846607054
0.24668886741892487
0.24668886419385666
0.24668886741892487
0.2483333265408873
0.24506634473800654
0.24668888232008607
0.24506633635610336
0.24833329790271816
0.2483332966221496
0.24833329790271816
0.24506632122211156
0.2450663501876988
0.2475110484519973
0.24506633635610336
0.2483333265408873
0.2450663214549422
0.24506632122211156
0.24668886419385666
0.24506632983684537
0.24668886419385666
0.2483332902193069
0.24668884114362297
0.24668885251685418
0.24668884114362297
0.24668884114362297
0.24668886741892487
0.2450663214549422
0.24668885348364708
0.24668888232008607
0.2450663501876988
0.24668886431027198
0.24668884114362297
0.24668884277343744
0.24668885336723176
0.24668884114362297
0.2450663501876988
0.24833329790271816
0.2483333116397261
0.24751103349262843
0.24668886431027198
0.24668885251685418
0.2450663203835574
0.2466888536000624
0.24506632168777284
0.24668885767459867
0.24833332002162928
0.24668885251685418
0.24506633528471863
0.24668884277343744
0.24668882379774001
0.24506633528471863
0.2483333116397261
0.2466888536000624
0.2466888536000624
0.24668884114362297
0.24668886741892487
0.24668883846607054
0.24506632983684537
0.24668888232008607
0.24668886419385666
0.2483332966221496
0.24506633528471863
0.2483332966221496
0.24506633528471863
0.24668884114362297
0.2475110377417877
0.24668886419385666
0.24668884114362297
0.24668886431027198
0.24668884114362297
0.24668886431027198
0.24833880364894861
0.2499999864958226
0.2483333051204681
0.2483333265408873
0.24668886419385666
0.24668884114362297
0.24506633528471863
0.24668886431027198
0.24751103349262843
0.24668886741892487
0.2483332966221496
0.24506632133852688
0.2483333265408873
0.24506632122211156
0.24506633528471863
0.24668884114362297
0.24506633528471863
0.24668886419385666
0.24668885348364708
0.24668884114362297
0.24506633528471863
0.24668883846607054
0.24506632122211156
0.24668885251685418
0.2483333051204681
0.24668885251685418
0.24506633528471863
0.2483332966221496
0.24916660232702265
0.2483333116397261
0.24833332002162928
0.24668884114362297
0.2450663501876988
0.2483333051204681
0.2450663214549422
0.2434654722856066
0.24668883858248586
0.24506632168777284
0.24668885767459867
0.24506632122211156
0.2483333051204681
0.24833331280387932
0.2483332966221496
0.24506632122211156
0.24999997019767756
0.24506633528471863
0.24668886419385666
0.2450663214549422
0.2466888536000624
0.24506632122211156
0.2450663214549422
0.24668887257575983
0.2450663501876988
0.2483332967385649
0.24833331280387932
0.2483332902193069
0.24506632122211156
0.24668887257575983
0.2483332967385649
0.24668888232008607
0.2483332967385649
0.2483332966221496
0.24506633528471863
0.2483333051204681
0.24668888232008607
0.24668884114362297
0.2466888536000624
0.24668883858248586
0.24506632727570826
0.24506633528471863
0.24506632122211156
0.24506633528471863
0.24506632727570826
0.24506632122211156
0.2450663214549422
0.2483332966221496
0.2483333051204681
0.2466888536000624
0.24668886431027198
0.24506632168777284
0.24668887257575983
0.24668886419385666
0.24833331280387932
0.2466888536000624
0.2483333265408873
0.24506633528471863
0.24506634473800654
0.24668884277343744
0.2483332967385649
0.24506632122211156
0.2483332966221496
0.24668884114362297
0.2450663203835574
0.2466888536000624
0.2483332967385649
0.24668886741892487
0.24668886741892487
0.24668886431027198
0.24506633528471863
0.24833332002162928
0.2483333116397261
0.24668885251685418
0.2450663501876988
0.24506632122211156
0.2450663203835574
0.24506633528471863
0.24668885348364708
0.24833329790271816
0.24506630548421524
0.24506633635610336
0.24668884114362297
0.24668884114362297
0.2434654381831933
0.24506632122211156
0.2450663501876988
0.24668885767459867
0.2450663214549422
0.2483332966221496
0.24668884277343744
0.24346545308435447
0.24668884114362297
0.24668884277343744
0.24506632133852688
0.24506633528471863
0.2483333116397261
0.24506632122211156
0.24506633635610336
0.2466888536000624
0.24506632168777284
0.24833331280387932
0.2483333116397261
0.2450663501876988
0.24833329790271816
0.24506633528471863
0.2450663203835574
0.24668887257575983
0.24833332002162928
0.2483332967385649
0.24833331280387932
0.2450663501876988
0.2483333051204681
0.24346544247964624
0.24668885767459867
0.24506632122211156
0.2483332966221496
0.24668886419385666
0.2450663214549422
0.2483333051204681
0.24668885767459867
0.2499999832361936
0.24506633635610336
0.24668882379774001
0.2483333051204681
0.24668886741892487
0.24668886419385666
0.24668886431027198
0.2466888536000624
0.24668888232008607
0.24668886741892487
0.24506632122211156
0.2483333051204681
0.2483333051204681
0.24506632122211156
0.24833331280387932
0.24668885767459867
0.2450663203835574
0.24668885348364708
0.24668886741892487
0.24506633528471863
0.2483333051204681
0.2450663214549422
0.2483333265408873
0.24668885348364708
0.24506634473800654
0.2483333116397261
0.2499999864958226
0.2450663501876988
0.24668886741892487
0.2466888536000624
0.24506633635610336
0.2483333051204681
0.24506633528471863
0.2483332966221496
0.24587756354594598
0.2466888536000624
0.2450663203835574
0.2450663501876988
0.24506633528471863
0.24668885767459867
0.2450663501876988
0.2483333265408873
0.24668885767459867
0.24506633528471863
0.2466888397466391
0.2483332902193069
0.2450663214549422
0.2483332966221496
0.2450663203835574
0.24668883846607054
0.2483332902193069
0.2450663214549422
0.24506633635610336
0.2450663214549422
0.24668885251685418
0.2450663501876988
0.2499999832361936
0.2483333051204681
0.24668884114362297
0.2483332902193069
0.24668882787227628
0.2450663501876988
0.2450663214549422
0.24668885251685418
0.24668886431027198
0.2450663203853764
0.24668884114362297
0.2483333265408873
0.24506633528471863
0.24506632727570826
0.2450663501876988
0.24506632122211156
0.24668885251685418
0.24916664150077847
0.24999997159466145
0.2483332902193069
0.24668885767459867
0.24506632122211156
0.24668886419385666
0.24668886741892487
0.24668884114362297
0.24833329790271816
0.2450663501876988
0.24668888232008607
0.2450663214549422
0.24668884277343744
0.24668884114362297
0.24669433385133738
0.24668886741892487
0.24668887257575983
0.2450663214549422
0.24506632133852688
0.2466888536000624
0.24506633635610336
0.2483333116397261
0.24668886419385666
0.2483333051204681
0.24506632133852688
0.24833327531814572
0.2450663214549422
0.2434654722856066
0.2450663203835574
0.24506633528471863
0.24668886431027198
0.24668886419385666
0.24668884114362297
0.2483333265408873
0.24668886419385666
0.24668885348364708
0.2483333051204681
0.24668884114362297
0.2483333051204681
0.24668886419385666
0.24668885767459867
0.24833329790271816
0.24506632122211156
0.24506633635610336
0.24506634473800654
0.24506634473800654
0.2450663501876988
0.24833332002162928
0.24506632122211156
0.2483333265408873
0.2483333265408873
0.2450663214549422
0.24668883858248586
0.24668884114362297
0.24833329790271816
0.2450663203853764
0.24506632122211156
0.24668885767459867
0.24668885348364708
0.2483333051204681
0.2450663203835574
0.24668885348364708
0.2450663214549422
0.24668885336723176
0.24668884114362297
0.24668885767459867
0.24668884277343744
0.24668883846607054
0.24668884114362297
0.24668887257575983
0.2466888536000624
0.24506633528471863
0.24833329790271816
0.24668884114362297
0.24999997019767756
0.24506632133852688
0.24668884277343744
0.24668882787227628
0.24668886419385666
0.2466888536000624
0.2483332966221496
0.2434654722856066
0.24668885348364708
0.24506633528471863
0.24506632168777284
0.2434654722856066
0.24668887257575983
0.24506633528471863
0.2483333265408873
0.24668886419385666
0.24668884277343744
0.24506632168777284
0.24668886431027198
0.24506632122211156
0.24506633528471863
0.24506632122211156
0.24668886741892487
0.24668882379774001
0.24833329790271816
0.24668886419385666
0.2483333051204681
0.24668885251685418
0.24506633635610336
0.2450663501876988
0.2466888492926955
0.2483333116397261
0.2483332966221496
0.24668886419385666
0.24668885348364708
0.2499999864958226
0.2483332902193069
0.2483332966221496
0.24506632983684537
0.24833327531814572
0.2450663214549422
0.2483333051204681
0.24668884114362297
0.24668885767459867
0.24668884114362297
0.24668888232008607
0.2483333265408873
0.2491666173445992
0.24668888232008607
0.24506634473800654
0.24506632122211156
0.24506634473800654
0.2450663501876988
0.24668886431027198
0.24668885251685418
0.2483332967385649
0.2483332902193069
0.2450663501876988
0.24668884114362297
0.24506632122211156
0.24668888232008607
0.24506634473800654
0.2466888536000624
0.24506633635610336
0.24668884114362297
0.24668885767459867
0.24506633528471863
0.2483332902193069
0.2483332966221496
0.24506634473800654
0.24506632122211156
0.24506633635610336
0.2466888536000624
0.24506633635610336
0.2466888492926955
0.24668884114362297
0.24668885348364708
0.24506633635610336
0.24668882379774001
0.2434654381831933
0.24668882787227628
0.24506632122211156
0.24668886419385666
0.24506632133852688
0.24506632122211156
0.24668886419385666
0.2434654722856066
0.24668885348364708
0.2483332966221496
0.24668886741892487
0.24506634473800654
0.2450663501876988
0.24668883858248586
0.24668887257575983
0.24668886741892487
0.2483332966221496
0.2483333051204681
0.2483332902193069
0.2450663501876988
0.24668884114362297
0.24506632122211156
0.2483332966221496
0.24506633528471863
0.24668886431027198
0.24587758834240953
0.24668884114362297
0.2450663214549422
0.2483333051204681
0.2483333265408873
0.24833332002162928
0.2450663214549422
0.24833332002162928
0.24668886431027198
0.24668886850122357
0.24668886431027198
0.2466888536000624
0.24833332002162928
0.24668886431027198
0.24668886419385666
0.24506632122211156
0.24668884114362297
0.2450663501876988
0.24668886431027198
0.24668886419385666
0.24346544247964624
0.24506632168777284
0.24668888232008607
0.24833329790271816
0.2499999864958226
0.24506633635610336
0.24668886419385666
0.2450663203835574
0.24506632122211156
0.2466888536000624
0.24668888232008607
0.24668884114362297
0.24751104839378965
0.2434654722856066
0.24668886431027198
0.24506633528471863
0.24668886741892487
0.2466888536000624
0.24668886741892487
0.24668886419385666
0.2466888536000624
0.2483332902193069
0.24668884277343744
0.24668885348364708
0.24668885251685418
0.24668886419385666
0.2483332902193069
0.24668886741892487
0.24668884114362297
0.2450663203835574
0.2483333265408873
0.2483332966221496
0.2483333051204681
0.24506634473800654
0.24506633635610336
0.24668886741892487
0.24833332002162928
0.24506634473800654
0.24668884114362297
0.2466888536000624
0.24668884277343744
0.24506634206045413
0.24668885348364708
0.24668886419385666
0.24668885348364708
0.2483333265408873
0.2450663501876988
0.24668884114362297
0.2450663214549422
0.24668883439153427
0.24506633528471863
0.2450663214549422
0.2483332966221496
0.24346544247964624
0.24506632983684537
0.2450663501876988
0.2483332967385649
0.24506634473800654
0.24346545308435447
0.2483333265408873
0.2483332967385649
0.2450663214549422
0.24668886741892487
0.2483332967385649
0.24668885348364708
0.2483333116397261
0.24668888232008607
0.2483332902193069
0.2483332966221496
0.2466888492926955
0.24668886431027198
0.24506633635610336
0.24833331280387932
0.24668885767459867
0.24916664150077847
0.24668884114362297
0.24668886419385666
0.24506632122211156
0.24506632122211156
0.2450663214549422
0.2450663214549422
0.24506633635610336
0.24506633635610336
0.2450663203835574
0.2483332902193069
0.24668888232008607
0.2450663214549422
0.2483333051204681
0.24668885348364708
0.2450663501876988
0.24668886431027198
0.24668886419385666
0.24506634473800654
0.2483332966221496
0.24506632122211156
0.2499999864958226
0.24668884114362297
0.2434654722856066
0.2483332966221496
0.24833329790271816
0.2450663501876988
0.24506632122211156
0.2483332966221496
0.24668888232008607
0.24506633635610336
0.24668885251685418
0.24668882379774001
0.2466888536000624
0.24668887257575983
0.2450663501876988
0.2483333051204681
0.2483332966221496
0.24346544247964624
0.24506633635610336
0.24668884114362297
0.24833881051745263
0.24506633528471863
0.24668885348364708
0.24506632168777284
0.24833329790271816
0.2450663501876988
0.2450663501876988
0.24833329790271816
0.2483333116397261
0.24506632122211156
0.24668884114362297
0.2483332967385649
0.2466888536000624
0.24668886431027198
0.2450663214549422
0.2450663214549422
0.2483332966221496
0.24668886419385666
0.24506632122211156
0.24506633528471863
0.2450663501876988
0.24668884277343744
0.24506633528471863
0.2450663203835574
0.2434654722856066
0.24668884114362297
0.24506632983684537
0.2475110782543197
0.24668885348364708
0.2483333265408873
0.24668885767459867
0.24668884277343744
0.2483333265408873
0.24668886419385666
0.24506633528471863
0.24506634473800654
0.24668886741892487
0.24833329790271816
0.2450663214549422
0.2450663501876988
0.24506634473800654
0.24668886419385666
0.24668885251685418
0.24833331280387932
0.24506632122211156
0.24668885348364708
0.24668886419385666
0.2483333116397261
0.24833332002162928
0.24506633528471863
0.24668882379774001
0.2466888536000624
0.2483333051204681
0.24833329790271816
0.24506632122211156
0.24506634473800654
0.24506632122211156
0.24506634473800654
0.24833327531814572
0.24506634473800654
0.24506633528471863
0.24668883858248586
0.2483333051204681
0.24668885767459867
0.24506633635610336
0.2466888536000624
0.24506632122211156
0.2450663501876988
0.2483333265408873
0.2450663501876988
0.2450663501876988
0.2475110484519973
0.2483333116397261
0.2483332967385649
0.24833329790271816
0.24506634473800654
0.24668886431027198
0.24668885348364708
0.24999997159466145
0.24668882379774001
0.24668888232008607
0.2466888536000624
0.24833329790271816
0.24506634473800654
0.24833327531814572
0.24506633635610336
0.24506632122211156
0.2466888536000624
0.24668885767459867
0.24668885348364708
0.24833331280387932
0.2483333051204681
0.24668884114362297
0.2450663501876988
0.2483333051204681
0.2450663501876988
0.24833331280387932
0.24668886419385666
0.2483332902193069
0.2483332902193069
0.24668884277343744
0.2483332966221496
0.24506632122211156
0.2450663203835574
0.2434654722856066
0.2483333265408873
0.24999997019767756
0.24668886419385666
0.24833332002162928
0.2483332966221496
0.24668886431027198
0.24506632122211156
0.24668884277343744
0.2483333116397261
0.24668884114362297
0.24668885348364708
0.24668886431027198
0.24668885251685418
0.2483333051204681
0.24668883858248586
0.2466888536000624
0.2483332966221496
0.24668885767459867
0.24506632122211156
0.2450663203835574
0.2483333051204681
0.24506633528471863
0.24506632983684537
0.24999997159466145
0.24668883858248586
0.24668886431027198
0.24506633635610336
0.24506633635610336
0.24668884114362297
0.24668888232008607
0.24668884277343744
0.24506634473800654
0.24668884114362297
0.2450663214549422
0.24668886741892487
0.24668885767459867
0.2450663203835574
0.2450663501876988
0.24999997159466145
0.2483333051204681
0.24668885251685418
0.24668885348364708
0.2491666337009519
0.24506633528471863
0.24668884114362297
0.24668885336723176
0.24751105345785612
0.24668886419385666
0.2483333265408873
0.24668886419385666
0.2450663501876988
0.2450663214549422
0.2450663501876988
0.24506633635610336
0.2450663214549422
0.24506633635610336
0.24668884114362297
0.2450663214549422
0.2483332967385649
0.2450663501876988
0.24668884114362297
0.24833331280387932
0.24668885251685418
0.2450663214549422
0.24668886431027198
0.24668886419385666
0.2483333051204681
0.24668884114362297
0.24833331280387932
0.2499999832361936
0.24668886419385666
0.24833329790271816
0.24506633528471863
0.2483332966221496
0.24668885251685418
0.24833331280387932
0.2483333051204681
0.24506633528471863
0.2483332966221496
0.24506632122211156
0.24668885767459867
0.2483332966221496
0.2483333265408873
0.2466888536000624
0.2483332966221496
0.24668885348364708
0.24668886431027198
0.24506632122211156
0.2483332966221496
0.24668886431027198
0.24668885348364708
0.24668886419385666
0.24668887257575983
0.24506632168777284
0.24668886419385666
0.2483333051204681
0.24668885348364708
0.24668886741892487
0.24668886431027198
0.24833329790271816
0.24833332002162928
0.24668886419385666
0.24506632168777284
0.24506632122211156
0.2434654722856066
0.2466888536000624
0.2483333265408873
0.2483332966221496
0.24668886431027198
0.24668885348364708
0.2450663203835574
0.24668885251685418
0.24668884114362297
0.24506634473800654
0.24668885348364708
0.24668884277343744
0.2483332966221496
0.24668886419385666
0.24833331280387932
0.24668886419385666
0.24668886741892487
0.24999997159466145
0.24668886431027198
0.24346545308435447
0.24668886741892487
0.24506632168777284
0.2450663214549422
0.2450663501876988
0.2466888536000624
0.2450663214549422
0.24506632727570826
0.2483333116397261
0.2466888536000624
0.2483333051204681
0.24668885251685418
0.2499999832361936
0.24506632122211156
0.24668886419385666
0.24999997159466145
0.2483333116397261
0.2483332966221496
0.24668886431027198
0.24999997159466145
0.24668885348364708
0.24506630548421524
0.24668884114362297
0.24668886419385666
0.2450663501876988
0.24668885767459867
0.2466888536000624
0.24668884277343744
0.24916661728639153
0.2450663214549422
0.2450663214549422
0.24668886431027198
0.2450663214549422
0.2483332966221496
0.24668885251685418
0.24833332002162928
0.24668884114362297
0.24506632133852688
0.24668886431027198
0.24668886741892487
0.2450663501876988
0.24668885336723176
0.24668886741892487
0.24668883846607054
0.2483333265408873
0.2483332902193069
0.2450663501876988
0.24916660785675043
0.24668888232008607
0.24668885767459867
0.24506633635610336
0.24668886419385666
0.24833329790271816
0.24506632168777284
0.24668882379774001
0.2450663501876988
0.2483333116397261
0.24668886431027198
0.2466888536000624
0.2450663214549422
0.2450663214549422
0.2466888397466391
0.24668886419385666
0.24506633528471863
0.24506632122211156
0.24833331280387932
0.24833329790271816
0.24506634473800654
0.2450663501876988
0.24668884114362297
0.24668885251685418
0.2450663501876988
0.2483332902193069
0.24833331280387932
0.2450663203835574
0.24668885348364708
0.24669432274913555
0.2466888536000624
0.2483333116397261
0.24506632122211156
0.24668883846607054
0.24668884277343744
0.24751105252653355
0.24833332002162928
0.24668886431027198
0.24668882379774001
0.2450663214549422
0.24668886419385666
0.24506633528471863
0.2483333116397261
0.24668886741892487
0.24506634473800654
0.24833329790271816
0.2450663501876988
0.24668885348364708
0.24506634217686946
0.2450663203835574
0.24668886419385666
0.24833331280387932
0.2483332966221496
0.24506634206045413
0.24506632727570826
0.2483333116397261
0.24999997019767756
0.24506632122211156
0.24833332002162928
0.24668888232008607
0.24668883858248586
0.24668884277343744
0.24833332002162928
0.2483333265408873
0.2483333051204681
0.24833331280387932
0.24668886741892487
0.24833331280387932
0.24668882379774001
0.24668887257575983
0.24506632122211156
0.24668886419385666
0.24833329790271816
0.24668885251685418
0.24833329790271816
0.24833331280387932
0.2450663203835574
0.2483333116397261
0.2483332967385649
0.24506634217686946
0.2450663501876988
0.24506633635610336
0.24668885348364708
0.24506633528471863
0.24833329790271816
0.24668886431027198
0.24668886419385666
0.24506633635610336
0.24668886419385666
0.2483332902193069
0.2466888397466391
0.24668884277343744
0.2450663501876988
0.24668886419385666
0.24833329790271816
0.24506633528471863
0.2499999832361936
0.2466888536000624
0.24668886419385666
0.24668886431027198
0.2483333116397261
0.24668886419385666
0.24751103349262843
0.24833329790271816
0.2483333265408873
0.2450663203835574
0.24833332002162928
0.24668886419385666
0.2483332966221496
0.24506633528471863
0.24833331280387932
0.2483333051204681
0.24916661728639153
0.24668885767459867
0.24668884114362297
0.24668885336723176
0.24506633528471863
0.24668885348364708
0.24668884114362297
0.2450663203835574
0.24506633635610336
0.24668883846607054
0.24833332002162928
0.2483332967385649
0.2466888492926955
0.24668884277343744
0.2450663203835574
0.24668886419385666
0.2483333051204681
0.24506634473800654
0.24506632122211156
0.24668886419385666
0.24506633528471863
0.2450663501876988
0.24668884114362297
0.24833329790271816
0.24668885348364708
0.2483333265408873
0.24668886741892487
0.2483332967385649
0.24668886419385666
0.24668886741892487
0.2483332966221496
0.24668887257575983
0.2483333116397261
0.24506634473800654
0.2499999864958226
0.2450663203853764
0.24506634473800654
0.24668885767459867
0.24833329790271816
0.2434654722856066
0.2499999832361936
0.24506633528471863
0.2450663214549422
0.24668882379774001
0.24833329790271816
0.24506633528471863
0.24668884114362297
0.24668884114362297
0.24506632122211156
0.24833331280387932
0.24668884114362297
0.2483332966221496
0.2466888397466391
0.24668882379774001
0.24668884277343744
0.2450663501876988
0.24668886431027198
0.24668884114362297
0.2450663214549422
0.2483333265408873
0.24833881051745263
0.24668886431027198
0.24668884114362297
0.2466888536000624
0.2466888536000624
0.24506633528471863
0.2483333051204681
0.2483333051204681
0.24668886431027198
0.24506633528471863
0.24668884277343744
0.24668886741892487
0.24506633528471863
0.24668886419385666
0.24668885348364708
0.24833329790271816
0.24668884114362297
0.24668886419385666
0.2450663501876988
0.2483333051204681
0.24506633635610336
0.2483333265408873
0.24999997019767756
0.2483332966221496
0.24668885767459867
0.24999997019767756
0.24506632122211156
0.2491666337009519
0.24668884114362297
0.24668883858248586
0.24507172641824576
0.24506630548421524
0.24833886080887166
0.2466888536000624
0.24506634206045413
0.24587755664833819
0.24833329790271816
0.24668886741892487
0.24506633635610336
0.24751656694570554
0.24833332002162928
0.24668884114362297
0.2450663501876988
0.24833331280387932
0.24506634206045413
0.24506633528471863
0.24506632983684537
0.24668885348364708
0.2483333265408873
0.24506633528471863
0.24587757349945602
0.24668886419385666
0.24506633635610336
0.24668886419385666
0.24506632122211156
0.24751104437746102
0.24668885348364708
0.24506633635610336
0.2483332902193069
0.2466888536000624
0.24506632122211156
0.2450663214549422
0.24668888232008607
0.24668885767459867
0.2450663214549422
0.24506632122211156
0.24668886419385666
0.24668886419385666
0.24668884114362297
0.2483332967385649
0.24506632122211156
0.24668885251685418
0.24506632168777284
0.2483333265408873
0.24668882379774001
0.24668884114362297
0.24506632122211156
0.24506634473800654
0.24668885348364708
0.2450663501876988
0.24833331280387932
0.24668883858248586
0.24668885767459867
0.2483332967385649
0.24346544247964624
0.2434654722856066
0.24668886431027198
0.24506633528471863
0.24668886419385666
0.24668888232008607
0.24916661728639153
0.24506632122211156
0.24668886419385666
0.24668883846607054
0.2483333051204681
0.2483333265408873
0.24668885348364708
0.24506632122211156
0.24668884277343744
0.24506632122211156
0.24668888232008607
0.2450663203835574
0.2499999864958226
0.24668886419385666
0.24916664150077847
0.24506632122211156
0.24668884277343744
0.24668886431027198
0.24506633635610336
0.2483332966221496
0.24999997159466145
0.24668886419385666
0.2483333265408873
0.24668885348364708
0.2434654722856066
0.2450663203835574
0.24668886419385666
0.24506632122211156
0.2466888397466391
0.2450663214549422
0.2466888536000624
0.24668886431027198
0.2450663501876988
0.2483332966221496
0.2483332966221496
0.24668885767459867
0.24668885348364708
0.2450663214549422
0.24668886741892487
0.24506632983684537
0.24668888232008607
0.24506632122211156
0.2466888536000624
0.24506632122211156
0.24587755665015718
0.2458776039320582
0.2450663203835574
0.2483333265408873
0.24999997159466145
0.24668886431027198
0.24668884114362297
0.24833331280387932
0.24668888232008607
0.24833331280387932
0.24668884277343744
0.24999997159466145
0.24506632122211156
0.2483333116397261
0.24506632168777284
0.2483333116397261
0.24668886431027198
0.24668885348364708
0.2483333116397261
0.2466888536000624
0.24668887257575983
0.24668886431027198
0.2450663501876988
0.2483333051204681
0.2483332966221496
0.2450663501876988
0.24506632133852688
0.2483332966221496
0.24506632122211156
0.24506632122211156
0.2499999832361936
0.24668882379774001
0.2450663501876988
0.24668883858248586
0.24833331280387932
0.24668885251685418
0.2483333265408873
0.24587757716653863
0.24506633635610336
0.2483333116397261
0.2450663501876988
0.2483333051204681
0.2466888536000624
0.24506634473800654
0.2466888536000624
0.2450663214549422
0.24668884114362297
0.24668883846607054
0.24833329790271816
0.2450663214549422
0.24833331280387932
0.24668883858248586
0.24668886741892487
0.24668886741892487
0.24506633635610336
0.24668886419385666
0.24506634473800654
0.24668886850122357
0.24751103349262843
0.24506633528471863
0.24751108349300918
0.2466888536000624
0.24668884114362297
0.24668883858248586
0.2483333265408873
0.2483332966221496
0.24668886431027198
0.24506633528471863
0.24506634473800654
0.24506633528471863
0.24668886419385666
0.24668885348364708
0.24506632168777284
0.2434654722856066
0.24668883858248586
0.24506632983684537
0.2434654722856066
0.24833329790271816
0.2434654381831933
0.24668886419385666
0.24668888232008607
0.24506633635610336
0.2450663501876988
0.2499999864958226
0.24668884277343744
0.2466888536000624
0.24833327531814572
0.24506633635610336
0.24668884114362297
0.2483333265408873
0.24506633528471863
0.24506632122211156
0.24668885336723176
0.24833329790271816
0.2450663203835574
0.2483333051204681
0.24506632983684537
0.2483333051204681
0.2483333265408873
0.24833332002162928
0.24668883846607054
0.2483333051204681
0.24668885348364708
0.24668885767459867
0.24668886419385666
0.24506632122211156
0.2483332967385649
0.2483333265408873
0.24999997019767756
0.2466888536000624
0.24506633528471863
0.24506632122211156
0.24668886431027198
0.2483333265408873
0.24751104437746102
0.24668884277343744
0.24668886419385666
0.24668885767459867
0.2466888536000624
0.2450663501876988
0.24506634473800654
0.24506634473800654
0.2466888536000624
0.24751104839378965
0.24668885348364708
0.2483333051204681
0.24668884114362297
0.2466888536000624
0.2450663501876988
0.2450663214549422
0.2450663501876988
0.24506632122211156
0.24668884277343744
0.24833327531814572
0.24506633635610336
0.2466888536000624
0.24506634206045413
0.24668884114362297
0.2450663501876988
0.2466888397466391
0.24833331280387932
0.2483332967385649
0.2483333051204681
0.2450663501876988
0.24668884114362297
0.24506632133852688
0.2483332966221496
0.24668886419385666
0.24668886741892487
0.2450663203835574
0.24668884114362297
0.24668886741892487
0.24506633528471863
0.24668886419385666
0.24668888232008607
0.24506632122211156
0.24669432275004505
0.2483333051204681
0.24668886419385666
0.24668884114362297
0.24506634473800654
0.24668885348364708
0.24506634473800654
0.2491666183341294
0.24506632122211156
0.2499999864958226
0.2483332902193069
0.24668884114362297
0.24751108343480152
0.2483333265408873
0.2483333265408873
0.24668886419385666
0.24668885251685418
0.24669432274913555
0.24668882787227628
0.24506633528471863
0.24506632122211156
0.2450663501876988
0.24833331280387932
0.24668885251685418
0.2450663501876988
0.24668884114362297
0.2483332967385649
0.2450663203835574
0.2450663501876988
0.2466888536000624
0.24506633528471863
0.2483333116397261
0.24506633528471863
0.2466888536000624
0.24668885767459867
0.2450663214549422
0.24668885348364708
0.24833332002162928
0.2483332966221496
0.24506633528471863
0.24668885251685418
0.2466888397466391
0.2466888536000624
0.24668886741892487
0.24668885767459867
0.2450663214549422
0.24668888232008607
0.2450663214549422
0.2499999864958226
0.24668884114362297
0.2483332966221496
0.24506633528471863
0.2483333265408873
0.24668886741892487
0.2483333116397261
0.24668883846607054
0.24668885348364708
0.2466888397466391
0.24668886419385666
0.24668884277343744
0.24506633528471863
0.24668884114362297
0.24668886741892487
0.24506634473800654
0.2483332966221496
0.2483333265408873
0.24506634473800654
0.24669433385133738
0.24668886419385666
0.24833327531814572
0.2466888536000624
0.2450663501876988
0.2434654722856066
0.2483333116397261
0.24668884114362297
0.2483333051204681
0.24506632168777284
0.2483332967385649
0.2483332966221496
0.2450663501876988
0.24668885251685418
0.24668884114362297
0.2450663501876988
0.24668886419385666
0.2450663203853764
0.24668887257575983
0.24668886431027198
0.24668886419385666
0.2483333051204681
0.24668884114362297
0.2450663203835574
0.2466888536000624
0.24506633635610336
0.2483333116397261
0.24668886431027198
0.2499999864958226
0.24668887257575983
0.2483333116397261
0.24506633528471863
0.2466888536000624
0.24668884114362297
0.24833329790271816
0.24668885767459867
0.24668886741892487
0.2434654381831933
0.24668884277343744
0.2483333051204681
0.24669432275004505
0.24668885251685418
0.24668883846607054
0.24506633528471863
0.2483332967385649
0.24668884114362297
0.2483333116397261
0.2483333116397261
0.2483333051204681
0.24833329790271816
0.2483333265408873
0.24668886419385666
0.2483333265408873
0.24668887257575983
0.24668886431027198
0.24668885251685418
0.2483333051204681
0.24506632727570826
0.2483332902193069
0.24916661728639153
0.24668883328558872
0.24668884277343744
0.24668885767459867
0.2450663214549422
0.24668885767459867
0.24506634473800654
0.24668884277343744
0.24668886741892487
0.2483332966221496
0.24668886431027198
0.2483333116397261
0.24668886431027198
0.2483333051204681
0.2450663203835574
0.24668885767459867
0.2483332966221496
0.24668884114362297
0.2450663501876988
0.24668886419385666
0.24668885348364708
0.24668886431027198
0.24668883846607054
0.24833331280387932
0.2450663501876988
0.2450663501876988
0.2450663214549422
0.24668886419385666
0.24668886431027198
0.2483333051204681
0.2483333116397261
0.24668883858248586
0.2483333265408873
0.24506632168777284
0.2483332966221496
0.24506632122211156
0.2466888536000624
0.2483332966221496
0.24506632122211156
0.24506632122211156
0.2483332967385649
0.2450663203853764
0.24668884277343744
0.24668885348364708
0.24668886419385666
0.24668886419385666
0.24506633635610336
0.24506633528471863
0.2483332966221496
0.24587758834240953
0.24668883858248586
0.24668888232008607
0.2483333051204681
0.24668885348364708
0.2466888536000624
0.24668883846607054
0.24668884114362297
0.24668885348364708
0.24506633635610336
0.2434654381831933
0.24751105043105776
0.24668883858248586
0.2434654722856066
0.24668888232008607
0.24506633635610336
0.24668885251685418
0.2483333265408873
0.24506632727570826
0.2499999864958226
0.24668885336723176
0.24668885348364708
0.24668886419385666
0.24668882379774001
0.2434654722856066
0.24833331280387932
0.24668886419385666
0.24668883858248586
0.2450663214549422
0.2450663214549422
0.2450663203853764
0.24833331280387932
0.24506633635610336
0.24668886741892487
0.2434654722856066
0.2450663203835574
0.2483332902193069
0.2483333265408873
0.24506633635610336
0.24999997159466145
0.2483333265408873
0.2499999832361936
0.2466888536000624
0.24506632168777284
0.24506632727570826
0.2483333265408873
0.24668883858248586
0.24506632122211156
0.24668888232008607
0.24668886431027198
0.2450663203835574
0.24833331280387932
0.24506633635610336
0.2483332902193069
0.24668882787227628
0.24668884114362297
0.2434654722856066
0.2466888536000624
0.24668885348364708
0.24668886741892487
0.24506632122211156
0.24668886741892487
0.24668885251685418
0.24668886741892487
0.2450663501876988
0.24668888232008607
0.2466888536000624
0.24668884114362297
0.2483333051204681
0.24668885336723176
0.24506634473800654
0.2483333265408873
0.24833331280387932
0.24668886431027198
0.24833329790271816
0.24668886419385666
0.24506634206045413
0.24668888232008607
0.24668888232008607
0.24668885251685418
0.2483332902193069
0.24833329790271816
0.2483332966221496
0.24668888232008607
0.24833332002162928
0.24506632122211156
0.24668886741892487
0.24506632122211156
0.2483332902193069
0.2483333051204681
0.2450663501876988
0.24833332002162928
0.2450663203835574
0.2450663214549422
0.24668884277343744
0.2483332966221496
0.2450663214549422
0.24668885251685418
0.2483333116397261
0.2450663214549422
0.24668884277343744
0.24668886431027198
0.24668882379774001
0.24668882787227628
0.24346545308435447
0.24833329790271816
0.24506634473800654
0.2483332902193069
0.24751104839378965
0.2483332966221496
0.2483333265408873
0.2483332966221496
0.2483332966221496
0.24506633635610336
0.24506632168777284
0.2483333051204681
0.24668882379774001
0.2450663501876988
0.2483332967385649
0.2483332966221496
0.2434654381831933
0.24668884114362297
0.24506632122211156
0.24999997159466145
0.24506632122211156
0.2450663501876988
0.2466888536000624
0.2450663501876988
0.24668884277343744
0.24506633528471863
0.24833332002162928
0.2450663214549422
0.24506633528471863
0.24668883846607054
0.24833331280387932
0.24668886741892487
0.2483333116397261
0.24833331280387932
0.2483332966221496
0.24668885348364708
0.24668882379774001
0.24668885336723176
0.24668884114362297
0.2450663214549422
0.24506632983684537
0.2483333265408873
0.24668883858248586
0.24833884026156736
0.2450663501876988
0.2483332966221496
0.24668885251685418
0.24506632122211156
0.24668884277343744
0.2466888536000624
0.24668886419385666
0.24668884114362297
0.2450663214549422
0.24506633528471863
0.24506633528471863
0.24833327531814572
0.24668888232008607
0.24668885348364708
0.24668888232008607
0.2466888536000624
0.24506630548421524
0.24668885348364708
0.2450663501876988
0.24668883858248586
0.24506633635610336
0.24833331280387932
0.24506633635610336
0.2450663501876988
0.24999997159466145
0.24668884114362297
0.24668886419385666
0.2450663214549422
0.2483332966221496
0.24668886741892487
0.24833331280387932
0.24668886431027198
0.2466888536000624
0.2483332966221496
0.24833331280387932
0.2450663214549422
0.2450663203835574
0.24668885348364708
0.24668886431027198
0.24668885348364708
0.24668884114362297
0.24506633528471863
0.24833329790271816
0.24668884114362297
0.2483332966221496
0.24668884114362297
0.24669433373492206
0.24668883439153427
0.24506633635610336
0.24668884114362297
0.2483333051204681
0.24668886741892487
0.24668885348364708
0.24346544247964624
0.24668888232008607
0.24668886431027198
0.24506633635610336
0.24668886419385666
0.2475110832601785
0.24668886419385666
0.2466888536000624
0.24668886419385666
0.24668886850122357
0.24833332002162928
0.24668884114362297
0.24668886741892487
0.2499999864958226
0.24668885251685418
0.24668884114362297
0.2483333051204681
0.2483333051204681
0.24668884114362297
0.2450663203835574
0.2483333265408873
0.2483333116397261
0.24668883846607054
0.2450663501876988
0.24668887257575983
0.24668885348364708
0.2434654722856066
0.2499999864958226
0.24668885251685418
0.2450663501876988
0.24668884114362297
0.24833329790271816
0.24668886431027198
0.24506632122211156
0.2450663501876988
0.24833329790271816
0.2450663501876988
0.24668888232008607
0.24668886419385666
0.24506634206045413
0.2483333051204681
0.24668886741892487
0.24999997159466145
0.2466888536000624
0.2483333051204681
0.24833329790271816
0.24506630548421524
0.24668885251685418
0.2483333116397261
0.24833329790271816
0.2483333265408873
0.24668888232008607
0.2483333265408873
0.24668886741892487
0.24668886741892487
0.2483332966221496
0.24999997019767756
0.24506633635610336
0.24506630548421524
0.2450663501876988
0.24668886419385666
0.24506633528471863
0.24668884277343744
0.24833331280387932
0.2466888536000624
0.24668884114362297
0.24668888232008607
0.24999997159466145
0.24668884114362297
0.24668886419385666
0.2483332966221496
0.2450663501876988
0.2483333116397261
0.24668886850122357
0.24506633635610336
0.24668884277343744
0.24668886741892487
0.24668886741892487
0.2483332966221496
0.24668886431027198
0.24506632122211156
0.2450663501876988
0.24668885251685418
0.2483332902193069
0.24668886419385666
0.2483333116397261
0.24668884114362297
0.24668885767459867
0.2483332966221496
0.24668883846607054
0.24833331280387932
0.24506633635610336
0.2483333116397261
0.24668886419385666
0.24833329790271816
0.24668884114362297
0.24668884114362297
0.24668885348364708
0.2483332902193069
0.24668884277343744
0.2450663501876988
0.24833332002162928
0.24751105345785612
0.24668886419385666
0.24668885348364708
0.24751106329495082
0.2483333051204681
0.2483332902193069
0.2450663501876988
0.24668886741892487
0.2450663214549422
0.24668886419385666
0.24668883846607054
0.2483333116397261
0.2483332966221496
0.24833332002162928
0.24668885251685418
0.2450663501876988
0.2450663214549422
0.24506633528471863
0.24668886419385666
0.24506633528471863
0.2450663214549422
0.2483333265408873
0.24833886069245634
0.2483333116397261
0.24833331280387932
0.2483333051204681
0.24833329790271816
0.2483332966221496
0.24833332002162928
0.2466888536000624
0.24668886419385666
0.24668884114362297
0.2483332966221496
0.24668886419385666
0.24668885348364708
0.24506634473800654
0.2483332966221496
0.2450663501876988
0.24668886419385666
0.24506632168777284
0.24668886741892487
0.2483332967385649
0.24668885251685418
0.24506633528471863
0.2466888536000624
0.2450663203835574
0.24668886419385666
0.24833332002162928
0.24506632133852688
0.2450663214549422
0.24668885767459867
0.2483332967385649
0.2483333051204681
0.24668884114362297
0.24668886419385666
0.24506632122211156
0.24506633528471863
0.24506630548421524
0.2450663501876988
0.24668886431027198
0.2483333051204681
0.24668886419385666
0.24668884277343744
0.24668882379774001
0.24506633528471863
0.2483333116397261
0.2483333265408873
0.2450663214549422
0.24668885251685418
0.24668886419385666
0.2483332902193069
0.2483333116397261
0.24506632122211156
0.24668884114362297
0.2434654722856066
0.24668885251685418
0.2450663214549422
0.24668884114362297
0.24506632122211156
0.24833327531814572
0.2466888536000624
0.2466888536000624
0.24668885767459867
0.24999997159466145
0.24668885251685418
0.24506633528471863
0.24668884277343744
0.24668884114362297
0.24506632727570826
0.24751108349300918
0.24506632133852688
0.2483333051204681
0.24668882379774001
0.24668883858248586
0.2466888536000624
0.2483333051204681
0.2450663214549422
0.2450663203835574
0.24668886431027198
0.24668885348364708
0.24506633635610336
0.24751108343480152
0.2483333265408873
0.2450663501876988
0.24668885348364708
0.24668886431027198
0.24668884277343744
0.2466888536000624
0.24506633528471863
0.2483333116397261
0.2483332967385649
0.2450663214549422
0.24506633528471863
0.24506632122211156
0.24668886419385666
0.24833329790271816
0.24506633528471863
0.2483333051204681
0.24506633528471863
0.2466888536000624
0.24999997019767756
0.24506632983684537
0.2483333116397261
0.24668885767459867
0.2483333265408873
0.24833331280387932
0.24668884114362297
0.2483333116397261
0.24668884114362297
0.24506632122211156
0.24587760702706868
0.2499999832361936
0.24668885348364708
0.24668886419385666
0.24506632122211156
0.24833331280387932
0.2450663203835574
0.2475110832601785
0.247511086270606
0.24506632122211156
0.24506633528471863
0.24668888232008607
0.24668886419385666
0.2450663214549422
0.24506632122211156
0.24506633528471863
0.24999997159466145
0.24833883961309763
0.24506634473800654
0.24506633528471863
0.24668888232008607
0.2483333265408873
0.2483333265408873
0.24668886419385666
0.24668884277343744
0.24668885251685418
0.2483333116397261
0.24668886431027198
0.24668884277343744
0.2450663214549422
0.2483332966221496
0.2483333051204681
0.2483333116397261
0.2483332967385649
0.24668884114362297
0.24833329790271816
0.2450663214549422
0.24668885348364708
0.24668884114362297
0.24506632168777284
0.2450663203835574
0.24999997159466145
0.2483332967385649
0.24668884114362297
0.2483332966221496
0.24668886741892487
0.24668888232008607
0.24668886419385666
0.2483333051204681
0.24506632122211156
0.24668885348364708
0.24668886741892487
0.2434654722856066
0.2491666183341294
0.24833329790271816
0.24668885251685418
0.2450663501876988
0.24668886741892487
0.2466888492926955
0.2466888536000624
0.24668886419385666
0.2483332966221496
0.24506632983684537
0.2450663214549422
0.24668885251685418
0.24506632122211156
0.24506633528471863
0.24506633635610336
0.24506633528471863
0.2483332967385649
0.24506632122211156
0.24506632122211156
0.24668886431027198
0.2483332966221496
0.2434654722856066
0.24668883858248586
0.2483333265408873
0.24668885767459867
0.2450663501876988
0.24668886431027198
0.2483332966221496
0.2434654722856066
0.24506632122211156
0.24668886741892487
0.24668884114362297
0.24506632727570826
0.2466888536000624
0.24833329790271816
0.24833329790271816
0.24668885348364708
0.2483333051204681
0.2450663501876988
0.24833329790271816
0.24506633528471863
0.24506632122211156
0.24999997159466145
0.2450663501876988
0.24506633528471863
0.2450663501876988
0.2483333265408873
0.24668884114362297
0.24668884114362297
0.24668886419385666
0.2483333051204681
0.24668884114362297
0.2483333051204681
0.24833332002162928
0.2483332967385649
0.24668885348364708
0.24668886741892487
0.24587757154949935
0.24506633528471863
0.24506633635610336
0.24668886741892487
0.24833329790271816
0.24668885336723176
0.2483333116397261
0.24999997159466145
0.2466888536000624
0.24833331280387932
0.24506632122211156
0.2483332902193069
0.24668888232008607
0.2483333051204681
0.24668886419385666
0.24506632168777284
0.2483333265408873
0.24668886741892487
0.2483332966221496
0.24668884277343744
0.24506633528471863
0.2483333265408873
0.24999997159466145
0.24668883858248586
0.24668885767459867
0.24668885348364708
0.24506634473800654
0.2466888536000624
0.2483333116397261
0.24506634473800654
0.24833329790271816
0.24668884114362297
0.24668886431027198
0.2450663203835574
0.24668883858248586
0.24668885767459867
0.2483332967385649
0.24506633635610336
0.2483333051204681
0.24506634206045413
0.2483333116397261
0.24668886431027198
0.24668886419385666
0.24668884277343744
0.24668886419385666
0.2483333051204681
0.24668886431027198
0.2483332966221496
0.24668886431027198
0.2483333116397261
0.24506633528471863
0.2483333265408873
0.24668885348364708
0.24668885767459867
0.24833329790271816
0.2483332967385649
0.2450663214549422
0.24833884037798268
0.24668883858248586
0.24833329790271816
0.24668884114362297
0.2483333051204681
0.24668884277343744
0.24668886850122357
0.24668882379774001
0.24668886419385666
0.24668884114362297
0.2483333051204681
0.24506632122211156
0.24668884277343744
0.24668886431027198
0.2450663214549422
0.24668884277343744
0.24833329790271816
0.24668887257575983
0.24506633635610336
0.24506632133852688
0.24833331280387932
0.2466888536000624
0.24833331280387932
0.24668884114362297
0.24668885767459867
0.24668884114362297
0.24506633635610336
0.24506633635610336
0.2483332966221496
0.2466888536000624
0.2466888536000624
0.24668886431027198
0.24668887257575983
0.2483333265408873
0.24668882379774001
0.24506634473800654
0.2483332967385649
0.2483332967385649
0.24668883858248586
0.2466888536000624
0.2450663214549422
0.2483333116397261
0.24833331280387932
0.24668886419385666
0.24668886741892487
0.24668888232008607
0.24668886741892487
0.2466888536000624
0.2483333265408873
0.2483332966221496
0.2483332967385649
0.24668885251685418
0.24506633528471863
0.24833329790271816
0.24506633528471863
0.24506632727570826
0.24506632122211156
0.24833332002162928
0.24668886431027198
0.24833329790271816
0.24506632122211156
0.24833331280387932
0.24668886419385666
0.24668886419385666
0.2466888492926955
0.24668885336723176
0.2466888536000624
0.24668884114362297
0.2450663501876988
0.24668886419385666
0.2483333051204681
0.24668886419385666
0.24833331280387932
0.2450663501876988
0.24668886431027198
0.24668886419385666
0.24668886419385666
0.2483333265408873
0.2483332902193069
0.24668884277343744
0.24668886431027198
0.24751104839378965
0.2434654381831933
0.24668884114362297
0.2483332967385649
0.2483332966221496
0.24668884277343744
0.24506632168777284
0.24668886741892487
0.24833331280387932
0.2450663501876988
0.2483333265408873
0.24506632122211156
0.2450663214549422
0.24668885348364708
0.2483332966221496
0.24668886741892487
0.24833331280387932
0.24668884114362297
0.24668886419385666
0.2434654722856066
0.24833884194958952
0.24506632122211156
0.2483333051204681
0.2483332966221496
0.2483332966221496
0.24506633528471863
0.24668885348364708
0.24668884277343744
0.24668886741892487
0.24506632133852688
0.24506633528471863
0.24506633528471863
0.24751104437746102
0.2483332967385649
0.24668884277343744
0.24668885336723176
0.2450663501876988
0.24668886419385666
0.24506633635610336
0.24833332002162928
0.2450663501876988
0.24506634473800654
0.24668886741892487
0.24506632122211156
0.2466888536000624
0.24506632122211156
0.24668885251685418
0.2483333116397261
0.2483333265408873
0.2483333051204681
0.24833329790271816
0.2450663501876988
0.24668885767459867
0.2483333051204681
0.24999997019767756
0.2466888536000624
0.2450663214549422
0.24506632122211156
0.24668886431027198
0.2483333265408873
0.24916661728639153
0.24506633635610336
0.24668885251685418
0.2483332967385649
0.24668888232008607
0.24668886431027198
0.24668886419385666
0.2466888536000624
0.24668885348364708
0.24668886741892487
0.2483332966221496
0.2483333051204681
0.24668886741892487
0.2466888536000624
