0.4430336058139801
0.4685747027397156
0.49271586537361145
0.45561710000038147
0.46586325764656067
0.43112730979919434
0.44877323508262634
0.4426692724227905
0.4757399559020996
0.4813871681690216
0.44860416650772095
0.44023463129997253
0.45692744851112366
0.45918187499046326
0.4280370771884918
0.4713040292263031
0.44935843348503113
0.46320971846580505
0.4286019206047058
0.4722525477409363
0.4745299220085144
0.455520898103714
0.44165414571762085
0.4754332900047302
0.44186997413635254
0.4830021262168884
0.4769679009914398
0.4492030143737793
0.48464661836624146
0.47228696942329407
0.4766351580619812
0.4667746424674988
0.4711216688156128
0.40473049879074097
0.4603555500507355
0.42972689867019653
0.4520610570907593
0.42478933930397034
0.46600237488746643
0.4672350287437439
0.47427040338516235
0.4810889661312103
0.46199408173561096
0.46391621232032776
0.4391075670719147
0.4520610570907593
0.42965826392173767
0.47173011302948
0.4547644853591919
0.420696884393692
0.4548100233078003
0.46153557300567627
0.43971672654151917
0.4306158125400543
0.4702289402484894
0.42863789200782776
0.435757040977478
0.44945982098579407
0.433452308177948
0.40623655915260315
0.41533106565475464
0.4678601324558258
0.42854034900665283
0.4169740676879883
0.4309046268463135
0.457649290561676
0.44708049297332764
0.4535788595676422
0.47700193524360657
0.46600234508514404
0.45718368887901306
0.4457782208919525
0.45722687244415283
0.454003244638443
0.40963509678840637
0.46892857551574707
0.4593753516674042
0.4494597315788269
0.41868504881858826
0.44429388642311096
0.44302698969841003
0.45692744851112366
0.454646497964859
0.4332050085067749
0.4591292142868042
0.48683905601501465
0.4607681930065155
0.46600228548049927
0.48011860251426697
0.43460726737976074
0.47175177931785583
0.4587021470069885
0.4814516007900238
0.45815807580947876
0.47168290615081787
0.47265881299972534
0.4742656648159027
0.4288816452026367
0.4414098262786865
0.42154043912887573
0.4321383535861969
0.45765814185142517
0.4561842083930969
0.46138280630111694
0.4875296354293823
0.48393189907073975
0.44105958938598633
0.4387128949165344
0.43994152545928955
0.49174973368644714
0.4619539678096771
0.48721712827682495
0.46898701786994934
0.464826762676239
0.47048500180244446
0.428728312253952
0.4801187217235565
0.4713321030139923
0.4576583504676819
0.4295988380908966
0.45482465624809265
0.4306792914867401
0.43369364738464355
0.46584707498550415
0.44505685567855835
0.49305492639541626
0.44302698969841003
0.4590693712234497
0.4562196433544159
0.43134963512420654
0.4391568899154663
0.4562574625015259
0.45599061250686646
0.48880091309547424
0.4426693320274353
0.44159823656082153
0.48814576864242554
0.46000218391418457
0.46587246656417847
0.44617918133735657
0.4830150902271271
0.4856162369251251
0.4814031422138214
0.45565205812454224
0.4671017527580261
0.47697609663009644
0.46035557985305786
0.42007771134376526
0.44459912180900574
0.46886560320854187
0.4323398768901825
0.44284874200820923
0.4072372615337372
0.4167045056819916
0.454361230134964
0.44947484135627747
0.41635143756866455
0.44775643944740295
0.45702874660491943
0.44415029883384705
0.4881496727466583
0.4316892623901367
0.4566364586353302
0.4914085268974304
0.43168923258781433
0.46554476022720337
0.47575774788856506
0.4535045623779297
0.4754634499549866
0.43605902791023254
0.44818925857543945
0.4148934483528137
0.4742143154144287
0.4588804841041565
0.4180425703525543
0.4438987672328949
0.4322758615016937
0.4559054970741272
0.4037432372570038
0.41715800762176514
0.45176658034324646
0.45688170194625854
0.49174970388412476
0.4447912275791168
0.4444151520729065
0.4741615355014801
0.4808075726032257
0.4450353682041168
0.41791245341300964
0.4392962157726288
0.4524867832660675
0.43053239583969116
0.44679585099220276
0.47579431533813477
0.46174028515815735
0.4782222509384155
0.4716530740261078
0.4455167055130005
0.44684505462646484
0.49305492639541626
