0.8747519850730894
0.8162734806537627
0.8010030686855315
0.7866759896278379
0.7872905433177947
0.9106076359748838
0.8705253005027769
0.7102047204971312
0.8904809057712553
0.8574302792549132
0.7225486934185026
0.7972996234893799
0.8436332345008848
0.8153122067451476
0.7409126162528991
0.8519804477691648
0.7855946421623228
0.7869448959827421
0.8079774677753446
0.8957174420356748
0.7844913601875304
0.746427923440933
0.890261024236679
0.8848221600055692
0.8135094344615935
0.7940437793731688
0.9141495823860166
0.8127403557300567
0.7980276644229888
0.8583756685256956
0.8926368951797484
0.8358315825462341
0.758681774139404
0.7720459103584288
0.7350306510925292
0.8282107710838316
0.8156928420066832
0.8673889040946958
0.7940437495708464
0.8956277668476104
0.86676350235939
0.7741448879241941
0.846168130636215
0.8210100829601287
0.7504125237464904
0.8605379760265349
0.862530618906021
0.8156984746456145
0.7460197210311889
0.7938629984855652
0.8411511182785033
0.7857360839843749
0.7661731839179992
0.8520625531673429
0.8190842866897582
0.8863909542560576
0.851624935865402
0.8270282745361327
0.8292470574378966
0.7843698859214782
0.7918034493923186
0.8572791218757628
0.854281574487686
0.832483500242233
0.8521801829338072
0.8324469327926635
0.79541277885437
0.8669413328170774
0.8102815449237821
0.8926936984062195
0.8413498401641843
0.8678396940231321
0.6773931086063384
0.8492908775806426
0.8299602568149566
0.7967400550842283
0.8236218988895414
0.8266872465610504
0.7329564690589903
0.8848221898078917
0.8102814257144928
0.8347184360027311
0.7810184657573699
0.8667206764221189
0.9016918241977689
0.8135094344615935
0.896235167980194
0.7834404706954954
0.8157484233379362
0.8523403406143187
0.8445342183113096
0.816074728965759
0.857289284467697
0.7925749123096465
0.8348774611949918
0.8578607439994811
0.8579327464103699
0.7445460855960845
0.9207156896591187
0.8212570846080779
0.7488507926464081
0.8251199424266813
0.8167304992675781
0.837448477745056
0.8295496106147765
0.7991455495357511
0.7544887661933898
0.8005367815494536
0.7786245644092558
0.8400771915912627
0.7400310933589933
0.8011608123779295
0.8221253752708434
0.7460196912288664
0.851588726043701
0.792004644870758
0.8408610522747039
0.7895501255989074
0.7623298168182372
0.7565978169441222
0.7571728527545928
0.8106674253940581
0.746721178293228
0.7739452719688414
0.7467214167118071
0.8156984746456145
0.8100728392601011
0.8050512373447417
0.8450730443000791
0.8182472288608551
0.787324696779251
0.8666696250438689
0.9141577184200286
0.8160746693611143
0.8193759024143217
0.8690462112426757
0.8382728695869445
0.8688457012176513
0.788806140422821
0.8779508769512175
0.8051916956901548
0.8685876429080962
0.800426512956619
0.8213001489639281
0.8461064100265502
0.8574950993061065
0.7655930221080778
0.851584732532501
0.9140941500663755
0.8243256509304046
0.8568247258663177
0.8013460636138915
0.7491625547409057
0.7335771024227141
0.8839551806449888
0.7704718410968779
0.8201866447925564
0.8691175878047942
0.7595705986022947
0.8851504921913145
0.8463199734687804
0.8962350785732268
0.8182471692562102
0.7641959786415098
0.8025332689285276
0.8688456714153288
0.7469887137413024
0.8202735185623167
0.8639568984508513
0.8029462695121764
0.8094478547573088
0.746427923440933
0.8403862118721007
0.810113877058029
0.8019706904888153
0.8296107351779936
0.8575546443462371
0.772688180208206
0.7099409699440001
0.8957549929618834
0.8485791385173795
0.8922534584999082
0.770845055580139
0.8492908775806426
0.7347057461738585
0.7986016273498534
0.8250581026077269
0.8719194233417509
0.7218102514743804
0.758681774139404
0.8614572584629056
0.8865139186382293
0.8160299360752105
0.8262339532375335
0.8657414913177489
0.8520608842372892
0.7889358401298521
0.7834405004978179
0.8265110254287719
0.8610147535800932
0.8107520043849943
0.8687957525253294
0.7477569878101348
0.8468851149082183
0.7452688217163084
0.8013935089111327
0.7453599274158476
0.8554342389106749
0.813034415245056
0.7459612488746641
0.8127403557300567
0.7896404266357421
0.8460181951522825
0.761078208684921
0.9084392786026
0.8127209544181822
0.8556922078132628
0.8163921833038328
0.8349062204360962
0.796488434076309
0.7868472635746
0.7898590266704558
0.8437911868095397
0.9082518517971037
0.8347925841808317
0.8743945956230161
0.7862520813941953
0.8131381571292876
0.8342042863368986
0.7851627767086028
0.7859023809432982
0.7726882100105285
0.8579326868057249
0.8383111357688902
0.7340155243873594
0.9021275341510773
0.7107660770416259
0.8494925200939176
0.7350306510925292
0.9168556034564971
0.7859915196895598
0.8083200454711913
0.8667386472225187
0.8669042587280271
0.8756112456321716
0.942117780447006
0.8405964374542234
0.8157483935356139
0.7473015487194061
0.8782096505165099
0.7791236340999602
0.8788650929927824
0.8279431462287901
0.871588736772537
0.7771085500717161
0.8129144310951233
0.7336336374282836
0.7834404706954954
0.7452688217163084
0.7752031683921812
0.7868473231792449
0.8399994373321531
0.7919974327087401
0.8684397935867308
0.7576660513877869
0.7998578846454619
0.8903509080410001
0.7994248270988463
0.8018562793731687
0.7354848682880399
0.796488434076309
0.8082744479179381
0.895944684743881
0.8662035167217254
0.7768272459506987
0.8569506108760833
0.8251780569553375
0.832105129957199
0.8406372070312498
0.8244832158088682
0.8156985938549041
0.8608561158180236
0.829318344593048
0.8659470975399016
0.8265667259693144
0.7105626165866851
0.9020823836326598
0.7972996234893797
0.746957093477249
0.8659439682960509
0.8956490457057951
0.8605847656726836
0.6986280977725983
0.7483198642730711
0.8608617782592771
0.8325113654136657
0.8518607020378111
0.8752474784851073
0.7806342542171477
0.8243731558322905
0.8125143647193908
0.8840034902095794
0.797299563884735
0.8123409152030943
0.8568225502967833
0.7657379806041715
0.7809722423553467
0.8581183254718779
0.8406602144241331
0.7835017740726469
0.768440783023834
0.7557556033134458
0.8843327462673186
0.8564223051071166
0.8839129507541654
0.8902274072170256
0.8833940029144286
0.7847008407115935
0.8265525698661802
0.7866549789905547
0.7571728527545928
0.7995451986789702
0.8465869426727294
0.8145576119422911
0.8841896355152128
0.9016918241977689
0.8746623694896696
0.7686173617839812
0.7993237078189849
0.8633536398410796
0.8006755411624907
0.81564325094223
0.8461116254329679
0.8496758043766021
0.7816414833068847
0.8320849835872649
0.786069393157959
0.7356263995170591
0.8003802001476286
0.9203250408172606
0.8546487092971801
0.772688180208206
0.8203770518302916
0.8659439086914062
0.8236218988895414
0.8783207237720488
0.8573855757713317
0.8460331559181212
0.8400772809982299
0.7483319044113158
0.8400771915912627
0.7750435173511503
0.8264734148979187
0.839495301246643
0.8523957133293152
0.862557530403137
0.7748550176620482
0.85465270280838
0.8549928665161131
0.8017407953739164
0.854537934064865
0.7354848682880399
0.8345192372798919
0.7867377698421477
0.7343120276927947
0.8687235116958617
0.8717678487300871
0.8554342389106749
0.8501045405864714
0.7991455793380736
0.8269916772842404
0.8458774983882903
0.7735421061515807
0.787335306406021
0.7329564690589903
0.8096703886985779
0.8160617053508757
0.8673655092716215
0.8549117743968961
0.9081887900829313
0.8431466221809386
0.7590121924877166
0.7366155087947844
0.7590122520923613
0.828951984643936
0.8159447908401488
0.7909506261348723
0.8290734589099882
0.8134058117866515
0.7836921215057371
0.796488434076309
0.7946597337722776
0.8600936233997343
0.7707148790359496
0.8129813075065612
0.8318963944911955
0.8691175878047942
0.7892451882362364
0.758411943912506
0.8025447726249693
0.7438859045505521
0.8613553643226621
0.8463835418224332
0.8330639600753783
0.7540544271469114
0.7768021821975707
0.8293182551860808
0.7972996234893799
0.8406679332256316
0.6886489093303678
0.8575546443462371
0.8846261501312255
0.8154215216636655
0.7222643196582794
0.826109915971756
0.8440912663936614
0.719225138425827
0.819364845752716
0.758354365825653
0.7868625819683073
0.8548923730850219
0.8610621988773345
0.8262567222118377
0.8264756202697753
0.8554145693778991
0.9049306511878966
0.8174992203712463
0.7996655702590942
0.9053668081760405
0.7481395006179807
0.8492909371852874
0.8051189482212064
0.8904863893985747
0.8094478547573087
0.7455204725265502
0.7877637743949889
0.7909495830535886
0.8265666961669922
0.8896637856960296
0.8563363552093505
0.8962296545505521
0.7476405799388883
0.7557426691055297
0.7903350591659545
0.7977654337882996
0.7427959442138671
0.722918391227722
0.8241403996944426
0.7938740849494933
0.8581183254718779
0.8700835704803466
0.8090200126171112
0.8153237700462341
0.8181929886341094
0.8206670582294462
0.7801753282546995
0.7586026489734649
0.8559255003929137
0.7720459401607513
0.7724880278110503
0.7868474125862119
0.801671415567398
0.8558070957660674
0.8025984168052671
0.736207842826843
0.9388697445392608
0.8397914469242096
0.8269347250461577
0.7983408272266386
0.7790892720222471
0.8299603164196013
0.8784956336021421
0.8968142271041869
0.900196075439453
0.7253182530403136
0.8358210921287536
0.8018397092819212
0.8912404477596281
0.7586059570312498
0.804517775774002
0.8106352090835569
0.8361791074275968
0.8239344358444212
0.7114910185337067
0.7709377110004424
0.8511505126953123
0.8102350831031798
0.8355011940002439
0.8078734874725341
0.8392098546028135
0.7608120739459991
0.8013552427291868
0.8265716135501862
0.7711066007614135
0.8181710839271545
0.9237190783023833
0.818630814552307
0.7908886671066282
0.7355909943580625
0.802109748125076
0.8094478547573087
0.8612542152404784
0.8001188337802886
0.8571423888206481
0.7704621255397796
0.8157483935356139
0.832256346940994
0.8013460636138915
0.8403227031230925
0.8688457310199736
0.7868473231792447
0.8685435354709624
0.8020584881305693
0.8428585231304168
0.8214480578899382
0.8166306912899016
0.8209940195083617
0.8426297903060913
0.8351610600948332
0.8129381537437437
0.8751442432403562
0.8267565071582791
0.8345945477485655
0.845627665519714
0.7843581438064573
0.8221459686756132
0.7453599870204924
0.7102836370468139
0.7633194923400878
0.8660564124584196
0.7099409699440001
0.7979424595832825
0.8671753108501432
0.7637191712856292
0.838654428720474
0.8151109218597411
0.8629145324230192
0.7877637445926664
0.823826879262924
0.7628553807735442
0.7769125401973723
0.8618367016315457
0.9137964546680448
0.7557944655418396
0.7848794758319853
0.8493286073207854
0.8427316546440122
0.8457640111446378
0.8233521282672881
0.7504125237464904
0.773160696029663
0.7836921215057371
0.7825756967067716
0.8750244677066802
0.7479502856731413
0.9082043766975401
0.8666146993637083
0.8310540616512297
0.8573197722434996
0.8660564124584196
0.8841153681278228
0.7645873129367826
0.758367598056793
0.849364936351776
0.8783900141716002
0.7975667417049407
0.8721767365932463
0.8289356529712676
0.8000614941120147
0.7476627826690672
0.8157578408718108
0.6887212991714476
0.7729855179786681
0.7978215217590331
0.8045157194137572
0.8600122034549712
0.8666722774505614
0.7335771918296812
0.8182968497276305
0.7586455345153806
0.7856471240520477
0.6876836121082305
0.8159289360046386
0.8166307210922241
0.8400772809982299
0.8037656545639037
0.7123930454254149
0.860421061515808
0.7897943258285522
0.8721692264080046
0.8003681600093839
0.6986281871795652
0.7709378004074094
0.866235017776489
0.7843525707721708
0.7058598697185514
0.8515528738498686
0.8097717761993407
0.8270992636680602
0.746263563632965
0.7890186309814451
0.8571486175060271
0.7347057461738585
0.805093079805374
0.842638164758682
0.8397914469242096
0.8398739099502562
0.804871141910553
0.7704621553421018
0.8807111084461211
0.8192774653434751
0.7973751723766325
0.773229122161865
0.7612647414207456
0.8408570289611815
0.8546883165836333
0.8690461516380309
0.8790374398231504
0.7342348098754882
0.8691900670528411
0.8269419074058532
0.841151177883148
0.7584120035171509
0.7993073165416716
0.8629848957061766
0.8669352233409879
0.7803607285022733
0.7871294617652891
0.8575460612773894
0.8219479620456694
0.7350307106971741
0.8139653503894806
0.7993611097335813
0.8521097600460051
0.7703968286514281
0.8480867147445679
0.7769510746002195
0.7581108212471007
0.8785921335220337
0.8178711235523224
0.8659756183624266
0.8267895877361295
0.8024338781833648
0.8599774539470671
0.8841837644577024
0.8221114873886107
0.8262714147567748
0.7316147387027739
0.7464244663715361
0.7615720629692075
0.7483706772327422
0.7704621553421018
0.8741615414619444
0.9421510398387907
0.7467212378978727
0.8438682854175567
0.816032975912094
0.7192251086235044
0.8400813937187194
0.7349950373172759
0.9016309082508085
0.7971738576889036
0.8721478581428526
0.8020796179771421
0.7212301492691039
0.9082124531269072
0.8671507239341734
0.814073473215103
0.8745892047882078
0.84591469168663
0.8632209002971648
0.935784488916397
0.8133892416954039
0.8150779306888578
0.8109012246131895
0.8025932610034942
0.743874430656433
0.7922476530075072
0.8411485850811004
0.8138169050216673
0.8730779290199279
0.8263588249683379
0.6999082565307616
0.8158050477504729
0.8666146993637083
0.7942257523536681
0.8069421350955961
0.8347310721874236
0.7869448959827421
0.9051554501056671
0.7463631033897399
0.8382900059223174
0.791929006576538
0.8788165748119353
0.7723155319690702
0.7709377408027648
0.7940437793731688
0.8518066704273222
0.8668943047523496
0.8131718039512633
0.8569492101669309
0.7865269482135772
0.8665008544921874
0.8380555808544158
0.801355332136154
0.8211194276809691
0.750150829553604
0.908162087202072
0.7864600121974945
0.8100727498531339
0.8439210355281828
0.7869448959827421
0.7539979815483092
0.7970939576625824
0.7668628692626952
0.8732362389564513
0.8129144608974455
0.8743134438991544
0.8629207611083984
0.6876836121082305
0.8845047354698179
0.7832693159580228
0.7571727931499481
0.835027813911438
0.8780289292335509
0.799044758081436
0.8274099528789519
0.7462633848190307
0.7720459401607513
0.8842505514621732
0.8014087080955503
0.7817521691322324
0.7943980395793914
0.8215901255607603
0.917284458875656
0.8843910098075864
0.8209661543369292
0.8921739161014555
0.7837626636028289
0.8665249049663543
0.7492977678775785
0.788570702075958
0.8462128043174743
0.8748770356178281
0.7222643494606017
0.796488434076309
0.8688457012176513
0.7078114748001098
0.763203829526901
0.7971757054328917
0.8289355933666228
0.8433801233768462
0.8805255591869353
0.726774364709854
0.7842184603214262
0.7898589968681333
0.8932431936264036
0.8550766706466673
0.8190398216247559
0.7990448176860807
0.8429458141326902
0.8659439086914062
0.8442062437534331
0.7562393248081206
0.8351398408412931
0.7540544867515563
0.8150690793991088
0.8897678554058074
0.7227759361267088
0.8519335985183715
0.7859129011631012
0.815851181745529
0.8372631072998046
0.7720459401607513
0.893243074417114
0.8398739099502562
0.8029508590698242
0.7734479308128355
0.8032310903072356
0.8931989073753356
0.8289350271224973
0.8982376754283903
0.7875416874885558
0.8471286892890929
0.8262852132320403
0.7709376215934752
0.7707306444644927
0.7581108212471007
0.810901254415512
0.7772920727729796
0.8106491863727568
0.7721229195594785
0.8467339575290678
0.7775220274925231
0.9235187172889708
0.8488325178623198
0.8664272427558898
0.9112217128276824
0.8189418315887449
0.7584121525287627
0.7586455345153806
0.7993237078189849
0.7908471524715422
0.851760923862457
0.8629848957061766
0.8435986042022704
0.8094450831413267
0.7333423793315885
0.8350418210029601
0.8380555808544158
0.8925782740116118
0.8384719491004943
0.8097718656063078
0.7809633016586303
0.8377106487751005
0.8162394762039181
0.8839294612407682
0.7455204725265502
0.8349062800407409
0.8666540980339048
0.7927391827106475
0.7766834795475005
0.8032311201095579
0.8002177774906157
0.8374427855014799
0.7347056567668914
0.8659655749797821
0.8368669450283049
0.7704718112945556
0.7427958548068999
0.8298546969890592
0.786069393157959
0.9342820942401884
0.8837337493896483
0.7707148492336271
0.7336336374282836
0.8519005477428435
0.8808738291263579
0.7790504693984983
0.81564325094223
0.8361442983150481
0.9082216024398803
0.8260051012039182
0.8295911550521848
0.8353867232799529
0.8405598700046537
0.8778794407844541
0.8808608353137969
0.8355238437652588
0.8662035167217254
0.8427317142486572
0.8372013568878173
0.7347056865692138
0.8723202943801878
0.8016713559627531
0.7729855179786681
0.7850058674812315
0.8409106731414794
0.7841233909130095
0.8472636342048643
0.8839674592018125
0.8181400597095488
0.8184212446212769
0.8692704439163206
0.8748565912246702
0.8374022245407103
0.8997085690498351
0.8026651442050933
0.8056634366512297
0.7806125879287718
0.8342682123184204
0.7625962793827055
0.8236218988895414
0.7928490936756133
0.729348987340927
0.8017392158508299
0.86663681268692
0.8840954005718229
0.8958250880241393
0.8263506293296813
0.8210300207138059
0.848033308982849
0.920467376708984
0.8078458011150358
0.8520277440547941
0.7938629388809203
0.7586817145347593
0.862383037805557
0.7947118282318113
0.8493468761444091
0.8398739099502562
0.84273162484169
0.7382061481475828
0.784358114004135
0.8424644768238067
0.8157171607017516
0.7858288288116453
0.7457552552223203
0.8847416341304778
0.7674224376678466
0.707811504602432
0.8403525352478026
0.7483319044113158
0.8496973812580106
0.7848795056343078
0.8003780543804169
0.8959271907806395
0.7939706742763517
0.8241403996944426
0.8020424544811248
0.9199330210685728
0.7991455793380736
0.8048606812953947
0.7483319044113158
0.7891539633274076
0.8633129894733428
0.8215051293373107
0.8576829135417937
0.7606908380985258
0.8571486175060271
0.8327344059944152
0.8241403996944426
0.8159290254116058
0.8445863127708434
0.7918485701084137
0.8265532255172728
0.8010047972202299
0.8129144310951233
0.8568833768367765
0.7562393248081206
0.8148232996463776
0.8569348752498626
0.8893179297447203
0.8001104593276976
0.8584233522415159
0.8333325386047363
0.8569506108760833
0.7678248584270475
0.7459612786769866
0.8397659361362455
0.7313862740993499
0.8263971805572509
0.7836921215057371
0.9295520782470701
0.7972020506858825
0.8313519358634947
0.8020107150077819
0.7464278936386106
0.8472120761871336
0.7243029773235319
0.829679250717163
0.8266254365444182
0.8401942551136016
0.7857359647750853
0.7523327767848966
0.8992968797683714
0.826421707868576
0.7462633848190307
0.8743586838245391
0.7912052869796751
0.883647561073303
0.8923363387584684
0.8357714414596557
0.7532948553562163
0.8010047972202299
0.8424644768238067
0.8515547215938567
0.832360804080963
0.7892452180385588
0.8836039304733274
0.85539835691452
0.8520686626434324
0.9049144685268401
0.851624935865402
0.9022140800952908
0.8350547850131986
0.7749251127243041
0.8013552427291868
0.826421648263931
0.7768164873123168
0.7899422049522398
0.8209944963455199
0.7410987317562102
0.6886488199234008
0.7872250378131864
0.8724020421504972
0.797153443098068
0.9204266667366026
0.7602778375148771
0.846493124961853
0.826469212770462
0.8437912464141845
0.8400772213935851
0.775729328393936
0.8109013736248014
0.7836922407150267
0.7866961956024169
0.7343120872974395
0.8184211254119871
0.7998089790344236
0.8293441534042357
0.8160111606121061
0.872996151447296
0.8903825879096983
0.860914498567581
0.8163637220859526
0.7480136156082152
0.8779741525650022
0.774786442518234
0.6986282169818877
0.801783263683319
0.7997823953628539
0.786069393157959
0.796488434076309
0.784358114004135
0.8659439682960509
0.8149663209915158
0.7340853810310363
0.787122756242752
0.8260050714015958
0.8097175657749175
0.8490096628665922
0.794802725315094
0.8568247854709624
0.8077564835548399
0.7230073809623716
0.7522801756858825
0.840578258037567
0.7971192896366117
0.8539653420448302
0.8255769610404966
0.7743955850601195
0.8342042863368986
0.8406679928302763
0.8156580626964568
0.8691176474094389
0.8898132741451261
0.7354848384857177
0.8663281202316283
0.9081591367721557
0.7924345135688781
0.7709377706050872
0.8517336249351499
0.7541121542453765
0.7850026786327361
0.773458808660507
0.796488434076309
0.7686173617839812
0.7517871558666228
0.8569507002830503
0.8162734806537626
0.810833007097244
0.8572640717029569
0.8157484233379362
0.8840599060058593
0.8382398784160613
0.8433020114898679
0.7443691194057463
0.824168801307678
0.7829681336879728
0.8516249060630797
0.7590122818946837
0.7806224822998046
0.8397660553455352
0.8493469655513761
0.8687276542186735
0.7602517306804656
0.8347238004207611
0.8581689894199369
0.8636213243007659
0.7709377408027648
0.8512750267982481
0.8668719232082365
0.7703449130058286
0.8376944959163665
0.8490096628665922
0.8556509315967559
0.7993237376213073
0.8553163409233091
0.7335771322250365
0.7704718112945556
0.8578606843948362
0.8270052671432493
0.8222597837448118
0.8265848159790037
0.9082100093364713
0.8800350725650786
0.8568246960639953
0.8107819855213165
0.8300344944000243
0.746957093477249
0.8464873433113096
0.8352272808551787
0.7602517306804656
0.8959043622016906
0.8405894637107847
0.8057183921337127
0.9143150746822356
0.8048528730869292
0.8264628052711483
0.8166306316852568
0.840596407651901
0.814557671546936
0.7335660755634307
0.9138556122779845
0.7238379716873168
0.7628553211688993
0.8929791152477262
0.7125588953495025
0.7968817651271819
0.8673554062843322
0.7993073165416716
0.7867854237556456
0.7689749896526336
0.816262125968933
0.7354848682880399
0.8094478547573087
0.7212300598621366
0.8002176582813262
0.7335954308509824
0.8034673631191251
0.7964630722999572
0.8721692562103269
0.8300344645977019
0.8473233580589292
0.8355428874492645
0.8210451900959014
0.8523959219455717
0.8313754796981809
0.8637679815292357
0.846426486968994
0.8110050261020659
0.8044582307338712
0.7705931961536406
0.8295376598834991
0.8747641742229462
0.8403524160385131
0.840872526168823
0.7721332609653472
0.874669939279556
0.7782619893550873
0.9231019914150236
0.8638702332973478
0.7704718112945554
0.7728886604309082
0.7356263995170591
0.8440476059913634
0.7851627767086028
0.8123562932014464
0.8245835006237029
0.7716109454631803
0.8902851343154906
0.7315172553062438
0.8688937127590178
0.857231944799423
0.8841837048530578
0.8429916203022002
0.8215900957584381
0.877997726202011
0.8782386183738706
0.8501492142677305
0.815078020095825
0.8716449141502378
0.8002034723758696
0.7615720927715299
0.8668941855430603
0.9021276831626891
0.832483500242233
0.8405599296092986
0.8806204199790953
0.8326345384120939
0.8405964374542234
0.8556009531021117
0.8303116559982299
0.7336335480213163
0.8782396614551543
0.8439382016658781
0.8032343089580535
0.8215610980987547
0.9328286349773405
0.7707148492336271
0.8813069760799407
0.8123410344123838
0.8556734025478362
0.8501791656017302
0.8625893592834472
0.7810739576816557
0.8216629028320311
0.6665883660316466
0.7227883338928222
0.7338534593582152
0.8354425430297852
0.8156432509422302
0.8299604058265684
0.9078076183795928
0.8002177774906157
0.7605996727943419
0.7557111382484435
0.7637191712856292
0.7983785271644591
0.8955283463001249
0.7597515285015105
0.8240516483783721
0.8577730655670165
0.8516248762607573
0.8399690985679625
0.907998889684677
0.7917207777500151
0.7736986279487609
0.7709377408027648
0.8529072999954221
0.8150778710842131
0.8181400597095488
0.9018302559852599
0.8613970279693602
0.9021047055721282
0.8750280141830442
0.7586026489734649
0.7541121542453765
0.8000067770481109
0.744123041629791
0.8628794848918914
0.7584120035171509
0.810113877058029
0.8936910033226013
0.8457444310188291
0.8510771095752716
0.7838971614837644
0.794309139251709
0.8127403557300567
0.8459293544292449
0.8274855613708495
0.7835197448730469
0.7726613879203794
0.8606171011924741
0.7738208770751951
0.7711066305637359
0.8362914323806762
0.8345191180706022
0.8022126257419584
0.7704718410968779
0.731288731098175
0.7466954588890073
0.7922193706035613
0.8209051191806792
0.7609777450561522
0.8241403400897978
0.8729943633079528
0.7101602852344511
0.6767334938049315
0.7835017144680022
0.8292399048805236
0.8569506704807279
0.7828422188758849
0.8515621125698088
0.8149396777153013
0.7233044207096099
0.7342348098754882
0.838265389204025
0.7941349446773528
0.82118484377861
0.7707148790359496
0.7482733130455015
0.8606024384498594
0.8748247325420379
0.840965449810028
0.849103033542633
0.7821565568447112
0.7859129011631012
0.8606235086917874
0.7579081952571868
0.7990448176860807
0.7464244663715361
0.8235365152359007
0.8628074526786802
0.8493468761444091
0.8051899075508118
0.7355909943580625
0.7483319044113158
0.8209682703018188
0.8785229921340941
0.7948097586631774
0.7607510685920714
0.8165553510189055
0.8401885628700255
0.8615935444831846
0.8628532886505125
0.867706924676895
0.8569348752498626
0.8290629386901854
0.8161353766918181
0.8581972420215606
0.812760680913925
0.7843525707721708
0.7943914234638212
0.823826879262924
0.8514993488788603
0.7861808836460112
0.8129381537437437
0.8841837048530578
0.8955283463001249
0.818917393684387
0.8456276655197142
0.7477346062660215
0.7350306212902068
0.7584120035171509
0.8470233678817748
0.8515847027301787
0.6769381165504454
0.8515589535236356
0.8127210736274717
0.7401679158210752
0.8132392168045043
0.8310540616512297
0.758411943912506
0.800604850053787
0.836661547422409
0.8187492787837981
0.7589394152164457
0.8182909786701201
0.8319232463836668
0.7978215515613554
0.786069482564926
0.840660274028778
0.88995423913002
0.8399994373321531
0.8289350271224976
0.8275667726993561
0.8846022486686705
0.7835017442703247
0.7707147598266599
0.8725286722183226
0.7236949205398557
0.8851504921913145
0.7918092906475066
0.6895691454410552
0.866383135318756
0.9171191453933715
0.7708756625652311
0.8607446849346161
0.7734587788581846
0.7703783810138701
0.8459566831588743
0.7812257111072539
0.8810434341430663
0.8251670897006987
0.7237501740455626
0.8147650361061094
0.8287959694862365
0.6665883660316466
0.7336335480213163
0.7102047204971312
0.946718394756317
0.7584120333194732
0.8318962752819059
0.8316871523857116
0.7979424595832825
0.8301260471343992
0.8300117552280424
0.731288731098175
0.7997823953628539
0.7924998998641968
0.8782990574836731
0.8213690519332886
0.7995496988296507
0.805937111377716
0.7707148492336271
0.8002252280712127
0.8399558067321775
0.805326074361801
0.8456276953220366
0.7918821275234221
0.8162528574466704
0.8208131790161131
0.7615709304809569
0.8692513406276702
0.8473118841648101
0.8578220903873442
0.8119072616100309
0.8960447013378141
0.7835017740726469
0.7265578508377075
0.8686122000217437
0.7230073809623716
0.8209939599037169
0.7869448959827421
0.8988225758075712
0.8298596143722532
0.8542259633541106
0.8238157927989959
0.8455423712730407
0.7219564020633696
0.8430797457695007
0.8801399171352384
0.8263506293296813
0.7343120872974395
0.7462633848190307
0.8430797457695007
0.7841234207153319
0.6887213587760924
0.7718289494514464
0.7118942141532896
0.8578220307826995
0.783519774675369
0.7999783754348754
0.7983169257640838
0.8016183376312254
0.8723897337913511
0.7837330996990204
0.9140361547470092
0.8130342662334441
0.697819024324417
0.8401049375534055
0.8094450831413267
0.7947096228599547
0.8292384445667265
0.8459348380565641
0.7712073326110839
0.8106492459774015
0.7655930817127227
0.8569507002830503
0.7866260707378386
0.8685624897480009
0.866252303123474
0.8507296741008756
0.7891846001148223
0.7629456818103789
0.805280715227127
0.8101836144924163
0.8433343172073363
0.8398739397525786
0.8385772705078124
0.8148232400417327
0.84607195854187
0.8236217796802519
0.886400818824768
0.7510730326175687
0.8243978619575498
0.7372498214244841
0.7604787945747374
0.8098279535770414
0.7838328778743744
0.789399206638336
0.8009735345840453
0.8552804887294767
0.8077944815158842
0.7869443595409392
0.7707147598266599
0.8633530735969542
0.7356532216072081
0.8728322982788085
0.8520277738571165
0.8205043077468871
0.8250581026077269
0.7958808243274688
0.85539835691452
0.780144989490509
0.8165224492549895
0.779050439596176
0.904897481203079
0.8211425840854644
0.871588736772537
0.7597124874591825
0.7123930454254149
0.8901665210723876
0.7088181376457213
0.8097717761993406
0.796027362346649
0.8669725656509397
0.7604006528854369
0.8747993707656859
0.7663362622261046
0.8804494738578794
0.7720210552215575
0.8623830080032346
0.7336336374282836
0.8859732449054716
0.8256847262382506
0.8006754517555235
0.8160264790058135
0.8139238357543943
0.7455204129219053
0.8320096433162688
0.722338169813156
0.78461354970932
0.8074701130390166
0.8001579344272612
0.8901914656162261
0.7002606987953185
0.8785921633243559
0.7455037236213682
0.7994391322135925
0.7461895942687986
0.8005840480327606
0.7735420167446134
0.7544887959957121
0.8599467873573301
0.7582810521125792
0.825152963399887
0.8780822753906249
0.8600789010524749
0.8784316480159758
0.8282729983329772
0.8577139377593992
0.8502435982227323
0.8457238674163817
0.8155568838119505
0.8270052075386046
0.7101602852344511
0.8430797457695007
0.8747994303703306
0.7856470346450805
0.770845055580139
0.7834405004978179
0.88411083817482
0.8304441571235656
0.8001427352428434
0.7743955850601195
0.7922455668449401
0.786190867424011
0.8431620299816129
0.8552364706993101
0.7848795056343078
0.7709377706050872
0.8223561942577361
0.8837336897850037
0.78098127245903
0.8586080670356748
0.9141754806041716
0.7707148492336271
0.8015636205673217
0.8323049843311308
0.8262567222118377
0.8325862288475034
0.818181812763214
0.8438471853733062
0.8634277880191802
0.7601290047168732
0.8463349938392638
0.8239344060420988
0.8427316546440122
0.8213934898376464
0.7971535027027129
0.8936815261840818
0.8183381557464597
0.7997823953628539
0.8082745075225829
0.788806140422821
0.7991675436496734
0.8510161638259885
0.8119795918464658
0.7796986401081083
0.8399923741817472
0.8610621690750121
0.8159228861331939
0.896478772163391
0.8273778557777404
0.7595705986022947
0.8150691390037534
0.8325579464435576
0.8409106135368345
0.7655902504920957
0.7455204129219053
0.8080720603466033
0.8459458351135253
0.824031740427017
0.7610464692115781
0.7843581438064573
0.8212097585201262
0.8862710297107695
0.7857638597488402
0.8127405047416685
0.8292442262172697
0.8268393874168396
0.7972020506858825
0.9265596568584441
0.7967958748340606
0.8443925380706786
0.9018465876579284
0.8547306358814238
0.7817520201206205
0.7836920917034149
0.7347056865692138
0.8130038380622863
0.9080455899238586
0.828951984643936
0.8211067616939542
0.7347057461738585
0.6929219365119932
0.796488434076309
0.7720459401607513
0.854966640472412
0.8430797159671782
0.8485464453697202
0.7836921215057371
0.9080912768840788
0.8593623042106627
0.8004058897495269
0.795277029275894
0.7557623982429503
0.9264081716537474
0.743874430656433
0.8217346370220182
0.8691175580024717
0.8546487390995025
0.8837532401084898
0.8690815865993499
0.8633712232112882
0.8832132220268248
0.8899025619029998
0.7615720927715299
0.9047857224941251
0.8699094653129577
0.8185208737850188
0.834466904401779
0.7946723103523253
0.8048605918884276
0.8194150328636168
0.8961922228336332
0.7535795271396637
0.7994119524955747
0.8213695883750914
0.7456217408180237
0.81564325094223
0.7737997770309446
0.7581108212471007
0.7809813618659973
0.8837337195873258
0.8580749332904815
0.8569507002830503
0.8041726350784301
0.9143407642841338
0.8734141588211057
0.7760598361492155
0.7620428502559661
0.7715593278408049
0.758367598056793
0.8956943750381468
0.8313754796981809
0.7231983244419098
0.7993073165416716
0.8573267459869383
0.8407080471515653
0.6773931086063384
0.7366155087947844
0.7968534231185911
0.8457444310188291
0.7690886557102201
0.8524458706378935
0.7612647414207456
0.758110851049423
0.8431264460086821
0.7212301492691039
0.8437390625476836
0.8165477514266967
0.7594821155071259
0.7877637445926664
0.8157925903797149
0.7850026786327361
0.8572320044040678
0.8107520937919616
0.8903038203716276
0.7627327740192411
0.7598516345024108
0.8493469655513761
0.9158494472503661
0.8203814327716826
0.7990449368953705
0.7349950373172759
0.8101836144924163
0.7415347397327421
0.8784316480159758
0.8775143623352049
0.7477570176124572
0.8437912464141845
0.8901225626468658
0.6769380569458007
0.7839946746826171
0.8293441534042357
0.7544697225093839
0.7225486934185026
0.7914625108242033
0.7853694856166837
0.8840035200119016
0.7597515881061552
0.7921396791934966
0.883787304162979
0.8270283043384552
0.7926779687404631
0.8670977652072905
0.884468913078308
0.8522949218749997
0.8924475312232969
0.8351610302925109
0.8025177419185637
0.7938628494739532
0.7972020506858825
0.7457552552223203
0.8292399644851683
0.8549118638038634
0.872237056493759
0.796488434076309
0.7848794758319853
0.8196291327476499
0.8424600958824155
0.7212301492691039
0.787123531103134
0.8196368515491483
0.8722369968891142
0.8521373569965361
0.8663905858993529
0.8358440697193144
0.8785120546817777
0.8668102622032166
0.8672074377536771
0.9016647636890409
0.8568247854709624
0.8212265074253081
0.7625963389873504
0.710204541683197
0.914083808660507
0.8493225574493406
0.7528830766677855
0.7626647949218749
0.7896228432655332
0.7704718112945556
0.7964630722999572
0.8724294304847715
0.7735465168952941
0.8335209786891936
0.8231481611728666
0.7723154723644255
0.8029508590698242
0.8642066419124601
0.7123930454254149
0.8094478249549865
0.7597515285015105
0.8381246030330656
0.7709377408027648
0.8409974575042722
0.7343120872974395
0.7592816650867461
0.6986280679702758
0.7361541688442229
0.8676480650901792
0.7462633252143859
0.892581909894943
0.837823837995529
0.7874444127082824
0.7965049147605894
0.8003102242946624
0.7586026489734649
0.849199503660202
0.8007238507270812
0.8690815865993499
0.8691175878047942
0.9107895493507384
0.801017791032791
0.7571728527545928
0.7991674840450287
0.7532948553562163
0.8319503068923949
0.9019491970539091
0.7362080216407774
0.8219201862812041
0.761038452386856
0.721810221672058
0.8107333183288572
0.7917327284812925
0.8632810115814207
0.7233044207096099
0.8149663805961607
0.8691104948520658
0.7492630183696746
0.7732289433479308
0.9022737741470336
0.7724880576133727
0.8957796394824981
0.8213115930557249
0.7594821155071259
0.6876835823059081
0.8265264034271238
0.7836921215057371
0.7942831516265867
0.7425163388252256
0.7698076665401458
0.834718495607376
0.8322784602642058
0.7858288288116453
0.8155285120010375
0.8411511182785033
0.7484052479267118
0.8348988294601439
0.7584120333194732
0.8211895227432249
0.7477346360683439
0.844887614250183
0.8188312351703643
0.7879937589168546
0.7787749469280241
0.8191643655300138
0.8777165412902831
0.7662128508090972
0.8515886962413786
0.8405727744102478
0.7313863337039946
0.8326344788074492
0.9246440231800077
0.8255806863307951
0.8106573820114136
0.7846749424934386
0.8021097481250762
0.8266245126724243
0.7477571368217467
0.8127404153347015
0.7705931961536406
0.8433802425861358
0.9139396250247954
0.7565980553627013
0.8494049310684203
0.8399365842342376
0.7836921215057371
0.7886301875114439
0.8083587884902953
0.8046276569366453
0.8321782648563384
0.7979424595832825
0.7558441460132598
0.8032344281673428
0.7720458805561065
0.7946920096874236
0.7202752232551575
0.8663845062255859
0.8430798053741454
0.8556221127510069
0.7735420167446134
0.8784899413585662
0.8308763504028318
0.8755155205726621
0.8051916658878325
0.8381807804107665
0.8051916062831876
0.8096704185009
0.7991792261600494
0.7848795652389525
0.7972020506858825
0.7543423175811766
0.9025582969188688
0.8525241911411284
0.7842724621295927
0.7836920917034149
0.8312731087207793
0.8785904943943021
0.8265012502670287
0.780806005001068
0.8964385390281677
0.8318041861057279
0.8124465048313139
0.7944285571575163
0.8140255510807035
0.8571486473083494
0.8273237645626067
0.7742908298969268
0.8053255975246428
0.8262714743614196
0.7911026477813718
0.8112070262432096
0.852497339248657
0.758367598056793
0.8102349936962125
0.7686378061771392
0.8540388941764828
0.8384720087051389
0.7705931067466735
0.8386369645595548
0.8842100799083707
0.8569506108760833
0.7705931961536406
0.775811046361923
0.7602517306804656
0.7965464293956755
0.8398739397525786
0.7741447687149048
0.9263804852962493
0.8512750267982481
0.7227758169174194
0.8609342277050017
0.91733381152153
0.7610464692115781
0.8388998806476592
0.8342682421207427
0.8384872674942015
0.783519774675369
0.7609986066818236
0.7714752554893493
0.8264628052711483
0.8424645364284513
0.8153807818889617
0.8363642394542693
0.9107671678066253
0.804871141910553
0.7544887959957121
0.8960447013378141
0.8418169915676116
0.8001188337802886
0.8695816099643706
0.8218747079372405
0.9080906510353087
0.7707147598266599
0.7635538578033445
0.857231944799423
0.8866324722766875
0.8902234435081481
0.8361442983150481
0.7720459401607513
0.8783226609230039
0.7738244831562041
0.8215051293373107
0.867706924676895
0.7464903593063352
0.7460196018218993
0.797153443098068
0.7878302335739135
0.8540762364864347
0.73539063334465
0.7687895596027372
0.797362297773361
0.8546487092971801
0.8094478547573088
0.783519774675369
0.7735463976860045
0.7901066541671752
0.6876836121082305
0.8460181951522825
0.7571728527545928
0.7473015487194061
0.8722731173038482
0.7325751185417174
0.8294961154460906
0.8162599205970762
0.8079821765422821
0.7561536729335784
0.7464902400970457
0.8377712368965146
0.8568225502967833
0.7571728229522704
0.8386023044586179
0.8670687973499296
0.7781733870506287
0.7222644388675687
0.8209945559501646
0.7655929923057556
0.8157635331153867
0.7581108212471007
0.7088181376457213
0.7421112656593322
0.8427732288837431
0.8439161479473112
0.7225486636161802
0.8348445892333983
0.816032975912094
0.7729046344757078
0.787820667028427
0.7953214049339293
0.726557821035385
0.8308763504028318
0.9202601909637451
0.7896228432655332
0.7715593576431273
0.8103834092617034
0.8463388383388518
0.9137555658817289
0.8023394942283629
0.8785173594951627
0.837728440761566
0.821169078350067
0.8198728859424589
0.7912972569465637
0.7816531360149382
0.7225486636161802
0.8728617727756498
0.7354848682880399
0.7712129056453703
0.7358853518962859
0.827415198087692
0.9002454280853269
0.8523595333099364
0.6986280381679534
0.8405599296092986
0.8103030323982238
0.8689066767692565
0.7992548048496246
0.8843020796775817
0.8300588130950927
0.8838485479354857
0.7977654337882996
0.8383111357688902
0.8781258165836333
0.7813467085361478
0.8726676404476165
0.726557821035385
0.7598487138748167
0.7802788019180297
0.7704621553421018
0.8897661864757537
0.8695628643035888
0.787122756242752
0.8750135004520415
0.7988593578338622
0.8606823682785032
0.7859023809432981
0.7866975665092466
0.9088836014270781
0.8067517280578611
0.837760031223297
0.8567706048488616
0.7704718112945554
0.8210994601249693
0.7997823953628539
0.7212301492691039
0.8406372368335723
0.7212301492691039
0.7407048642635344
0.8017407953739164
0.8273698985576629
0.7595705986022947
0.7915619015693663
0.7862520813941953
0.9049020409584045
0.8157429099082945
0.9268401265144348
0.7663849294185637
0.8316871523857116
0.7192250192165375
0.828832447528839
0.7836920917034149
0.7750435173511503
0.8605911135673522
0.8418170213699339
0.8202087879180906
0.865943819284439
0.8154212832450864
0.8719194233417509
0.8021097481250762
0.7952770888805388
0.7923721373081206
0.8502435982227323
0.8385193943977356
0.8140168786048888
0.8573198318481443
0.7556751668453215
0.882106065750122
0.8239214122295379
0.8671732246875762
0.7255299687385557
0.8578179478645324
0.7594821155071259
0.7333423793315885
0.6987940073013305
0.8221357166767119
0.7335367500782012
0.6929219365119932
0.8573259711265563
0.7641960084438323
0.7969418168067931
0.8265525698661802
0.8467339277267454
0.8174293041229246
0.8029508292675017
0.8071488142013549
0.8399558663368225
0.7717197835445403
0.8209067583084104
0.7983407676219939
0.7602205574512481
0.7227759361267088
0.7581108212471007
0.8156873881816862
0.8047844767570494
0.7355909943580625
0.7786046564579008
0.7807679176330565
0.8731971979141234
0.8498587012290953
0.7192250192165375
0.8276660740375517
0.8989110887050626
0.7357941567897794
0.7604231238365172
0.81829696893692
0.7583676874637603
0.7848795652389525
0.7581108212471007
0.7836921215057371
0.7864759564399717
0.7990446984767914
0.7716110348701476
0.8303963243961333
0.8405100703239439
0.7360292077064513
0.820850610733032
0.8638517260551452
0.746957093477249
0.8678396940231321
0.8346113860607146
0.7732581198215485
0.8104390203952788
0.8248292803764342
0.7858050763607023
0.8198688030242919
0.8518415391445159
0.748319774866104
0.8721692562103269
0.8529777526855468
0.8963900208473203
0.8899836540222167
0.7670046985149382
0.7481395006179807
0.8177394568920135
0.7869441807270048
0.7990449368953705
0.7863759994506835
0.8556009531021117
0.8604985773563383
0.891612321138382
0.9171921610832213
0.7922267019748686
0.802665054798126
0.8512750267982481
0.8385194540023803
0.797153443098068
0.831054002046585
0.7861647307872772
0.7633747458457946
0.8303116559982299
0.8006753921508788
0.7697050571441648
0.8405598998069762
0.8779891729354856
0.8135094344615935
0.8381808400154112
0.7117025852203368
0.8743586838245391
0.8378968834877012
0.8459371626377103
0.8626350760459899
0.8167867064476012
0.8203904032707213
0.8401943147182462
0.7842184603214262
0.8006754517555235
0.8498587012290953
0.8069342374801634
0.8317487537860868
0.8608001470565794
0.8149662911891936
0.7867665588855742
0.8406372070312498
0.8010047972202299
0.8347398638725279
0.8624073266983031
0.7704718112945556
0.8384872674942015
0.7266464233398436
0.7338534593582152
0.7325751185417174
0.7407048344612119
0.8928376734256741
0.77834615111351
0.8141945302486417
0.7998331189155576
0.7594001293182371
0.7335367500782012
0.7971535027027129
0.7454102635383605
0.8386678099632262
0.7336336374282836
0.7009823918342589
0.8894907534122466
0.8731971979141234
0.6876836121082305
0.8125143945217131
0.7583625018596648
0.7718702256679533
0.8258116841316222
0.8461337089538572
0.8514437973499297
0.7192250788211821
0.8200037479400634
0.7225486934185026
0.8801335096359252
0.8666970431804655
0.7718702256679533
0.8495911061763761
0.8277768194675443
0.8728617727756498
0.8048042356967924
0.8289350271224973
0.7438744902610778
0.7588760256767271
0.7875416278839111
0.8721692264080046
0.7949442565441129
0.7971728146076201
0.7710502147674559
0.8630790412425994
0.8981544673442838
0.7598516345024108
0.7729855179786681
0.8778110742568968
0.7561537623405457
0.7736986279487609
0.7355909347534179
0.7858288288116453
0.757923662662506
0.9023703932762144
0.8462924063205717
0.8241404592990873
0.6986280977725983
0.8901292979717255
0.7571728229522704
0.8261811435222626
0.8675990104675291
0.7709376811981201
0.7967400848865507
0.8074700236320494
0.7756887078285215
0.7853695154190063
0.7581108212471007
0.7598381042480468
0.9016772806644439
0.7392430603504179
0.761866360902786
0.8076554536819457
0.7555199563503263
0.8553043901920317
0.7993237376213073
0.8268276154994963
0.7240982949733733
0.8126575648784635
0.8160299956798551
0.8025984764099121
0.8433387279510496
0.8567455410957335
0.7716002464294432
0.8208793699741362
0.7480354607105254
0.8746633827686309
0.7488949000835416
0.8029508888721464
0.8097814917564391
0.8567762076854704
0.7676483988761901
0.8218746185302733
0.7455204129219053
0.8745961785316467
0.8619878292083739
0.7673032283782958
0.7709377408027648
0.7713312208652495
0.7969221770763396
0.7005745172500608
0.796488434076309
0.7459612488746641
0.849448502063751
0.7979424595832825
0.732990026473999
0.8331327140331266
0.8099187314510345
0.7461784482002258
0.8065027594566343
0.8778039515018462
0.8157484233379362
0.7340854108333587
0.7453599870204924
0.7343120872974395
0.8746291399002073
0.8291512131690978
0.7836922109127042
0.8406371772289274
0.7834404706954954
0.8138924241065977
0.8782594799995422
0.7469004094600675
0.8124171495437621
0.840856999158859
0.7571728527545928
0.8727222979068754
0.8020107150077819
0.8290735185146331
0.6887213587760924
0.7836922109127042
0.800095111131668
0.8298683762550353
0.8403924703598021
0.7825728952884674
0.754342347383499
0.8318343758583067
0.75841748714447
0.7415347397327421
0.805280715227127
0.8848221004009246
0.8263494372367858
0.850382775068283
0.7588759958744049
0.8218747079372405
0.7462633550167082
0.7441230118274689
0.8626699447631835
0.9202657639980314
0.838956594467163
0.7336335480213163
0.7612647414207456
0.7758110761642455
0.8112641572952268
0.8405964374542234
0.7903947830200194
0.9296092987060546
0.8515817523002622
0.8578874468803405
0.7737301588058471
0.7835197448730467
0.8549785315990447
0.7801013886928557
0.8688768744468688
0.7900722026824949
0.8669086098670958
0.8112671375274657
0.8991454541683196
0.7837626934051514
0.758681774139404
0.8318963944911955
0.8372008800506591
0.7366155683994292
0.8782062530517577
0.6986280381679534
0.7592166960239408
0.814073473215103
0.7453599870204924
0.8902922570705412
0.9020342230796812
0.8240642249584197
0.84873828291893
0.8300302922725676
0.7787748873233794
0.8471286594867705
0.8438822031021116
0.8077945113182067
0.8206020295619962
0.8385773003101347
0.8104467988014221
0.8684028089046477
0.8841837644577024
0.8691609799861907
0.875024527311325
0.8958992063999175
0.7470896840095519
0.7635467946529386
0.8367587029933928
0.8297231793403623
0.8243543505668639
0.8245174288749694
0.8573967516422271
0.7848795652389525
0.8410575985908507
0.8780288994312285
0.8094478547573087
0.9079896211624143
0.7602517306804656
0.7255299687385558
0.7967959344387052
0.834672451019287
0.8834745883941647
0.7583676874637603
0.7704621553421018
0.8671467900276183
0.784358114004135
0.8965924680233001
0.7708270549774169
0.7958808243274688
0.810113877058029
0.8300344944000243
0.8397914469242096
0.7546501755714415
0.8132392168045043
0.8402357995510099
0.7590341866016388
0.7834404408931731
0.8494345247745513
0.8706119358539579
0.8665248751640319
0.8746457397937774
0.8568247556686399
0.923475921154022
0.8781199753284453
0.8801118731498718
0.8250580728054046
0.9081610441207885
0.794083774089813
0.8836741447448729
0.8464873433113096
0.872944265604019
0.767959654331207
0.7612264752387999
0.7009823918342589
0.8549666702747344
0.8162734210491179
0.8078523576259612
0.7488948702812194
0.8094478249549865
0.810113877058029
0.8026546239852903
0.772688180208206
0.7582446634769439
0.8239120841026305
0.7704621553421018
0.857231944799423
0.7102047204971312
0.7969221770763396
0.743874430656433
0.8052806556224823
0.8024714887142179
0.7265577912330626
0.783519774675369
0.8269226253032683
0.8439062833786009
0.7202752530574797
0.7872905731201171
0.8490096628665922
0.8617771565914152
0.7950508594512937
0.756560683250427
0.7368772327899931
0.7876076102256774
0.8316870927810668
0.9203056395053861
0.7571821510791777
0.7837330996990204
0.7996939420700072
0.7993073165416716
0.7964809238910674
0.8181817531585691
0.8728370964527128
0.9110176861286161
0.7809812128543853
0.8989062309265136
0.78728187084198
0.8691175878047942
0.7222644388675687
0.8516223430633543
0.7583440244197844
0.7368132770061492
0.8347906172275541
0.8405964970588683
0.8932639658451079
0.7355909943580625
0.8134057819843291
0.8021157383918761
0.9082209765911101
0.7821770608425139
0.8160299956798551
0.7592166960239408
0.7705931961536406
0.8789721131324767
0.8573198318481443
0.9237247109413146
0.7014818191528319
0.8015630543231962
0.7969254255294799
0.809020012617111
0.8552719652652739
0.7993073165416716
0.8304190337657926
0.8107199966907499
0.8549928665161131
0.851372957229614
0.8512749671936033
0.758354365825653
0.8518714308738707
0.6783747673034667
0.760997712612152
0.7483995556831359
0.8123061060905455
0.8160025775432584
0.7222644984722136
0.7487196028232573
0.8101139068603515
0.8610190153121947
0.7246182560920713
0.7848795652389525
0.7857360243797301
0.7598381042480468
0.8846845030784606
0.811357945203781
0.748555541038513
0.861189305782318
0.7571728527545928
0.8233521878719328
0.7461784780025481
0.7505059242248534
0.9267206490039824
0.905058681964874
0.9147984385490416
0.8676339089870451
0.8554418087005614
0.8671206533908842
0.8403163850307462
0.8345113098621367
0.8716238141059873
0.6999082565307616
0.844640552997589
0.8266872465610504
0.8553816378116605
0.7836921215057371
0.8445993065834044
0.7421113252639768
0.7343120872974395
0.8623869717121122
0.7355909943580625
0.761132389307022
0.7919344007968901
0.7709376811981201
0.8779508471488952
0.8384871482849119
0.7230073213577269
0.7405931651592252
0.7605828046798704
0.8423362970352171
0.7837330698966979
0.8052806556224823
0.7917329072952269
0.824290484189987
0.8898645043373106
0.8209661245346068
0.7671045064926146
0.8261669278144835
0.8132392764091491
0.8840166330337522
0.7464244067668915
0.8490668535232543
0.8742279410362243
0.9084914922714233
0.8053475618362426
0.796488434076309
0.8725512027740477
0.7712129056453703
0.7236369550228118
0.9204686582088468
0.6991696953773497
0.8166885972023009
0.734705716371536
0.8843043744564055
0.8094478547573088
0.7889358103275298
0.8052096068859098
0.8685098886489867
0.8127403557300567
0.7356265485286712
0.8319047391414641
0.7225486636161802
0.8791053891181945
0.8107520043849943
0.832142800092697
0.8293282389640807
0.8302419185638426
0.8495218455791472
0.7768163979053495
0.8291512131690978
0.8121444284915923
0.8567762076854704
0.8106352686882018
0.8236218392848967
0.8666634261608123
0.8237127065658568
0.7898070812225341
0.7943474650382994
0.8177394568920135
0.8464353084564207
0.8123410344123838
0.7931277751922605
0.7786046564579008
0.8744881749153135
0.8843759596347808
0.8303274810314177
0.7690984308719634
0.722338169813156
0.8800578415393828
0.809670329093933
0.8432567119598388
0.8047223687171935
0.8222658932209013
0.7686171829700469
0.8492909371852874
0.7462635338306426
0.7993237078189849
0.8346641957759855
0.7256994247436522
0.8493630886077879
0.6783747673034667
0.790104955434799
0.8742763996124266
0.8182721138000487
0.8270053267478942
0.8431241214275358
0.8631712198257445
0.8376455008983611
0.866852432489395
0.7661731839179992
0.6665883660316466
0.7860617637634276
0.9022123813629149
0.7857360243797301
0.8106030225753783
0.7778091728687286
0.8897649943828582
0.7748276889324186
0.8019707202911375
0.7366155087947844
0.8671876788139341
0.9249938428401947
0.7966580986976622
0.7628819048404691
0.8347247838973997
0.8466798663139341
0.8209661543369292
0.9113763272762296
0.8074701130390166
0.6665883660316466
0.8782396614551543
0.8127404451370238
0.7741689085960386
0.7758398056030273
0.714225113391876
0.6665883660316466
0.7222644984722136
0.774119973182678
0.8606425225734708
0.8125143945217131
0.7977331280708312
0.9020347297191619
0.7837330996990204
0.8397661149501799
0.7835017144680022
0.7615720629692075
0.7600169479846953
0.6987940073013305
0.8722706735134125
0.7629781365394591
0.735030561685562
0.821142554283142
0.7998579442501066
0.7533410191535949
0.8103397786617278
0.8287750482559204
0.8578890860080717
0.8498659431934354
0.8556920886039733
0.8636575639247893
0.8725397288799283
0.8077716827392578
0.874794155359268
0.7581108212471007
0.8850766718387603
0.7441230118274689
0.8255769312381742
0.8635423183441161
0.790377765893936
0.890399634838104
0.8529897928237914
0.8023169934749602
0.8415131270885468
0.8245436847209929
0.8016714453697203
0.7625603973865509
0.7316149175167083
0.7467212378978727
0.8159548044204712
0.8084838092327116
0.8546289801597595
0.8517801761627196
0.816493421792984
0.8427365124225614
0.8494579195976256
0.832323372364044
0.7487196028232573
0.7212301492691039
0.8635076284408568
0.8781549632549285
0.8627581894397733
0.7747161984443663
0.7584120035171509
0.8746635317802428
0.8788519501686095
0.8156985640525816
0.7839659452438353
0.7463630735874175
0.8287960290908811
0.8032720685005187
0.8319873511791228
0.7996939420700072
0.7843581438064573
0.8605709373950956
0.8403925895690916
0.8270283043384552
0.7586026191711425
0.797362297773361
0.7014817595481873
0.8668656647205351
0.7701366245746611
0.8580749630928037
0.7855946123600004
0.8536170125007628
0.8403525948524475
0.7086089551448821
0.8128195405006406
0.7754082977771758
0.775749236345291
0.7980276644229888
0.8860450983047483
0.7979424595832825
0.6773931086063384
0.7464244663715361
0.8193669617176055
0.8628613650798796
0.7707147598266599
0.8002252578735349
0.8244517147541045
0.8743666410446167
0.8269347250461577
0.8790148198604582
0.7225486934185026
0.7861449420452116
0.8401942849159239
0.8418170809745786
0.8863843083381651
0.8430159986019132
0.7866961359977722
0.8521702885627745
0.7462633550167082
0.8010176718235014
0.8925098180770873
0.8212925493717191
0.7735845744609833
0.8688768744468688
0.8615490794181823
0.6986281871795652
0.8004536628723143
0.7533356249332427
0.7859915196895598
0.8690352141857144
0.6887212991714476
0.7983408272266386
0.8569349348545072
0.8326494395732877
0.8381245732307432
0.8132883608341215
0.7709376215934752
0.8216345608234403
0.7972996234893797
0.7336336374282836
0.7466971278190611
0.8297150433063505
0.786069482564926
0.8287073969841001
0.7841233909130095
0.7602517008781432
0.8051015138626096
0.8568247258663177
0.7971964478492733
0.8107819855213165
0.7996258437633514
0.8457640707492826
0.8143134117126464
0.8241403698921203
0.7889529764652251
0.8216579258441924
0.8246268928050995
0.877797245979309
0.8928778767585753
0.7754081785678862
0.8097427189350127
0.6665883660316466
0.8636730313301085
0.8238482177257536
0.863208919763565
0.7869702577590941
0.8018562793731687
0.7859023809432982
0.7859024107456206
0.7584120035171509
0.8868389725685117
0.7848794758319853
0.7952418327331542
0.710204541683197
0.7842727005481719
0.7856470644474027
0.8317229747772215
0.8560923933982848
0.6991697251796721
0.7969780564308165
0.8898887336254119
0.8354159593582152
0.6992601454257964
0.8450730144977568
0.8724748194217681
0.7537286281585692
0.8228220641613005
0.7636817395687102
0.8278805613517759
0.7747864723205565
0.9139640927314757
0.8523957133293152
0.7847008407115935
0.8348988890647886
0.8434013724327085
0.7835197448730469
0.7212301492691039
0.7335771024227141
0.8407901525497435
0.8017956316471099
0.7996939420700072
0.8342042565345763
0.8406372666358947
0.8051809668540951
0.744122952222824
0.7843525707721708
0.8005367815494536
0.8233521878719328
0.8605379760265349
0.886476397514343
0.7459612488746641
0.7255299687385558
0.7457551062107084
0.7531024515628812
0.7350307106971741
0.8575896024703978
0.8153699040412902
0.7479127645492553
0.8782062530517577
0.7729855179786681
0.7441230118274689
0.9103323519229887
0.8501164913177488
0.7998344302177427
0.8459371328353882
0.7724426090717315
0.8326678276062011
0.6769380569458007
0.731288731098175
0.6986280977725983
0.7860467731952666
0.7324746847152708
0.8780150413513184
0.7975402772426604
0.8568833768367765
0.7453599572181699
0.7836922109127042
0.7708450853824613
0.846493124961853
0.8160617649555205
0.8156608343124389
0.7941378951072692
0.7910631000995635
0.8926104009151458
0.8104389905929563
0.6986280679702758
0.866356313228607
0.8300345242023466
0.8127209544181822
0.8488841056823728
0.6895692050457
0.7998580634593961
0.9114907085895537
0.8256847262382506
0.7452688217163084
0.848743826150894
0.8164618611335752
0.8077065944671629
0.7102836370468139
0.7266271412372588
0.814073473215103
0.7960842549800872
0.7584120035171509
0.8577139079570769
0.7990504801273345
0.6887212991714476
0.6986280977725983
0.7971727848052977
0.7786085307598113
0.7726881504058838
0.801057994365692
0.9081573486328123
0.8097427785396575
0.7557943761348723
0.8097718060016631
0.8724997639656065
0.844062954187393
0.760758966207504
0.7998909056186674
0.7453599572181699
0.7917948961257933
0.7427422702312467
0.6895692050457
0.8688668012619017
0.8150779604911803
0.8264733552932738
0.8107199966907499
0.826953500509262
0.8029898107051847
0.8844614624977111
0.8217228949069975
0.8781200349330901
0.869162231683731
0.8901079297065733
0.8344683349132537
0.9022785723209379
0.7505175471305845
0.8266417682170866
0.7872906029224394
0.7925299406051635
0.837343543767929
0.7885380089282987
0.8187601566314697
0.8516249060630797
0.8803434967994688
0.7734498083591461
0.8236109912395475
0.6783747673034667
0.7848795652389525
0.8343144059181211
0.8548030257225034
0.8109224140644071
0.8622708916664121
0.7806224524974822
0.8429937958717344
0.81325227022171
0.8291949927806853
0.7356263995170591
0.8629041016101837
0.7628229260444641
0.8322563171386718
0.8573197722434996
0.7847008407115935
0.8264628648757933
0.8693947494029998
0.827415198087692
0.8721953332424162
0.7464902997016906
0.9020105004310606
0.7542554438114165
0.8055243790149687
0.7557307779788969
0.8174230158329008
0.8013935685157775
0.7477345764636992
0.8382398486137388
0.9018157720565794
0.7968818247318266
0.7464244067668915
0.8123409748077391
0.8406679928302763
0.7704621255397796
0.8206871449947355
0.8264828622341154
0.8287960290908811
0.8957699835300444
0.8052502572536467
0.8290735185146331
0.8270281255245208
0.8424645066261289
0.878919631242752
0.8243979215621946
0.8383500874042509
0.8130343258380888
0.8300344944000243
0.722338169813156
0.7991455793380736
0.8302419185638426
0.8110496103763579
0.7383241653442381
0.8016183674335479
0.8010030686855315
0.8524457812309264
0.8165477514266967
0.8107426762580869
0.8400771915912627
0.7764912843704224
0.8439562320709227
0.810348570346832
0.8982107639312742
0.7967855036258695
0.8212087750434873
0.7991455793380736
0.8569506108760833
0.7867335677146912
0.7635467946529386
0.8576124608516692
0.896654188632965
0.7631669044494628
0.8044396340847013
0.8256848156452177
0.7620773315429685
0.8097427785396575
0.8208793401718139
0.7485604882240294
0.8256848752498627
0.8020107150077819
0.6665883660316466
0.8732076585292814
0.7979424595832825
0.8282938003540037
0.8242905437946317
0.8287750482559204
0.7576662600040435
0.8255769312381744
0.7998909354209898
0.8020153939723967
0.7835197448730467
0.8671507239341734
0.7704718410968779
0.7890467345714567
0.866852432489395
0.7336336374282836
0.8239214122295379
0.834204316139221
0.8142287731170653
0.8102780878543853
0.8410511016845702
0.8083858489990232
0.7412937283515929
0.7943278551101683
0.8269702494144437
0.7809812128543853
0.7961561381816862
0.851865917444229
0.8295495510101318
0.8163069784641264
0.7867854237556456
0.8109012246131895
0.8351390957832334
0.8354766964912412
0.7608484625816344
0.8671207129955291
0.8321094512939452
0.7787748873233794
0.8252167105674741
0.8440974354743955
0.8264217674732207
0.8430797159671782
0.8569506704807279
0.7817279994487761
0.775823265314102
0.8003780543804169
0.8266872465610504
0.8515846133232114
0.8398739397525786
0.8273778557777404
0.7114910781383513
0.7238378226757048
0.8244047164916991
0.7686221003532409
0.7586817145347593
0.758354365825653
0.9082207977771759
0.7338534593582152
0.7661732733249663
0.7484660446643829
0.7805635929107665
0.8010507524013518
0.8164934813976287
0.8569349646568296
0.7670708298683165
0.8171928226947784
0.8728261590003965
0.8461056053638457
0.8905133306980132
0.7491346299648283
0.772688180208206
0.8020583987236022
0.8686121404170988
0.8387927114963531
0.8246786594390868
0.8104390501976011
0.7628553807735442
0.8603424727916716
0.8270282149314879
0.7477570474147794
0.7125588953495025
0.7839917540550231
0.7934091687202453
0.734312117099762
0.9264443218708037
0.7875416278839111
0.7347056865692138
0.8437912464141845
0.8489573597908019
0.7968534529209136
0.7734597623348234
0.8902273774147031
0.8156985342502592
0.8083193898200987
0.8725287616252897
0.8604946732521056
0.7758398056030273
0.8321870863437653
0.8133952319622039
0.7099410295486449
0.7099408507347106
0.8468924164772031
0.7473015487194061
0.7731608152389524
0.8687233924865722
0.84611839056015
0.7594821155071259
0.814073473215103
0.7906650602817534
0.7582810223102567
0.8493374586105344
0.7563875913619994
0.7427422702312467
0.8801409006118772
0.7837626636028289
0.758110851049423
0.756560683250427
0.8598797917366026
0.7473015487194061
0.8898887336254119
0.8007381558418273
0.8300393521785734
0.8097176253795622
0.6986280977725983
0.8671507239341734
0.7811128199100492
0.8413273096084594
0.7709377110004424
0.8493469655513761
0.884266138076782
0.9264145195484161
0.851624935865402
0.6986281275749205
0.8693478405475615
0.8102320730686187
0.8400773108005523
0.8097175955772399
0.7993236780166624
0.8261670172214507
0.7455204725265502
0.7202752232551575
0.7537217140197753
0.8398739099502562
0.746721178293228
0.7926779389381408
0.7707147598266599
0.8097717165946958
0.8842950463294981
0.7633027136325835
0.8238268196582793
0.8263506293296813
0.8159548640251159
0.7611287832260131
0.7600169479846953
0.8288324177265165
0.7867335677146912
0.7910499870777128
0.8276679515838622
0.8402572274208068
0.8431466817855833
0.7623299062252045
0.869396150112152
0.7117025852203368
0.8358586132526397
0.7818524241447447
0.8110970258712766
0.8022125959396361
0.8189391493797301
0.8191676735877991
0.7219564020633696
0.8668524920940397
0.758681774139404
0.8405599296092986
0.8780822753906249
0.914256602525711
0.7502972185611723
0.8263020515441892
0.8150690793991088
0.8405598998069762
0.8849329352378845
0.7731608152389524
0.860698878765106
0.8113578855991364
0.8188160657882689
0.843380182981491
0.7940437495708464
0.8264628648757932
0.832488864660263
0.8000441789627073
0.7538129091262815
0.7125588953495025
0.8273511826992034
0.8405598700046537
0.7680888772010802
0.7123930454254149
0.9079511165618895
0.7768684625625608
0.82165789604187
0.8156339824199677
0.7796986401081083
0.805280715227127
0.7462635338306426
0.758681774139404
0.7704717516899107
0.7889358401298521
0.8569990098476408
0.8664526641368864
0.8243978619575498
0.8132392764091491
0.8613494038581847
0.868640899658203
0.8327976763248441
0.8529097735881803
0.8299677073955536
0.867890030145645
0.6876836121082305
0.7352516949176787
0.7542554438114165
0.8203164041042325
0.7212300598621366
0.8695628643035888
0.8299308717250823
0.8568833172321318
0.749297797679901
0.8840383589267727
0.8609496653079984
0.8465869128704069
0.7790894210338591
0.8578220903873442
0.6887213587760924
0.7998580038547515
0.7993073463439939
0.8154579997062681
0.9080902636051176
0.7709376811981201
0.840853840112686
0.8837532699108123
0.6665883660316466
0.8574821949005125
0.7808750271797178
0.8135094344615935
0.7233044207096099
0.866203486919403
0.7703968286514281
0.8227957189083097
0.8837917745113371
0.8334185183048246
0.7491625249385832
0.8874210119247435
0.8053198158740996
0.8138947188854215
0.7484053075313567
0.7316148877143859
0.7462633252143859
0.7873795628547667
0.791561961174011
0.7716110348701476
0.7455204725265502
0.810113877058029
0.8116924762725828
0.7298520505428312
0.8621485531330109
0.7972648441791532
0.7758177816867826
0.8845923542976377
0.7809484601020812
0.8402950763702391
0.7769336104393004
0.8406371772289274
0.7506921291351316
0.7452905476093291
0.7481807768344877
0.8148232996463776
0.8513994812965391
0.8573856353759763
0.7655930817127227
0.7993003726005552
0.7836252450942992
0.8381949067115783
0.8350367546081542
0.758354365825653
0.7971738576889036
0.7835017740726469
0.7970280945301055
0.8076007366180419
0.772688180208206
0.8628623187541961
0.726557821035385
0.9047129452228546
0.8695628345012663
0.7477569878101348
0.7611817717552184
0.8183366656303405
0.7990449368953705
0.9020359218120575
0.7273676693439483
0.866734743118286
0.8217661678791045
0.8896636366844175
0.7467214465141295
0.8553534448146819
0.8074140846729276
0.7227758765220641
0.8569506108760833
0.7786045670509337
0.7715762853622434
0.8550129830837248
0.8575968444347382
0.8409469723701475
0.8188917338848113
0.8077945113182067
0.8377600908279418
0.7801450490951537
0.7336335480213163
0.7666940689086912
0.8662035167217254
0.8005367815494536
0.8721478581428526
0.8010048568248748
0.7612647414207456
0.7192251682281493
0.8046670258045194
0.7961859107017515
0.7464244663715361
0.8461472988128661
0.8001186549663541
0.7250102162361143
0.7298519909381864
0.7998909056186674
0.7990448772907255
0.7266464233398436
0.7718414962291715
0.8203170895576476
0.8208906054496764
0.8329807221889494
0.8567986786365508
0.7600169479846953
0.7331631183624266
0.838928312063217
0.8029508590698242
0.742060214281082
0.7335367500782012
0.8610547184944152
0.8282938599586486
0.8108329772949218
0.9051350653171537
0.8511504530906676
0.7107817232608794
0.8389106094837187
0.8490096926689147
0.7994248270988463
0.8181579113006591
0.8123107850551604
0.796488434076309
0.7842312157154082
0.7823279201984403
0.8107199966907499
0.7737301588058471
0.7333423793315885
0.8211067020893095
0.7835017144680022
0.8512383699417113
0.9079622030258178
0.7409126162528991
0.8016183078289031
0.735030561685562
0.8163069486618041
0.856934905052185
0.7279136180877683
0.8567762076854704
0.861331075429916
0.8221497833728788
0.7864600718021392
0.8051189780235289
0.8494579195976256
0.7868472635746
0.8409470021724699
0.7421113252639768
0.7558441460132598
0.8263367414474486
0.8142288029193876
0.7594820261001586
0.7597515285015105
0.8106754124164579
0.8663665056228638
0.7770460247993468
0.8238267004489898
0.8153807818889617
0.7786046564579008
0.7360292077064513
0.7464902400970457
0.838383913040161
0.8435432314872741
0.7704718112945556
0.8353244960308074
0.7099409699440001
0.8350093364715574
0.8006344735622405
0.7510730326175687
0.7625516057014464
0.7479127645492553
0.9144275486469268
0.6876835823059081
0.8014088273048399
0.7943474650382994
0.7571727931499481
0.748319774866104
0.823901981115341
0.7279136180877683
0.84945148229599
0.7114910781383513
0.7586026489734649
0.7819933593273162
0.7088181078433989
0.9084233343601226
0.8003156185150145
0.8434303998947141
0.7576662600040435
0.7866961359977722
0.7993236780166624
0.9018282890319823
0.7704718112945554
0.7869448363780974
0.8423363864421843
0.7559640705585478
0.818939298391342
0.7720458805561065
0.7994118928909301
0.8269308507442472
0.7868473529815672
0.834511876106262
0.7485930323600768
0.8291350603103635
0.8295496106147765
0.8571854233741759
0.7972281575202942
0.7906557917594907
0.8241689503192898
0.8910094499588012
0.7866260409355162
0.8782441020011901
0.8023394942283629
0.7919287681579589
0.838412582874298
0.7455204725265502
0.8660049736499785
0.7354848682880399
0.7940437793731688
0.8259940743446348
0.732990026473999
0.890494406223297
0.7455204725265502
0.8781367838382719
0.8156732916831969
0.6773931086063384
0.8486688137054442
0.76795956492424
0.7878302335739135
0.8843594193458556
0.7349950671195983
0.8556920289993284
0.8575587570667266
0.8325862288475034
0.8838486373424527
0.8209654390811918
0.8432690501213073
0.8629511892795562
0.7607510089874266
0.7895785272121428
0.7878302335739135
0.8163888156414032
0.860342502593994
0.7032488882541655
0.7865287661552428
0.8604211211204527
0.8846610486507415
0.866384446620941
0.7581108212471007
0.8584232926368712
0.6886488795280455
0.7457552552223203
0.8017052710056303
0.8400772213935851
0.7609777450561522
0.8902999758720397
0.7837330400943755
0.7536789774894713
0.8129820823669432
0.7636215984821318
0.8725944757461546
0.8107199966907499
0.7683454453945158
0.7882007062435149
0.8109013140201566
0.7598487138748167
0.8669041991233825
0.7592734694480894
0.8214436769485473
0.8545036911964414
0.7180965244770049
0.8842292726039884
0.7950509190559385
0.7778725624084472
0.8929288089275358
0.8747422993183134
0.8573198318481443
0.8150691092014312
0.7836920917034149
0.7484660744667052
0.8685624301433561
0.7679240703582761
0.8227696120738982
0.7809812128543853
0.868920713663101
0.7645879089832305
0.8557181954383849
0.8721953332424162
0.7467212975025176
0.8214177489280698
0.7914078533649442
0.7212301492691039
0.8838486373424527
0.8029509186744689
0.8077259361743925
0.7778091728687286
0.8663845062255857
0.7877637445926664
0.8743587136268616
0.8842509388923643
0.7857477962970731
0.8318087756633757
0.7975667119026182
0.796488434076309
0.8264871239662169
0.7741448283195494
0.8193451762199401
0.7913576662540435
0.8923031985759733
0.8194553554058073
0.7535794973373412
0.7197898924350736
0.7993073165416716
0.7107817232608794
0.8246382474899292
0.6987940073013305
0.7905059158802031
0.8016713559627531
0.6665883660316466
0.7538128793239594
0.7586817145347593
0.7717088758945464
0.7480354607105254
0.8544490635395049
0.7890862822532652
0.8118612468242643
0.8265012502670287
0.777645081281662
0.761078208684921
0.8663845062255857
0.8486071527004241
0.8386678099632262
0.8125690817832946
0.8122998178005217
0.7629781663417815
0.7709377706050872
0.9018157720565794
0.8787840604782102
0.8438895344734191
0.819636821746826
0.8215900659561155
0.7858629226684569
0.7455204725265502
0.8216903507709503
0.7501489818096159
0.8729532957077024
0.8619878888130187
0.7661376297473906
0.7359867393970488
0.8519390225410461
0.8668524920940397
0.8634277582168577
0.7709378004074094
0.8784316480159758
0.8898303508758544
0.7768164277076719
0.7306595444679259
0.840233653783798
0.89004647731781
0.7925749123096465
0.7663848996162413
0.7850059270858764
0.8113121688365934
0.7376421093940734
0.8690954148769378
0.7975965738296507
0.8549856841564176
0.824177712202072
0.8215050399303434
0.8018800616264341
0.7464902997016906
0.8842904865741728
0.8605510890483855
0.7825728952884674
0.7360292673110961
0.8669754266738889
0.7461895942687986
0.7725901007652282
0.8960728645324705
0.8105531334877013
0.7859128117561339
0.8047098219394684
0.7462635338306426
0.7504248321056364
0.8498415648937224
0.8549581468105315
0.8100797533988952
0.7704718112945556
0.8844666779041288
0.7484660446643829
0.787122756242752
0.7786696553230285
0.7968973517417907
0.7839916944503782
0.8094478547573087
0.7741199135780333
0.8417605459690092
0.8303964138031005
0.8409394621849059
0.8318081498146055
0.8265110850334166
0.8336100876331327
0.8290735185146331
0.6886488795280455
0.8103589713573455
0.8211035132408141
0.7938630282878874
0.7918035089969634
0.8403525352478026
0.7002606987953185
0.7958976030349729
0.7758983969688414
0.7708450853824613
0.7222644388675687
0.8031800687313079
0.8133892416954039
0.7740505933761596
0.7704460620880126
0.828832447528839
0.7464244067668915
0.7453599274158476
0.9054011106491087
0.7875154316425322
0.8094478547573087
0.7900705337524412
0.8637679815292357
0.8352277278900144
0.7708450853824613
0.792104035615921
0.9018270671367644
0.7631050050258634
0.8188917636871337
0.8239344358444212
0.8156112432479856
0.84621325135231
0.786191016435623
0.7765735089778899
0.9081889688968657
0.8055572211742401
0.80531707406044
0.6886488199234009
0.8241403698921203
0.8568833768367765
0.8263506293296813
0.868612229824066
0.784358114004135
0.7878302335739135
0.7993611097335813
0.7388916015624999
0.8610190749168394
0.7595705986022947
0.8154112696647643
0.8129353225231168
0.8841152489185332
0.7114910185337067
0.8463002443313598
0.7721228301525115
0.8126575350761411
0.7350306212902068
0.8898902833461759
0.8133279979228972
0.8568225502967833
0.7972020506858825
0.7216111123561858
0.8140280246734618
0.7562393248081206
0.7711066305637359
0.7685327529907225
0.8005299568176268
0.8045679628849027
0.7709006369113922
0.8689075112342833
0.7462633848190307
0.7123930454254149
0.6665883660316466
0.8114046752452849
0.8130342662334441
0.7721228897571563
0.7367604076862333
0.7735296189785
0.7819933891296386
0.7407048344612119
0.7002606987953185
0.8637194037437437
0.7586025893688201
0.8500521779060363
0.9018213152885436
0.7355909943580625
0.7628818452358245
0.7949980795383452
0.8720970451831817
0.7491625547409057
0.868612140417099
0.8255805671215056
0.7524460852146146
0.8609276711940764
0.8438073098659514
0.7968815267086028
0.731288731098175
0.8518415391445159
0.7704621255397796
0.7889358401298521
0.8050511479377744
0.8331327140331266
0.6895691454410552
0.6895692050457
0.6886488795280455
0.7991455793380736
0.8438682556152342
0.7964630722999572
0.8455692827701567
0.807179570198059
0.8484140932559965
0.7857477962970731
0.7637192010879515
0.8163921833038328
0.8574378788471221
0.7071775496006011
0.8600217700004575
0.8269968330860135
0.7462633252143859
0.8168537616729735
0.8238074183464048
0.8346780836582183
0.7598041892051696
0.772688180208206
0.7866961956024169
0.7349950671195983
0.7849980890750885
0.8124416172504424
0.7766836583614347
0.8354122936725614
0.836270749568939
0.7556475102901458
0.77387136220932
0.7921756505966185
0.8225846290588379
0.8402022123336792
0.8019837439060209
0.7718289494514464
0.735030561685562
0.7114910185337067
0.7532970309257506
0.796488434076309
0.8605810701847075
0.7212300598621366
0.7455204129219053
0.8445863127708434
0.7212300598621366
0.8303964734077451
0.8666000962257382
0.7114910781383513
0.7372497618198394
0.823894292116165
0.784674972295761
0.7727822661399839
0.775255113840103
0.8120050728321074
0.7868473231792447
0.815570205450058
0.7014818191528319
0.7571821212768552
0.7835197448730469
0.7732291519641875
0.8690954744815824
0.7360292077064513
0.7559362649917601
0.7734587788581846
0.8094571828842162
0.8671468198299406
0.8375400006771087
0.8467083871364594
0.7724881470203397
0.8000812828540801
0.8354122340679168
0.8871690332889556
0.8668656647205351
0.7452688217163084
0.8671468198299406
0.813356041908264
0.8158050179481504
0.7768209874629973
0.7937133908271788
0.7855073213577268
0.7860467433929441
0.8521752953529357
0.8545284271240232
0.7742908298969268
0.7704621553421018
0.8415131866931914
0.8672769367694854
0.7464902997016906
0.7335771322250365
0.7718453407287597
0.8372883796691892
0.7462633848190307
0.8005150556564329
0.890193700790405
0.7597124874591825
0.8317753672599791
0.756560683250427
0.8070782124996184
0.801017791032791
0.8403164446353909
0.7101602852344511
0.8528934717178344
0.8018397092819212
0.7538087368011473
0.9420412480831145
0.7354848682880399
0.851177781820297
0.7356263995170591
0.7581108212471007
0.8464270532131194
0.8961055576801299
0.8244047164916991
0.8813459575176237
0.7415347397327421
0.7633747458457946
0.7964346408843992
0.9079124927520751
0.7107818126678466
0.8308763504028318
0.7983408272266386
0.7975965738296507
0.7615379095077512
0.8423950970172881
0.7990448176860807
0.8125143945217131
0.8097716867923735
0.7946561872959135
0.802312135696411
0.8236218392848967
0.8094571530818937
0.8839479088783263
0.7953358292579649
0.8515621125698088
0.8188432157039641
0.8383091092109679
0.816032975912094
0.8730779290199279
0.8123427629470823
0.8165329992771149
0.7480167448520659
0.7467212378978727
0.7342347800731658
0.8381915688514708
0.8787263333797453
0.8384020030498504
0.7455204129219053
0.7975667417049407
0.8437616527080534
0.8114046156406401
0.8613242506980895
0.8901914656162261
0.8164891302585601
0.7837330996990204
0.8463388085365293
0.8550593256950377
0.8780611753463744
0.8692365288734434
0.8350706696510314
0.8467822372913361
0.7865288257598875
0.9024737477302549
0.8351480066776273
0.7360829710960387
0.8167722821235656
0.8471506237983703
0.7233044207096099
0.7227758765220641
0.8356246948242185
0.9231131076812743
0.7970938384532926
0.7212301492691039
0.8246268332004546
0.7583676874637603
0.7869734168052671
0.7192250192165375
0.766763538122177
0.7523327767848966
0.7551226913928984
0.7957826554775236
0.8870158791542052
0.744122952222824
0.8410511612892149
0.810079753398895
0.8256848752498627
0.8406423330307005
0.7357942461967467
0.7586817145347593
0.8048528730869292
0.7480354607105254
0.824290484189987
0.6876836121082305
0.8676120638847349
0.8296965658664701
0.7917328476905823
0.8609245419502257
0.8783974647521972
0.7221542298793793
0.8839835524559018
0.7005745172500608
0.6986282169818877
0.770593136548996
0.8269406557083129
0.7725203633308408
0.7443690598011016
0.7360292673110961
0.7836523652076719
0.7133695185184478
0.8659439086914062
0.8264628350734708
0.8431774675846098
0.7858050167560576
0.7125588953495025
0.8744832575321196
0.7335770726203916
0.7995804548263549
0.7966758906841276
0.7688876390457151
0.8403524756431577
0.6876836121082305
0.7222643494606017
0.6986281871795652
0.6929218471050261
0.7707147598266599
0.7225486934185026
0.746957093477249
0.8027911186218262
0.8153238594532013
0.8076223134994506
0.800108253955841
0.8135094344615935
0.8142288029193876
0.7590121924877166
0.7619659900665282
0.8696018159389495
0.809457093477249
0.8543457984924315
0.8778817653656005
0.8545064330101013
0.7865287661552428
0.8082436323165891
0.82361102104187
0.8838632404804228
0.7565182745456694
0.748592972755432
0.8400232791900633
0.8213971555233
0.8366614878177641
0.8215051293373107
0.8020583987236022
0.8456982672214506
0.7544697225093839
0.8208741843700408
0.7807756662368772
0.8900829851627348
0.8499393463134766
0.6992601454257964
0.775255113840103
0.7990449368953705
0.8106351792812345
0.7487196922302246
0.7858050167560576
0.7971535027027129
0.7966514825820921
0.7784321308135985
0.734312117099762
0.8041228055953978
0.8416786193847654
0.7361541986465454
0.9082522988319396
0.8463388383388518
0.7484660446643829
0.7478648424148557
0.7460196912288664
0.7972230017185211
0.8582377135753632
0.7942257523536681
0.758110851049423
0.8665734529495237
0.8101139068603515
0.8241404592990873
0.8573198318481443
0.8186200559139251
0.8899773955345153
0.7801347672939299
0.7462635338306426
0.8269674479961394
0.8290733993053435
0.7255299687385558
0.7836921215057371
0.7991455793380736
0.8963815569877623
0.8057914376258848
0.7464244663715361
0.7735845148563383
0.7670046985149382
0.7510730028152465
0.7466954588890073
0.8461056053638457
0.8464721441268919
0.8076499998569487
0.7720459401607513
0.7964809834957122
0.8389805853366851
0.7977654337882996
0.8378567397594451
0.7584120035171509
0.7818523645401
0.8899943530559538
0.7716110348701476
0.8236218988895414
0.8572320044040678
0.7586026489734649
0.9326945245265958
0.851443827152252
0.8156339824199677
0.7818479835987089
0.8903832435607909
0.7711066305637359
0.8576321005821226
0.8957345783710478
0.7222644686698912
0.7503638267517088
0.8518066108226774
0.8656942546367644
0.8399558365345
0.843440145254135
0.8080720603466033
0.7964346408843993
0.7718702256679533
0.7372497320175171
0.8838707506656645
0.7915585935115812
0.8515621125698088
0.8045177161693571
0.8630504310131072
0.7490453422069548
0.8848917186260221
0.8163921833038328
0.7892334461212156
0.8125143647193908
0.8957345783710478
0.8082436323165891
0.7376421391963959
0.7836921215057371
0.7586025297641753
0.8381792008876799
0.7711066305637359
0.8124415874481199
0.7541121542453765
0.7469887137413024
0.7628553211688993
0.8050926923751829
0.7734589576721189
0.8408058583736419
0.7985036373138426
0.8606990277767179
0.7971651852130888
0.7735844254493712
0.8746879696846007
0.7580744922161101
0.7487719953060148
0.8568225502967833
0.8212571144104003
0.770593136548996
0.7636215984821318
0.7582810521125792
0.7602517306804656
0.816017985343933
0.8212266266345976
0.7421113252639768
0.8018562793731687
0.8635917007923125
0.9265009462833403
0.8291601240634916
0.8431548476219176
0.7993074357509612
0.7227883338928222
0.7131034731864928
0.8270281851291654
0.7014817595481873
0.7879808247089384
0.7233044207096099
0.8397661149501799
0.6895692050457
0.8901817798614501
0.8260981142520903
0.7594820857048032
0.7859914898872374
0.786069482564926
0.7998089790344236
0.8516001999378203
0.7735845744609833
0.7612490653991698
0.7227757573127745
0.7517871558666228
0.7564387619495391
0.7707148492336271
0.8107332885265348
0.7123930454254149
0.7457552552223203
0.8686120808124541
0.8448875546455382
0.8162875473499297
0.7839917540550231
0.890550673007965
0.8010509014129638
0.7945269644260405
0.8629848957061766
0.8255806267261504
0.823477655649185
0.8781616985797879
0.8262184858322142
0.7461844980716704
0.7349950373172759
0.7875416278839111
0.8569348752498626
0.7836921215057371
0.7821564972400664
0.8269708156585692
0.7848794758319853
0.8439714312553404
0.8502676784992217
0.7180965840816497
0.8728617727756498
0.8416917026042936
0.7952418327331542
0.7467212378978727
0.8545416891574857
0.8097427785396575
0.7825073599815368
0.8324078321456907
0.7483198642730711
0.837332785129547
0.8065792322158812
0.729632019996643
0.8256847858428954
0.7857477962970731
0.7343120872974395
0.7347056865692138
0.7844673991203306
0.8994778692722318
0.6895692050457
0.770976036787033
0.7996939420700072
0.7454103529453276
0.7359271943569182
0.8263020813465117
0.7238557338714598
0.7867335379123686
0.7951994538307188
0.7732306420803069
0.7729046344757078
0.7230073809623716
0.8288159072399138
0.863155037164688
0.8437912464141845
0.7835017442703247
0.8724317848682401
0.85119891166687
0.7233044207096099
0.7597516477108001
0.8047844767570494
0.8844561278820036
0.7576392292976378
0.7212301492691039
0.8407717943191527
0.8634707033634185
0.8629090487956999
0.8715809881687162
0.7349950373172759
0.8233521878719328
0.743525207042694
0.7385593056678771
0.8399608433246611
0.7544887959957123
0.7676484286785126
0.8181400597095488
0.7127881646156309
0.7817032337188718
0.8086379766464232
0.8837337791919708
0.6886488795280455
0.8042538762092588
0.7335367500782012
0.8750380277633666
0.7117025852203368
0.8957129716873167
0.7338534295558928
0.8077234029769895
0.84273162484169
0.8658732473850248
0.7500271797180175
0.8579327464103699
0.838577330112457
0.7602516412734984
0.8671468198299406
0.7979424595832825
0.7832126915454863
0.796434611082077
0.7661731839179992
0.8415131270885468
0.8803434967994688
0.8104326725006102
0.8083689808845519
0.8371674120426177
0.8187075853347777
0.7697050571441648
0.8241889774799346
0.8076805770397184
0.7463631033897399
0.8349782824516294
0.7628553807735442
0.8352890908718108
0.758110851049423
0.7467212378978727
0.836270749568939
0.8266245126724243
0.8688768744468688
0.7583675384521483
0.7958807945251463
0.878051310777664
0.7114910185337067
0.8351790010929107
0.8406372070312498
0.8494873642921446
0.7243938148021697
0.7354848682880399
0.7858050763607023
0.7817520797252654
0.8233521282672881
0.7855946719646453
0.7834404706954954
0.8630805909633635
0.8025984466075896
0.7720459401607513
0.790104955434799
0.8681863546371459
0.7866624593734739
0.7649122476577758
0.7686173617839812
0.7860617637634276
0.7634620964527129
0.7999781966209409
0.8123410642147063
0.8052465617656707
0.7705424427986144
0.8240653574466704
0.7581108212471007
0.8552500009536742
0.8568225502967833
0.8013460636138915
0.7336336374282836
0.7602516412734984
0.7349950671195983
0.8151110112667082
0.7857360243797301
0.797153443098068
0.7707147598266599
0.8238074183464048
0.7557281255722044
0.732990026473999
0.872927278280258
0.73539063334465
0.8149888217449187
0.7893431782722471
0.8264828026294707
0.7766835689544677
0.7764715552330015
0.746427923440933
0.7331630885601044
0.7107818126678466
0.8464873433113096
0.809457242488861
0.8153179883956907
0.8511505126953123
0.8102929294109344
0.7967958748340606
0.7986016869544981
0.6992601454257964
0.7192250192165375
0.7519393563270568
0.759247064590454
0.7335771322250365
0.7709377110004424
0.84273162484169
0.7347056567668914
0.7231983244419098
0.8161389827728268
0.8782222568988799
0.7859129011631012
0.8562031090259551
0.7485930323600768
0.8779891729354858
0.7180965244770049
0.8269535601139067
0.9140127301216124
0.8424600660800932
0.7360292673110961
0.7704621553421018
0.796488434076309
0.8025984466075896
0.7212300598621366
0.8864414095878601
0.7469887137413024
0.8562864065170287
0.8568247556686399
0.7218102514743804
0.7355909347534179
0.8727195858955382
0.7663849294185637
0.7114910185337067
0.7859914898872374
0.7857475876808165
0.7584121525287627
0.810113877058029
0.8287960290908811
0.7841234207153319
0.9080418050289152
0.8514437377452848
0.8161315917968748
0.7953377068042754
0.8747252821922301
0.8382398784160613
0.8752093613147736
0.8001579344272612
0.8262583017349242
0.7998909056186674
0.8734641373157498
0.7809343338012693
0.8411923944950103
0.8194764852523801
0.7644956707954407
0.7670574784278867
0.759434551000595
0.8133720755577086
0.7015631198883056
0.8281731605529784
0.74541038274765
0.7709377110004424
0.7836921215057371
0.8374285697937011
0.8149662911891936
0.7347056865692138
0.7627327740192411
0.7009823918342589
0.7107817828655242
0.758354365825653
0.758354365825653
0.8564194440841674
0.8156433403491973
0.8050926327705381
0.87810480594635
0.7809811532497404
0.8612753748893736
0.8351480960845945
0.7335772514343261
0.8193759024143217
0.746721178293228
0.8185117840766905
0.8459878861904143
0.7812154591083524
0.7467214465141295
0.7825992703437804
0.8378649652004241
0.9016228914260862
0.6986281275749205
0.8660564124584196
0.7927838861942289
0.734312117099762
0.8061316609382628
0.7704621553421018
0.8383091092109679
0.8250658810138701
0.8855960965156552
0.8219830989837645
0.7473015487194061
0.7834404110908507
0.7834405004978179
0.8464721441268919
0.7576662600040435
0.7477569580078124
0.8522443771362304
0.7197496592998504
0.758681684732437
0.7484053075313567
0.7872250974178313
0.8460181653499602
0.7991455793380736
0.8550962805747985
0.7994119524955747
0.7192251086235044
0.7768209576606748
0.7843526303768158
0.7704621553421018
0.7674224376678466
0.8458502292633056
0.7222644984722136
0.8069421350955961
0.9053571820259092
0.9017566740512847
0.8403165340423582
0.86098974943161
0.7255299687385557
0.792004644870758
0.8408200740814209
0.7227759361267088
0.8503092825412749
0.8405964672565459
0.7467212378978727
0.9077424705028532
0.8780289292335509
0.8238268196582793
0.8841551542282103
0.8076196610927581
0.7014817595481873
0.8515528440475464
0.7456217408180237
0.7666941583156583
0.8398739099502562
0.8571423292160032
0.7663135528564452
0.8556920886039733
0.8721256256103515
0.772688180208206
0.8158050179481504
0.8219219148159025
0.7360292673110961
0.7991670966148375
0.7721228897571563
0.8549117743968961
0.7466692626476287
0.7825728356838224
0.7461895942687986
0.867523282766342
0.7834404110908507
0.8319559991359708
0.8024315237998961
0.8163095712661743
0.7663363218307495
0.7991455793380736
0.7873247265815733
0.869330644607544
0.7737318575382233
0.7666940689086912
0.7222643196582794
0.7857360243797301
0.8214043676853178
0.7624486982822417
0.7887109816074369
0.714225113391876
0.7227758169174194
0.866451561450958
0.9181954264640806
0.7707147598266599
0.8103833794593809
0.7809813618659973
0.7977303862571715
0.8018562793731687
0.8668868243694303
0.8350550234317778
0.8131381571292876
0.7427422702312467
0.7816288769245147
0.7663848996162412
0.7836920917034149
0.7127881348133087
0.7755677998065947
0.8807348310947416
0.7335954308509824
0.7736588716506957
0.792104035615921
0.721926987171173
0.8781949281692504
0.8123061060905455
0.8260050714015958
0.7602517008781432
0.8373434841632841
0.7488948702812194
0.8117803633213041
0.7222643196582794
0.7457551658153533
0.7714752554893493
0.7770582139492034
0.7101602852344511
0.8325861394405364
0.8076510429382322
0.7809813022613524
0.7349950671195983
0.7857638597488402
0.7464244663715361
0.8320001065731047
0.8013552427291868
0.7857360839843749
0.7578132152557371
0.8273732066154478
0.6886488795280455
0.9111322462558745
0.7477346360683439
0.7427958548068999
0.775729328393936
0.7453599274158476
0.7657263875007628
0.758354365825653
0.7476504743099212
0.8668655455112455
0.7601290643215178
0.8028211891651152
0.8383907079696653
0.9421094357967376
0.7835017740726469
0.7492897212505341
0.8960788846015928
0.8261752724647522
0.8569349348545072
0.8778549432754514
0.8046278059482574
0.8294596970081327
0.7541121542453765
0.8042958378791807
0.890344440937042
0.8013552427291868
0.9078843891620635
0.767422318458557
0.7484660446643829
0.8060803115367886
0.8579766154289244
0.772313743829727
0.813356041908264
0.8843327164649961
0.8704876303672788
0.8729448914527891
0.8515817523002622
0.7405932247638701
0.768377214670181
0.805280715227127
0.770845055580139
0.7623299062252045
0.8157635331153867
0.7438859045505521
0.8156985342502592
0.7679595947265624
0.7099410295486449
0.7586817145347593
0.8184394240379332
0.7970938384532926
0.7427422702312467
0.8342042863368988
0.8426298201084136
0.7972305417060852
0.7934864759445189
0.7872906029224394
0.8432691097259519
0.7790892422199248
0.8127210736274717
0.8915360569953916
0.8350117504596708
0.8131718337535856
0.7835017442703247
0.8837337195873258
0.7123930454254149
0.8662035465240476
0.920929968357086
0.7592734694480894
0.8176018297672271
0.8448706269264219
0.7705931961536406
0.8603424727916716
0.7865288853645324
0.7101602554321288
0.7950509190559385
0.8376511931419371
0.8724748492240905
0.7071775496006011
0.8663905262947081
0.7812256813049314
0.7123930454254149
0.7343120872974395
0.8522444367408751
0.816032975912094
0.7088181078433989
0.7851627767086028
0.8345135152339934
0.7099409699440001
0.8457444608211516
0.7855946421623228
0.8667840063571928
0.8210299909114837
0.7931954860687256
0.7955803871154784
0.7773984372615812
0.7478432357311248
0.8569348752498626
0.8266746401786802
0.7477346360683439
0.779089331626892
0.83432936668396
0.8007464408874511
0.8687233924865722
0.8074140846729276
0.7625963985919951
0.7356263995170591
0.8772359192371366
0.843380182981491
0.7415348589420316
0.746957093477249
0.7840799093246458
0.7556751668453215
0.8234699368476868
0.7615709304809569
0.7230073809623716
0.7014818191528319
0.9143151342868803
0.7967401444911956
0.8137243390083311
0.9086079597473142
0.7123930454254149
0.8459684848785398
0.8278719186782835
0.873071640729904
0.8263020515441892
0.8673554062843322
0.8574303984642027
0.757182091474533
0.8409469723701475
0.7331631183624266
0.8271011114120481
0.7453599274158476
0.7101602852344511
0.8379632234573363
0.9080417752265928
0.8580750226974486
0.8157964050769806
0.7997983992099761
0.820864588022232
0.744122952222824
0.7866260111331939
0.7947677671909331
0.8730231225490569
0.884130388498306
0.7864600121974945
0.7453599870204924
0.7427959442138671
0.7967401146888732
0.6886489093303678
0.7763230800628661
0.7964883744716643
0.8302419185638426
0.7785218954086304
0.8020584285259246
0.8215250074863432
0.7993237376213073
0.8492909669876098
0.7709377408027648
0.758367598056793
0.772688180208206
0.8007464408874511
0.8635077476501464
0.8106444776058195
0.7556751668453215
0.8048605918884276
0.8086959421634674
0.7843656241893767
0.8580750226974486
0.7002607285976409
0.7316148877143859
0.7439453303813933
0.8130720555782316
0.7595705986022947
0.8250580430030822
0.7704718112945556
0.8162409663200376
0.7465546429157255
0.8294961154460906
0.7991675734519957
0.839495301246643
0.809742748737335
0.8157578408718108
0.8159447014331817
0.7336336374282836
0.788729578256607
0.7316149175167083
0.7993611395359038
0.7721292078495025
0.867706924676895
0.8498658537864683
0.8016714453697203
0.7848795652389525
0.7461895942687986
0.7233044207096099
0.8156420290470121
0.8658832609653471
0.7427957653999326
0.8558931052684783
0.7704621553421018
0.7602517306804656
0.7807244956493375
0.8746458292007444
0.8378567099571227
0.8022187352180479
0.8097427189350127
0.807470053434372
0.8459009528160094
0.8629848957061766
0.8960728645324705
0.7343120872974395
0.8354009985923766
0.9173288643360137
0.7941163778305053
0.7921504378318784
0.872944265604019
0.7721229195594785
0.7476627826690672
0.7859024107456206
0.7969417273998259
0.7877637445926664
0.8025447726249693
0.7997823953628539
0.7123930454254149
0.7343120872974395
0.7586025893688201
0.8423363864421843
0.8518607020378111
0.8102815151214597
0.8104326725006102
0.7899124622344968
0.7962040603160857
0.8961062431335447
0.7971728146076201
0.7491625547409057
0.863001227378845
0.7991456389427184
0.7266464233398436
0.829385370016098
0.8844446837902066
0.7464278936386106
0.7635538578033445
0.7723154723644255
0.7965102493762969
0.6769381165504454
0.7698749601840972
0.8374134600162504
0.7457552552223203
0.7561537623405457
0.8163636028766629
0.8251779973506925
0.7590121924877166
0.8568246960639953
0.812760680913925
0.7550247907638549
0.8110970258712766
0.8906046450138091
0.7212301492691039
0.7676789462566375
0.8202087581157682
0.7314929962158202
0.8157964050769806
0.8498587012290953
0.860373258590698
0.8445992469787595
0.7192251086235044
0.7979425191879271
0.7226383090019225
0.8200753331184386
0.7972996234893799
0.7355909943580625
0.7661376297473906
0.7834404408931731
0.8748745024204253
0.7687895596027372
0.9116613864898679
0.8689642548561094
0.8686461746692656
0.7336335480213163
0.7571728527545928
0.787129372358322
0.739309102296829
0.8066638112068174
0.8904976248741149
0.7609986364841459
0.780278831720352
0.7837331295013426
0.7631669044494628
0.8162395358085632
0.774716258049011
0.8013552427291868
0.7972995638847349
0.8965756595134734
0.8272675573825834
0.8458098471164702
0.8517846763134
0.7997823953628539
0.7836920917034149
0.8841277062892913
0.8630782067775725
0.8453163504600524
0.8551862537860869
0.8101138174533843
0.7837626636028289
0.7721228301525115
0.7336336374282836
0.7099408507347106
0.7583677172660825
0.7336336374282836
0.84433177113533
0.7856470346450805
0.8669321835041045
0.8215902149677274
0.7661530673503874
0.8597927093505857
0.7920190691947936
0.8269346654415128
0.8564194440841674
0.8846844434738157
0.7240982949733733
0.6665883660316466
0.8292582035064696
0.7343120276927947
0.7662127912044523
0.7243029773235319
0.818256676197052
0.7506921291351316
0.7947096228599547
0.7354848682880399
0.8929638266563414
0.7686223089694976
0.760758966207504
0.7542554438114165
0.8287073969841001
0.8098523020744322
0.7718702256679533
0.7349950671195983
0.8670783638954161
0.7908886969089507
0.7014818191528319
0.8480325341224669
0.8157483935356139
0.7860466837882994
0.7734588384628295
0.9230768680572509
0.7720459401607513
0.8962565958499906
0.7360292077064513
0.7325751185417174
0.8522444069385526
0.777042120695114
0.8298621475696563
0.7867665588855742
0.7612647414207456
0.7704621553421018
0.7455204427242278
0.7117026150226592
0.6858123242855071
0.6991696953773497
0.7598041892051696
0.800108253955841
0.7347057461738585
0.8048605322837828
0.7099409699440001
0.8895723223686216
0.7968973517417907
0.8003681600093839
0.8174293041229246
0.7107817828655242
0.7225486934185026
0.7567600905895232
0.8160854876041411
0.9202005863189695
0.7453599274158476
0.787335306406021
0.7990826070308683
0.8608860969543456
0.9295093119144436
0.8211246132850646
0.6665883660316466
0.8270257413387297
0.7887111604213712
0.758411943912506
0.7834405004978179
0.7336335480213163
0.7360292077064513
0.8031801283359526
0.7360292077064513
0.8408427834510801
0.8681863546371459
0.8615838885307311
0.7889358401298521
0.855630040168762
0.8005299568176268
0.8296965658664701
0.7707148492336271
0.8467723429203031
0.8218746185302733
0.7336336374282836
0.7125588953495025
0.7865288257598875
0.8169442713260648
0.7349950671195983
0.8717044889926908
0.8094478547573087
0.7745467126369475
0.8069191277027128
0.7222644686698912
0.9203414618968963
0.8140697181224822
0.800105959177017
0.7533410191535949
0.8516249060630797
0.8433540761470794
0.7452688217163084
0.7869702577590941
0.7629781365394591
0.7837626039981842
0.8855195939540862
0.7482733726501464
0.7841234207153319
0.7678161263465879
0.7338534295558928
0.92960649728775
0.8434146642684935
0.7680889070034026
0.7476629018783567
0.8084201514720917
0.8783206939697265
0.7331631183624266
0.8324234187602996
0.7480354607105254
0.7324746549129485
0.9327770769596097
0.7019286453723906
0.8409105241298673
0.8318964242935178
0.8296670615673063
0.8637724220752715
0.7994248270988463
0.8157635331153867
0.8398739397525786
0.8405598700046537
0.8255769610404966
0.6887212991714476
0.8910094201564787
0.8599621057510373
0.8156259357929229
0.7099408209323881
0.8236217796802519
0.7846134901046753
0.8316700160503386
0.7790879905223845
0.7462633848190307
0.7224961817264555
0.7586059570312498
0.8699830174446105
0.8406758010387418
0.890793740749359
0.7233725786209106
0.8243171274662016
0.8025446832180022
0.8898935317993162
0.7954169213771819
0.7225486934185026
0.7473015487194061
0.7816531360149382
0.7939155995845794
0.7571728527545928
0.7099408209323881
0.7837626934051514
0.7971193194389342
0.7462635338306426
0.8612017035484313
0.7602517306804656
0.7540853023529052
0.8833709955215453
0.7464244663715361
0.7355909347534179
0.8783200681209563
0.8503091633319854
0.7868463993072508
0.797153443098068
0.7979423999786376
0.8024938702583312
0.7959266304969785
0.8260051012039182
0.8691175282001493
0.8054566681385038
0.7212300598621366
0.7350306510925292
0.6665883660316466
0.8080721497535703
0.7117026746273039
0.8133560121059416
0.7546501755714415
0.8782386779785155
0.8469113409519194
0.7720459401607513
0.7376421093940734
0.8397660255432127
0.8164390623569486
0.8213115930557249
0.8568225800991058
0.6991696953773497
0.8490096926689147
0.7347056865692138
0.851274937391281
0.7336336374282836
0.7125588953495025
0.8812615871429442
0.6783747076988219
0.7592819631099699
0.8514437973499297
0.8547569811344146
0.832105129957199
0.8666722774505614
0.8104892075061797
0.7464244067668915
0.814557671546936
0.8101103603839873
0.7943979799747467
0.8430918455123899
0.7859915196895598
0.8209661841392516
0.8717678785324096
0.7744656205177305
0.8605847060680389
0.7968974709510802
0.8104890584945678
0.7540544271469114
0.8805090785026548
0.7464902400970457
0.8108330070972442
0.7222644388675687
0.7661444246768949
0.7401679754257201
0.8745465874671935
0.801387071609497
0.8579028844833372
0.7366155683994292
0.7343120872974395
0.7861706018447874
0.8424600064754484
0.815582513809204
0.8223560750484464
0.813345670700073
0.9080901145935056
0.7366155087947844
0.890217453241348
0.7240837216377258
0.804710030555725
0.8631398677825926
0.7614509761333463
0.7610781788825988
0.8571423888206481
0.8097175955772399
0.719789832830429
0.8142288029193876
0.7441230118274687
0.758110851049423
0.8080722391605375
0.8266417682170866
0.8425737619400022
0.7102046012878417
0.8080723583698273
0.7582446634769439
0.840910643339157
0.8471925854682921
0.7732307314872741
0.6991697251796721
0.7735845148563383
0.7114910781383513
0.8445992469787595
0.8489574193954467
0.7975964546203611
0.7967401146888732
0.8556221127510069
0.7737303972244262
0.8549812734127044
0.8211321532726287
0.8464721441268919
0.8551743030548093
0.7890806198120116
0.8233208656311033
0.7858051061630248
