24
53
77
102
128
151
169
198
223
253
286
321
349
379
410
440
468
497
527
557
584
606
630
660
694
725
749
776
804
840
867
893
920
946
981
1013
1045
1081
1108
1135
1160
1191
1223
1247
1272
1309
1329
1358
1386
1411
1444
1471
1505
1534
1559
1592
1622
1654
1684
1719
1744
1776
1803
1826
1849
1876
1911
1942
1977
2012
2043
2067
2093
2126
2158
2181
2206
2240
2263
2293
2323
2346
2366
2400
2431
2457
2490
2522
2544
2580
2599
2628
2660
2692
2724
2750
2781
2816
2850
2880
2906
2941
2975
3002
3032
3062
3095
3121
3153
3184
3212
3244
3274
3300
3333
3370
3407
3431
3463
3488
3516
3549
3584
3613
3648
3684
3716
3744
3774
3805
3834
3867
3893
3924
3960
3993
4018
4049
4074
4108
4134
4162
4195
4223
4252
4276
4303
4328
4358
4395
4430
4462
4498
4524
4550
4573
4605
4635
4670
4703
4729
4763
4795
4824
4850
4880
4914
4947
4978
5007
5033
5056
5087
5122
5149
5181
5214
5240
5269
5303
5324
5358
5384
5417
5445
5474
5503
5533
5558
5587
5615
5647
5675
5704
5731
5768
5794
5827
5863
5891
5925
5957
5985
6017
6053
6087
6114
6151
6187
6217
6247
6284
6316
6344
6376
6402
6430
6461
6490
6515
6549
6587
6621
6644
6674
6698
6726
6755
6782
6815
6843
6871
6902
6932
6962
6987
7017
7049
7078
7111
7145
7170
7203
7225
7252
7276
7310
7339
7374
7405
7432
7461
7496
7529
7560
7586
7611
7636
7670
7692
7727
7754
7781
7811
7838
7865
7893
7927
7959
7984
8014
8039
8068
8099
8130
8159
8186
8221
8244
8265
8296
8326
8358
8386
8412
8444
8473
8511
8536
8564
8596
8627
8656
8676
8709
8735
8771
8797
8826
8858
8883
8912
8937
8964
8989
9025
9055
9085
9117
9139
9171
9202
9227
9252
9281
9310
9338
9365
9398
9426
9459
9486
9527
9558
9592
9614
9649
9680
9707
9735
9763
9792
9828
9852
9877
9907
9935
9965
9995
10028
10054
10079
10099
10126
10152
10182
10215
10240
10261
10279
10310
10333
10359
10393
10423
10449
10478
10501
10524
10550
10578
10605
10634
10666
10698
10730
10767
10803
10833
10865
10896
10924
10951
10981
11008
11046
11077
11100
11128
11155
11188
11222
11256
11288
11318
11349
11377
11408
11437
11455
11484
11516
11548
11584
11616
11651
11677
11703
11731
11768
11791
11825
11850
11883
11912
11936
11966
11998
12025
12054
12083
12108
12131
12157
12183
12208
12233
12269
12297
12324
12350
12370
12394
12424
12453
12479
12504
12529
12555
12583
12609
12637
12662
12693
12730
12759
12789
12818
12847
12872
12904
12930
12961
12986
13018
13051
13079
13103
13125
13158
13189
13221
13251
13277
13303
13330
13358
13385
13407
13433
13455
13488
13516
13539
13567
13600
13631
13669
13700
13724
13748
13778
13801
13831
13856
13885
13912
13943
13973
13998
14026
14058
14084
14106
14133
14158
14185
14217
14241
14269
14297
14318
14352
14382
14412
14431
14454
14479
14510
14546
14569
14599
14620
14652
14677
14710
14741
14766
14789
14811
14838
14869
14893
14927
14954
14983
15021
15054
15082
15107
15130
15154
15182
15205
15235
15271
15301
15331
15365
15390
15415
15447
15475
15502
15527
15556
15589
15622
15648
15672
15693
15731
15761
15788
15811
15838
15870
15901
15933
15955
15983
16007
16030
16060
16080
16110
16140
16166
16195
16226
16253
16282
16310
16338
16357
16387
16416
16437
16462
16496
16517
16545
16573
16594
16623
16657
16682
16708
16731
16756
16784
16811
16835
16866
16900
16931
16957
16987
17015
17044
17076
17101
17137
17171
17198
17224
17253
17278
17305
17331
17360
17394
17420
17452
17477
17505
17533
17560
17587
17610
17636
17670
17694
17722
17753
17781
17801
17831
17855
17884
17903
17933
17966
17993
18019
18046
18072
18099
18130
18160
18185
18212
18240
18275
18295
18324
18350
18385
18413
18434
18463
18493
18519
18543
18565
18597
18632
18657
18679
18707
18728
18757
18781
18808
18837
18868
18892
18918
18946
18969
18994
19022
19047
19076
19104
19136
19157
19185
19212
19242
19265
19293
19323
19347
19372
19406
19438
19466
19492
19522
19552
19581
19610
19644
19664
19692
19715
19741
19765
19799
19825
19848
19880
19910
19941
19966
19992
20031
20058
20086
20109
20139
20169
20198
20233
20260
20282
20314
20338
20367
20395
20428
20462
20491
20520
20548
20573
20604
20631
20665
20697
20727
20759
20787
20816
20841
20869
20901
20934
20963
20984
21008
21028
21053
21081
21108
21132
21160
21182
21212
21243
21264
21285
21314
21341
21370
21393
21421
21445
21474
21505
21532
21553
21580
21611
21635
21670
21702
21731
21761
21793
21824
21853
21881
21914
21936
21968
21997
22032
22053
22083
22117
22149
22179
22204
22235
22259
22288
22310
22338
22365
22395
22427
22452
22474
22508
22539
22571
22601
22629
22653
22686
22715
22738
22759
22786
22816
22844
22876
22905
22924
22951
22984
23014
23039
23071
23099
23119
23146
23174
23203
23228
23259
23286
23316
23352
23376
23405
23434
23458
23489
23523
23549
23577
23604
23632
23666
23692
23720
23747
23778
23807
23832
23862
23886
23912
23942
23966
23993
24015
24044
24070
24099
24127
24157
24187
24212
24235
24258
24293
24322
24346
24377
24405
24436
24460
24491
24520
24549
24575
24605
24631
24660
24685
24708
24737
24768
24798
24824
24849
24877
24906
24934
24959
24990
25013
25044
25075
25098
25127
25152
25179
25208
25237
25265
25288
25321
25346
25378
25405
25432
25454
25479
25510
25540
25559
25580
25611
25637
25665
25689
25717
25738
25760
25780
25805
25833
25856
25885
25912
25940
25971
25997
26021
26048
26083
26111
26132
26161
26183
26212
26244
26266
26291
26315
26339
26370
26395
26427
26464
26484
26508
26535
26569
26594
26618
26650
26677
26705
26728
26758
26787
26812
26833
26865
26892
26915
26940
26974
26995
27031
27050
27073
27101
27130
27160
27184
27214
27242
27271
27300
27325
27354
27378
27399
27419
27445
27477
27505
27527
27551
27575
27607
27630
27659
27683
27706
27727
27754
27782
27817
27845
27874
27898
27927
27952
27976
28008
28033
28061
28090
28111
28130
28157
28182
28211
28238
28266
28293
28321
28344
28373
28403
28433
28466
28491
28517
28544
28563
28587
28613
28640
28666
28691
28714
28737
28768
28791
28818
28841
28867
28892
28915
28939
28961
28980
29002
29025
29048
29073
29095
29119
29141
29168
29193
29220
29250
29278
29309
29329
29351
29374
29401
29430
29448
29480
29506
29539
29561
29585
29607
29634
29658
29683
29709
29743
29764
29799
29834
29862
29890
29917
29942
29972
29991
30027
30053
30078
30104
30135
30157
30179
30209
30236
30261
30281
30307
30338
30368
30394
30423
30443
30465
30487
30519
30546
30574
30596
30623
30645
30674
30707
30738
30756
30785
30810
30831
30861
30885
30910
30940
30970
30992
31016
31040
31063
31082
31110
31131
31154
31179
31201
31230
31253
31280
31302
31328
31355
31378
31405
31437
31464
31491
31515
31548
31579
31606
31635
31661
31700
31723
31750
31783
31809
31838
31869
31892
31915
31946
31974
31997
32023
32051
32074
32101
32127
32151
32179
32203
32231
32257
32280
32308
32332
32354
32377
32399
32425
32452
32473
32499
32518
32546
32574
32601
32629
32650
32676
32695
32723
32758
32786
32815
32838
32869
32892
32917
32941
32967
32991
33018
33049
33076
33108
33133
33159
33195
33224
33253
33284
33308
33334
33360
33388
33413
33438
33464
33489
33519
33547
33580
33605
33629
33656
33673
33701
33732
33759
33794
33827
33851
33878
33903
33923
33953
33971
33995
34023
34049
34074
34101
34119
34141
34163
34189
34215
34237
34260
34287
34313
34336
34362
34382
34407
34428
34457
34487
34516
34548
34578
34604
34632
34656
34683
34710
34739
34774
34799
34826
34851
34879
34905
34926
34953
34974
35004
35034
35060
35084
35113
35137
35160
35192
35215
35245
35277
35298
35317
35341
35369
35393
35415
35440
35468
35490
35517
35538
35561
35587
35610
35633
35658
35683
35707
35727
35753
35782
35803
35829
35858
35883
35910
35934
35958
35985
36015
36040
36067
36098
36123
36149
36173
36195
36221
36249
36273
36295
36317
36345
36378
36402
36429
36450
36474
36506
36535
36565
36590
36609
36631
36651
36676
36698
36722
36741
36767
36802
36823
36854
36878
36901
36923
36947
36970
36994
37019
37045
37068
37092
37114
37138
37156
37184
37208
37226
37255
37281
37305
37330
37353
37375
37398
37424
37444
37461
37484
37512
37539
37570
37598
37627
37650
37676
37700
37719
37742
37768
37788
37812
37839
37866
37887
37910
37931
37957
37982
38011
38038
38062
38086
38113
38131
38156
38183
38206
38225
38258
38290
38317
38338
38363
38384
38406
38436
38462
38489
38513
38541
38563
38585
38610
38630
38653
38678
38704
38733
38753
38780
38799
38820
38845
38866
38885
38911
38934
38962
38987
39007
39035
39056
39078
39101
39125
39149
39170
39191
39215
39235
39260
39289
39313
39338
39365
39386
39412
39436
39454
39481
39507
39531
39555
39578
39600
39621
39638
39665
39688
39711
39731
39755
39776
39798
39821
39846
39872
39903
39925
39948
39971
39992
40021
40045
40067
40091
40113
40137
40162
40182
40204
40224
40253
40279
40304
40333
40362
40386
40413
40434
40461
40490
40513
40537
40561
40580
40605
40624
40649
40676
40703
40725
40750
40771
40796
40820
40847
40868
40891
40917
40945
40969
40996
41025
41047
41069
41094
41120
41143
41166
41189
41210
41233
41255
41277
41306
41332
41355
41382
41404
41424
41447
41464
41486
41513
41534
41557
41580
41606
41641
41672
41693
41720
41741
41773
41796
41817
41843
41868
41893
41915
41945
41972
41996
42020
42041
42069
42090
42112
42134
42156
42182
42203
42230
42253
42280
42305
42332
42354
42372
42398
42426
42453
42475
42500
42519
42541
42561
42586
42609
42630
42652
42676
42701
42721
42746
42772
42791
42816
42839
42861
42884
42910
42939
42958
42979
43005
43027
43057
43082
43101
43124
43149
43168
43191
43215
43240
43268
43291
43311
43332
43357
43384
43414
43442
43470
43498
43518
43544
43567
43594
43625
43651
43683
43707
43734
43757
43776
43800
43824
43848
43867
43889
43912
43937
43965
43989
44017
44036
44058
44083
44108
44135
44157
44185
44214
44238
44259
44291
44314
44333
44355
44380
44405
44429
44452
44474
44508
44533
44559
44587
44607
44628
44654
44675
44703
44724
44745
44769
44791
44813
44837
44858
44876
44903
44929
44955
44978
44999
45026
45055
45079
45101
45128
45158
45178
45202
45231
45253
45279
45300
45322
45346
45368
45392
45416
45443
45465
45492
45512
45534
45563
45591
45616
45635
45665
45683
45704
45732
45753
45772
45789
45807
45828
45846
45869
45892
45916
45934
45966
45985
46006
46031
46057
46080
46104
46128
46161
46189
46212
46238
46263
46290
46316
46338
46364
46388
46417
46438
46459
46485
46504
46526
46547
46574
46600
46623
46655
46689
46710
46735
46765
46791
46814
46840
46867
46894
46917
46938
46965
46988
47010
47037
47059
47087
47107
47133
47154
47173
47195
47220
47240
47263
47282
47305
47327
47347
47368
47392
47413
47436
47462
47489
47512
47529
47551
47572
47598
47624
47643
47662
47686
47711
47737
47755
47777
47803
47824
47848
47870
47892
47913
47935
47956
47978
48005
48031
48055
48078
48100
48125
48146
48170
48196
48216
48240
48269
48288
48309
48328
48354
48379
48409
48434
48459
48477
48501
48519
48541
48568
48591
48610
48634
48657
48682
48704
48726
48746
48768
48792
48814
48842
48866
48882
48899
48926
48947
48972
48998
49016
49041
49064
49084
49112
49131
49152
49177
49197
49222
49245
49266
49287
49313
49338
49357
49384
49409
49438
49467
49487
49510
49530
49554
49577
49601
49623
49643
49666
49688
49714
49739
49768
49790
49814
49843
49869
49888
49911
49933
49955
49980
50001
50020
50045
50070
50092
50115
50140
50163
50187
50212
50236
50259
50286
50309
50334
50356
50379
50400
50419
50442
50462
50485
50505
50529
50547
50570
50592
50617
50639
50658
50678
50701
50725
50747
50771
50796
50821
50842
50871
50894
50917
50939
50961
50980
51006
51028
51053
51080
51099
51124
51155
51177
51198
51219
51245
51269
51288
51307
51327
51349
51368
51391
51411
51433
51458
51477
51507
51531
51555
51575
51600
51617
51638
51660
51683
51704
51724
51745
51769
51788
51808
51835
51854
51875
51899
51923
51945
51965
51984
52002
52022
52046
52068
52090
52120
52140
52159
52183
52208
52239
52261
52285
52310
52333
52353
52377
52401
52424
52452
52471
52491
52513
52541
52566
52587
52611
52634
52656
52680
52703
52724
52744
52763
52785
52806
52823
52844
52867
52888
52912
52939
52963
52985
53007
53031
53053
53076
53098
53120
53145
53173
53195
53213
53236
53261
53282
53302
53328
53345
53368
53387
53405
53429
53451
53469
53491
53513
53538
53559
53583
53611
53630
53655
53676
53697
53714
53735
53755
53777
53801
53823
53839
53862
53881
53906
53929
53957
53975
53994
54017
54037
54059
54078
54097
54120
54140
54164
54189
54214
54237
54260
54282
54303
54323
54344
54364
54387
54414
54436
54454
54477
54496
54517
54536
54556
54587
54606
54623
54642
54662
54677
54697
54718
54740
54765
54788
54814
54835
54862
54881
54908
54931
54951
54969
54991
55017
55039
55058
55080
55101
55120
55143
55163
55189
55208
55229
55248
55268
55289
55311
55336
55358
55375
55399
55421
55448
55474
55495
55516
55537
55559
55583
55603
55621
55644
55663
55687
55705
55725
55748
55767
55789
55807
55830
55855
55875
55897
55915
55936
55958
55981
56005
56030
56053
56077
56104
56125
56148
56169
56190
56216
56237
56254
56275
56297
56318
56338
56363
56380
56401
56423
56440
56462
56488
56506
56529
56551
56573
56593
56611
56633
56653
56672
56696
56717
56738
56762
56783
56804
56830
56848
56867
56888
56909
56930
56953
56982
57000
57018
57040
57064
57091
57111
57132
57156
57171
57193
57212
57229
57255
57276
57300
57317
57338
57359
57379
57399
57420
57444
57467
57485
57505
57526
57543
57560
57581
57605
57623
57648
57673
57695
57717
57742
57763
57782
57804
57830
57848
57873
57893
57912
57932
57955
57976
58006
58029
58046
58065
58087
58107
58131
58152
58173
58196
58221
58248
58276
58294
58316
58341
58364
58386
58408
58428
58448
58474
58496
58519
58542
58560
58583
58606
58626
58648
58672
58694
58712
58735
58757
58779
58801
58825
58845
58868
58889
58910
58929
58956
58982
59004
59029
59049
59069
59094
59111
59134
59158
59178
59202
59225
59245
59268
59291
59313
59332
59355
59375
59395
59414
59438
59458
59479
59500
59523
59546
59566
59586
59612
59635
59655
59679
59699
59720
59743
59762
59780
59797
59818
59840
59860
59881
59904
59923
59947
59972
59988
60008
60027
60050
60080
60102
60124
60145
60173
60196
60223
60243
60266
60286
60306
60326
60353
60378
60395
60418
60445
60468
60489
60513
60534
60553
60576
60594
60615
60638
60657
60680
60702
60720
60739
60764
60784
60806
60828
60847
60868
60890
60911
60932
60952
60975
60996
61022
61050
61070
61090
61113
61131
61152
61172
61190
61208
61225
61244
61269
61290
61312
61340
61363
61388
61409
61436
61456
61479
61500
61524
61547
61568
61590
61611
61634
61657
61677
61697
61716
61738
61759
61784
61807
61831
61849
61872
61890
61909
61931
61954
61974
61997
62020
62043
62067
62087
62105
62126
62149
62170
62195
62216
62236
62257
62277
62298
62317
62340
62361
62382
62408
62431
62448
62466
62486
62512
62534
62555
62578
62602
62620
62640
62661
62682
62703
62731
62756
62778
62796
62817
62835
62856
62873
62903
62920
62940
62966
62987
63012
63036
63060
63082
63106
63126
63150
63179
63200
63223
63248
63268
63292
63316
63339
63359
63375
63396
63415
63437
63457
63476
63502
63527
63546
63565
63581
63610
63634
63658
63678
63699
63726
63752
63775
63799
63818
63838
63854
63877
63901
63922
63945
63969
63990
64008
64029
64056
64080
64098
64118
64139
64164
64186
64204
64227
64257
64278
64301
64322
64342
64373
64393
64414
64441
64465
64488
64512
64531
64550
64573
64597
64616
64642
64657
64682
64702
64725
64752
64779
64796
64821
64840
64858
64883
64903
64922
64946
64968
64989
65010
65030
65053
65069
65092
65114
65134
65151
65173
65192
65213
65237
65259
65282
65301
65325
65351
65375
65399
65420
65440
65461
65479
65499
65519
65537
65563
65581
65602
65628
65654
65672
65689
65707
65728
65748
65770
65790
65813
65829
65849
65872
65890
65911
65933
65953
65977
65999
66018
66038
66055
66079
66096
66117
66137
66154
66175
66193
66221
66246
66264
66288
66305
66325
66345
66367
66387
66406
66430
66450
66472
66490
66517
66537
66557
66577
66597
66620
66642
66661
66682
66702
66722
66742
66765
66786
66815
66831
66850
66867
66891
66908
66930
66953
66973
66998
67018
67044
67061
67080
67100
67120
67142
67163
67186
67211
67231
67251
67270
67296
67315
67336
67356
67379
67398
67422
67440
67461
67483
67507
67524
67546
67563
67583
67604
67627
67647
67669
67689
67712
67739
67759
67780
67802
67828
67852
67873
67893
67910
67929
67956
67976
67999
68022
68042
68065
68089
68109
68134
68154
68174
68193
68212
68235
68259
68277
68297
68316
68341
68360
68381
68408
68429
68451
68470
68491
68512
68531
68548
68570
68589
68609
68625
68645
68665
68686
68707
68730
68748
68773
68794
68813
68833
68860
68878
68894
68915
68937
68959
68978
68997
69022
69044
69067
69085
69102
69119
69138
69162
69182
69201
69225
69247
69271
69291
69310
69330
69356
69383
69408
69430
69453
69474
69494
69517
69535
69555
69575
69600
69620
69642
69661
69685
69708
69727
69749
69768
69787
69813
69835
69858
69883
69907
69931
69951
69972
69997
70020
70039
70060
70083
70104
70128
70151
70172
70194
70218
70241
70261
70283
70301
70320
70340
70363
70381
70403
70421
70443
70463
70483
70504
70524
70544
70562
70587
70607
70631
70657
70676
70697
70722
70750
70774
70797
70818
70839
70858
70882
70907
70933
70958
70979
70998
71016
71037
71060
71081
71106
71129
71148
71165
71183
71204
71222
71245
71265
71288
71308
71330
71353
71371
71389
71406
71425
71448
71467
71490
71513
71534
71557
71577
71598
71619
71641
71662
71682
71700
71723
71744
71770
71790
71809
71827
71849
71872
71893
71919
71940
71959
71984
72003
72027
72047
72070
72094
72117
72142
72163
72189
72212
72231
72249
72270
72291
72314
72331
72351
72373
72395
72417
72444
72468
72492
72513
72533
72556
72578
72602
72627
72653
72677
72695
72712
72739
72763
72782
72801
72826
72849
72868
72889
72912
72934
72960
72984
73007
73026
73047
73065
73090
73109
73128
73149
73169
73190
73209
73229
73248
73267
73290
73310
73334
73355
73379
73397
73422
73448
73468
73490
73506
73531
73554
73580
73605
73628
73647
73675
73695
73727
73749
73770
73792
73812
73831
73850
73869
73886
73912
73937
73967
73992
74012
74039
74056
74082
74106
74125
74147
74167
74190
74212
74233
74253
74274
74297
74322
74340
74364
74385
74406
74429
74453
74471
74491
74510
74530
74552
74573
74596
74615
74640
74661
74683
74705
74722
74746
74768
74789
74810
74834
74856
74877
74899
74924
74946
74966
74985
75009
75030
75050
75072
75095
75119
75138
75161
75184
75208
75229
75250
75274
75294
75312
75337
75358
75382
75402
75421
75446
75470
75487
75505
75524
75551
75573
75591
75608
75628
75656
75677
75696
75717
75737
75763
75781
75798
75813
75833
75850
75871
75889
75907
75925
75946
75962
75981
76000
76021
76044
76066
76084
76105
76123
76144
76166
76187
76208
76229
76248
76267
76284
76303
76328
76350
76369
76392
76416
76434
76451
76469
76487
76510
76531
76549
76572
76595
76618
76641
76660
76680
76705
76730
76754
76777
76800
76819
76839
76862
76889
76908
76925
76944
76969
76992
77015
77033
77053
77077
77097
77118
77141
77162
77183
77204
77224
77245
77266
77283
77301
77320
77346
77372
77393
77417
77438
77459
77486
77507
77526
77545
77566
77589
77609
77633
77654
77679
77700
77724
77742
77762
77785
77808
77832
77848
77867
77893
77912
77934
77956
77975
77991
78011
78033
78052
78072
78094
78113
78132
78154
78174
78195
78218
78246
78267
78289
78308
78335
78358
78377
78399
78420
78440
78457
78478
78498
78517
78537
78556
78576
78598
78619
78642
78663
78691
78714
78737
78761
78786
78806
78827
78852
78874
78893
78917
78940
78963
78982
79000
79022
79045
79067
79091
79114
79132
79152
79172
79194
79216
79238
79258
79276
79295
79317
79333
79353
79379
79402
79419
79438
79459
79481
79499
79520
79540
79562
79582
79602
79623
79640
79657
79676
79695
79713
79731
79752
79769
79788
79812
79830
79851
79873
79895
79916
79933
79951
79969
79989
80008
80032
80051
80068
80089
80108
80130
80160
80181
80199
80223
80241
80264
80288
80309
80337
80356
80378
80397
80416
80442
80459
80477
80497
80518
80539
80559
80582
80601
80618
80638
80656
80675
80693
80712
80730
80746
80769
80791
80810
80833
80856
80882
80904
80924
80944
80967
80987
81008
81028
81051
81071
81091
81116
81136
81160
81179
81196
81218
81243
81261
81283
81305
81325
81346
81371
81389
81408
81430
81452
81473
81496
81515
81534
81555
81577
81597
81618
81638
81656
81676
81695
81713
81733
81753
81771
81792
81812
81835
81851
81878
81899
81916
