0.244638230651617
0.015624975319951766
0.001570336520671844
0.12499993108212946
0.106694096699357
0.28046452999114985
0.01830581948161125
0.005361583083868039
0.07165283616632222
0.23169404454529283
0.11584698595106599
0.05449119023978709
0.05491744726896285
0.5464146882295607
0.18816998973488805
0.3200822472572326
0.18749981746077535
0.01830581203103065
0.009152915328741063
0.24463808164000506
0.0732233189046383
0.1433057216776554
0.18749984997219718
0.018305817618966096
0.30713802715763444
0.010723293758928774
0.15624987613409755
0.21338819339871404
0.10826450958847997
0.053347019478678696
0.062499960418790565
0.12499991804361342
0.005361661314964293
0.009152941405773149
0.018305789286473303
0.061159521865192794
0.14062486402690408
0.12499988997156207
0.10669402964413166
0.18213820514172685
0.34754093736410135
0.02745871432125568
0.02098661288619041
0.2133881626078242
0.010723326355218884
0.004576457664370536
0.0366116389632225
0.3642763197422027
0.11584698408842084
0.10669410321861503
0.062499931421089665
0.01072329469025135
0.03661163151264189
0.06249997625127433
0.21338820457458493
0.03124996554106474
0.1433056658133864
0.0556352324783802
0.09374993294477461
0.0366116240620613
0.14330572960898275
0.005361642688512806
0.03393078222870826
0.5243176631629466
0.062499947450476594
0.015624981373548516
0.0457644984126091
0.027458709198981517
0.020986601477488872
0.3200822249054909
0.21338820084929708
0.08226114511489865
0.15624982286483435
0.11584697663784024
0.0053616650402546
0.054917449131608
0.046874975785613046
0.0005888752639293744
0.23169394023716447
0.0
0.005361609160900104
0.03661162607673373
0.10669416375458239
0.06518073007464406
0.12499983981251714
0.39552645944058884
0.12499989760935647
0.41762325167655934
0.31092941202223295
0.42677614092826843
0.14644655585289
0.3955264016985892
0.1874998230487108
0.12499992828816173
0.18749983794987196
0.031249983342532758
0.10669410228729247
0.1718747559934854
0.031249971973845613
0.062499930616468184
0.10231392644345758
0.310929337516427
0.005361645016819238
0.2454233379103243
0.005361645482480524
0.06249995452498391
0.2133881634141263
0.1874998733401298
0.3749996125698089
0.17834687838330862
0.21338817849755282
0.15624986775219438
0.04687495902180671
0.1535690370947122
0.05792349111288785
0.01696539856493473
0.10669404640793799
0.03661162592470645
0.12768068723380563
0.1874998387094564
0.16004114039242262
0.14330561365932223
0.10669406875967977
0.2938012667000293
0.28124976158142084
0.018305800855159742
0.12499986216425893
0.08995862817391753
0.03661161824599889
0.10669412091374396
0.03124992549419404
0.005754247307777406
0.23169400915503496
0.031249981373548508
0.01305915089324117
0.09374988824129102
0.1821381971240043
0.03661160171031951
0.009152903454378244
0.10669409949332473
0.18749985022759752
0.10669407807290551
0.1874998267740011
0.12499989010393617
0.027458716183900826
-7.450580606795661e-09
0.10669408754873633
0.46338821202516545
0.22254114411771295
0.3044571736827492
0.09374986775219438
0.34754096670076245
0.005361663177609444
0.03661163710057734
0.19286149973049754
0.3200822449083952
0.015624970197677621
0.06249995343387125
0.19531232491135594
0.15624985657632348
0.48090856522321684
0.08002055063843726
0.0053616389632225
0.06249994412064551
0.009152904152870178
2.016112110592161e-09
0.05223661288619041
0.13872921653091905
0.15356900356709954
0.1433057393878698
0.10669411718845367
0.09374990947718317
0.3521172998589463
0.06249993946403265
0.2133881196441933
-5.587935445283669e-09
0.0666837841272354
0.15624993061646814
0.10669410258851517
0.09374988079071044
0.12499991804361342
0.19776306208223102
0.03661160916090011
0.09374989569187163
0.2133882045745847
0.23169396072626108
0.18481899285688994
0.14062481746077535
0.018305800855159763
0.21338814496994016
0.21338815582623205
0.1208160272799432
0.32008224353194226
0.30256170034408564
0.12499986961483954
0.009152906946837902
0.2225411050021648
0.07622926495969294
0.0007851930567994713
0.12499992449668437
0.10056695155799386
0.05535765085369348
0.10669413208961485
0.063644056674093
0.0198761832434684
0.10747920349240302
0.09374995646066961
0.09374990543424298
0.009152909275144339
0.023437490221112967
0.05491743981838226
0.24999979138374326
0.062499933876097195
0.09374993667006491
0.046874951571226106
0.07165284827351569
0.06786161661148069
0.24692638590931887
0.14330569095909595
0.12499988824129103
0.13833657791838047
0.21338823111727828
0.15624984265955352
0.1249999396058181
0.06249993294477463
0.0624999590218067
0.020986632909625765
0.067861620336771
0.0366116315126419
0.13036154210567474
0.18213813751935953
0.2499998204125213
0.018305800855159756
0.062499967403709875
0.12499984214082357
0.062499974635771276
0.12499987260736888
0.24463806953281164
0.366957239806652
0.21338813248833816
-7.450580596982584e-09
0.10669409483671186
0.08593742176890373
0.04118806309998035
0.7285529375076292
0.03661163230024126
0.156249837949872
0.18749986588954923
0.03124996274709701
0.09374988079071045
0.1600411459803581
0.10669416189193727
0.07165284827351569
0.062499906867742525
0.20881166355684397
0.0312499850988388
0.03661162685602903
0.12499995529651639
0.3642763793468475
0.18749991431832308
0.07812488079071044
0.3200823366641998
0.12499994318932295
0.249999850988388
0.036611635237932205
0.17301893606781957
0.3200821727514267
0.04118809103965758
0.18749977686699948
0.018305828794836998
0.031249981839209788
0.06249995157122611
0.12499988824129103
0.29340878129005427
0.18749985285103318
0.18481905013322827
0.1433057468384504
0.005361646413803097
0.1772365570068359
0.21338817529441773
0.04197326558642089
0.41115136444568623
0.18213817570358512
0.11584699898958206
0.022882263176143166
0.22332620061933992
0.10669410508126019
0.05491741001605988
0.0678616017103195
0.062499946846820136
0.09074384905397892
0.21417337283492088
0.00915289390832186
0.1433057291433215
0.24329764861613506
0.2133881386536433
0.07165281567722558
0.04687494886130028
0.14330563880503178
0.21338814310729498
0.21338823810219762
0.018305793404579163
0.32008248041881765
0.0015703840181231481
0.16004116297699508
0.09374987892806529
0.20881166309118268
0.10669411718845366
3.7252902935847538e-09
0.0
0.0678616017103195
0.045534566044807434
0.12499988079071042
0.0468749888241291
0.1562498672865331
0.3437497266568243
0.15624990873038763
0.3200823217630386
0.14464602246880529
0.32008223235607136
0.2732072249054908
0.21338822599500415
0.19408675283193585
0.08917348459362984
0.00993808684870601
0.01830581203103065
0.13281238079071042
0.00157039612531663
0.12499990221112967
0.21338811516761777
0.05491745471954347
0.0624999590218067
0.1760587431490421
0.7285530157387254
-9.313225847400497e-10
0.06249996346574127
0.25536144152283663
0.12499991059303281
0.015624975785613058
0.05413222219794987
0.0678615802899003
0.062499945051968084
0.01830581729938485
0.010723296552896498
0.4176234509795903
0.12578508164733646
0.03124996170175087
0.2850409913808107
0.06249996065162122
0.4267765879631042
0.03661159998945983
0.11584700644016264
1.0166271158240643e-09
0.005361642688512801
0.11584698551849823
-8.561078290725275e-09
0.01830580458045005
0.23169402778148646
0.06786159053444861
0.027458719909191125
0.06249994784593581
0.15624993108212948
0.4111514687538146
0.3200821802020073
0.01830579526722431
0.040010260418057435
0.18749977772543036
0.11584699340164659
0.21338819712400434
0.062499933946989814
0.02745868824422358
0.06786161311902104
0.10669405013322829
0.09374990686774254
0.045764531940221786
0.12042340729385612
0.16004106518812475
0.06518077431246637
0.0366116277873516
0.018305798001122527
0.10669409483671186
0.03393078595399854
0.09106908924877641
0.18213813751935953
0.3200822919607162
0.0638403622433543
0.24999979510903353
0.379901360720396
0.06384034082293509
0.0
0.020986661314964287
0.14330568909645078
0.02824391424655913
0.10669403735948467
0.15546466689556837
0.1821381980553269
0.39552646875381464
0.13036163710057733
0.38715869560837735
0.10669405013322827
0.21338817477226255
0.07165286922827362
0.06786161102354525
0.124999925494194
0.062499959021806696
0.2316939644515514
0.40010273456573475
0.05334701319225132
0.12499995983974141
0.02745871571823954
0.06249993578887106
0.0
0.1249999685486498
0.06249994970858096
0.21338817477226255
-1.4205246596939208e-24
0.1158470381051302
0.078124918974936
0.09374990966171025
0.015624996274709695
0.320082314312458
0.499999850988388
0.17834695801138872
0.07165283337235451
0.07322324074443474
0.3200823832303285
0.4908468043431639
0.12499993195227607
0.3642765283584594
0.010723296552896496
0.14330576732754705
0.06249995712341856
0.24999982491135592
0.03661161626223474
-1.1810111777421637e-09
0.09832636080682275
0.23169396910816428
0.18749983236194276
0.09374995436519383
0.018305819481611252
0.0099381133913994
0.0624999590218067
0.23169399425387377
0.2316940444593156
0.031249962747097
0.11584691330790517
0.2133881989866495
0.23169411718845362
0.06249998509883879
0.02745871432125568
0.2133881954005745
0.4176233066245913
-1.862645149245646e-09
0.124999925494194
0.06786157377064227
0.0053616445511579566
0.015624982304871077
0.09643077477812764
0.018305778503418
0.06249992921948433
0.031249981373548504
0.09374991906919258
0.005361642688512802
0.01830582087859511
0.46338808536529535
0.12499991711229085
0.6752056628465651
0.0015703514218330405
0.24123949557542798
-7.450580606795661e-09
0.7285529822111128
0.010723292827606205
4.90653884941496e-18
0.0366116240620613
0.32008235529065127
0.06518074497580527
0.04197326302528381
0.5624994114041327
0.018305803649127476
0.018305804580450055
0.062499961376020874
0.15624983981251714
0.0937499403953552
0.009152914630249143
0.37499975785613054
0.062499973922967904
-3.98156771637112e-09
0.2088117129169404
0.11584705114364623
0.10669410973787305
0.015624972060322762
0.18749986961483955
0.0366116091609001
0.2133882194757461
0.036611614748835564
0.3200823719321057
0.00915291532874107
0.32008227705955494
0.04821538552641867
0.11584696546196935
0.1249999366700649
0.37499982568180484
0.062499957159161554
0.15624983608722684
0.03661161859054118
0.1406248547136783
0.10747919464483856
0.06786159996408968
0.09374995715916155
0.49999982118606556
0.2225410516839474
0.02745870593935251
0.06249993480741978
0.18749979883432388
0.4001029282808303
0.09374993667006491
0.036611616611480706
0.005361649207770823
0.10669407993555068
0.008042476139962671
0.0031407813075929863
0.3124998966940869
0.24463805276900527
0.04576452448964118
0.10669408738613127
0.028684189543128007
0.036611620336771004
0.4267763495445251
0.28961734846234316
0.4580264007672667
0.4267764091491698
0.018305793404579152
0.062499953071631774
0.32008230508796975
0.026673512067645785
0.031249986030161374
0.21338814496994016
0.06518076360225676
0.14062492176890373
0.21338824822155764
0.09374992270022629
-2.8870999814534147e-08
0.12499991245567796
0.12499994039535521
0.0366116389632225
0.17834698781371117
0.03739682212471961
0.06249994104080204
0.08995867893099782
0.37499990686774254
0.1066941004246473
0.019876206293702126
0.1874998304992914
0.018305802717804902
0.06249996460974215
0.08995866216719148
0.062499960590910224
0.4999996848694933
0.027458723634481427
0.16004110639914867
0.15356903336942193
0.18213820643723008
0.06249996647238731
0.06249997206032275
0.09106910228729248
0.054132173303514705
0.18749989569187162
0.0
0.04197326302528381
0.045534557662904256
0.49385294318199147
0.2133882641792297
0.031249973922967904
0.18749990127980706
0.018305808305740353
0.12042340682819483
0.1249999166456943
0.24463815987110132
0.036611633876394704
0.0624999701976776
0.243297753855586
0.0053616445511579566
0.012293689302168785
0.018305813693938685
0.033538099378347404
0.09643073379993437
0.018305834382772442
0.4140621572732925
0.06249995902180671
0.06786157563328742
0.21338815987110135
0.06249996647238731
0.10669397376477716
0.40925562243399843
0.364276424050331
0.036611618830526986
0.027458716183900826
0.10669414047151801
0.062499944120645516
0.3200822845101356
0.1066940939053893
0.3376027792692184
0.3642764165997504
0.09374990873038766
0.36427643895149225
0.36427649855613703
0.009938110830262302
0.1535690929740667
0.12499993294477461
0.018305820412933823
0.1874999180436134
0.009938065893948076
0.3642765581607818
0.02745872782543301
0.06707638548687099
0.0091529069468379
0.09374992549419402
0.3642764091491698
0.0
0.17834693938493726
0.4999999105930328
0.13336758874356744
0.24999981029376567
0.124999962747097
0.07622930919751524
0.06249994691461325
0.06786160729825494
0.062499947605617154
0.0910691004246473
0.36427634209394444
0.18749986216425896
0.09374991059303282
0.02745871245861053
0.01830581109970808
0.062499962747097
0.06518076173961163
0.031249989289790378
0.1333675291389227
0.10669411346316336
0.0366116240620613
0.0080424640327692
0.018305812031030655
0.24999986588954923
0.18213819898664946
0.36427649855613703
0.4633878618478774
0.1066940752789378
0.0026808488182723514
0.05491743749007581
0.23169401660561556
0.062499962747097
0.0716528631746769
0.018305815290659663
0.05334702972322701
0.22901309467852116
0.0937499015126377
0.42677640914916987
0.08995868917554614
0.14330570586025712
0.1158470206428319
0.2850410509854554
0.09989675693213938
0.03124998416751623
0.01830583810806274
0.18749991990625856
0.2233262052759528
0.06786163523793219
0.005361638963222505
0.062499949708580964
0.06249996647238731
0.12499992363154888
0.06249994039535521
0.10669406861789453
0.24084692774340505
0.1874998036507269
0.11434393376111981
0.06249993143659315
0.033930789679288864
0.10669410973787305
0.06518078222870825
0.005361641757190225
0.062499994412064525
0.0366116240620613
1.2664346134283466e-11
0.04576455242931842
0.06249993667006491
0.06249999409248551
0.0732232630252838
0.21338827908039087
0.2754955310374498
0.1433057282119989
0.05491748452186586
0.06249992424329197
0.24999986588954923
0.013729361817240715
0.02288225293159485
0.0624999813735485
0.1874997820705175
0.2133882492780685
0.13493798486888406
0.3566939309239387
-1.1175870890567339e-08
0.0
0.2499998210748817
0.5334704294800757
0.182138143107295
0.2499998994171619
0.12499988824129103
0.22656233445741233
0.24463809747248885
0.027458716183900833
0.18749976344406602
0.02745871059596538
0.07165285199880599
0.18213816732168198
0.0
0.2133882492780685
0.054917418863624334
0.12499991804361343
0.2046278305351734
0.1600411273539066
0.17834700085222718
0.07165282964706418
0.24463812820613384
0.21338820457458493
0.2866114899516105
0.12499991922462338
0.036611621608912175
0.062499944120645516
0.12499989493972394
0.24999988795772005
0.018305817618966106
0.2133882641792297
0.22254110174253577
0.13415277749300003
0.09374993480741976
0.21338815428316588
0.10669409870378763
0.14330575281215016
0.12231906317174432
0.398599802130775
0.0031407806091010558
0.0366116389632225
0.15245863014601285
0.19586759805679319
0.14330574870109555
0.015625
0.062499944120645516
0.018305813893675804
0.3749997206032275
0.010723305866122246
0.21338815987110132
0.6401649303734303
0.0
0.21338821575045586
0.395526424050331
0.041743281297385686
0.06786160357296465
0.027458718977868554
0.18749989568083686
0.21338818222284311
0.11584700644016264
0.10669411718845365
-8.333286671824423e-09
0.03582641016692
0.031249976716935628
0.0011777920590247959
0.046874977648258216
0.2316939663141966
8.381903171605408e-09
0.13107939832843837
0.03661163523793219
0.21338812261819834
0.018305826932191845
0.06249995157122611
0.048215380404144526
0.22143065929412836
0.12499989676497945
0.10983489919453858
0.0
0.0
0.17377050220966334
0.09374992083758114
0.124999925494194
0.14330571703612802
0.1966527346521616
0.12231901381164786
0.10669403894640066
0.12042338075116274
0.018305806443095207
0.0678616687655449
0.27320732176303864
0.3642764687538146
0.4999997615814208
0.14330574125051498
0.374999638950357
0.06249991947387555
0.1433057463727891
0.062499932944774614
0.018305813142014318
0.07322328537702559
0.23169401660561562
0.10669413208961485
0.12499990547075865
0.12499993294477461
1.0536711941646993e-08
0.07812495063990353
0.249999925494194
0.1349380128085613
0.0312499813735485
0.23169405385851854
0.10669408738613126
0.03661160916090011
0.17187484726309776
0.21338815110171702
0.12499995902180669
0.053347054868936525
0.1600411087274551
0.018305823206901547
0.053347054868936525
0.12578506767749784
0.0045764633687213055
0.12499991804361342
0.06249995902180671
0.24463814217597243
0.32923528552055353
0.020986652001738552
0.18749987706542012
0.031249983236193653
0.36427646875381464
0.06249995192762776
0.06249995902180671
0.0366116352379322
0.036611624062061296
0.03661163465152011
0.0183058138936758
0.11584699526429175
0.3642765060067176
0.036611627674363316
0.0
0.41762350872159
0.10669416189193724
0.32008224911987776
-3.2596290111798807e-09
0.04687498067505656
0.06786159425973891
0.10826446302235125
0.03661162964999675
0.0366116315126419
0.0800205571576953
0.031249988824129098
0.0624999777189053
0.2160689495503902
0.0732232555747032
0.20312477275729174
0.3642763879317119
0.15624990453943605
0.24999989569187162
0.07322328537702559
0.15245865285396573
0.36427649855613703
0.018305824603885412
0.06249998674520006
0.249999925494194
0.4999997615814208
0.06786160822957753
0.005361648742109536
0.3749997913837432
0.06249991059303282
1.07661369761848e-25
0.1249999024335242
0.15356905106455085
0.12499989561432964
0.12499993554435115
0.1821382008492946
0.010723298415541647
0.018305795267224312
0.0366116277873516
0.42677655071020115
0.12231907900422809
0.12499988824129103
0.03661162484966144
0.21338815996470656
0.005361663177609444
0.018305798061192036
0.12499991059303281
0.053347043460234986
0.06249997019767762
0.05334703624248503
0.018305815756320953
0.41651298478245724
0.10669407248497008
0.13036156538873908
0.03661160077899694
0.031249959953129285
0.2499999552965164
0.062499955296516405
0.18749982288892117
0.3749997233971953
0.12499986847280463
0.426776498556137
0.041973248124122606
0.286611471325159
0.062499972525984035
0.42677646875381464
0.21338823437690732
0.1821382082998752
0.03661160171031952
0.018305825069546696
0.2133882016208261
0.026673504151403897
0.1821382008492946
0.06786160729825495
0.2656248286366462
0.2499998807907104
0.23169385548681015
0.062499955296516425
0.073223277926445
0.3642765283584594
0.4267765879631042
0.10747928358614443
0.21338817477226255
0.09374994039535521
0.12231908831745383
0.36427654325962056
0.26215878222137684
0.018305804580450055
0.23169407574459908
0.24999982118606562
0.07812491059303282
0.24999986588954923
0.0678616464138031
0.1600411385297775
0.053347027275187135
0.23169403802603483
0.01317414641380309
0.3642763551324605
0.16004117950797075
0.15624986775219438
0.36427659541368473
0.21338811516761777
0.14330572634935376
0.12499994784593581
0.10669418424367902
0.7285529002547263
0.0732232742011547
0.19286144152283663
0.31092932820320124
0.354012943804264
0.0366116240620613
0.24463803594795314
0.37499994039535517
0.8535530045628545
0.249999850988388
0.3049171566963195
0.42677631806319327
0.0624999701976776
0.062499973922967904
0.05491741187870501
0.036611601824047206
0.42677633464336384
0.036611616611480706
0.3642764091491698
0.22254116833209986
0.18213835638016457
0.42677646875381464
0.5464145950973033
0.12499985331669447
0.4267763793468474
0.062499977648258195
0.010723307728767392
0.10669412728150005
0.10669409483671188
0.03661165200173854
0.1249999161809687
0.36427642591297626
0.24999991059303278
0.42677647620439524
0.21338821575045586
0.4267765283584594
0.10669406689703463
0.4267763793468481
0.2499997820705175
0.062499973922967904
0.02745870687067508
0.23169400915503496
0.4267765283584594
0.31092930212616915
0.0
0.027458708733320243
0.24999980768188831
0.21338827908039087
0.2133882492780685
0.009152895305305718
0.0366116389632225
0.32008229382336134
0.13036156259477139
0.21338820457458493
0.07812497019767756
2.2351741790947753e-08
0.06249995698181543
0.10669410973787305
0.13036156725138423
0.010723319517561778
0.2316939830780029
0.28275286033749575
0.530789654701948
0.18749985843896863
0.03661163151264189
0.21338814683258528
1.4762637597457127e-10
0.06249996460974215
0.09374995063990353
0.4999996125698089
0.3749998211860656
0.062499955296516405
0.07322326302528379
0.0366116315126419
0.06249994784593581
0.062499973922967904
0.03661163896322249
0.3200823366641998
0.4267766177654265
0.07322329282760619
0.003140780376270413
0.37499984883242554
0.4267766550183295
0.2133882135488468
0.23169407248497007
0.0732232704758644
0.12499994784593581
0.2133882492780685
0.4267764538526534
0.2446381459012627
0.3642765060067176
0.06249994039535521
0.24999976158142084
0.10669411718845367
0.062499947845935835
0.5624998547136782
0.23169414186850187
0.2133882641792297
0.24463817430660126
0.06249996647238731
0.0
0.0732232630252838
0.0937499795109033
0.005361661314964303
0.0732232555747032
0.21338825300335879
0.0
0.608914628624916
0.12499995069714885
0.33570729941129673
0.1821381840854883
0.10669405944645402
0.42677640914916987
0.37499972461208925
0.06249989196658133
0.03661163194285682
0.018305807374417782
0.1821382343769073
0.12499991059303281
0.12499990018869499
0.24999990071266515
0.0007852055132389071
0.01608494704123586
0.3200823813676834
0.018305812962353226
0.06249996891710906
0.4267764501273631
0.2133882194757461
0.49999955296516413
0.05491748172789811
0.0732232481241226
0.4267765879631042
0.21495857834815973
0.06786164618097244
0.03661160965908727
0.24999986588954923
0.09888158552348612
0.0732232630252838
0.0
0.06249995157122611
0.23169393100425667
0.3642764966934919
0.0678616091609001
0.36427649855613703
0.49999965149211956
0.06249995902180671
0.10669409669935702
0.12499993294477461
0.10669411160051821
0.12499997019767758
0.21338817477226255
0.0732232704758644
0.36427649855613703
0.2133882194757461
0.06786163244396447
0.0
0.008042477071285239
0.1433057142421603
0.4999999403953551
0.05491742491722106
0.062499962747097
-1.0080561940739583e-09
0.2133881896734237
0.010723298415541647
0.21338820457458493
0.4999997615814208
0.26673520728945727
0.7499997094273566
0.01830582600086927
0.4999996721744537
0.3642765581607818
0.21338827908039087
0.10179236810654399
0.36427649855613703
0.499999701976776
0.3200823632068931
0.21338817018183495
0.1223190752789378
0.053347047418355935
0.21338832378387448
0.12499989569187163
0.002680825535207986
0.7285527326166629
0.2133882194757461
0.2316939830780029
0.24084682762622828
0.23169406317174432
0.499999701976776
0.3677087547257542
0.4999997615814208
0.4267764538526534
0.0366116240620613
0.24999994039535517
0.4999996721744537
0.2133881896734237
0.26026321016252035
0.0
0.0
0.06249993294477463
0.8535530120134351
0.499999701976776
0.005361642749307032
0.42677646427722177
0.26830553572226035
0.7285528928041456
0.24999986588954923
0.0
0.07322326302528379
0.23169401008635757
0.1249999441206455
0.21338827908039087
0.3642765581607818
0.12499994412064552
0.10826449282467362
0.2866115747019648
-1.862645149245646e-09
0.426776498556137
0.49999988079071034
0.09374989569187162
0.36427634954452504
0.24999976158142084
0.37499979138374323
0.2133882641792297
0.08995867986232041
0.0
0.14330579154193399
0.3642765283584594
0.0183058138936758
0.249999850988388
0.1874999105930328
0.09374991804361342
0.37499979138374323
0.062499955296516405
0.7285529971122741
0.36427643895149225
0.06249998509883879
0.12499991804361342
0.031249973922967907
0.07165284123038873
0.10068194568157193
0.2133882492780685
0.21338827908039087
0.42677640914916987
-6.883438263827201e-09
0.36427634023129934
0.42677655816078175
0.06249995436519383
0.24999983608722684
0.49999979138374323
0.2133882194757461
0.2499998807907104
0.06249996647238731
0.5464146435260772
0.249999850988388
0.036611627787351594
0.4999997615814208
0.062499925494194
0.009152906946837902
0.10669407434761523
0.2316939681768417
0.073223277926445
0.24999986588954923
0.062499958161377114
0.4267764277756213
0.12499986714341914
0.10669407434761523
0.21338820457458493
0.32008231244981283
0.0
0.426776498556137
0.036611653864383725
0.4999999403953551
0.7285530269145964
0.36427641473710526
0.010723298415541647
0.0732232704758644
0.18749994080853757
0.49999982118606556
0.21338818057335926
0.1249999403953552
0.1249999292194843
0.3200823366641998
0.06249998395483812
0.49999988079071034
0.32008234784007067
0.2499998398125171
0.0312499850988388
0.49999973177909846
0.04687499068677425
0.0732232332229614
0.24999989569187162
0.010723299346864222
0.21338820457458493
0.18749989196658132
0.249999850988388
0.24463811516761774
0.0366116426885128
0.07322328537702558
0.2499998807907104
0.426776498556137
0.36427649855613703
0.0
0.24999970197677607
0.10669412836432456
0.49999958276748646
0.4267764389514922
0.04576454311609268
0.24999982351437208
0.4267764370160169
0.21338813472539184
0.0
0.018305813893675797
0.10669410601258277
0.2499999552965164
0.0732232704758644
0.3955263821408152
0.0366116315126419
0.06249994784593581
0.005361631512641914
0.49999982118606556
0.06249994036793982
0.15356904343934727
0.4267764389514922
0.4999999403953551
0.010723299346864222
3.725290298491292e-09
0.4267763793468474
0.24999991059303278
0.3642765879631042
0.24999986588954923
0.0732232630252838
0.24999983608722684
0.4267765283584594
0.12499995529651639
0.3642765283584594
0.3642765283584594
0.364276498556137
0.4999996125698089
0.36427649855613703
0.42677631974220265
0.1249999366700649
0.2866115272045135
0.13572323322296143
0.3642765767872333
0.4267763569951057
0.09374992549419402
0.0
0.06249996833503245
0.4267762601375579
0.2133882492780685
0.1249999355789526
0.036611616611480706
0.426776498556137
0.24999981373548502
0.03124995139399411
0.4267765283584594
0.18749982118606565
0.07322329282760619
0.49999988079071034
0.2499998807907104
0.0732232704758644
0.21338823437690732
0.42677655816078175
0.4267766177654265
0.4267763495445251
0.01830583484843373
0.42677640914916987
0.031249973922967897
0.499999701976776
0.0
0.0366116352379322
0.36427643895149225
0.07165282499045134
0.3642765581607818
0.4633881151676177
0.24999982118606562
0.062499977648258195
0.23169403104111547
0.187499914318322
0.24999994039535517
0.49999979138374323
0.24999989569187162
0.21338814496994013
0.42677655816078175
0.499999701976776
0.426776498556137
0.4267763793468474
0.0366116277873516
0.426776498556137
0.42677646875381464
0.07322328537702559
0.7285528779029845
0.426776498556137
0.24999989569187162
0.0
0.49999982118606556
0.4267765283584594
0.49999982118606556
0.2133882641792297
0.0
0.249999925494194
0.24999986588954923
0.06249998509883879
0.49999988079071034
0.07322329282760619
0.49999982118606556
0.14644652605056757
0.49999982118606556
0.3642763197422027
0.24999991059303278
0.4267765879631042
0.499999850988388
0.3642764687538146
0.426776498556137
0.12499990314245223
0.24999986588954923
0.12499991460189405
0.24999991059303278
0.2133882492780685
0.23169408738613123
0.4999999105930328
0.24999989569187162
0.0366116277873516
0.187499925494194
0.49999973177909846
0.37499970942735666
0.7285531945526598
0.49999983608722676
0.36427643895149225
0.249999925494194
0.3749999105930328
0.499999850988388
0.2408469254150986
0.4267764389514922
0.42677655816078175
0.4999999105930328
0.24999986817361414
0.249999925494194
0.12499994784593581
0.42677640914916987
0.3642765581607818
0.7499999180436133
0.1425205167615786
0.17377052083611486
0.24999984771505
0.2133882492780685
0.36427643895149225
0.249999925494194
0.4267765283584594
0.4267763793468474
0.0366116240620613
0.21338817849755284
0.021446596831083294
0.4999996721744537
0.0
0.49999979138374323
0.2866114508360624
0.24999997019767756
0.24999989569187162
0.2133882120251655
0.0732232704758644
0.49999982118606556
0.0366116240620613
0.2133882939815521
0.49999988079071034
0.42677655816078175
0.21338820457458493
0.0732232630252838
0.49999997019767756
0.49999973177909846
0.0624999813735485
0.249999850988388
0.37499970197677607
0.10669410710369485
0.49999973177909846
0.42677649110555643
0.4267766177654265
0.2133882492780685
0.3749999143183231
0.42677655816078175
0.7499997615814208
0.49999988079071034
0.21338830888271326
0.2499999552965164
0.49999973177909846
0.18749986746416542
0.0
0.24999991059303278
0.49999973177909846
0.21338823437690732
0.16461769351735708
0.24999997019767756
0.4999999403953551
0.13036153512075543
0.49999988079071034
0.3642764687538146
0.1249999403953552
0.12499994397886004
0.426776498556137
0.4999999403953551
0.49999982118606556
0.0366116277873516
0.4999999105930328
0.49999988079071034
0.4892764687538146
0.49999982118606556
0.24999994039535517
0.42677655816078175
0.12499994039535517
0.0
0.4999997615814208
0.1600411022081971
0.4999999105930328
0.49999979138374323
0.36427643895149225
0.499999850988388
0.499999850988388
0.3749998211860656
0.3642764687538146
0.1249999403953552
0.42677655816078175
0.49999982118606556
0.49999979138374323
0.12499992176890373
0.2133882492780685
0.4267765879631042
0.37499969825148577
0.426776498556137
0.49999979510903353
0.12499992363154885
0.249999850988388
0.249999925494194
0.4267765283584594
0.24999989569187162
0.24999983608722684
0.32008229941129684
0.24999991059303278
0.49999982118606556
0.4999996721744537
0.49999982118606556
0.2133882641792297
0.24999991059303278
0.24999994039535517
0.4999997615814208
0.728553146123886
0.1249999403953552
0.42677646875381464
0.42677655816078175
0.0732232555747032
0.49999982118606556
0.12499995529651639
0.3642765581607818
0.4267766177654265
0.249999850988388
0.4999996125698089
0.24999994039535517
0.4267764389514922
0.426776498556137
0.4267765879631042
0.499999850988388
0.12499991431832308
0.3642765581607818
0.49999982118606556
0.249999850988388
0.426776498556137
0.4999999403953551
0.2499998807907104
0.062499955296516405
0.0624999739229679
0.0
0.03661162991750077
0.49999982118606556
0.2499998807907104
0.499999850988388
0.249999925494194
0.36427643895149225
0.49999997019767756
0.32008242607116694
0.4999996721744537
0.24999991059303278
0.21338823437690732
0.374999850988388
0.21338820457458493
0.12499988824129102
0.0732232481241226
0.2133882492780685
0.4267763495445251
0.49999982118606556
0.5624997504055499
0.2133882492780685
0.426776498556137
0.36427643895149225
0.42677655816078175
0.0624999888241291
0.42677655816078175
0.21338817477226255
0.0
0.2133882492780685
0.24999991059303278
0.0
0.42677646875381464
0.036611642688512795
0.0
0.49999982118606556
0.14644661545753473
0.12499997392296788
0.249999925494194
0.42677655816078175
0.12499994784593581
0.4633882530033588
0.2133882641792297
0.4999997615814208
0.3642764687538146
0.4999999403953551
0.2133881757035851
0.2133882567286491
0.24999989569187162
0.4267763793468474
0.42677637443963684
0.499999850988388
0.4267765879631042
0.3642765581607818
0.1433056890964508
0.21338823437690732
0.24999994039535517
0.2499998807907104
1.6702021987669011e-09
0.426776498556137
0.4999999105930328
0.1249999776482582
0.4267763495445251
0.3749998807907104
0.0
0.42677655816078175
0.49999982118606556
0.1249999776482582
0.4267764650285261
0.0
0.2133882194757461
0.4999999105930328
0.31249995794544577
0.37499988451600064
0.21338820457458493
0.42677646875381464
0.499999850988388
0.2133882641792297
0.7499996423721312
0.4267766773700713
0.49999988079071034
0.49999988079071034
0.499999701976776
0.49999973177909846
0.12499996833503245
0.49999988079071034
0.49999982118606556
0.499999701976776
0.249999850988388
0.21338823437690732
0.3124998088915641
0.12499991804361342
0.4999996721744537
0.49999988079071034
0.2133882492780685
0.2133882492780685
0.0
0.4267763495445251
0.426776498556137
0.036611650139093385
0.499999850988388
0.49999973177909846
0.36427649855613703
0.4267766177654265
0.499999850988388
0.42677646875381464
0.4999999105930328
0.4999999105930328
0.499999701976776
0.42677655816078175
0.0366116315126419
0.24999991059303278
0.49999982118606556
0.0
0.2499998807907104
0.0
0.49999973177909846
0.4999997615814208
0.499999850988388
0.249999850988388
0.49999982118606556
0.37499976158142084
0.2499998807907104
0.062499977648258195
0.18749986402690408
0.499999850988388
0.4267766177654265
0.4267766177654265
0.4999997615814208
0.42677646875381464
0.42677646875381464
0.49999979138374323
0.2499998807907104
0.499999701976776
0.42677655816078175
0.062499962747097
0.0366116389632225
0.7499999180436132
0.42677655816078175
0.499999850988388
0.46338832378387446
0.3642765899162626
0.4267765879631042
0.49999988079071034
0.24463832378387446
0.49999982118606556
0.499999850988388
0.21338827908039087
0.4267765879631042
0.49999988079071034
0.42677646875381464
0.2133882194757461
0.42677655816078175
0.499999850988388
0.4999999105930328
0.4267765283584594
0.4999997615814208
0.49999982118606556
0.12499995529651639
0.426776498556137
0.1249999403953552
0.4999999999999999
0.2499999552965164
0.4267765283584594
0.36427649855613703
0.46338814496994013
0.2499999552965164
0.2133882492780685
0.49999979138374323
0.49999979138374323
0.49999973177909846
0.06249995343387126
1.4901161213591323e-08
0.42677655816078175
0.49999979138374323
-1.4901161213591323e-08
0.4999999105930328
0.49999973177909846
0.21338827908039087
0.499999850988388
0.36427649855613703
0.4999996721744537
0.4267765283584594
0.4267765283584594
0.18749988637864587
0.4267765879631042
0.4999999403953551
0.4999999403953551
0.4267766773700713
0.499999850988388
0.49999982118606556
0.12499994784593581
0.4999997615814208
0.24999987607685156
0.49999988079071034
0.4267762899398803
0.4999999403953551
0.4267766177654265
0.4267764595550822
0.04197327152360229
0.4999999105930328
0.23169410228729245
0.2133881896734237
0.426776498556137
0.37499974668025965
0.49999979138374323
0.426776498556137
0.42677646875381464
0.49999982118606556
0.49999982118606556
0.4267765879631042
0.2499999164645392
0.1874999031424522
0.499999701976776
0.42677646875381464
0.42677646875381464
0.49999979138374323
0.4999999403953551
0.4267763793468474
0.8535532206296921
0.426776498556137
0.36427664756774897
0.49999979138374323
0.32008239626884455
0.2866113702662007
0.42677646875381464
0.4267765879631042
0.4267763793468474
0.4267765283584594
0.0
0.49999982118606556
0.4999996721744537
0.06249995157122611
0.4999997615814208
0.7499997019767761
0.46338814496994013
0.24999989569187162
0.49999997019767756
0.49999982118606556
0.4999997615814208
0.1249999403953552
0.3642766177654266
0.49999973177909846
0.49999982118606556
0.4999999105930328
0.49999979138374323
0.2499999552965164
0.24999989569187162
0.42677640914916987
0.12500004097819326
0.3642765283584594
0.426776498556137
0.49999988079071034
0.0
0.49999973177909846
0.499999850988388
0.49999982118606556
0.49999988079071034
0.4999996567061506
0.49999982118606556
0.4999999403953551
0.06249998509883879
0.4267765879631042
0.4999997615814208
0.49999979138374323
0.4267766773700713
0.3642766177654266
0.3749998020939528
0.4267764389514922
0.4999997615814208
0.4267765879631042
0.49999973177909846
0.2499998807907104
0.499999850988388
0.49999973177909846
0.42677646875381464
0.4999997615814208
0.499999850988388
0.499999850988388
0.426776498556137
0.4999999105930328
0.0624999813735485
0.4267766177654265
0.49999982118606556
0.21338827908039087
0.49999979138374323
0.499999850988388
0.499999850988388
0.49999988079071034
0.49999973177909846
0.49999988079071034
0.426776498556137
0.4999997615814208
0.49999979138374323
0.49999988079071034
0.49999979138374323
0.49999973177909846
0.49999982118606556
0.49999982118606556
0.49999979138374323
0.49999979138374323
0.49999988079071034
0.36427649855613703
0.7499998360872268
0.4999999105930328
0.49999979138374323
0.4999997615814208
0.49999982118606556
0.4267766773700713
0.4267765879631042
0.21338823437690732
0.42677655816078175
0.4999999105930328
0.4999997615814208
0.426776498556137
0.499999850988388
0.49999982118606556
0.3642765581607818
0.49999982118606556
0.4267766177654265
0.4267765879631042
0.3200823366641998
0.4267765283584594
0.28661163151264185
0.3642766177654266
0.4267765879631042
0.49999988079071034
0.4267765283584594
0.49999988079071034
0.46338808536529535
0.0
0.49999982118606556
0.0732232574373483
0.42677655816078175
0.24999991059303278
0.4999997615814208
0.24999991059303278
0.4267766773700713
0.4999997615814208
0.49999973177909846
0.4999999403953551
0.4267765283584594
0.49999982118606556
0.49999979138374323
0.4999996125698089
0.49999988079071034
0.2499999552965164
0.426776498556137
0.4267765283584594
0.249999850988388
0.06786161893978714
0.39552640914916987
0.49999982118606556
0.499999850988388
0.4267765283584594
0.499999850988388
0.4267764389514922
0.1249999403953552
0.49999981466680765
0.42677655816078175
0.49999964237213124
0.4999997615814208
0.49999988079071034
0.4999999105930328
0.49999973177909846
0.49999973177909846
0.49999988079071034
0.4267765879631042
0.499999850988388
0.49999982118606556
0.426776498556137
0.499999850988388
0.49999982118606556
0.4999997615814208
0.49999982118606556
0.24999991059303278
0.49999979138374323
0.4267766773700713
0.4267766177654265
0.49999958276748646
0.499999850988388
0.426776498556137
0.499999701976776
0.49999973177909846
0.4999999105930328
0.42677655816078175
0.4267766177654265
0.4267765283584594
0.499999850988388
0.4999999105930328
0.49999979138374323
0.49999988079071034
0.3642765581607818
0.499999850988388
0.49999973177909846
0.1249999403953552
0.4267766177654265
0.4999999403953551
0.49999988079071034
0.073223277926445
0.8535528406500815
0.4267765283584594
0.499999850988388
0.3642766177654266
0.499999850988388
0.49999988079071034
0.4999997615814208
0.49999988079071034
0.4999997615814208
0.49999988079071034
0.42677646875381464
0.49999988079071034
0.06249998509883879
0.42677646875381464
0.49999979138374323
0.49999988079071034
0.4999999105930328
0.0366116277873516
0.49999982118606556
0.8535529822111128
0.49999982118606556
0.426776498556137
0.49999982118606556
0.49999988079071034
0.4267765879631042
0.36427667737007136
0.49999982118606556
0.4999999403953551
0.4999999105930328
0.4999999105930328
0.49999982118606556
0.4999997615814208
0.49999988079071034
0.49999982118606556
0.4999997615814208
0.499999850988388
0.499999850988388
0.49999979138374323
0.499999850988388
0.4267766773700713
0.4267766773700713
0.4999997615814208
0.4999999105930328
0.4999999403953551
0.4999997615814208
0.499999850988388
0.4999999105930328
0.42677655816078175
0.4999997615814208
0.499999850988388
0.4999999105930328
0.49999982118606556
0.499999850988388
0.42677664756774897
0.49999988079071034
0.4267765283584594
0.4999999403953551
0.499999850988388
0.49999988079071034
0.499999850988388
0.49999979138374323
0.49999979138374323
0.4999999105930328
0.4999999403953551
0.499999850988388
0.49999964237213124
0.0732232630252838
0.49999979138374323
0.49999979138374323
0.499999701976776
0.499999850988388
0.4999999403953551
0.4267765283584594
0.073223277926445
0.4999999105930328
0.2133882492780685
0.49999982118606556
0.49999997019767756
0.499999850988388
0.49999982118606556
0.49999979138374323
0.49999988079071034
0.499999850988388
0.4999997615814208
0.499999850988388
0.42677631974220265
0.499999850988388
0.4999999105930328
0.4999999105930328
0.4267765879631042
0.4267766773700713
0.49999994877725834
0.4999999403953551
0.49999988079071034
0.4999997615814208
0.49999982118606556
0.4633880984038114
0.42677640914916987
0.49999982118606556
0.4999999105930328
0.49999982118606556
0.4267765283584594
0.49999982118606556
0.4267764389514922
0.4267765283584594
0.499999850988388
0.49999982118606556
0.42677646875381464
0.49999982118606556
0.4267766773700713
0.4999997615814208
0.3200823879594507
0.42677655816078175
0.4633882045745849
0.49999973177909846
0.4999999403953551
0.49999982118606556
0.49999988079071034
0.4267765879631042
0.49999988079071034
0.49999982118606556
0.4999999105930328
0.49999973177909846
0.426776498556137
0.2499998807907104
0.4999997615814208
0.49999988079071034
0.3749998211860656
0.499999850988388
0.49999988079071034
0.2499999552965164
0.49999982118606556
0.4999999403953551
0.4999999105930328
0.4999999403953551
0.499999850988388
0.49999982118606556
0.49999988079071034
0.4999999403953551
0.4999999403953551
0.4267765879631042
0.49999982118606556
0.42677646875381464
0.4999997615814208
0.4999999403953551
0.49999997019767756
0.0366116352379322
0.49999988079071034
0.499999850988388
0.4999999403953551
0.4999999105930328
0.0
0.4999997615814208
0.42677646875381464
0.0678616240620613
0.24999994039535517
0.426776498556137
0.24999998416751618
0.4267765283584594
0.49999988079071034
0.4999999105930328
0.4999998893755747
0.49999979138374323
0.49999982118606556
0.49999973177909846
0.4999999105930328
0.4999999403953551
0.4267765283584594
0.49999988079071034
0.24999994039535517
0.49999982118606556
0.49999997019767756
0.42677646875381464
0.4999999403953551
0.499999850988388
0.073223277926445
0.49999988079071034
0.4999999105930328
0.4999999403953551
0.4999999105930328
0.24999991059303278
0.4999999105930328
0.0732232555747032
0.49999982118606556
0.4999999105930328
0.062499977648258195
0.49999982118606556
0.426776498556137
0.4267765879631042
0.249999925494194
0.49999988079071034
0.0732232555747032
0.49999973177909846
0.499999850988388
0.499999850988388
0.4267765283584594
0.49999973177909846
0.49999982118606556
0.49999979138374323
0.499999850988388
0.24999991059303278
0.4999999403953551
0.49999988079071034
0.49999988079071034
0.49999982118606556
0.499999850988388
0.499999850988388
0.499999850988388
0.49999973177909846
0.4999999403953551
0.4999997615814208
0.49999988079071034
0.8535531014204023
0.499999850988388
0.49999988079071034
0.4267766177654265
0.42677655816078175
0.499999850988388
0.499999701976776
0.4999999105930328
0.49999988079071034
0.499999850988388
0.499999850988388
0.42677655816078175
0.4999999403953551
0.853552922606468
0.4999997615814208
0.4999999403953551
0.49999982118606556
0.49999988079071034
0.49999979138374323
0.49999982118606556
0.499999850988388
0.073223277926445
0.4999999105930328
0.49999988079071034
0.426776498556137
0.4999999403953551
0.49999988079071034
0.249999925494194
0.49999988079071034
0.49999988079071034
0.4267763793468474
0.4999999105930328
0.4267766773700713
0.49999982118606556
0.49999982118606556
0.42677655816078175
0.24999986495822668
0.499999850988388
0.4999999403953551
0.4267765283584594
0.49999997019767756
0.0
0.4267763793468474
0.4267765879631042
0.0
0.49999979138374323
0.4999999403953551
0.499999850988388
0.42677655816078175
0.49999988079071034
0.3749998211860656
0.4999999105930328
0.4999999403953551
0.4999999403953551
0.499999850988388
0.4999997615814208
0.499999850988388
0.4999999105930328
0.4999997615814208
0.4999999105930328
0.4999999105930328
0.49999982118606556
0.49999982118606556
0.49999982118606556
0.499999850988388
0.49999997019767756
0.499999850988388
0.426776498556137
0.49999988079071034
0.49999988079071034
0.49999988079071034
0.37499970197677607
0.499999850988388
0.426776498556137
0.7499997690320014
0.499999850988388
0.0
0.7499997466802595
0.49999982118606556
0.426776498556137
0.49999997019767756
0.0732232630252838
0.4999999403953551
0.499999850988388
0.249999925494194
0.49999979138374323
0.499999850988388
0.49999988079071034
0.4999999105930328
0.4999997615814208
0.4267765879631042
0.426776498556137
0.4999997615814208
0.49999982118606556
0.499999850988388
0.42677664756774897
0.499999850988388
0.499999701976776
0.49999997019767756
0.4999999105930328
0.0
0.499999850988388
0.49999997019767756
0.49999973177909846
0.4999996721744537
0.4267765283584594
0.14644657820463178
0.42677655816078175
0.4267765879631042
0.4999999999999999
0.4267765879631042
0.4999999105930328
0.4999999403953551
0.49999982118606556
0.24999997019767756
0.24999997019767756
0.4999999105930328
0.49999982118606556
0.42677664756774897
0.49999979138374323
0.499999701976776
0.49999988079071034
0.4267765283584594
0.4267765879631042
0.4999999105930328
0.49999982118606556
0.49999988079071034
0.499999850988388
0.49999988079071034
0.4267764389514922
0.49999982118606556
0.4267763495445251
0.4999999105930328
0.49999982118606556
0.4999997615814208
0.499999850988388
0.499999850988388
0.49999988079071034
0.073223277926445
0.49999988079071034
0.4999996125698089
0.49999988079071034
0.4999997615814208
0.49999979138374323
0.499999850988388
0.42677664756774897
0.4999997615814208
0.49999988079071034
0.49999982118606556
0.499999701976776
0.0732232704758644
0.49999988079071034
0.499999701976776
0.49999979138374323
0.49999982118606556
0.4999999105930328
0.9999994784593581
0.4267766773700713
0.24999991804361338
0.4999999403953551
0.4999999403953551
0.49999988079071034
0.4999997615814208
0.49999964237213124
0.49999982118606556
0.49999982118606556
0.49999988079071034
0.49999988079071034
0.499999850988388
0.49999988079071034
0.49999982118606556
0.49999973177909846
0.49999988079071034
0.4267765283584594
0.49999988079071034
0.499999850988388
0.49999982118606556
0.49999979138374323
0.49999982118606556
0.49999979138374323
0.4267765283584594
0.49999997019767756
0.4999999403953551
0.49999988079071034
0.2499998807907104
0.499999850988388
0.49999982118606556
0.499999701976776
0.49999982118606556
0.249999925494194
0.49999988079071034
0.1464466154575348
0.0732232555747032
0.49999988079071034
0.7499997094273566
0.24999986588954923
0.49999997019767756
0.49999988079071034
0.499999850988388
0.49999988079071034
0.4999999105930328
0.49999988079071034
0.4999999105930328
0.499999850988388
0.499999850988388
0.4999999105930328
0.49999979138374323
0.49999982118606556
0.4999997615814208
0.499999701976776
0.499999850988388
0.49999982118606556
0.49999982118606556
0.49999988079071034
0.4999997615814208
0.49999982118606556
0.49999979138374323
0.49999979138374323
0.42677664756774897
0.4999999403953551
0.4999997615814208
0.49999982118606556
0.4999999105930328
0.2499999552965164
0.499999850988388
0.49999988079071034
0.499999701976776
0.49999973177909846
0.49999988079071034
0.4999997615814208
0.49999984353780735
0.42677655816078175
0.49999982118606556
0.499999850988388
0.49999979138374323
0.499999850988388
0.4999999105930328
0.24999994039535517
0.4999999105930328
0.4999997615814208
0.4999999403953551
0.4999999403953551
0.4999997615814208
0.499999850988388
0.4999999105930328
0.49999979138374323
0.49999979138374323
0.0732232704758644
0.4999999105930328
0.4999999105930328
0.49999982118606556
0.49999979138374323
0.499999850988388
0.49999982118606556
0.14644657075405115
0.49999982118606556
0.49999988079071034
0.4999999403953551
0.4267763793468474
0.4999999105930328
0.49999982118606556
0.49999979138374323
0.4999999403953551
0.7499996498227118
0.499999850988388
0.49999988079071034
0.4999999105930328
0.49999997019767756
0.499999850988388
0.4999999105930328
0.49999982118606556
0.4267765283584594
0.4999997615814208
0.49999982118606556
0.4999997615814208
0.49999997019767756
0.49999979138374323
0.49999988079071034
0.499999850988388
0.49999982118606556
0.49999982118606556
0.49999982118606556
0.499999850988388
0.49999982118606556
0.49999979138374323
0.49999982118606556
0.49999979138374323
0.49999979138374323
0.4999999105930328
0.4999999105930328
0.4267765283584594
0.4999997615814208
0.49999988079071034
0.49999979138374323
0.49999973177909846
0.49999982118606556
0.499999850988388
0.4999999403953551
0.49999988079071034
0.426776498556137
0.249999925494194
0.49999988079071034
0.4267765283584594
0.499999850988388
0.4999997615814208
0.4999997615814208
0.49999982118606556
0.4999997615814208
0.49999988079071034
0.4999997615814208
0.4999999105930328
0.49999973177909846
0.4267765879631042
0.4267766177654265
0.4999996721744537
0.49999982118606556
0.7499996423721312
0.42677655816078175
0.499999850988388
0.2499999552965164
0.49999988079071034
0.499999850988388
0.4999999105930328
0.4999999403953551
0.499999850988388
0.4999999403953551
0.7499997094273565
0.49999979138374323
0.49999982118606556
0.499999701976776
0.49999979138374323
0.42677655816078175
0.42677646875381464
0.499999850988388
0.49999982118606556
0.4267765879631042
0.4999997615814208
0.499999701976776
0.4267765283584594
0.4999999105930328
0.49999988079071034
0.42677655816078175
0.49999988079071034
0.4999999105930328
0.249999925494194
0.4999999105930328
0.49999988079071034
0.4267764389514922
0.4999999105930328
0.3642766177654266
0.4999999105930328
0.49999988079071034
0.499999850988388
0.49999979138374323
0.42677664756774897
0.49999982118606556
0.49999973177909846
0.49999988079071034
0.499999850988388
0.49999979138374323
0.4999999105930328
0.49999982118606556
0.49999988079071034
0.49999988079071034
0.49999988079071034
0.4999999105930328
0.49999982118606556
0.49999982118606556
0.49999982118606556
0.49999979138374323
0.24999994039535517
0.2133882492780685
0.42677646875381464
0.42677655816078175
0.49999979138374323
0.4999999999999999
0.499999701976776
0.4999997615814208
0.4999999105930328
0.4999999105930328
0.49999982118606556
0.499999850988388
0.42677640914916987
0.49999973177909846
0.49999973177909846
0.49999988079071034
0.49999982118606556
0.4999999403953551
0.4999999105930328
0.499999850988388
0.49999982118606556
0.42677646875381464
0.249999925494194
0.499999850988388
0.49999988079071034
0.49999982118606556
0.4999996721744537
0.49999982118606556
0.499999850988388
0.49999979138374323
0.4267765283584594
0.3642765581607818
0.4999996721744537
0.4999999105930328
0.9999994188547132
0.49999964237213124
0.49999990314245213
0.4999997615814208
0.49999988079071034
0.49999982118606556
0.0
0.4999999105930328
0.49999979138374323
0.4999997615814208
0.4999996721744537
0.499999850988388
0.49999982118606556
0.49999988079071034
0.49999982118606556
0.4999997615814208
0.21338833868503565
0.4999999105930328
0.49999973177909846
0.49999997019767756
0.49999982118606556
0.499999850988388
0.49999973177909846
0.49999973177909846
0.49999979138374323
0.24999997019767756
0.4267765879631042
0.499999850988388
0.49999997019767756
0.2499997913837433
0.49999988079071034
0.4999999403953551
0.499999850988388
0.49999982118606556
0.49999982118606556
0.49999982118606556
0.49999988079071034
0.49999973177909846
0.499999850988388
0.49999988079071034
0.49999988079071034
0.499999850988388
0.4999999105930328
0.0
0.4267766177654265
0.49999973177909846
0.4267766177654265
0.499999850988388
0.499999701976776
0.4999999105930328
0.49999973177909846
0.4999996125698089
0.499999850988388
0.4999999105930328
0.7499999180436132
0.49999988079071034
0.49999979138374323
0.499999850988388
0.49999982118606556
0.4999999105930328
0.49999982118606556
0.49999982118606556
0.4999999105930328
0.4267766773700713
0.426776498556137
0.4999997615814208
0.49999988079071034
0.4999999403953551
0.4999999105930328
0.4999997615814208
0.4999999105930328
0.24999991059303278
0.49999979138374323
0.49999982118606556
0.4999999105930328
0.4999999403953551
0.499999850988388
0.499999850988388
0.4267765879631042
0.499999850988388
0.499999850988388
0.49999979138374323
0.4267765879631042
0.49999988079071034
0.49999988079071034
0.4267765879631042
0.24999986588954923
0.49999988079071034
0.499999850988388
0.426776498556137
0.4999999999999999
0.499999850988388
0.4999999105930328
0.4999996125698089
0.4999997615814208
0.499999850988388
0.4999996721744537
0.4999999403953551
0.49999982118606556
0.49999979138374323
0.49999979138374323
0.49999982118606556
0.499999850988388
0.4999997615814208
0.499999850988388
0.49999979138374323
0.4999999105930328
0.49999979138374323
0.499999850988388
0.4999997615814208
0.499999850988388
0.4999999403953551
0.42677655816078175
0.49999979138374323
0.499999850988388
0.49999982118606556
0.3642765879631042
0.49999973177909846
0.499999850988388
0.49999982118606556
0.49999979138374323
0.4999996125698089
0.4999999403953551
0.49999988079071034
0.49999982118606556
0.499999850988388
0.499999850988388
0.49999988079071034
0.4267765283584594
0.4999999105930328
0.4999997615814208
0.49999979138374323
0.24999989569187162
0.49999988079071034
0.49999988079071034
0.49999988079071034
0.49999982118606556
0.3749997988343238
0.4999997690320014
0.49999973177909846
0.4267763793468474
0.24999994039535517
0.499999850988388
0.49999982118606556
0.8535529300570486
0.4999999105930328
0.499999850988388
0.49999988079071034
0.499999850988388
0.49999982118606556
0.499999850988388
0.49999988079071034
0.49999982118606556
0.49999982118606556
0.499999701976776
0.49999982118606556
0.49999982118606556
0.4999999403953551
0.49999973177909846
0.499999850988388
0.4999999105930328
0.4999999105930328
0.49999988079071034
0.499999850988388
0.499999850988388
0.49999973177909846
0.49999982118606556
0.4999999105930328
0.49999982118606556
0.4999996721744537
0.499999850988388
0.499999850988388
0.499999850988388
0.4999999403953551
0.49999988079071034
0.4999997615814208
0.4999999105930328
0.4999999105930328
0.4999999105930328
0.499999850988388
0.4999997615814208
0.499999850988388
0.49999982118606556
0.4999997615814208
0.49999979138374323
0.499999850988388
0.4999997615814208
0.49999988079071034
0.49999979138374323
0.49999982118606556
0.499999850988388
0.4999997615814208
0.499999850988388
0.49999979138374323
0.4267765879631042
0.499999850988388
0.4267764389514922
0.49999979138374323
0.8535529598593711
0.4999997615814208
0.49999982118606556
0.4999999105930328
0.49999988079071034
0.4999999105930328
0.49999988079071034
0.49999982118606556
0.499999850988388
0.49999997019767756
0.49999973177909846
0.499999850988388
0.499999701976776
0.42677655816078175
0.49999982118606556
0.499999850988388
0.49999973177909846
0.499999850988388
0.49999988079071034
0.4999997615814208
0.4999997615814208
0.49999982118606556
0.4999999403953551
0.499999850988388
0.49999982118606556
0.49999979138374323
0.4999997615814208
0.499999850988388
0.49999979138374323
0.49999982118606556
0.49999973177909846
0.499999850988388
0.4999999403953551
0.49999979138374323
0.073223277926445
0.49999979138374323
0.499999850988388
0.4267766177654265
0.49999988079071034
0.49999979138374323
0.49999982118606556
0.0
0.49999982118606556
0.4999997615814208
0.4999997615814208
0.42677646875381464
0.49999964237213124
0.49999982118606556
0.499999850988388
0.49999979138374323
0.4999999105930328
0.499999701976776
0.49999982118606556
0.49999979138374323
0.499999850988388
0.49999979138374323
0.499999850988388
0.4267764389514922
0.24999994039535517
0.21338827908039087
0.42677640914916987
0.4999999403953551
0.249999925494194
0.499999850988388
0.499999850988388
0.426776498556137
0.499999701976776
0.49999979138374323
0.499999701976776
0.49999979138374323
0.49999979138374323
0.4999999105930328
0.49999979138374323
0.4999997615814208
0.49999973177909846
0.4999997615814208
0.4999997615814208
0.4999997615814208
0.49999982118606556
0.49999982118606556
0.49999988079071034
0.49999982118606556
0.499999850988388
0.42677655816078175
0.49999964237213124
0.4999999403953551
0.749999701976776
0.499999850988388
0.49999982118606556
0.499999850988388
0.499999850988388
0.4999999105930328
0.4999997615814208
0.4999997615814208
0.49999973177909846
0.499999850988388
0.499999850988388
0.0
0.499999850988388
0.4999997615814208
0.49999982118606556
0.4999997615814208
0.49999982118606556
0.4999997615814208
0.42677631974220265
0.49999982118606556
0.49999979138374323
0.4999997615814208
0.49999982118606556
0.49999979138374323
0.49999988079071034
0.499999850988388
0.49999979138374323
0.4999997615814208
0.49999982118606556
0.4267763793468474
0.4999997615814208
0.4999997615814208
0.49999982118606556
0.49999979138374323
0.49999982118606556
0.49999982118606556
0.426776498556137
0.499999701976776
0.4999996125698089
0.42677655816078175
0.49999982118606556
0.49999988079071034
0.499999850988388
0.49999982118606556
0.49999979138374323
0.49999982118606556
0.49999982118606556
0.49999973177909846
0.4999997615814208
0.4999996721744537
0.499999701976776
0.49999979138374323
0.4999997615814208
0.4999999105930328
0.42677646875381464
0.4267765283584594
0.49999964237213124
0.4267764389514922
0.499999850988388
0.499999850988388
0.49999982118606556
0.4999999105930328
0.49999988079071034
0.499999850988388
0.49999979138374323
0.4999999403953551
0.499999850988388
0.499999850988388
0.49999979138374323
0.49999988079071034
0.49999973177909846
0.49999979138374323
0.49999988079071034
0.07322329282760619
0.49999979138374323
0.49999982118606556
0.49999997019767756
0.49999964237213124
0.49999982118606556
0.499999850988388
0.49999979138374323
0.49999982118606556
0.4999997615814208
0.499999850988388
0.499999850988388
0.49999973177909846
0.49999964237213124
0.249999850988388
0.49999982118606556
0.49999982118606556
0.49999973177909846
0.49999979138374323
0.49999988079071034
0.4999999403953551
0.49999988079071034
0.49999988079071034
0.4999997615814208
0.499999701976776
0.49999982118606556
0.49999988079071034
0.49999988079071034
0.49999982118606556
0.499999850988388
0.49999982118606556
0.4267764389514922
0.49999988079071034
0.499999850988388
0.4999996721744537
0.49999973177909846
0.499999850988388
0.4267764389514922
0.4999997615814208
0.49999988079071034
0.49999982118606556
0.4267765879631042
0.49999979138374323
0.499999850988388
0.499999850988388
0.4267764389514922
0.49999979138374323
0.4999999105930328
0.49999973177909846
0.499999701976776
0.4267766177654265
0.49999973177909846
0.49999979138374323
0.499999701976776
0.49999988079071034
0.499999850988388
0.49999988079071034
0.499999850988388
0.49999982118606556
0.499999850988388
0.4999997615814208
0.49999988079071034
0.49999982118606556
0.49999979138374323
0.499999850988388
0.49999982118606556
0.4267765879631042
0.499999701976776
0.4999997615814208
0.499999850988388
0.49999982118606556
0.49999973177909846
0.4999999403953551
0.499999850988388
0.49999958276748646
0.4999999403953551
0.49999979138374323
0.4999999105930328
0.49999982118606556
0.49999979138374323
0.49999982118606556
0.4999997615814208
0.49999988079071034
0.49999988079071034
0.4999997615814208
0.49999982118606556
0.499999701976776
0.49999982118606556
0.499999850988388
0.4999997615814208
0.49999982118606556
0.49999988079071034
0.499999701976776
0.49999979138374323
0.499999850988388
0.49999979138374323
0.49999973177909846
0.49999973177909846
0.49999964237213124
0.499999850988388
0.49999973177909846
0.4999999105930328
0.49999982118606556
0.499999701976776
0.4267765879631042
0.4999997615814208
0.4999999105930328
0.7499996423721312
0.49999982118606556
0.49999982118606556
0.49999988079071034
0.49999979138374323
0.49999982118606556
0.499999850988388
0.4999999105930328
0.49999982118606556
0.4999997615814208
0.49999979138374323
0.499999701976776
0.49999979138374323
0.4999999105930328
0.4999997615814208
0.499999850988388
0.49999982118606556
0.49999979138374323
0.4267765283584594
0.49999979138374323
0.49999982118606556
0.4267765283584594
0.4999997615814208
0.49999982118606556
0.499999850988388
0.49999973177909846
0.49999964237213124
0.49999982118606556
0.49999979138374323
0.49999979138374323
0.49999982118606556
0.49999988079071034
0.49999979138374323
0.4267765283584594
0.499999701976776
0.4999999105930328
0.49999988079071034
0.499999850988388
0.49999988079071034
0.49999973177909846
0.49999982118606556
0.4999999105930328
0.4999999105930328
0.49999979138374323
0.499999850988388
0.499999850988388
0.49999964237213124
0.4999997615814208
0.49999979138374323
0.499999850988388
0.49999982118606556
0.49999988079071034
0.4999997615814208
0.4999997615814208
0.49999982118606556
0.4999997615814208
0.4999997615814208
0.499999701976776
0.4999999105930328
0.499999850988388
0.49999988079071034
0.49999982118606556
0.49999982118606556
0.4999997615814208
0.49999982118606556
0.49999979138374323
0.49999982118606556
0.49999979138374323
0.499999701976776
0.24999997019767756
0.49999982118606556
0.49999982118606556
0.4999999105930328
0.49999973177909846
0.499999850988388
0.4999999403953551
0.4999999105930328
0.49999982118606556
0.49999988079071034
0.49999988079071034
0.49999982118606556
0.49999997019767756
0.42677655816078175
0.49999982118606556
0.49999988079071034
0.4999999105930328
0.4999997615814208
0.49999988079071034
0.499999850988388
0.499999850988388
0.49999982118606556
0.49999988079071034
0.499999850988388
0.49999973177909846
0.49999988079071034
0.49999982118606556
0.499999850988388
0.49999988079071034
0.49999988079071034
0.4999999403953551
0.49999973177909846
0.4999997615814208
0.49999973177909846
0.4999997615814208
0.49999982118606556
0.499999701976776
0.42677646875381464
0.4999997615814208
0.49999982118606556
0.49999982118606556
0.49999982118606556
0.49999979138374323
0.49999988079071034
0.49999988079071034
0.49999973177909846
0.49999982118606556
0.49999982118606556
0.49999973177909846
0.4999999105930328
0.499999850988388
0.499999850988388
0.49999979138374323
0.49999988079071034
0.49999979138374323
0.49999982118606556
0.4999999105930328
0.4999999105930328
0.4999997615814208
0.073223277926445
0.499999850988388
0.49999988079071034
0.499999850988388
0.4999999105930328
0.49999988079071034
0.49999988079071034
0.499999850988388
0.49999982118606556
0.49999979138374323
0.49999979138374323
0.499999850988388
0.49999979138374323
0.499999850988388
0.4999997615814208
0.49999988079071034
0.49999982118606556
0.49999982118606556
0.49999988079071034
0.499999850988388
0.42677655816078175
0.499999850988388
0.4999997615814208
0.49999982118606556
0.49999982118606556
0.49999982118606556
0.499999850988388
0.12499997299164531
0.49999979138374323
0.49999973177909846
0.49999979138374323
0.49999988079071034
0.4267765879631042
0.49999982118606556
0.49999979138374323
0.4999997615814208
0.49999982118606556
0.4267764389514922
0.499999850988388
0.49999982118606556
0.49999979138374323
0.4999999999999999
0.499999850988388
0.8535530567169187
0.49999964237213124
0.49999982118606556
0.499999850988388
0.49999982118606556
0.49999988079071034
0.49999982118606556
0.499999850988388
0.4999996721744537
0.4999999403953551
0.49999982118606556
0.499999701976776
0.49999973177909846
0.49999988079071034
0.49999979138374323
0.499999850988388
0.49999982118606556
0.49999988079071034
0.4999999105930328
0.499999701976776
0.499999850988388
0.4999997615814208
0.49999988079071034
0.49999979138374323
0.49999988079071034
0.499999701976776
0.499999701976776
0.49999982118606556
0.499999850988388
0.49999982118606556
0.4999999105930328
0.4999999105930328
0.49999979138374323
0.49999982118606556
0.4999999105930328
0.2499999552965164
0.499999850988388
0.49999979138374323
0.499999850988388
0.49999988079071034
0.499999850988388
0.49999979138374323
0.49999958276748646
0.4999996721744537
0.49999973177909846
0.499999701976776
0.4999997615814208
0.49999982118606556
0.49999988079071034
0.4999999105930328
0.49999979138374323
0.4999999403953551
0.49999982118606556
0.499999701976776
0.49999979138374323
0.49999988079071034
0.49999988079071034
0.4999997615814208
0.4999997615814208
0.49999982118606556
0.499999850988388
0.49999979138374323
0.499999850988388
0.49999979138374323
0.49999982118606556
0.499999850988388
0.4999997615814208
0.49999982118606556
0.4999999105930328
0.42677646875381464
0.4999997615814208
0.4999997615814208
0.499999850988388
0.49999988079071034
0.499999701976776
0.4999997615814208
0.49999982118606556
0.499999850988388
0.4999997615814208
0.49999982118606556
0.24999994039535517
0.4999997615814208
0.49999982118606556
0.4999997615814208
0.49999982118606556
0.49999979138374323
0.49999988079071034
0.249999925494194
0.49999982118606556
0.499999850988388
0.49999982118606556
0.499999850988388
0.49999979138374323
0.49999988079071034
0.49999979138374323
0.499999850988388
0.4999997615814208
0.49999982118606556
0.49999973177909846
0.499999701976776
0.49999979138374323
0.49999982118606556
0.4999999403953551
0.4999999403953551
0.4999997615814208
0.49999979138374323
0.4999999105930328
0.49999982118606556
0.499999850988388
0.4999999105930328
0.4999999105930328
0.49999982118606556
0.4999996721744537
0.49999973177909846
0.49999982118606556
0.49999997019767756
0.499999850988388
0.49999982118606556
0.499999701976776
0.24999986588954923
0.49999982118606556
0.499999701976776
0.49999982118606556
0.4999999105930328
0.49999973177909846
0.499999850988388
0.2499998807907104
0.49999988079071034
0.49999982118606556
0.4999999105930328
0.49999973177909846
0.49999982118606556
0.499999850988388
0.426776498556137
0.1464465260505676
0.49999982118606556
0.49999997019767756
0.49999988079071034
0.49999982118606556
0.499999850988388
0.49999988079071034
0.49999982118606556
0.4999999105930328
0.4999996721744537
0.49999988079071034
0.49999979138374323
0.2499998807907104
0.49999982118606556
0.499999701976776
0.49999979138374323
0.49999979138374323
0.499999850988388
0.49999988079071034
0.4999999105930328
0.49999979138374323
0.49999982118606556
0.499999701976776
0.499999850988388
0.49999979138374323
0.49999973177909846
0.4999999105930328
0.42677646875381464
0.49999979138374323
0.4999997615814208
0.49999982118606556
0.49999982118606556
0.49999973177909846
0.49999982118606556
0.49999988079071034
0.4999997615814208
0.4999997615814208
0.49999973177909846
0.49999982118606556
0.4999999105930328
0.49999982118606556
0.499999850988388
0.49999982118606556
0.49999973177909846
0.4999997615814208
0.499999850988388
0.42677646875381464
0.4999999403953551
0.4999997615814208
0.499999850988388
0.4999999403953551
0.499999850988388
0.499999850988388
0.4999999105930328
0.49999982118606556
0.49999979138374323
0.49999988079071034
0.4999999105930328
0.4999997615814208
0.4999997615814208
0.49999979138374323
0.4999999105930328
0.49999982118606556
0.49999982118606556
0.49999988079071034
