10
25
40
55
70
80
95
110
125
140
155
164
176
191
206
222
231
233
236
251
266
281
286
301
316
331
346
361
367
382
398
406
421
436
451
460
475
482
497
512
517
532
539
554
561
576
580
595
607
622
637
652
656
660
663
672
683
698
703
709
724
729
744
759
774
789
797
812
827
842
857
872
887
902
917
932
943
951
966
981
989
1004
1019
1034
1049
1064
1079
1094
1098
1101
1104
1111
1126
1129
1140
1155
1170
1180
1195
1210
1225
1240
1255
1265
1280
1282
1297
1312
1327
1342
1351
1366
1381
1396
1411
1426
1428
1443
1456
1471
1476
1491
1496
1511
1526
1541
1556
1560
1562
1577
1584
1587
1598
1610
1625
1640
1655
1661
1672
1676
1691
1703
1715
1719
1731
1740
1755
1770
1782
1797
1812
1824
1827
1836
1851
1866
1881
1896
1899
1904
1919
1934
1949
1951
1966
1971
1986
1999
2014
2029
2044
2050
2057
2072
2087
2102
2108
2118
2125
2140
2143
2151
2157
2172
2187
2191
2194
2208
2223
2238
2253
2268
2280
2295
2306
2321
2336
2351
2366
2382
2397
2412
2414
2429
2444
2459
2464
2479
2490
2505
2520
2535
2550
2561
2567
2582
2595
2610
2625
2640
2655
2666
2681
2696
2701
2705
2720
2729
2741
2756
2771
2786
2801
2816
2831
2846
2861
2876
2891
2906
2921
2936
2946
2961
2976
2985
3000
3015
3030
3045
3060
3075
3085
3087
3102
3107
3122
3137
3146
3161
3176
3186
3201
3216
3231
3246
3261
3270
3285
3300
3311
3324
3338
3353
3369
3384
3399
3406
3421
3436
3451
3466
3475
3482
3491
3506
3521
3525
3540
3548
3563
3578
3593
3603
3616
3631
3646
3653
3665
3680
3695
3710
3719
3728
3743
3758
3773
3777
3792
3801
3816
3831
3846
3852
3867
3880
3895
3907
3909
3912
3927
3942
3949
3964
3980
3995
4010
4018
4033
4035
4050
4065
4079
4082
4092
4107
4122
4137
4152
4161
4176
4191
4198
4208
4210
4225
4235
4239
4254
4269
4272
4287
4302
4307
4314
4328
4343
4353
4368
4383
4397
4406
4421
4436
4451
4462
4466
4481
4496
4511
4514
4529
4534
4549
4564
4579
4584
4600
4615
4617
4632
4647
4658
4673
4688
4703
4706
4719
4734
4749
4763
4767
4782
4784
4796
4798
4807
4810
4813
4828
4830
4836
4843
4858
4873
4888
4903
4911
4925
4936
4951
4966
4981
4984
4991
4995
5005
5020
5031
5038
5043
5058
5073
5086
5100
5104
5110
5125
5132
5147
5162
5177
5184
5199
5203
5218
5233
5248
5263
5278
5293
5298
5303
5318
5330
5345
5360
5376
5391
5406
5421
5436
5442
5447
5462
5476
5485
5500
5515
5530
5545
5560
5576
5592
5594
5597
5612
5627
5642
5647
5662
5665
5679
5689
5696
5711
5726
5732
5738
5753
5769
5784
5796
5811
5826
5833
5848
5863
5878
5893
5899
5905
5911
5926
5928
5943
5949
5964
5979
5994
5999
6014
6029
6039
6054
6069
6084
6099
6115
6130
6143
6158
6162
6174
6179
6189
6204
6212
6227
6239
6254
6265
6273
6284
6288
6292
6301
6304
6313
6328
6335
6340
6355
6370
6384
6399
6414
6417
6432
6448
6455
6470
6475
6485
6490
6496
6511
6527
6537
6544
6547
6562
6568
6578
6587
6589
6596
6611
6626
6641
6644
6659
6673
6688
6703
6719
6729
6733
6738
6753
6768
6774
6789
6793
6808
6823
6838
6853
6862
6877
6879
6892
6907
6913
6924
6939
6942
6957
6961
6975
6990
6996
6998
7005
7010
7014
7021
7028
7032
7036
7051
7060
7075
7090
7103
7118
7123
7139
7149
7159
7165
7167
7182
7198
7202
7211
7216
7220
7222
7232
7243
7253
7258
7261
7273
7278
7293
7308
7311
7313
7326
7338
7346
7353
7366
7375
7377
7392
7401
7416
7431
7437
7452
7454
7469
7471
7486
7501
7516
7521
7526
7540
7552
7567
7570
7581
7588
7597
7602
7617
7632
7648
7663
7678
7693
7708
7724
7730
7732
7744
7748
7751
7766
7781
7796
7802
7817
7832
7835
7849
7864
7871
7880
7882
7886
7889
7904
7920
7924
7933
7948
7963
7965
7980
7995
8010
8025
8034
8045
8060
8070
8085
8092
8107
8122
8126
8138
8149
8152
8167
8182
8197
8213
8216
8225
8236
8240
8255
8264
8279
8287
8290
8295
8301
8309
8312
8317
8323
8331
8334
8345
8355
8359
8361
8365
8369
8373
8378
8393
8401
8413
8419
8421
8436
8451
8463
8465
8477
8480
8485
8489
8502
8517
8520
8533
8542
8550
8553
8567
8574
8580
8583
8595
8597
8604
8619
8625
8628
8637
8641
8646
8649
8654
8659
8665
8669
8678
8682
8693
8706
8721
8728
8732
8742
8745
8755
8758
8763
8774
8780
8786
8793
8798
8807
8810
8819
8825
8840
8854
8869
8878
8893
8895
8910
8917
8922
8930
8934
8944
8947
8951
8960
8973
8988
8992
8994
8996
9004
9006
9010
9014
9018
9021
9032
9046
9050
9065
9079
9090
9093
9096
9111
9115
9121
9127
9131
9139
9142
9153
9159
9166
9178
9185
9200
9209
9216
9221
9226
9233
9239
9254
9269
9271
9278
9289
9295
9302
9309
9324
9326
9335
9350
9360
9367
9373
9379
9382
9394
9398
9403
9408
9423
9434
9449
9460
9463
9465
9472
9475
9491
9496
9500
9506
9508
9523
9529
9531
9534
9544
9547
9551
9559
9574
9581
9586
9596
9602
9610
9621
9623
9633
9638
9653
9655
9670
9674
9677
9682
9694
9698
9701
9714
9717
9723
9728
9739
9750
9756
9759
9767
9781
9792
9796
9808
9813
9828
9835
9851
9860
9865
9878
9889
9895
9909
9914
9927
9933
9948
9963
9978
9989
9992
9995
10000
10006
10008
10016
10026
10041
10056
10070
10085
10087
10102
10105
10110
10120
10133
10138
10141
10144
10147
10149
10153
10159
10174
10177
10183
10189
10202
10209
10225
10231
10246
10256
10267
10279
10282
10286
10293
10308
10312
10327
10332
10336
10338
10342
10352
10361
10366
10370
10373
10377
10381
10386
10389
10397
10402
10405
10407
10411
10415
10418
10422
10425
10432
10440
10445
10448
10452
10460
10467
10469
10472
10476
10481
10485
10488
10493
10499
10504
10506
10508
10514
10516
10523
10536
10545
10552
10561
10564
10574
10582
10586
10590
10597
10599
10602
10607
10610
10613
10616
10620
10624
10627
10629
10631
10637
10645
10647
10654
10658
10665
10677
10683
10685
10691
10697
10705
10708
10714
10723
10726
10733
10737
10744
10747
10749
10752
10755
10760
10764
10770
10772
10776
10787
10793
10804
10812
10814
10820
10826
10832
10836
10841
10843
10851
10855
10857
10861
10863
10867
10869
10877
10882
10890
10895
10909
10914
10926
10928
10932
10935
10938
10949
10959
10961
10964
10972
10986
10995
10998
11003
11007
11013
11019
11027
11031
11041
11044
11053
11057
11065
11076
11086
11088
11094
11097
11102
11108
11112
11118
11123
11132
11134
11136
11142
11147
11150
11154
11160
11164
11171
11174
11178
11183
11191
11195
11197
11199
11203
11208
11212
11217
11223
11228
11234
11237
11243
11248
11253
11255
11257
11262
11268
11270
11273
11281
11284
11286
11289
11294
11297
11299
11302
11310
11312
11317
11321
11325
11327
11335
11343
11345
11351
11356
11359
11367
11374
11383
11385
11387
11392
11397
11400
11402
11406
11409
11417
11419
11425
11427
11433
11436
11442
11452
11454
11456
11463
11465
11469
11471
11476
11483
11488
11490
11494
11498
11500
11506
11509
11516
11525
11533
11536
11541
11545
11548
11553
11555
11559
11573
11583
11596
11598
11600
11615
11619
11623
11631
11633
11646
11657
11659
11663
11666
11670
11675
11678
11686
11691
11693
11695
11701
11709
11711
11715
11730
11732
11735
11739
11747
11755
11762
11764
11766
11771
11773
11778
11785
11794
11796
11804
11814
11829
11831
11833
11835
11841
11848
11850
11856
11860
11869
11880
11885
11900
11903
11919
11927
11930
11940
11942
11949
11951
11954
11959
11963
11967
11973
11976
11979
11983
11985
11990
12005
12019
12035
12039
12052
12055
12061
12064
12069
12076
12079
12089
12092
12098
12105
12110
12113
12115
12119
12126
12128
12132
12134
12137
12144
12151
12155
12161
12167
12171
12174
12176
12184
12188
12194
12205
12213
12216
12220
12222
12230
12240
12242
12249
12260
12269
12274
12280
12284
12288
12293
12303
12311
12314
12320
12322
12327
12330
12339
12347
12352
12355
12359
12364
12369
12372
12376
12379
12385
12389
12393
12395
12398
12404
12411
12413
12417
12419
12424
12426
12429
12434
12439
12441
12445
12447
12450
12457
12461
12466
12469
12476
12479
12482
12488
12493
12495
12501
12508
12516
12520
12527
12533
12539
12549
12552
12554
12558
12565
12567
12570
12574
12577
12580
12586
12590
12594
12596
12599
12604
12608
12611
12617
12620
12623
12627
12632
12639
12643
12650
12657
12666
12668
12674
12686
12693
12696
12700
12702
12705
12709
12715
12718
12720
12725
12729
12732
12736
12748
12750
12756
12759
12763
12765
12767
12769
12771
12773
12776
12780
12783
12786
12792
12796
12800
12805
12807
12811
12813
12817
12821
12825
12828
12831
12835
12839
12841
12844
12848
12853
12857
12859
12864
12870
12881
12883
12888
12896
12908
12916
12920
12922
12929
12933
12937
12945
12948
12951
12953
12968
12973
12976
12980
12984
12989
12994
12998
13003
13011
13015
13017
13027
13030
13033
13035
13045
13047
13049
13060
13062
13066
13071
13076
13080
13085
13095
13097
13112
13117
13120
13123
13125
13127
13132
13134
13141
13146
13150
13156
13158
13162
13166
13172
13180
13185
13187
13200
13203
13206
13209
13218
13221
13226
13234
13237
13241
13246
13249
13252
13257
13260
13266
13272
13274
13276
13279
13282
13286
13295
13304
13307
13311
13314
13318
13327
13334
13337
13339
13342
13345
13353
13358
13362
13365
13372
13375
13385
13389
13395
13399
13404
13410
13412
13418
13420
13424
13426
13430
13434
13436
13440
13454
13458
13461
13464
13474
13479
13483
13489
13493
13496
13501
13506
13511
13513
13521
13527
13531
13539
13545
13547
13560
13565
13570
13572
13574
13578
13586
13590
13592
13596
13601
13608
13610
13613
13620
13627
13629
13635
13637
13642
13644
13647
13651
13656
13663
13665
13677
13680
13691
13693
13696
13700
13705
13712
13715
13717
13722
13726
13735
13738
13744
13748
13756
13760
13766
13770
13772
13774
13777
13779
13782
13790
13793
13796
13798
13807
13815
13818
13820
13833
13836
13839
13844
13846
13850
13852
13857
13859
13863
13867
13874
13877
13882
13887
13892
13903
13905
13907
13915
13918
13928
13931
13934
13938
13940
13943
13945
13950
13953
13959
13962
13967
13972
13976
13981
13989
13995
14004
14015
14017
14020
14024
14030
14032
14035
14039
14042
14044
14051
14056
14059
14061
14065
14068
14077
14082
14086
14090
14098
14110
14112
14120
14123
14127
14140
14145
14148
14150
14155
14158
14162
14167
14170
14176
14179
14182
14184
14189
14201
14210
14215
14218
14222
14226
14231
14241
14247
14253
14257
14265
14270
14277
14281
14289
14293
14295
14303
14307
14309
14311
14314
14318
14324
14339
14344
14346
14348
14350
14354
14358
14362
14372
14375
14387
14402
14406
14408
14411
14415
14417
14419
14423
14425
14429
14432
14434
14436
14439
14441
14443
14449
14453
14460
14466
14468
14471
14473
14475
14478
14483
14487
14494
14500
14503
14507
14509
14512
14515
14522
14525
14528
14536
14538
14548
14551
14555
14558
14561
14570
14574
14582
14588
14594
14603
14607
14609
14616
14625
14630
14633
14635
14640
14643
14646
14651
14656
14658
14664
14668
14674
14680
14690
14692
14700
14705
14710
14715
14717
14720
14724
14729
14733
14737
14741
14754
14756
14758
14763
14765
14768
14773
14776
14779
14783
14785
14788
14793
14796
14798
14802
14805
14807
14809
14814
14823
14826
14830
14832
14836
14840
14842
14850
14852
14855
14867
14870
14872
14878
14881
14883
14886
14888
14892
14897
14904
14906
14912
14917
14921
14924
14927
14933
14935
14937
14941
14945
14947
14951
14957
14960
14967
14975
14978
14985
14989
14991
14996
15000
15005
15009
15015
15019
15024
15027
15029
15031
15034
15039
15042
15044
15047
15049
15051
15056
15063
15070
15074
15077
15080
15084
15086
15090
15093
15095
15097
15100
15102
15104
15107
15110
15114
15118
15121
15123
15126
15131
15136
15142
15147
15149
15153
15156
15160
15162
15164
15166
15170
15176
15178
15185
15189
15192
15197
15199
15201
15204
15207
15209
15215
15217
15222
15224
15227
15229
15234
15240
15250
15252
15254
15257
15263
15268
15270
15272
15275
15281
15283
15288
15295
15297
15302
15305
15310
15315
15321
15329
15333
15337
15339
15344
15346
15348
15352
15359
15361
15363
15367
15370
15373
15377
15380
15386
15388
15394
15402
15409
15413
15415
15423
15427
15432
15436
15440
15444
15459
15461
15466
15472
15477
15481
15486
15489
15492
15494
15502
15509
15516
15522
15527
15530
15532
15536
15539
15542
15548
15550
15558
15560
15565
15569
15579
15582
15586
15588
15591
15600
15603
15605
15607
15609
15612
15622
15624
15628
15633
15635
15638
15642
15645
15650
15653
15658
15664
15667
15670
15683
15688
15694
15699
15702
15705
15708
15714
15718
15720
15722
15728
15731
15733
15735
15742
15751
15758
15761
15766
15769
15772
15775
15783
15787
15790
15792
15794
15798
15802
15806
15809
15811
15814
15818
15820
15826
15835
15838
15840
15842
15844
15849
15855
15864
15870
15872
15875
15879
15888
15891
15893
15895
15900
15907
15909
15911
15913
15915
15918
15920
15927
15930
15932
15936
15940
15944
15946
15952
15955
15958
15963
15971
15975
15980
15986
15992
15994
16001
16003
16009
16019
16022
16025
16030
16032
16034
16043
16045
16048
16050
16054
16060
16062
16065
16067
16074
16082
16087
16089
16091
16103
16106
16112
16115
16119
16123
16125
16130
16132
16136
16142
16149
16153
16158
16161
16163
16168
16175
16180
16184
16189
16191
16193
16195
16197
16199
16203
16205
16207
16210
16212
16214
16217
16221
16223
16230
16235
16239
16243
16245
16251
16254
16259
16261
16265
16267
16270
16275
16278
16280
16282
16284
16291
16294
16296
16298
16301
16303
16308
16310
16312
16315
16317
16320
16323
16327
16329
16331
16333
16336
16339
16345
16348
16350
16353
16357
16363
16366
16369
16372
16381
16383
16385
16388
16390
16393
16399
16402
16407
16409
16411
16418
16422
16427
16431
16433
16439
16442
16445
16449
16452
16456
16460
16470
16478
16488
16491
16494
16499
16501
16505
16511
16514
16517
16520
16523
16530
16532
16539
16542
16550
16556
16560
16565
16569
16571
16573
16577
16582
16584
16588
16594
16600
16604
16606
16609
16611
16617
16624
16630
16638
16640
16647
16650
16652
16657
16661
16668
16673
16678
16683
16687
16690
16692
16696
16701
16704
16706
16712
16716
16722
16726
16730
16733
16736
16741
16749
16754
16756
16760
16774
16779
16781
16788
16790
16796
16800
16804
16806
16811
16814
16818
16821
16823
16828
16830
16837
16847
16850
16853
16857
16863
16867
16877
16880
16882
16884
16890
16895
16900
16904
16906
16913
16915
16919
16922
16926
16930
16933
16935
16938
16942
16947
16951
16957
16960
16966
16969
16972
16977
16979
16983
16988
16990
16997
17003
17009
17017
17019
17022
17024
17032
17036
17041
17044
17047
17050
17057
17060
17063
17066
17074
17077
17080
17088
17090
17093
17101
17105
17107
17111
17114
17118
17122
17125
17128
17131
17141
17144
17149
17155
17161
17163
17165
17167
17169
17172
17174
17177
17179
17194
17197
17200
17204
17208
17213
17218
17220
17225
17229
17232
17235
17240
17242
17247
17251
17257
17261
17266
17270
17274
17276
17279
17282
17288
17290
17296
17298
17304
17306
17313
17318
17323
17327
17331
17334
17336
17338
17341
17344
17348
17352
17359
17364
17371
17377
17379
17381
17385
17389
17391
17394
17396
17399
17402
17404
17406
17409
17412
17414
17419
17422
17430
17433
17435
17438
17444
17448
17450
17452
17457
17460
17463
17466
17468
17471
17476
17478
17483
17487
17490
17494
17502
17504
17506
17510
17512
17516
17521
17526
17531
17534
17536
17543
17545
17547
17549
17552
17557
17559
17561
17563
17566
17573
17577
17579
17584
17589
17591
17596
17600
17607
17614
17617
17624
17626
17633
17643
17645
17647
17650
17652
17655
17657
17661
17675
17678
17680
17683
17685
17692
17696
17701
17705
17707
17711
17713
17721
17725
17730
17734
17739
17741
17748
17752
17754
17757
17760
17762
17764
17769
17771
17774
17778
17784
17788
17794
17801
17803
17806
17808
17812
17816
17821
17827
17830
17833
17838
17843
17849
17853
17856
17859
17861
17866
17868
17872
17874
17876
17882
17885
17887
17890
17894
17898
17900
17903
17916
17918
17920
17926
17933
17937
17939
17942
17947
17953
17956
17958
17963
17969
17972
17974
17980
17982
17984
17989
17991
17993
17999
18002
18012
18016
18020
18034
18036
18040
18043
18046
18048
18052
18055
18064
18072
18076
18081
18085
18091
18097
18101
18103
18106
18109
18111
18115
18118
18120
18123
18126
18128
18135
18138
18141
18143
18149
18151
18155
18161
18165
18171
18177
18182
18191
18196
18201
18207
18211
18215
18219
18222
18226
18228
18231
18233
18236
18238
18244
18248
18250
18255
18257
18259
18261
18265
18268
18271
18274
18277
18285
18293
18296
18300
18303
18308
18314
18320
18323
18327
18331
18335
18342
18344
18347
18351
18354
18360
18363
18367
18369
18372
18374
18377
18385
18391
18405
18411
18416
18418
18423
18425
18432
18437
18439
18445
18447
18449
18453
18455
18457
18461
18464
18468
18471
18475
18480
18487
18493
18498
18501
18504
18506
18517
18519
18522
18525
18530
18533
18537
18539
18544
18553
18560
18563
18565
18570
18576
18580
18582
18587
18589
18591
18595
18601
18607
18611
18613
18616
18622
18624
18627
18631
18634
18640
18644
18647
18652
18657
18663
18666
18671
18677
18680
18686
18688
18690
18692
18695
18699
18702
18706
18709
18713
18715
18718
18722
18726
18728
18734
18738
18740
18745
18750
18753
18755
18757
18759
18761
18764
18769
18772
18774
18777
18779
18787
18791
18793
18796
18798
18804
18809
18811
18817
18820
18823
18829
18834
18836
18841
18847
18851
18854
18857
18860
18866
18872
18876
18881
18884
18887
18892
18895
18898
18901
18906
18909
18913
18915
18917
18923
18927
18930
18932
18936
18938
18940
18945
18952
18955
18958
18961
18967
18971
18973
18979
18983
18988
18994
19005
19011
19014
19019
19025
19031
19034
19039
19047
19050
19057
19061
19063
19069
19074
19077
19079
19081
19084
19089
19092
19101
19104
19107
19109
19111
19115
19119
19122
19124
19129
19136
19138
19141
19146
19154
19158
19163
19165
19168
19171
19176
19181
19183
19190
19193
19198
19201
19207
19211
19213
19215
19218
19223
19225
19227
19229
19232
19237
19246
19248
19251
19254
19260
19267
19271
19274
19276
19278
19284
19287
19291
19295
19299
19307
19309
19311
19313
19315
19319
19324
19326
19329
19334
19336
19339
19341
19343
19348
19354
19356
19359
19365
19367
19370
19381
19386
19389
19392
19397
19403
19405
19408
19413
19415
19418
19422
19425
19429
19432
19438
19442
19444
19446
19450
19453
19456
19458
19461
19468
19470
19473
19480
19482
19487
19492
19501
19509
19512
19518
19525
19530
19532
19534
19537
19543
19545
19550
19555
19559
19562
19564
19569
19575
19579
19582
19584
19592
19594
19598
19604
19610
19615
19619
19621
19624
19626
19628
19635
19637
19645
19649
19651
19653
19656
19659
19662
19665
19670
19676
19679
19682
19685
19688
19691
19697
19702
19708
19711
19717
19720
19723
19728
19731
19735
19739
19744
19750
19752
19758
19762
19768
19770
19774
19776
19779
19783
19789
19796
19801
19803
19806
19811
19819
19821
19826
19829
19833
19837
19841
19844
19846
19848
19850
19857
19863
19867
19869
19871
19874
19880
19884
19886
19889
19893
19899
19906
19908
19913
19916
19923
19925
19928
19932
19934
19939
19941
19945
19948
19955
19959
19969
19972
19974
19979
19981
19985
19991
19993
19995
19997
20002
20006
20013
20015
20026
20028
20030
20032
20035
20038
20040
20045
20048
20052
20055
20058
20060
20067
20073
20079
20082
20086
20093
20096
20102
20104
20107
20115
20117
20122
20128
20130
20133
20135
20139
20142
20145
20148
20150
20152
20155
20157
20160
20163
20167
20170
20172
20176
20180
20187
20189
20195
20201
20206
20211
20213
20217
20219
20224
20228
20230
20237
20239
20248
20251
20255
20257
20262
20265
20267
20274
20276
20278
20280
20288
20292
20295
20298
20304
20310
20314
20316
20322
20328
20331
20337
20340
20342
20345
20351
20354
20360
20365
20372
20378
20381
20385
20389
20391
20397
20400
20402
20406
20410
20413
20415
20419
20423
20432
20435
20437
20441
20450
20465
20470
20474
20477
20483
20487
20491
20495
20500
20503
20508
20514
20517
20519
20526
20534
20537
20539
20545
20551
20553
20559
20563
20565
20569
20576
20585
20587
20592
20601
20605
20610
20613
20616
20619
20621
20626
20628
20631
20633
20636
20640
20643
20645
20651
20655
20665
20671
20674
20682
20685
20688
20691
20693
20696
20700
20702
20710
20716
20719
20724
20730
20732
20735
20743
20747
20751
20757
20760
20766
20771
20775
20777
20781
20784
20787
20795
20797
20802
20805
20811
20819
20822
20824
20826
20830
20834
20836
20839
20844
20849
20852
20854
20857
20861
20866
20871
20873
20877
20879
20885
20889
20892
20898
20901
20908
20911
20914
20925
20929
20932
20934
20937
20939
20945
20948
20950
20954
20957
20961
20963
20967
20971
20973
20975
20981
20993
20995
20998
21000
21003
21005
21008
21011
21013
21016
21019
21025
21027
21030
21034
21040
21046
21051
21055
21057
21064
21067
21072
21075
21077
21079
21082
21086
21090
21093
21098
21101
21103
21106
21108
21111
21113
21116
21121
21123
21125
21127
21131
21133
21135
21141
21146
21153
21155
21159
21164
21168
21178
21183
21188
21193
21197
21201
21207
21209
21213
21215
21219
21224
21229
21233
21236
21239
21247
21252
21258
21260
21263
21265
21271
21273
21278
21286
21290
21293
21295
21298
21300
21305
21310
21313
21316
21318
21321
21324
21326
21328
21331
21335
21340
21342
21349
21354
21356
21359
21362
21366
21372
21374
21377
21388
21394
21397
21399
21405
21407
21412
21414
21418
21421
21424
21429
21431
21435
21437
21443
21445
21450
21454
21456
21463
21467
21470
21475
21478
21483
21486
21491
21496
21506
21510
21513
21516
21518
21520
21525
21529
21536
21539
21544
21546
21551
21557
21560
21563
21569
21572
21576
21578
21583
21587
21594
21599
21603
21612
21616
21622
21624
21628
21631
21639
21644
21651
21654
21660
21662
21664
21667
21673
21678
21681
21685
21687
21691
21693
21696
21698
21702
21707
21710
21714
21717
21720
21722
21724
21728
21732
21736
21742
21744
21746
21752
21754
21763
21768
21771
21774
21776
21779
21788
21794
21796
21801
21806
21812
21817
21819
21821
21826
21831
21834
21836
21838
21841
21846
21851
21854
21856
21858
21861
21866
21869
21871
21875
21879
21881
21888
21892
21895
21901
21907
21909
21912
21914
21916
21919
21921
21927
21933
21939
21942
21946
21952
21956
21959
21964
21967
21969
21976
21979
21982
21986
21988
21990
21994
21996
21998
22001
22006
22008
22011
22014
22017
22022
22026
22032
22035
22043
22045
22047
22050
22052
22054
22056
22059
22061
22065
22073
22082
22086
22089
22092
22096
22099
22103
22108
22113
22115
22119
22121
22123
22127
22130
22132
22137
22143
22145
22149
22154
22156
22158
22161
22165
22171
22178
22181
22189
22195
22199
22202
22207
22210
22217
22221
22231
22235
22238
22243
22245
22247
22249
22252
22255
22257
22259
22261
22263
22265
22267
22270
22275
22279
22287
22295
22301
22303
22308
22313
22319
22321
22325
22329
22333
22335
22339
22344
22346
22351
22354
22356
22361
22366
22369
22374
22378
22383
22386
22392
22395
22398
22400
22405
22411
22417
22419
22423
22427
22429
22432
22435
22438
22440
22442
22444
22447
22453
22457
22460
22464
22469
22471
22474
22479
22481
22484
22487
22489
22495
22497
22499
22501
22505
22508
22510
22513
22515
22518
22520
22523
22528
22533
22535
22540
22544
22549
22564
22572
22576
22586
22591
22598
22604
22612
22614
22617
22622
22628
22631
22634
22646
22651
22655
22662
22669
22672
22679
22683
22689
22697
22702
22705
22711
22717
22721
22723
22725
22727
22731
22734
22736
22744
22746
22748
22753
22757
22760
22763
22765
22769
22773
22776
22778
22784
22786
22788
22796
22800
22804
22809
22815
22817
22819
22822
22826
22828
22835
22838
22841
22843
22845
22847
22849
22853
22857
22861
22868
22874
22877
22883
22887
22889
22894
22897
22899
22905
22911
22915
22917
22921
22925
22928
22932
22937
22941
22944
22948
22954
22957
22960
22963
22965
22967
22971
22973
22982
22985
22987
22989
22991
22998
23006
23011
23013
23016
23022
23025
23028
23044
23046
23049
23052
23055
23059
23066
23069
23075
23078
23081
23088
23093
23102
23104
23106
23109
23112
23116
23122
23125
23127
23129
23135
23137
23139
23141
23149
23151
23153
23157
23162
23167
23170
23173
23175
23181
23185
23190
23194
23197
23200
23205
23211
23216
23218
23222
23224
23226
23231
23235
23239
23246
23248
23254
23256
23260
23263
23269
23275
23278
23289
23291
23293
23300
23306
23308
23311
23313
23315
23320
23324
23329
23336
23343
23345
23351
23356
23361
23364
23366
23369
23372
23378
23384
23387
23389
23394
23397
23402
23405
23411
23417
23421
23423
23426
23431
23434
23438
23446
23452
23457
23469
23471
23476
23483
23491
23495
23501
23507
23512
23514
23520
23525
23527
23531
23535
23540
23544
23547
23549
23551
23553
23557
23564
23566
23569
23573
23575
23579
23582
23590
23597
23600
23608
23615
23620
23622
23625
23627
23630
23632
23634
23637
23639
23649
23660
23669
23671
23681
23684
23690
23694
23697
23705
23710
23712
23714
23718
23720
23727
23730
23734
23736
23738
23749
23751
23760
23763
23766
23769
23772
23774
23776
23779
23784
23791
23794
23800
23802
23808
23817
23821
23826
23831
23834
23837
23843
23851
23853
23857
23861
23864
23866
23870
23872
23879
23881
23888
23890
23897
23904
23906
23910
23913
23915
23919
23922
23926
23928
23931
23936
23944
23948
23951
23954
23964
23967
23972
23974
23976
23981
23986
23989
23991
23993
23995
23998
24002
24009
24012
24018
24024
24027
24030
24034
24038
24043
24047
24049
24052
24062
24065
24068
24072
24074
24080
24085
24087
24089
24091
24094
24097
24099
24103
24107
24112
24115
24117
24119
24127
24131
24136
24139
24142
24144
24147
24150
24156
24159
24161
24168
24171
24181
24183
24185
24194
24197
24200
24203
24207
24209
24212
24219
24223
24225
24230
24233
24236
24240
24242
24244
24246
24251
24254
24258
24260
24262
24265
24272
24274
24279
24284
24291
24297
24299
24304
24307
24310
24315
24318
24320
24323
24326
24328
24330
24334
24339
24341
24343
24346
24348
24351
24353
24356
24359
24361
24365
24367
24371
24374
24382
24386
24388
24390
24393
24398
24406
24414
24417
24422
24427
24430
24433
24436
24446
24449
24456
24460
24466
24472
24474
24479
24483
24486
24491
24493
24495
24499
24503
24506
24510
24513
24515
24518
24520
24522
24525
24532
24536
24538
24542
24549
24551
24557
24562
24565
24570
24574
24579
24581
24585
24591
24593
24597
24600
24603
24612
24616
24620
24629
24631
24635
24638
24640
24642
24644
24647
24649
24654
24665
24669
24672
24678
24680
24683
24691
24693
24697
24701
24704
24709
24712
24716
24723
24728
24732
24735
24747
24751
24755
24758
24767
24771
24774
24778
24784
24786
24788
24791
24794
24800
24805
24808
24810
24813
24815
24819
24821
24824
24836
24845
24850
24854
24857
24864
24867
24872
24876
24878
24881
24886
24892
24895
24898
24907
24910
24916
24918
24921
24925
24928
24930
24933
24936
24938
24940
24944
24946
24949
24951
24954
24959
24964
24966
24968
24970
24978
24983
24985
24988
24990
24996
24998
25004
25006
25008
25011
25015
25017
25020
25024
25026
25028
25030
25033
25036
25047
25053
25055
25058
25060
25065
25068
25070
25077
25080
25083
25085
25087
25090
25093
25097
25100
25103
25105
25108
25111
25114
25117
25121
25124
25129
25134
25139
25141
25143
25147
25149
25151
25153
25161
25167
25170
25173
25178
25181
25184
25187
25190
25194
25197
25199
25201
25204
25209
25213
25216
25218
25223
25227
25230
25234
25240
25246
25250
25257
25263
25267
25269
25273
25278
25280
25282
25285
25287
25289
25292
25295
25300
25305
25309
25313
25316
25318
25322
25325
25329
25334
25340
25342
25344
25346
25351
25355
25358
25360
25362
25366
25371
25375
25378
25385
25387
25391
25395
25399
25403
25408
25412
25414
25417
25422
25425
25429
25433
25435
25437
25443
25445
25448
25451
25459
25464
25469
25471
25474
25478
25480
25485
25488
25491
25498
25504
25510
25512
25514
25517
25519
25523
25529
25533
25541
25547
25550
25558
25574
25578
25584
25590
25593
25597
25599
25604
25610
25613
25616
25619
25622
25624
25634
25637
25652
25654
25657
25661
25665
25670
25672
25676
25679
25684
25688
25690
25695
25698
25700
25706
25711
25713
25722
25725
25728
25733
25736
25738
25742
25747
25756
25759
25761
25766
25773
25780
25783
25786
25789
25793
25797
25803
25812
25814
25816
25821
25830
25835
25839
25841
25845
25849
25854
25856
25866
25869
25871
25873
25876
25880
25884
25888
25893
25897
25900
25902
25905
25909
25913
25916
25920
25924
25928
25930
25933
25935
25938
25943
25946
25948
25950
25952
25954
25958
25961
25963
25969
25977
25980
25986
25991
25996
25999
26004
26009
26015
26023
26025
26029
26031
26033
26041
26044
26047
26055
26063
26065
26070
26073
26075
26079
26081
26088
26092
26097
26102
26104
26108
26112
26115
26118
26122
26129
26134
26136
26140
26143
26149
26153
26163
26167
26169
26171
26173
26176
26182
26184
26187
26189
26192
26201
26205
26208
26213
26215
26219
26226
26229
26234
26236
26238
26242
26245
26248
26258
26261
26263
26268
26270
26273
26275
26277
26280
26283
26289
26291
26295
26297
26302
26305
26308
26313
26317
26320
26324
26331
26337
26341
26344
26349
26351
26354
26358
26360
26364
26368
26375
26381
26385
26389
26391
26394
26401
26404
26406
26412
26415
26417
26421
26426
26430
26434
26438
26440
26444
26446
26451
26455
26459
26461
26468
26470
26475
26480
26482
26485
26488
26490
26494
26496
26498
26503
26506
26509
26515
26517
26521
26524
26528
26537
26539
26541
26544
26547
26549
26552
26556
26560
26564
26566
26574
26576
26579
26583
26587
26589
26591
26600
26603
26606
26610
26614
26616
26624
26631
26634
26638
26646
26651
26654
26657
26667
26669
26673
26675
26677
26681
26687
26691
26693
26696
26701
26708
26715
26718
26720
26724
26727
26736
26739
26741
26744
26749
26756
26759
26763
26772
26775
26780
26786
26792
26795
26797
26802
26805
26811
26813
26817
26819
26827
26829
26832
26836
26839
26842
26845
26847
26853
26855
26857
26861
26877
26880
26886
26888
26892
26895
26898
26903
26907
26914
26917
26923
26927
26930
26935
26937
26940
26943
26950
26954
26959
26963
26972
26975
26977
26980
26983
26990
26994
26996
26998
27003
27006
27010
27015
27019
27024
27026
27038
27043
27049
27054
27056
27061
27064
27076
27083
27085
27087
27093
27101
27105
27110
27112
27115
27119
27121
27125
27127
27129
27134
27136
27138
27142
27147
27153
27155
27157
27160
27162
27168
27170
27175
27179
27182
27184
27186
27191
27193
27200
27206
27209
27212
27218
27223
27226
27228
27230
27234
27236
27239
27242
27247
27249
27253
27259
27263
27266
27268
27274
27276
27279
27281
27286
27289
27293
27301
27307
27311
27315
27321
27324
27331
27333
27337
27339
27341
27343
27347
27351
27353
27357
27361
27367
27373
27377
27381
27384
27387
27389
27391
27393
27396
27401
27405
27409
27412
27414
27417
27424
27426
27428
27432
27437
27441
27443
27453
27455
27461
27466
27468
27470
27475
27484
27488
27498
27502
27512
27514
27516
27519
27521
27524
27527
27529
27535
27537
27539
27548
27552
27554
27556
27562
27566
27568
27571
27574
27578
27583
27588
27590
27605
27610
27617
27621
27627
27632
27638
27649
27651
27655
27658
27661
27665
27670
27673
27676
27680
27685
27689
27701
27703
27705
27710
27715
27717
27719
27721
27725
27727
27731
27738
27740
27743
27745
27748
27754
27761
27766
27769
27771
27775
27779
27782
27786
27790
27799
27809
27811
27815
27820
27824
27830
27836
27840
27843
27846
27853
27857
27860
27862
27865
27867
27869
27872
27877
27882
27887
27889
27892
27895
27897
27899
27902
27910
27913
27916
27918
27922
27927
27929
27938
27942
27945
27949
27951
27954
27959
27965
27967
27975
27979
27986
27990
27994
27998
28003
28006
28009
28012
28015
28018
28022
28025
28029
28032
28035
28042
28046
28049
28052
28055
28059
28061
28069
28074
28078
28085
28088
28092
28095
28107
28110
28112
28118
28122
28125
28131
28138
28140
28148
28152
28160
28165
28171
28175
28178
28180
28188
28193
28198
28200
28202
28205
28208
28217
28224
28227
28229
28233
28235
28239
28246
28249
28253
28255
28260
28266
28271
28274
28277
28283
28286
28290
28296
28298
28300
28303
28311
28316
28320
28322
28328
28331
28338
28340
28343
28345
28348
28350
28354
28357
28359
28366
28370
28374
28376
28384
28387
28390
28396
28399
28409
28412
28414
28420
28422
28426
28430
28436
28440
28448
28452
28454
28456
28462
28464
28467
28469
28471
28480
28486
28489
28491
28493
28496
28499
28502
28508
28510
28513
28519
28521
28526
28532
28543
28553
28557
28562
28564
28568
28574
28578
28581
28584
28591
28594
28596
28599
28603
28612
28616
28618
28628
28631
28634
28641
28650
28652
28656
28661
28663
28671
28676
28678
28683
28688
28692
28694
28696
28698
28707
28713
28719
28722
28725
28729
28732
28738
28740
28744
28747
28749
28751
28759
28765
28767
28772
28775
28778
28780
28782
28785
28800
28803
28806
28817
28821
28824
28831
28837
28841
28845
28853
28857
28859
28869
28871
28874
28876
28879
28888
28894
28899
28903
28907
28909
28915
28919
28921
28923
28930
28934
28939
28943
28951
28958
28961
28965
28968
28970
28972
28974
28977
28979
28982
28992
28996
29000
29009
29012
29014
29016
29020
29023
29026
29028
29030
29034
29038
29042
29046
29048
29052
29057
29062
29067
29070
29075
29077
29081
29086
29089
29093
29097
29101
29105
29107
29111
29114
29117
29125
29127
29129
29133
29136
29139
29147
29150
29153
29158
29163
29166
29169
29177
29179
29185
29187
29195
29203
29206
29211
29213
29217
29221
29225
29227
29232
29236
29239
29243
29247
29249
29254
29257
29267
29271
29274
29285
29289
29295
29305
29308
29313
29317
29325
29328
29333
29335
29337
29340
29344
29348
29350
29355
29357
29361
29370
29377
29384
29388
29392
29394
29397
29400
29406
29409
29415
29418
29425
29429
29434
29439
29442
29447
29450
29454
29458
29465
29467
29470
29475
29477
29481
29485
29487
29489
29493
29498
29502
29504
29508
29513
29517
29520
29524
29526
29530
29534
29538
29542
29544
29547
29552
29556
29565
29571
29574
29579
29588
29591
29594
29602
29608
29611
29618
29629
29634
29639
29642
29649
29651
29660
29663
29665
29668
29671
29674
29680
29684
29689
29691
29693
29699
29702
29709
29713
29716
29718
29721
29724
29732
29739
29742
29747
29751
29754
29760
29765
29767
29774
29777
29781
29784
29787
29796
29800
29802
29805
29810
29812
29817
29820
29824
29828
29831
29838
29841
29844
29846
29848
29850
29853
29856
29858
29860
29868
29870
29874
29878
29880
29887
29890
29894
29897
29899
29901
29905
29913
29920
29924
29927
29932
29938
29941
29943
29946
29948
29952
29955
29958
29965
29971
29973
29981
29983
29985
29987
29998
30004
30008
30010
30015
30017
30019
30022
30025
30028
30030
30033
30051
30059
30061
30064
30066
30070
30072
30074
30083
30085
30087
30090
30093
30095
30102
30107
30109
30112
30116
30122
30127
30129
30132
30137
30142
30145
30150
30153
30157
30160
30162
30167
30171
30173
30175
30185
30192
30198
30201
30205
30208
30212
30215
30219
30226
30229
30232
30236
30246
30248
30252
30255
30257
30261
30264
30267
30270
30273
30277
30280
30287
30291
30301
30306
30308
30310
30312
30316
30320
30341
30344
30350
30354
30357
30366
30368
30379
30387
30390
30395
30400
30403
30406
30408
30416
30418
30421
30426
30435
30440
30445
30447
30449
30453
30455
30461
30467
30473
30475
30482
30484
30489
30491
30495
30497
30505
30509
30513
30517
30519
30524
30526
30533
30536
30540
30542
30544
30546
30548
30552
30555
30558
30562
30565
30570
30577
30582
30586
30589
30592
30597
30601
30605
30611
30621
30624
30633
30635
30639
30642
30644
30646
30648
30651
30654
30659
30661
30665
30669
30671
30677
30680
30685
30688
30691
30698
30700
30715
30720
30723
30726
30729
30731
30734
30736
30743
30745
30747
30750
30752
30755
30759
30761
30765
30767
30769
30771
30774
30789
30793
30795
30801
30803
30806
30808
30812
30816
30821
30825
30828
30835
30839
30842
30844
30850
30852
30855
30858
30862
30868
30872
30879
30882
30884
30888
30891
30895
30899
30901
30905
30908
30912
30915
30923
30927
30931
30933
30939
30946
30949
30951
30955
30960
30964
30966
30971
30979
30982
30985
30987
30989
30992
30994
30996
31001
31007
31013
31022
31026
31031
31036
31039
31042
31051
31055
31057
31059
31063
31068
31072
31075
31080
31083
31092
31103
31108
31113
31117
31120
31124
31127
31129
31133
31139
31143
31148
31152
31158
31161
31165
31167
31170
31174
31178
31180
31183
31185
31187
31196
31199
31202
31205
31209
31214
31222
31224
31229
31232
31235
31240
31245
31247
31251
31256
31260
31263
31266
31270
31273
31275
31287
31298
31302
31305
31313
31315
31321
31324
31327
31330
31332
31342
31345
31348
31355
31360
31364
31368
31370
31372
31379
31383
31388
31396
31400
31403
31405
31409
31415
31419
31426
31428
31431
31434
31440
31442
31444
31449
31452
31456
31460
31465
31470
31472
31480
31489
31491
31497
31499
31505
31509
31513
31519
31521
31524
31533
31540
31542
31547
31551
31553
31558
31568
31573
31576
31579
31583
31585
31590
31597
31599
31602
31609
31612
31617
31629
31638
31641
31645
31647
31649
31651
31654
31657
31661
31663
31665
31672
31675
31679
31684
31690
31694
31697
31700
31703
31709
31722
31726
31728
31732
31735
31737
31739
31742
31745
31747
31754
31756
31758
31760
31766
31769
31771
31781
31785
31789
31796
31801
31803
31805
31807
31818
31826
31828
31834
31838
31843
31846
31852
31856
31863
31865
31869
31873
31875
31877
31882
31891
31895
31899
31907
31911
31914
31919
31924
31927
31931
31936
31938
31942
31944
31948
31957
31959
31961
31972
31985
31989
31992
31999
32005
32007
32012
32016
32018
32021
32025
32030
32032
32044
32047
32050
32057
32061
32063
32066
32070
32074
32077
32080
32085
32089
32091
32094
32097
32102
32105
32110
32117
32123
32127
32129
32131
32135
32138
32140
32145
32148
32154
32157
32162
32164
32166
32171
32179
32181
32189
32193
32198
32204
32206
32208
32210
32213
32218
32223
32226
32228
32231
32238
32240
32243
32249
32253
32257
32260
32262
32266
32280
32284
32287
32291
32303
32306
32308
32316
32320
32331
32333
32337
32340
32353
32355
32364
32368
32374
32380
32385
32387
32391
32396
32398
32406
32408
32414
32419
32421
32424
32426
32430
32434
32438
32445
32450
32455
32461
32466
32469
32474
32476
32486
32489
32491
32497
32499
32504
32510
32512
32516
32519
32524
32527
32533
32539
32546
32552
32554
32558
32562
32566
32571
32575
32578
32580
32582
32591
32597
32601
32605
32608
32611
32620
32623
32627
32629
32632
32637
32640
32645
32650
32653
32655
32661
32666
32677
32680
32683
32686
32700
32702
32705
32709
32714
32716
32720
32731
32739
32741
32743
32746
32749
32752
32754
32756
32760
32762
32770
32775
32779
32783
32786
32791
32796
32812
32818
32825
32830
32834
32839
32848
32854
32856
32859
32861
32867
32870
32872
32877
32883
32886
32888
32890
32897
32900
32906
32908
32913
32915
32924
32928
32930
32932
32934
32940
32944
32948
32955
32959
32964
32966
32970
32980
32985
32988
32991
32999
33006
33012
33014
33018
33026
33029
33038
33040
33044
33052
33055
33058
33060
33062
33066
33068
33070
33074
33076
33081
33084
33087
33089
33092
33096
33099
33107
33115
33118
33121
33130
33132
33134
33138
33141
33145
33151
33156
33159
33161
33168
33172
33177
33183
33190
33192
33194
33199
33203
33206
33211
33214
33219
33224
33226
33230
33233
33237
33241
33249
33253
33259
33262
33269
33275
33282
33284
33286
33288
33292
33294
33296
33303
33310
33314
33316
33320
33329
33331
33334
33341
33346
33351
33355
33359
33364
33366
33369
33372
33374
33378
33383
33386
33389
33392
33400
33403
33407
33410
33413
33421
33426
33429
33431
33434
33440
33443
33445
33451
33459
33463
33467
33469
33474
33478
33486
33490
33495
33501
33506
33512
33521
33526
33528
33530
33533
33537
33542
33544
33548
33553
33559
33565
33568
33570
33572
33575
33578
33580
33582
33587
33591
33595
33599
33601
33604
33607
33609
33611
33616
33619
33621
33624
33627
33630
33632
33638
33640
33644
33646
33649
33651
33653
33656
33661
33664
33668
33676
33682
33685
33688
33693
33696
33703
33706
33710
33715
33722
33726
33732
33734
33738
33741
33746
33748
33750
33755
33757
33763
33770
33778
33780
33785
33793
33796
33800
33805
33813
33817
33821
33823
33830
33833
33835
33840
33847
33850
33852
33855
33860
33863
33869
33875
33877
33880
33882
33886
33892
33894
33899
33904
33908
33913
33916
33921
33929
33933
33936
33938
33940
33946
33956
33959
33962
33967
33971
33978
33981
33986
33990
33999
34005
34016
34018
34021
34025
34027
34031
34034
34039
34041
34044
34047
34058
34061
34066
34069
34073
34079
34081
34083
34088
34091
34095
34098
34100
34104
34108
34112
34115
34120
34122
34125
34127
34134
34141
34144
34147
34149
34153
34156
34164
34167
34171
34173
34175
34179
34184
34187
34190
34194
34198
34204
34211
34217
34220
34224
34226
34230
34234
34238
34245
34248
34251
34254
34256
34261
34268
34273
34277
34279
34284
34286
34289
34297
34301
34305
34307
34312
34316
34319
34321
34324
34328
34331
34333
34336
34343
34347
34350
34354
34357
34361
34368
34370
34375
34377
34384
34388
34399
34403
34408
34413
34416
34418
34422
34429
34436
34438
34442
34446
34448
34452
34456
34462
34466
34468
34471
34478
34486
34489
34493
34495
34497
34502
34505
34510
34514
34516
34518
34520
34522
34525
34528
34537
34539
34542
34547
34551
34555
34563
34565
34569
34575
34578
34581
34583
34589
34593
34595
34599
34604
34609
34613
34616
34623
34628
34631
34635
34638
34641
34647
34650
34658
34660
34662
34665
34667
34669
34672
34677
34679
34684
34686
34690
34692
34695
34701
34707
34712
34720
34724
34729
34732
34740
34747
34753
34755
34758
34761
34769
34773
34777
34779
34782
34786
34789
34791
34796
34802
34805
34812
34818
34823
34827
34832
34836
34841
34844
34846
34855
34857
34866
34871
34873
34876
34879
34882
34885
34889
34898
34901
34906
34911
34914
34916
34919
34923
34929
34935
34940
34943
34946
34949
34951
34955
34958
34960
34973
34975
34979
34985
34989
34996
35000
35005
35008
35016
35027
35035
35039
35041
35045
35047
35051
35055
35057
35059
35064
35069
35077
35081
35084
35086
35093
35102
35106
35108
35115
35118
35122
35128
35133
35136
35143
35145
35152
35154
35162
35166
35170
35172
35175
35180
35186
35192
35195
35197
35200
35205
35207
35210
35217
35221
35230
35232
35236
35240
35245
35249
35254
35257
35264
35268
35273
35283
35285
35288
35291
35294
35296
35299
35302
35306
35309
35313
35315
35319
35322
35326
35328
35330
35334
35337
35342
35349
35351
35354
35360
35363
35367
35370
35373
35378
35381
35385
35389
35391
35401
35405
35407
35410
35412
35418
35421
35423
35434
35437
35440
35446
35449
35454
35459
35465
35472
35474
35476
35479
35483
35486
35489
35492
35495
35498
35502
35506
35512
35514
35519
35525
35531
35539
35543
35548
35551
35561
35563
35567
35570
35572
35574
35580
35582
35586
35590
35593
35597
35599
35602
35605
35609
35613
35617
35623
35627
35633
35635
35638
35645
35651
35655
35660
35669
35672
35676
35681
35687
35692
35699
35704
35706
35711
35714
35719
35724
35728
35734
35738
35741
35744
35752
35754
35757
35760
35762
35766
35769
35771
35773
35776
35779
35786
35791
35794
35801
35805
35808
35810
35817
35821
35825
35829
35832
35841
35847
35850
35858
35861
35865
35868
35873
35878
35884
35888
35893
35897
35906
35912
35915
35917
35919
35923
35926
35933
35937
35940
35944
35947
35951
35955
35957
35959
35961
35964
35974
35978
35980
35982
35987
35989
35991
35994
36000
36004
36007
36011
36014
36019
36021
36026
36031
36035
36041
36045
36050
36055
36057
36059
36064
36068
36071
36074
36078
36086
36090
36096
36099
36102
36108
36111
36116
36120
36122
36126
36128
36132
36135
36139
36142
36146
36155
36159
36161
36165
36167
36171
36174
36177
36183
36186
36188
36195
36197
36199
36203
36205
36212
36214
36219
36229
36235
36245
36248
36251
36253
36256
36264
36269
36271
36276
36282
36284
36288
36292
36295
36298
36302
36304
36306
36308
36314
36317
36323
36325
36331
36339
36341
36343
36347
36350
36356
36360
36365
36370
36376
36389
36396
36398
36403
36409
36412
36415
36417
36420
36424
36429
36431
36433
36435
36440
36442
36444
36446
36453
36458
36461
36465
36467
36473
36475
36477
36480
36486
36489
36493
36495
36498
36502
36506
36512
36520
36523
36526
36533
36540
36544
36549
36552
36554
36557
36563
36568
36571
36575
36580
36582
36584
36589
36595
36597
36599
36606
36608
36611
36614
36618
36620
36627
36631
36633
36638
36641
36644
36653
36659
36661
36665
36668
36675
36679
36683
36686
36689
36692
36698
36701
36705
36707
36713
36717
36721
36725
36727
36729
36731
36742
36750
36753
36762
36764
36767
36773
36776
36778
36780
36782
36785
36787
36789
36792
36795
36797
36801
36803
36810
36812
36817
36820
36823
36834
36837
36842
36847
36850
36854
36857
36860
36864
36866
36868
36870
36876
36878
36882
36887
36891
36894
36901
36904
36907
36911
36914
36918
36922
36925
36927
36929
36931
36933
36936
36939
36945
36947
36954
36958
36960
36965
36973
36979
36990
36995
37001
37004
37013
37018
37025
37027
37030
37036
37040
37045
37047
37052
37057
37060
37064
37067
37069
37073
37083
37088
37091
37094
37096
37102
37104
37106
37108
37110
37113
37117
37121
37123
37127
37131
37137
37139
37141
37143
37147
37157
37161
37163
37169
37172
37177
37179
37183
37189
37192
37195
37197
37200
37202
37205
37207
37211
37214
37217
37222
37224
37228
37231
37239
37241
37251
37253
37256
37258
37263
37265
37267
37270
37278
37281
37284
37289
37292
37298
37301
37303
37312
37316
37320
37323
37328
37333
37335
37338
37341
37343
37348
37352
37354
37357
37362
37364
37368
37372
37375
37383
37386
37388
37394
37401
37406
37411
37418
37423
37426
37428
37433
37435
37441
37443
37446
37448
37452
37455
37459
37465
37467
37471
37473
37480
37485
37491
37494
37497
37505
37507
37512
37519
37521
37523
37525
37527
37530
37535
37538
37542
37546
37549
37551
37553
37555
37557
37560
37562
37566
37577
37579
37581
37583
37585
37587
37591
37597
37600
37608
37612
37621
37624
37626
37629
37631
37636
37639
37642
37644
37647
37660
37665
37672
37676
37678
37681
37685
37687
37689
37693
37698
37701
37705
37710
37713
37718
37721
37729
37731
37735
37739
37743
37745
37747
37751
37754
37764
37775
37779
37787
37794
37796
37801
37810
37817
37823
37825
37830
37834
37836
37838
37844
37846
37848
37850
37854
37856
37859
37863
37868
37870
37872
37879
37882
37884
37888
37893
37903
37909
37914
37916
37920
37925
37928
37931
37933
37935
37940
37942
37945
37951
37955
37958
37961
37964
37976
37980
37983
37989
37992
37994
37999
38006
38009
38014
38018
38021
38024
38026
38029
38031
38038
38041
38046
38048
38052
38056
38064
38066
38069
38071
38073
38075
38084
38088
38094
38099
38102
38104
38107
38109
38111
38114
38119
38121
38124
38127
38130
38137
38141
38146
38153
38159
38162
38166
38169
38171
38175
38179
38181
38184
38188
38191
38193
38199
38203
38206
38208
38210
38212
38214
38224
38227
38231
38235
38239
38242
38248
38250
38254
38257
38265
38267
38270
38273
38277
38280
38290
38293
38295
38299
38304
38309
38314
38317
38319
38322
38327
38331
38334
38338
38341
38353
38355
38364
38367
38377
38382
38384
38387
38393
38398
38405
38417
38419
38421
38424
38448
38456
38460
38469
38474
38478
38480
38485
38489
38496
38502
38506
38509
38511
38513
38516
38518
38520
38522
38524
38526
38535
38540
38546
38550
38552
38556
38559
38561
38563
38565
38570
38574
38579
38583
38587
38591
38595
38599
38601
38604
38609
38612
38615
38618
38621
38624
38626
38629
38633
38635
38639
38642
38645
38648
38653
38655
38658
38662
38666
38668
38671
38674
38677
38681
38686
38691
38695
38700
38706
38711
38717
38722
38724
38729
38732
38736
38743
38749
38751
38753
38759
38761
38763
38767
38771
38779
38782
38785
38787
38790
38792
38797
38805
38809
38814
38818
38822
38824
38828
38831
38834
38840
38842
38846
38852
38854
38857
38859
38862
38865
38869
38873
38877
38887
38889
38892
38896
38904
38906
38911
38913
38915
38918
38921
38924
38929
38933
38936
38939
38945
38949
38951
38954
38957
38960
38968
38972
38974
38976
38979
38982
38990
38994
38999
39008
39010
39012
39020
39023
39026
39029
39033
39035
39037
39045
39048
39062
39065
39069
39072
39075
39079
39084
39087
39097
39104
39111
39114
39119
39121
39123
39127
39130
39133
39136
39139
39143
39145
39153
39158
39165
39171
39174
39176
39179
39184
39190
39196
39202
39207
39212
39215
39218
39221
39226
39228
39230
39232
39235
39238
39245
39249
39254
39256
39259
39262
39266
39274
39277
39281
39285
39292
39295
39302
39304
39306
39309
39311
39315
39318
39321
39324
39327
39333
39335
39338
39346
39348
39355
39358
39366
39368
39375
39377
39388
39391
39394
39396
39399
39401
39405
39407
39409
39411
39413
39417
39422
39425
39431
39433
39440
39444
39451
39454
39458
39460
39463
39468
39474
39476
39479
39485
39489
39492
39495
39499
39501
39506
39508
39512
39515
39520
39529
39534
39536
39545
39549
39553
39558
39561
39563
39568
39571
39576
39578
39580
39584
39591
39595
39598
39603
39605
39607
39612
39615
39619
39623
39628
39637
39639
39641
39643
39647
39652
39654
39657
39662
39668
39671
39676
39679
39682
39686
39689
39692
39695
39700
39704
39706
39708
39713
39716
39724
39728
39732
39736
39738
39740
39747
39749
39752
39754
39760
39763
39767
39776
39779
39781
39790
39794
39796
39799
39801
39804
39808
39811
39813
39815
39818
39823
39831
39836
39840
39842
39844
39849
39853
39855
39858
39860
39864
39868
39871
39875
39878
39880
39883
39886
39891
39896
39899
39906
39910
39912
39917
39920
39925
39927
39931
39935
39938
39941
39946
39949
39954
39957
39961
39965
39968
39976
39979
39982
39989
39994
39998
40001
40006
40011
40013
40017
40022
40024
40029
40033
40037
40039
40041
40048
40050
40053
40055
40059
40066
40069
40073
40077
40080
40082
40088
40090
40092
40095
40098
40100
40102
40105
40108
40110
40113
40117
40130
40135
40138
40140
40144
40147
40152
40156
40161
40163
40167
40177
40179
40185
40187
40192
40197
40201
40210
40213
40222
40227
40230
40232
40236
40241
40247
40251
40257
40262
40271
40273
40276
40279
40284
40291
40295
40299
40303
40314
40318
40324
40330
40332
40335
40337
40346
40356
40362
40365
40367
40369
40374
40382
40385
40390
40395
40405
40408
40411
40421
40423
40428
40433
40436
40439
40441
40444
40451
40455
40460
40467
40471
40474
40481
40484
40487
40490
40494
40498
40502
40504
40515
40517
40523
40526
40530
40532
40536
40540
40547
40549
40552
40554
40556
40562
40567
40570
40574
40581
40584
40588
40591
40596
40600
40602
40606
40608
40616
40620
40623
40633
40636
40639
40642
40644
40646
40648
40650
40655
40662
40665
40667
40670
40672
40676
40678
40686
40688
40692
40704
40709
40711
40713
40716
40719
40723
40728
40730
40733
40739
40747
40751
40756
40758
40761
40771
40773
40775
40779
40782
40786
40792
40796
40798
40805
40813
40821
40825
40830
40834
40839
40845
40852
40858
40865
40867
40869
40873
40880
40892
40897
40900
40903
40910
40913
40915
40917
40920
40924
40926
40931
40934
40938
40943
40946
40949
40954
40957
40959
40964
40966
40972
40975
40977
40982
40985
40989
40992
40995
40999
41002
41006
41009
41013
41015
41019
41023
41031
41036
41039
41044
41046
41051
41053
41059
41066
41074
41077
41080
41083
41089
41098
41105
41114
41117
41120
41124
41126
41129
41131
41135
41140
41144
41148
41152
41158
41172
41178
41184
41186
41191
41194
41199
41206
41209
41213
41216
41222
41226
41229
41236
41238
41245
41255
41260
41263
41267
41271
41273
41276
41279
41282
41285
41287
41291
41300
41306
41310
41312
41314
41316
41318
41321
41325
41327
41330
41334
41338
41341
41345
41349
41355
41357
41361
41364
41366
41370
41373
41378
41383
41388
41391
41396
41400
41404
41406
41410
41413
41420
41423
41426
41428
41431
41433
41437
41441
41449
41454
41457
41465
41468
41471
41475
41479
41484
41490
41492
41497
41503
41505
41507
41512
41520
41526
41530
41533
41535
41538
41543
41548
41554
41558
41561
41567
41570
41573
41578
41582
41596
41599
41603
41605
41610
41613
41617
41619
41621
41623
41626
41633
41637
41639
41644
41646
41648
41651
41655
41660
41662
41669
41671
41676
41681
41683
41694
41698
41707
41709
41713
41718
41726
41728
41733
41737
41740
41745
41748
41756
41760
41763
41769
41772
41774
41777
41781
41784
41788
41794
41799
41802
41805
41811
41816
41825
41832
41839
41841
41844
41847
41852
41855
41857
41861
41863
41865
41867
41871
41877
41879
41882
41887
41889
41893
41901
41903
41908
41910
41913
41919
41924
41934
41938
41941
41944
41947
41952
41956
41961
41967
41970
41974
41977
41982
41987
41992
41995
41999
42001
42006
42011
42013
42016
42021
42026
42033
42035
42040
42044
42048
42050
42056
42064
42068
42070
42073
42077
42079
42082
42085
42092
42095
42097
42101
42108
42116
42119
42123
42127
42130
42133
42140
42142
42144
42150
42154
42159
42167
42169
42171
42174
42180
42191
42199
42203
42205
42215
42221
42223
42226
42229
42232
42234
42236
42239
42244
42248
42252
42256
42258
42264
42266
42270
42272
42276
42278
42282
42288
42291
42294
42300
42308
42311
42313
42315
42325
42331
42336
42339
42342
42349
42352
42356
42360
42362
42368
42373
42376
42381
42383
42387
42389
42391
42393
42397
42401
42403
42412
42419
42429
42431
42433
42435
42443
42447
42450
42455
42460
42464
42466
42470
42473
42477
42482
42485
42487
42490
42494
42497
42499
42502
42510
42513
42522
42526
42532
42534
42536
42542
42545
42549
42552
42558
42561
42564
42567
42569
42575
42579
42587
42598
42602
42609
42614
42616
42622
42624
42636
42639
42644
42647
42651
42657
42662
42666
42668
42670
42672
42675
42678
42682
42684
42692
42694
42698
42706
42713
42720
42728
42734
42737
42741
42743
42746
42748
42754
42759
42765
42769
42772
42774
42776
42781
42786
42790
42796
42804
42810
42813
42819
42822
42824
42827
42829
42833
42840
42842
42848
42851
42854
42863
42868
42871
42873
42876
42882
42884
42888
42890
42893
42899
42907
42910
42916
42919
42922
42928
42932
42936
42938
42941
42953
42955
42957
42960
42968
42972
42974
42981
42986
42990
42995
43000
43006
43012
43015
43025
43027
43029
43033
43039
43046
43055
43058
43060
43064
43069
43079
43084
43091
43094
43097
43100
43106
43113
43117
43121
43124
43136
43140
43144
43146
43149
43155
43159
43168
43174
43178
43181
43183
43186
43189
43192
43199
43203
43205
43208
43210
43215
43219
43222
43224
43226
43231
43236
43239
43248
43254
43258
43260
43263
43265
43268
43271
43276
43279
43285
43288
43294
43297
43303
43307
43312
43315
43318
43320
43322
43333
43338
43341
43349
43355
43358
43363
43367
43369
43371
43374
43378
43382
43386
43389
43395
43397
43400
43413
43417
43420
43423
43426
43430
43432
43435
43440
43445
43448
43454
43456
43458
43460
43464
43466
43468
43474
43478
43481
43484
43486
43488
43491
43494
43496
43498
43501
43505
43511
43516
43518
43520
43523
43529
43536
43540
43542
43545
43548
43555
43557
43559
43564
43568
43572
43576
43582
43586
43588
43591
43594
43598
43600
43606
43608
43610
43614
43619
43623
43628
43632
43636
43639
43642
43645
43649
43651
43656
43658
43661
43663
43667
43670
43674
43678
43681
43683
43688
43693
43695
43697
43699
43705
43707
43709
43712
43714
43719
43721
43725
43732
43734
43736
43740
43743
43751
43753
43762
43764
43767
43770
43773
43776
43779
43783
43786
43789
43792
43798
43805
43807
43813
43816
43820
43827
43829
43832
43838
43842
43846
43852
43857
43860
43863
43876
43888
43891
43896
43905
43907
43909
43918
43921
43927
43929
43934
43937
43946
43949
43952
43954
43958
43973
43975
43977
43979
43985
43992
43997
44002
44007
44009
44012
44020
44023
44029
44032
44038
44041
44046
44050
44056
44061
44063
44066
44068
44072
44075
44080
44084
44093
44096
44099
44105
44111
44118
44123
44126
44129
44131
44134
44137
44143
44149
44152
44154
44165
44171
44173
44175
44180
44188
44194
44199
44203
44205
44211
44216
44222
44226
44229
44232
44239
44241
44244
44249
44254
44258
44263
44266
44274
44277
44280
44289
44294
44301
44307
44312
44317
44321
44323
44328
44331
44335
44337
44339
44345
44348
44357
44359
44362
44370
44373
44378
44382
44388
44394
44396
44398
44402
44405
44413
44416
44418
44424
44426
44428
44430
44432
44434
44438
44440
44444
44447
44449
44454
44460
44463
44465
44471
44479
44481
44483
44485
44488
44493
44495
44498
44503
44507
44512
44514
44516
44518
44521
44530
44536
44541
44543
44548
44551
44556
44561
44567
44572
44577
44579
44585
44588
44591
44597
44599
44602
44604
44608
44612
44617
44620
44625
44631
44636
44638
44642
44645
44648
44651
44653
44655
44657
44661
44668
44670
44672
44676
44678
44681
44683
44685
44692
44694
44700
44702
44704
44708
44711
44714
44717
44721
44727
44729
44732
44737
44741
44749
44756
44759
44761
44764
44766
44771
44775
44780
44782
44784
44790
44795
44797
44800
44808
44812
44818
44820
44824
44827
44830
44836
44847
44852
44858
44860
44869
44873
44878
44880
44883
44893
44898
44901
44904
44907
44909
44913
44917
44922
44924
44928
44931
44933
44942
44945
44948
44952
44958
44964
44968
44972
44976
44983
44987
44989
44992
44995
44997
45001
45009
45013
45018
45023
45026
45031
45034
45038
45040
45042
45047
45049
45051
45058
45065
45074
45076
45080
45083
45085
45089
45096
45099
45103
45110
45119
45124
45126
45129
45131
45136
45144
45146
45148
45153
45156
45164
45167
45170
45174
45176
45178
45181
45185
45188
45190
45200
45204
45207
45209
45212
45214
45217
45219
45230
45235
45242
45248
45252
45254
45256
45260
45263
45265
45268
45274
45278
45281
45284
45286
45289
45291
45294
45297
45305
45308
45310
45313
45318
45324
45330
45337
45341
45346
45356
45359
45362
45365
45367
45369
45372
45376
45383
45385
45387
45391
45398
45401
45404
45407
45412
45415
45420
45427
45432
45437
45443
45447
45451
45456
45460
45469
45473
45476
45478
45482
45486
45490
45493
45500
45503
45505
45509
45511
45513
45518
45527
45529
45533
45541
45543
45545
45551
45553
45555
45558
45561
45568
45570
45575
45579
45581
45585
45591
45595
45604
45608
45612
45615
45619
45623
45626
45630
45635
45642
45644
45652
45659
45669
45674
45677
45680
45689
45693
45697
45702
45704
45707
45709
45716
45721
45724
45728
45735
45738
45743
45747
45749
45751
45755
45759
45762
45765
45770
45772
45775
45780
45783
45790
45793
45795
45801
45803
45805
45807
45811
45815
45820
45825
45830
45833
45835
45839
45842
45844
45846
45850
45854
45858
45861
45867
45869
45872
45877
45880
45883
45886
45889
45899
45904
45912
45914
45918
45927
45930
45932
45939
45941
45944
45946
45948
45951
45955
45965
45969
45971
45973
45976
45981
45984
45988
45997
46000
46005
46008
46011
46016
46022
46024
46038
46043
46045
46050
46055
46068
46070
46073
46082
46086
46088
46096
46104
46106
46108
46110
46112
46116
46124
46132
46134
46136
46140
46147
46155
46160
46167
46175
46178
46181
46184
46187
46189
46191
46195
46197
46199
46206
46209
46220
46224
46227
46229
46231
46235
46239
46243
46249
46253
46255
46258
46260
46264
46266
46268
46270
46278
46284
46287
46294
46298
46300
46303
46305
46311
46314
46316
46322
46324
46332
46334
46337
46340
46344
46349
46351
46354
46356
46358
46362
46366
46369
46373
46385
46387
46390
46393
46401
46405
46411
46415
46419
46421
46424
46432
46438
46440
46442
46444
46450
46454
46456
46460
46462
46464
46470
46477
46479
46481
46485
46490
46497
46499
46503
46505
46507
46514
46516
46520
46525
46527
46531
46534
46536
46538
46542
46544
46550
46552
46557
46559
46564
46566
46570
46575
46579
46582
46588
46599
46602
46604
46606
46608
46614
46617
46624
46627
46632
46635
46642
46646
46651
46654
46659
46664
46669
46671
46673
46676
46679
46681
46683
46687
46690
46695
46697
46701
46704
46708
46712
46715
46718
46721
46727
46731
46734
46737
46742
46746
46752
46756
46760
46763
46766
46769
46771
46779
46786
46788
46792
46795
46797
46801
46811
46815
46819
46822
46825
46827
46831
46837
46842
46845
46847
46850
46852
46854
46856
46858
46861
46863
46866
46871
46873
46876
46880
46888
46891
46895
46897
46904
46907
46910
46914
46918
46920
46922
46927
46929
46932
46935
46939
46943
46948
46950
46953
46956
46962
46965
46973
46977
46981
46983
46994
46997
47000
47007
47010
47017
47019
47028
47034
47036
47041
47052
47054
47056
47061
47063
47067
47069
47071
47077
47081
47086
47090
47093
47097
47103
47105
47111
47113
47116
47118
47121
47123
47126
47128
47132
47136
47141
47145
47147
47149
47153
47157
47160
47163
47168
47173
47176
47182
47189
47191
47195
47199
47202
47206
47211
47214
47216
47219
47222
47226
47229
47231
47233
47235
47238
47240
47242
47252
47255
47263
47266
47268
47272
47274
47276
47279
47284
47291
47299
47304
47311
47313
47317
47320
47322
47325
47329
47332
47334
47336
47340
47342
47345
47351
47357
47360
47364
47367
47372
47378
47381
47383
47388
47390
47396
47399
47403
47406
47414
47418
47422
47425
47427
47429
47431
47440
47444
47447
47451
47454
47458
47462
47467
47471
47474
47478
47480
47485
47492
47497
47502
47506
47509
47512
47519
47521
47527
47534
47537
47543
47545
47551
47555
47557
47563
47566
47568
47573
47575
47580
47586
47593
47595
47598
47601
47604
47607
47610
47617
47621
47625
47627
47631
47635
47638
47644
47647
47651
47665
47667
47670
47673
47678
47684
47689
47695
47699
47705
47709
47711
47715
47721
47725
47732
47736
47741
47745
47751
47754
47760
47770
47777
47781
47786
47791
47794
47800
47803
47805
47809
47811
47814
47818
47822
47827
47832
47836
47840
47843
47846
47856
47864
47868
47872
47874
47876
47881
47884
47886
47892
47895
47898
47903
47907
47912
47914
47917
47920
47924
47927
47929
47932
47935
47942
47945
47951
47953
47957
47960
47965
47970
47974
47978
47981
47986
47988
47996
48000
48002
48009
48011
48014
48019
48024
48033
48038
48040
48047
48050
48053
48058
48060
48064
48067
48073
48077
48082
48086
48091
48095
48098
48104
48108
48112
48116
48118
48122
48124
48127
48134
48136
48148
48151
48153
48156
48161
48164
48166
48171
48174
48182
48186
48191
48197
48204
48206
48209
48217
48221
48223
48228
48232
48239
48241
48244
48248
48250
48261
48267
48269
48274
48277
48280
48282
48287
48289
48291
48295
48297
48299
48303
48306
48311
48317
48319
48321
48326
48329
48332
48338
48342
48344
48346
48356
48361
48364
48368
48374
48377
48382
48386
48392
48396
48401
48405
48408
48414
48418
48421
48425
48427
48429
48433
48437
48439
48443
48453
48455
48458
48465
48470
48474
48476
48486
48490
48500
48504
48512
48515
48522
48527
48533
48537
48540
48545
48549
48552
48554
48557
48562
48565
48571
48574
48579
48581
48584
48586
48591
48597
48601
48607
48610
48613
48617
48620
48623
48629
48635
48637
48639
48643
48645
48647
48650
48652
48656
48659
48664
48666
48671
48675
48681
48685
48689
48693
48700
48705
48710
48715
48718
48721
48724
48727
48730
48736
48740
48744
48750
48753
48759
48765
48767
48772
48778
48782
48784
48786
48788
48797
48800
48804
48806
48808
48810
48816
48818
48820
48824
48830
48834
48837
48839
48846
48853
48864
48867
48869
48873
48878
48883
48888
48892
48895
48901
48909
48911
48918
48920
48922
48925
48934
48942
48946
48948
48955
48958
48962
48966
48969
48973
48978
48980
48985
48988
48993
48998
49000
49005
49008
49014
49017
49020
49025
49027
49030
49032
49036
49038
49043
49048
49051
49054
49060
49066
49069
49072
49078
49083
49086
49092
49095
49098
49101
49109
49111
49116
49119
49123
49125
49130
49137
49141
49143
49145
49148
49151
49154
49157
49160
49162
49172
49174
49176
49179
49184
49188
49190
49192
49196
49207
49212
49214
49217
49222
49225
49231
49233
49236
49238
49240
49242
49246
49251
49261
49270
49275
49283
49286
49290
49293
49296
49298
49304
49307
49310
49313
49323
49328
49336
49340
49346
49351
49353
49356
49359
49363
49366
49373
49377
49383
49385
49390
49394
49404
49408
49410
49412
49415
49417
49430
49433
49436
49438
49440
49447
49450
49456
49460
49463
49465
49469
49473
49475
49478
49491
49496
49498
49500
49503
49507
49518
49521
49526
49531
49536
49544
49546
49557
49559
49564
49566
49569
49577
49580
49582
49589
49592
49596
49598
49601
49606
49609
49611
49617
49623
49626
49633
49637
49640
49648
49651
49653
49656
49658
49661
49664
49667
49671
49674
49679
49683
49688
49692
49695
49702
49704
49713
49715
49717
49719
49722
49724
49728
49730
49733
49738
49740
49743
49746
49752
49756
49759
49763
49766
49769
49773
49777
49781
49784
49787
49790
49792
49794
49804
49807
49811
49817
49820
49822
49824
49826
49832
49836
49838
49843
49845
49850
49858
49861
49869
49879
49885
49887
49892
49897
49905
49907
49909
49912
49918
49921
49925
49927
49929
49940
49942
49948
49952
49962
49966
49968
49970
49975
49977
49980
49983
49986
49989
49995
50005
50014
50016
50019
50021
50029
50032
50040
50044
50050
50053
50057
50059
50065
50068
50071
50073
50075
50077
50080
50083
50087
50093
50096
50103
50111
50116
50120
50122
50126
50128
50132
50137
50144
50146
50150
50153
50155
50160
50163
50167
50170
50174
50177
50181
50185
50190
50194
50198
50200
50206
50208
50210
50212
50215
50218
50225
50228
50234
50237
50240
50243
50245
50248
50252
50256
50259
50261
50264
50266
50271
50274
50279
50282
50288
50290
50292
50297
50303
50305
50309
50311
50315
50325
50331
50335
50338
50340
50344
50348
50350
50356
50361
50363
50365
50367
50375
50378
50382
50384
50394
50397
50400
50409
50413
50422
50426
50431
50433
50437
50441
50444
50447
50452
50460
50463
50467
50471
50475
50478
50480
50484
50487
50490
50496
50498
50500
50505
50509
50511
50516
50521
50524
50537
50543
50549
50553
50555
50557
50561
50568
50571
50573
50575
50580
50584
50586
50589
50595
50598
50602
50609
50615
50617
50621
50623
50626
50632
50639
50646
50648
50651
50657
50662
50666
50668
50672
50674
50676
50684
50687
50690
50697
50700
50704
50710
50718
50723
50726
50734
50741
50744
50750
50754
50756
50758
50762
50770
50772
50775
50782
50785
50787
50790
50793
50798
50800
50806
50809
50814
50821
50824
50826
50828
50831
50835
50837
50839
50843
50847
50849
50852
50854
50857
50859
50862
50866
50869
50874
50877
50881
50888
50893
50895
50898
50903
50905
50909
50914
50922
50925
50932
50936
50941
50945
50948
50950
50953
50958
50964
50967
50970
50974
50976
50982
50986
50989
50993
50995
51007
51010
51012
51017
51020
51023
51026
51028
51031
51036
51038
51040
51042
51047
51051
51056
51064
51070
51074
51081
51084
51091
51096
51100
51105
51114
51121
51123
51128
51135
51138
51143
51146
51152
51156
51165
51170
51174
51184
51190
51193
51196
51199
51201
51204
51207
51211
51214
51216
51221
51224
51226
51231
51236
51241
51243
51249
51265
51267
51270
51272
51279
51289
51297
51300
51309
51311
51313
51318
51320
51326
51333
51341
51347
51350
51353
51355
51359
51361
51363
51365
51371
51373
51379
51382
51386
51391
51395
51397
51399
51410
51414
51420
51423
51427
51431
51439
51443
51447
51452
51454
51463
51465
51470
51473
51479
51488
51490
51492
51494
51497
51500
51512
51517
51520
51526
51529
51532
51541
51544
51547
51554
51559
51561
51564
51567
51570
51572
51574
51579
51588
51594
51598
51601
51605
51607
51615
51617
51621
51626
51628
51632
51634
51637
51643
51646
51650
51654
51659
51665
51669
51671
51676
51684
51687
51698
51705
51712
51717
51723
51730
51742
51748
51753
51755
51760
51762
51772
51777
51783
51786
51792
51796
51798
51804
51808
51812
51816
51819
51822
51824
51830
51835
51839
51841
51846
51850
51855
51857
51861
51863
51865
51867
51871
51873
51877
51879
51883
51885
51888
51890
51894
51896
51898
51902
51906
51912
51918
51920
51922
51925
51927
51930
51932
51934
51938
51945
51951
51954
51958
51960
51964
51967
51970
51976
51978
51980
51982
51986
51991
51998
52001
52005
52007
52011
52014
52016
52019
52022
52024
52031
52033
52036
52039
52041
52047
52050
52053
52056
52061
52065
52067
52069
52076
52081
52084
52089
52097
52099
52102
52106
52109
52116
52119
52121
52127
52133
52136
52139
52149
52151
52157
52160
52164
52166
52170
52172
52178
52184
52188
52196
52207
52210
52214
52216
52220
52224
52230
52237
52241
52246
52250
52257
52262
52264
52273
52278
52282
52284
52294
52297
52302
52304
52307
52311
52314
52317
52320
52324
52326
52331
52333
52337
52342
52345
52348
52353
52357
52362
52364
52367
52371
52373
52375
52377
52385
52387
52390
52393
52397
52402
52406
52410
52412
52417
52419
52422
52424
52428
52430
52434
52439
52444
52448
52450
52454
52456
52458
52462
52465
52468
52470
52474
52477
52482
52485
52487
52493
52495
52498
52504
52507
52510
52513
52515
52517
52520
52525
52532
52535
52539
52543
52545
52553
52557
52565
52567
52570
52573
52575
52578
52583
52589
52592
52600
52603
52607
52620
52624
52634
52640
52643
52646
52649
52652
52655
52658
52662
52667
52674
52676
52679
52683
52685
52689
52693
52697
52705
52708
52710
52713
52720
52723
52725
52729
52736
52742
52744
52747
52752
52757
52759
52763
52766
52770
52775
52778
52781
52783
52785
52789
52797
52799
52801
52804
52808
52811
52817
52822
52824
52828
52834
52836
52842
52846
52854
52858
52860
52866
52872
52875
52885
52887
52889
52891
52898
52903
52912
52914
52917
52919
52923
52928
52932
52935
52940
52942
52945
52948
52951
52955
52958
52963
52969
52971
52975
52977
52980
52985
52988
52991
52993
52995
52999
53002
53008
53012
53015
53017
53020
53024
53026
53028
53031
53034
53043
53046
53049
53051
53054
53062
53067
53072
53074
53079
53083
53085
53087
53092
53094
53099
53102
53106
53109
53111
53115
53117
53120
53128
53132
53135
53138
53140
53142
53145
53147
53153
53158
53160
53165
53177
53180
53184
53188
53190
53195
53198
53207
53213
53217
53219
53223
53228
53237
53241
53250
53252
53255
53257
53262
53265
53267
53273
53275
53280
53287
53289
53293
53296
53301
53315
53318
53321
53325
53328
53333
53335
53337
53340
53344
53360
53364
53367
53371
53374
53378
53380
53382
53384
53398
53402
53404
53407
53411
53415
53421
53424
53428
53433
53436
53444
53450
53452
53459
53465
53469
53474
53480
53486
53490
53495
53498
53500
53507
53519
53522
53527
53534
53537
53541
53545
53548
53550
53552
53556
53559
53562
53564
53570
53579
53581
53583
53590
53595
53597
53609
53612
53617
53620
53625
53628
53632
53637
53643
53648
53653
53655
53663
53665
53667
53676
53680
53684
53689
53699
53704
53707
53711
53715
53718
53721
53725
53730
53735
53737
53740
53746
53752
53754
53763
53767
53771
53773
53777
53781
53783
53788
53796
53803
53809
53817
53819
53826
53829
53835
53837
53839
53843
53846
53848
53852
53854
53856
53860
53865
53868
53873
53876
53880
53886
53888
53891
53893
53895
53902
53904
53908
53911
53915
53922
53925
53927
53931
53933
53936
53938
53946
53950
53952
53957
53960
53962
53964
53970
53972
53974
53977
53981
53987
53991
53993
53997
54000
54007
54009
54015
54022
54026
54028
54035
54038
54041
54047
54050
54053
54056
54060
54066
54068
54073
54076
54081
54086
54090
54094
54097
54102
54105
54107
54111
54116
54120
54123
54128
54132
54137
54142
54146
54152
54154
54158
54162
54167
54170
54173
54181
54186
54189
54197
54199
54201
54204
54208
54214
54217
54221
54225
54228
54231
54234
54237
54240
54243
54247
54250
54253
54260
54267
54270
54273
54275
54278
54281
54285
54287
54290
54297
54300
54303
54311
54313
54319
54323
54332
54334
54339
54343
54346
54350
54353
54355
54357
54359
54362
54364
54371
54374
54377
54382
54385
54389
54391
54393
54406
54408
54411
54420
54423
54427
54432
54437
54441
54444
54446
54448
54452
54455
54457
54460
54462
54465
54472
54477
54481
54486
54488
54492
54497
54500
54506
54509
54511
54514
54519
54522
54527
54534
54538
54551
54556
54562
54565
54571
54575
54580
54585
54588
54591
54596
54608
54612
54615
54619
54622
54626
54632
54639
54644
54649
54651
54657
54660
54663
54665
54669
54671
54677
54681
54688
54691
54693
54697
54709
54712
54717
54723
54725
54727
54733
54737
54741
54743
54749
54753
54759
54761
54764
54766
54771
54776
54779
54782
54786
54788
54791
54794
54797
54800
54802
54804
54807
54811
54818
54822
54824
54827
54830
54835
54839
54843
54846
54851
54854
54862
54866
54873
54879
54885
54888
54891
54893
54900
54902
54904
54909
54913
54922
54924
54929
54936
54941
54947
54949
54958
54962
54965
54971
54973
54975
54977
54982
54984
54986
54988
54992
54994
54999
55002
55006
55009
55012
55018
55023
55026
55031
55035
55038
55044
55046
55048
55050
55061
55064
55070
55076
55082
55084
55090
55095
55097
55100
55105
55109
55112
55115
55119
55121
55124
55126
55128
55131
55138
55141
55145
55147
55155
55164
55173
55176
55178
55182
55187
55191
55193
55195
55197
55211
55218
55220
55225
55228
55231
55236
55240
55243
55246
55252
55257
55264
55268
55271
55276
55280
55282
55285
55289
55291
55293
55299
55302
55304
55309
55315
55319
55325
55332
55335
55340
55346
55349
55353
55358
55360
55365
55368
55372
55379
55382
55386
55388
55391
55393
55396
55411
55414
55416
55418
55420
55425
55427
55430
55434
55437
55442
55444
55446
55451
55455
55461
55464
55470
55473
55477
55480
55485
55496
55506
55513
55519
55521
55529
55532
55538
55547
55550
55552
55556
55558
55563
55574
55579
55585
55588
55592
55596
55599
55601
55604
55615
55617
55630
55638
55640
55645
55648
55655
55658
55660
55662
55664
55669
55673
55675
55679
55682
55687
55694
55697
55702
55706
55710
55718
55722
55724
55732
55736
55738
55741
55746
55748
55752
55756
55760
55763
55765
55772
55775
55786
55789
55792
55796
55803
55808
55810
55813
55819
55826
55833
55837
55839
55842
55851
55856
55867
55869
55872
55874
55881
55884
55886
55889
55896
55900
55903
55905
55912
55917
55919
55923
55934
55937
55945
55950
55954
55957
55967
55972
55975
55978
55984
55990
55995
55999
56001
56003
56009
56012
56016
56018
56020
56027
56037
56039
56042
56045
56049
56052
56054
56058
56060
56064
56068
56072
56076
56079
56084
56091
56094
56096
56102
56104
56108
56110
56120
56124
56127
56135
56138
56141
56143
56148
56153
56160
56163
56166
56168
56170
56175
56179
56184
56186
56189
56192
56206
56216
56220
56228
56232
56234
56239
56244
56246
56254
56258
56264
56268
56271
56274
56278
56280
56283
56289
56298
56301
56303
56306
56308
56310
56317
56323
56325
56343
56345
56353
56355
56358
56362
56368
56374
56376
56379
56381
56387
56389
56392
56399
56408
56415
56417
56426
56431
56434
56443
56445
56451
56458
56461
56470
56472
56475
56478
56482
56485
56490
56494
56502
56506
56510
56514
56518
56522
56527
56532
56537
56539
56542
56552
56555
56559
56561
56564
56571
56581
56583
56585
56594
56596
56599
56604
56609
56611
56621
56630
56633
56636
56639
56641
56643
56648
56651
56654
56656
56659
56662
56665
56670
56672
56677
56682
56684
56687
56695
56699
56704
56706
56708
56713
56715
56717
56720
56725
56727
56732
56736
56740
56742
56745
56747
56753
56757
56762
56768
56770
56779
56785
56787
56789
56793
56798
56801
56808
56811
56815
56817
56821
56824
56830
56832
56835
56837
56840
56845
56847
56853
56857
56863
56866
56869
56875
56879
56884
56889
56891
56895
56897
56899
56901
56904
56906
56914
56917
56920
56925
56929
56931
56934
56937
56945
56947
56953
56956
56961
56964
56966
56968
56972
56978
56981
56984
56987
56989
56994
56997
57001
57003
57005
57011
57013
57016
57019
57027
57030
57032
57040
57042
57044
57053
57057
57065
57069
57077
57079
57081
57084
57088
57093
57097
57102
57105
57109
57112
57121
57123
57126
57129
57133
57138
57142
57145
57148
57151
57155
57160
57166
57170
57181
57189
57195
57200
57204
57209
57211
57214
57221
57225
57228
57230
57233
57237
57240
57242
57245
57247
57249
57252
57256
57258
57267
57270
57273
57276
57279
57281
57287
57291
57294
57296
57298
57302
57305
57311
57314
57318
57322
57324
57327
57330
57337
57339
57343
57345
57348
57351
57354
57358
57361
57363
57365
57372
57374
57379
57383
57386
57392
57395
57401
57406
57408
57412
57414
57422
57426
57428
57431
57435
57439
57441
57447
57451
57458
57461
57464
57466
57471
57475
57481
57485
57487
57490
57502
57508
57510
57512
57520
57524
57528
57530
57539
57541
57547
57550
57553
57555
57558
57560
57563
57565
57567
57569
57571
57574
57581
57585
57587
57593
57595
57600
57602
57606
57610
57614
57617
57619
57626
57629
57632
57634
57637
57640
57648
57651
57653
57656
57661
57663
57666
57676
57678
57680
57686
57690
57692
57697
57700
57702
57705
57709
57715
57717
57719
57729
57732
57735
57740
57743
57745
57749
57751
57755
57759
57763
57766
57773
57777
57780
57784
57787
57790
57792
57796
57798
57801
57806
57813
57816
57820
57823
57825
57829
57835
57842
57850
57853
57857
57867
57872
57877
57880
57882
57886
57891
57899
57905
57911
57914
57917
57919
57922
57926
57928
57934
57936
57940
57945
57948
57952
57964
57967
57974
57976
57981
57983
57985
57990
57992
58002
58005
58013
58015
58017
58027
58037
58042
58052
58056
58059
58061
58065
58068
58074
58078
58084
58087
58089
58093
58099
58101
58105
58108
58110
58122
58127
58129
58131
58133
58140
58152
58156
58165
58167
58170
58175
58180
58185
58188
58194
58200
58209
58212
58217
58220
58224
58227
58230
58233
58237
58239
58244
58249
58251
58253
58259
58262
58264
58266
58268
58271
58279
58285
58287
58289
58291
58296
58301
58303
58307
58310
58313
58317
58320
58325
58328
58333
58338
58343
58347
58349
58353
58356
58358
58360
58362
58366
58368
58373
58377
58379
58381
58383
58390
58396
58400
58403
58408
58412
58417
58419
58422
58425
58427
58442
58448
58451
58460
58468
58475
58478
58486
58489
58495
58505
58507
58511
58513
58516
58518
58526
58529
58533
58535
58543
58545
58547
58552
58555
58560
58565
58567
58572
58576
58584
58592
58595
58598
58601
58604
58608
58610
58618
58620
58638
58640
58645
58648
58651
58653
58659
58662
58667
58670
58673
58684
58687
58691
58694
58696
58700
58703
58708
58710
58714
58719
58725
58729
58732
58738
58741
58744
58748
58750
58753
58755
58757
58759
58761
58763
58765
58769
58772
58775
58777
58781
58786
58789
58792
58799
58801
58807
58810
58813
58815
58820
58823
58826
58832
58835
58837
58841
58845
58848
58850
58856
58860
58869
58871
58875
58878
58884
58891
58894
58896
58899
58903
58909
58912
58918
58926
58928
58935
58938
58940
58943
58950
58954
58959
58963
58967
58969
58972
58978
58981
58985
58989
58994
58997
59007
59009
59018
59021
59026
59031
59034
59037
59040
59048
59052
59055
59057
59062
59064
59069
59072
59075
59082
59085
59088
59090
59094
59101
59105
59107
59111
59115
59117
59120
59126
59132
59136
59140
59143
59147
59153
59158
59161
59166
59174
59177
59181
59183
59185
59193
59203
59206
59213
59216
59218
59221
59223
59228
59234
59240
59243
59245
59249
59257
59260
59263
59265
59267
59275
59277
59280
59283
59286
59288
59290
59295
59298
59300
59310
59316
59320
59324
59331
59338
59340
59345
59351
59364
59368
59371
59377
59380
59383
59388
59394
59399
59401
59405
59409
59411
59415
59419
59421
59424
59428
59430
59432
59441
59445
59450
59452
59454
59456
59461
59466
59468
59473
59478
59485
59488
59495
59497
59500
59505
59512
59517
59523
59526
59529
59533
59540
59544
59550
59552
59555
59563
59566
59568
59573
59580
59586
59591
59593
59595
59601
59603
59610
59612
59624
59627
59632
59635
59638
59640
59643
59647
59650
59653
59659
59662
59665
59667
59669
59671
59673
59676
59680
59684
59687
59690
59694
59696
59700
59702
59708
59711
59713
59715
59719
59724
59729
59731
59735
59739
59742
59744
59754
59757
59761
59765
59771
59774
59777
59781
59783
59787
59790
59793
59803
59805
59808
59819
59822
59825
59831
59836
59843
59845
59854
59857
59864
59869
59873
59877
59880
59883
59891
59897
59900
59902
59911
59918
59920
59922
59928
59932
59935
59938
59941
59943
59946
59949
59952
59962
59964
59972
59975
59980
59984
59986
59989
59991
59996
60000
60003
60006
60008
60011
60014
60019
60023
60028
60032
60036
60045
60047
60049
60053
60058
60060
60063
60065
60069
60075
60081
60087
60091
60097
60101
60103
60106
60108
60117
60123
60128
60133
60140
60146
60154
60157
60159
60166
60169
60171
60173
60175
60178
60184
60186
60188
60190
60192
60195
60198
60204
60210
60215
60226
60229
60232
60237
60241
60245
60250
60256
60261
60265
60267
60272
60277
60283
60286
60289
60291
60295
60298
60301
60305
60308
60311
60315
60319
60324
60327
60329
60332
60336
60338
60342
60346
60348
60350
60352
60355
60357
60362
60366
60368
60370
60372
60374
60379
60387
60389
60393
60397
60401
60406
60411
60415
60417
60419
60424
60428
60430
60433
60438
60441
60443
60447
60451
60453
60462
60465
60472
60474
60482
60487
60491
60494
60500
60504
60508
60510
60513
60518
60521
60523
60525
60527
60532
60537
60539
60543
60545
60547
60550
60554
60560
60563
60566
60570
60576
60578
60582
60587
60590
60592
60594
60596
60599
60602
60607
60612
60614
60618
60627
60629
60633
60637
60641
60646
60650
60657
60661
60665
60668
60671
60678
60682
60684
60690
60696
60700
60703
60709
60711
60715
60723
60729
60735
60745
60748
60751
60753
60758
60762
60765
60772
60776
60784
60790
60794
60796
60798
60800
60803
60811
60819
60828
60833
60837
60843
60846
60848
60852
60854
60857
60860
60863
60866
60868
60873
60876
60879
60885
60890
60895
60898
60905
60912
60914
60916
60920
60922
60925
60928
60932
60934
60941
60943
60945
60955
60959
60961
60963
60969
60978
60982
60984
60987
60994
60996
61001
61004
61009
61017
61019
61021
61025
61033
61036
61041
61048
61051
61054
61056
61058
61061
61063
61066
61069
61072
61074
61079
61092
61097
61101
61103
61105
61113
61121
61126
61129
61137
61141
61143
61145
61155
61158
61163
61169
61179
61185
61189
61197
61200
61206
61210
61212
61216
61219
61225
61229
61231
61234
61241
61243
61248
61251
61253
61255
61259
61263
61265
61268
61272
61275
61277
61280
61282
61284
61288
61291
61294
61297
61299
61301
61307
61314
61320
61322
61327
61329
61331
61335
61337
61340
61346
61356
61362
61367
61371
61377
61381
61385
61387
61394
61398
61410
61414
61417
61419
61423
61429
61432
61437
61440
