33
60
92
125
150
177
201
226
256
289
323
353
381
412
441
473
506
530
563
599
630
664
690
719
745
773
802
831
854
876
900
932
971
995
1026
1053
1081
1113
1146
1179
1208
1241
1274
1298
1321
1354
1390
1414
1451
1484
1520
1548
1587
1619
1645
1680
1710
1738
1770
1804
1830
1861
1883
1917
1952
1975
2001
2029
2056
2090
2116
2139
2173
2202
2231
2263
2291
2329
2357
2386
2420
2444
2477
2503
2533
2568
2603
2636
2677
2702
2730
2757
2783
2820
2848
2886
2917
2952
2977
2999
3031
3068
3099
3119
3145
3176
3206
3234
3264
3297
3339
3366
3403
3429
3453
3478
3518
3543
3577
3603
3638
3669
3700
3732
3768
3794
3832
3863
3893
3928
3960
3989
4020
4046
4078
4106
4137
4167
4194
4231
4265
4296
4325
4355
4380
4415
4449
4482
4515
4542
4576
4602
4629
4661
4698
4735
4761
4789
4823
4848
4872
4900
4935
4956
4988
5022
5043
5073
5104
5136
5165
5195
5223
5253
5281
5316
5344
5365
5391
5420
5461
5487
5520
5559
5595
5635
5663
5687
5708
5737
5771
5805
5837
5862
5892
5932
5953
5986
6013
6042
6077
6107
6135
6161
6186
6215
6256
6286
6313
6344
6373
6410
6438
6462
6488
6521
6549
6577
6613
6641
6667
6694
6723
6750
6774
6806
6835
6866
6896
6929
6953
6985
7017
7056
7084
7118
7144
7176
7201
7231
7260
7291
7315
7342
7376
7407
7428
7454
7482
7511
7547
7579
7608
7640
7668
7698
7730
7766
7796
7824
7855
7881
7918
7947
7976
8010
8042
8072
8095
8121
8147
8178
8204
8229
8256
8296
8323
8347
8374
8407
8432
8462
8496
8533
8572
8609
8643
8668
8690
8725
8752
8776
8805
8831
8864
8894
8935
8972
8999
9025
9049
9081
9106
9132
9158
9185
9225
9258
9287
9318
9345
9375
9404
9443
9469
9495
9516
9538
9567
9595
9622
9653
9682
9718
9745
9777
9809
9831
9861
9890
9921
9942
9970
9996
10029
10058
10081
10113
10140
10170
10209
10244
10274
10304
10330
10358
10385
10412
10439
10468
10498
10522
10552
10586
10610
10642
10668
10704
10732
10762
10783
10822
10853
10883
10922
10945
10972
10993
11021
11052
11081
11106
11136
11171
11193
11225
11258
11282
11310
11336
11359
11388
11416
11446
11472
11503
11531
11562
11594
11629
11652
11680
11716
11742
11766
11793
11817
11842
11873
11895
11924
11956
11983
12015
12041
12071
12101
12129
12152
12184
12209
12243
12271
12298
12324
12341
12365
12389
12422
12455
12487
12511
12537
12573
12604
12628
12653
12680
12706
12733
12765
12790
12816
12843
12873
12891
12922
12948
12975
13001
13031
13057
13088
13108
13135
13172
13198
13225
13257
13287
13308
13341
13369
13391
13419
13448
13480
13506
13527
13552
13580
13604
13630
13662
13688
13707
13732
13759
13784
13810
13837
13862
13894
13917
13946
13971
14000
14028
14052
14076
14104
14129
14155
14182
14214
14239
14260
14288
14320
14345
14367
14397
14430
14459
14487
14517
14540
14565
14595
14618
14649
14671
14701
14726
14750
14771
14797
14818
14838
14867
14895
14925
14953
14977
15005
15039
15062
15086
15119
15145
15166
15190
15216
15239
15259
15282
15310
15330
15353
15379
15412
15448
15475
15504
15533
15558
15590
15613
15635
15659
15685
15711
15734
15765
15802
15825
15854
15886
15914
15940
15974
15999
16022
16051
16074
16102
16130
16157
16185
16214
16240
16267
16288
16312
16343
16371
16397
16427
16451
16473
16497
16524
16553
16579
16607
16634
16665
16688
16715
16739
16761
16794
16816
16840
16871
16897
16922
16953
16979
17014
17041
17060
17088
17113
17144
17173
17199
17229
17253
17278
17304
17331
17357
17378
17405
17425
17445
17469
17493
17519
17543
17565
17593
17627
17649
17669
17701
17728
17759
17780
17812
17843
17868
17894
17914
17938
17966
17994
18019
18043
18064
18086
18106
18133
18163
18189
18213
18242
18265
18293
18318
18344
18370
18398
18424
18449
18476
18504
18531
18554
18580
18608
18629
18658
18685
18708
18734
18756
18777
18803
18827
18853
18876
18904
18934
18952
18974
18996
19023
19048
19069
19095
19119
19148
19171
19196
19225
19251
19277
19303
19328
19356
19382
19408
19433
19453
19478
19501
19529
19553
19578
19599
19627
19649
19671
19692
19715
19745
19767
19790
19813
19840
19865
19891
19914
19942
19968
19991
20013
20040
20062
20086
20114
20143
20173
20194
20219
20241
20264
20289
20311
20340
20363
20381
20411
20433
20456
20488
20514
20535
20557
20582
20604
20632
20659
20681
20705
20727
20748
20772
20795
20817
20844
20871
20897
20922
20950
20977
20999
21020
21048
21072
21100
21121
21138
21161
21182
21203
21225
21254
21278
21303
21327
21352
21380
21402
21435
21462
21486
21509
21535
21560
21586
21607
21632
21661
21689
21712
21737
21757
21779
21803
21827
21850
21876
21897
21925
21943
21972
21999
22032
22058
22079
22104
22132
22159
22183
22209
22231
22252
22276
22302
22328
22350
22374
22401
22427
22455
22476
22493
22521
22545
22567
22592
22615
22636
22663
22694
22714
22737
22763
22786
22812
22835
22864
22886
22908
22930
22953
22979
23004
23030
23051
23074
23097
23120
23141
23166
23187
23211
23235
23257
23280
23301
23322
23344
23365
23395
23419
23437
23461
23482
23506
23527
23552
23575
23605
23630
23654
23672
23694
23713
23732
23763
23785
23806
23833
23858
23877
23905
23926
23953
23972
24000
24023
24043
24071
24091
24119
24138
24167
24190
24214
24241
24268
24290
24319
24343
24368
24387
24412
24442
24462
24488
24505
24530
24560
24583
24604
24627
24652
24677
24702
24721
24750
24770
24794
24818
24843
24862
24885
24913
24934
24955
24982
25004
25026
25047
25066
25091
25117
25141
25161
25186
25211
25233
25255
25278
25300
25323
25346
25372
25398
25425
25445
25467
25495
25519
25545
25571
25596
25619
25642
25666
25688
25706
25732
25755
25779
25798
25818
25840
25864
25893
25923
25951
25977
26006
26027
26051
26069
26090
26112
26136
26160
26180
26205
26228
26248
26267
26283
26307
26331
26358
26380
26401
26425
26445
26467
26488
26515
26544
26564
26593
26620
26644
26667
26692
26711
26733
26758
26782
26805
26830
26852
26870
26888
26916
26940
26968
26987
27013
27034
27058
27082
27103
27133
27154
27174
27197
27218
27243
27264
27288
27313
27337
27359
27383
27408
27434
27454
27478
27503
27521
27546
27569
27593
27618
27644
27664
27686
27710
27732
27757
27781
27805
27826
27849
27876
27902
27922
27948
27977
27999
28017
28035
28059
28077
28102
28127
28153
28175
28193
28218
28242
28263
28282
28312
28337
28361
28382
28403
28426
28448
28475
28498
28522
28543
28567
28583
28607
28631
28653
28672
28695
28719
28737
28759
28780
28803
28824
28843
28863
28881
28902
28923
28949
28974
28995
29014
29033
29055
29075
29097
29118
29136
29160
29181
29204
29228
29248
29271
29295
29314
29335
29358
29383
29408
29430
29450
29470
29494
29517
29537
29562
29582
29606
29623
29647
29669
29688
29705
29727
29747
29770
29792
29811
29831
29853
29874
29896
29918
29938
29961
29983
30003
30027
30048
30070
30094
30113
30132
30154
30176
30196
30219
30237
30258
30282
30301
30320
30342
30364
30385
30403
30425
30446
30468
30487
30514
30535
30558
30580
30605
30625
30644
30665
30684
30707
30729
30752
30772
30796
30817
30839
30863
30883
30906
30926
30945
30969
30989
31008
31033
31055
31074
31095
31119
31142
31164
31190
31211
31233
31255
31278
31298
31317
31339
31362
31384
31409
31431
31451
31475
31498
31518
31542
31564
31582
31606
31627
31651
31671
31698
31717
31738
31756
31779
31802
31825
31845
31867
31889
31915
31936
31960
31984
32005
32027
32052
32072
32097
32117
32134
32157
32178
32198
32222
32249
32270
32288
32309
32334
32354
32376
32396
32417
32441
32463
32485
32506
32529
32547
32569
32588
32609
32633
32654
32676
32698
32721
32741
32760
32782
32804
32828
32849
32869
32892
32911
32938
32960
32983
32999
33020
33038
33061
33085
33108
33130
33152
33173
33197
33216
33237
33255
33278
33297
33316
33337
33358
33378
33397
33419
33437
33455
33478
33496
33516
33537
33556
33577
33598
33617
33635
33658
33679
33701
33719
33738
33759
33776
33794
33823
33845
33870
33889
33909
33931
33949
33971
33995
34015
34039
34059
34079
34098
34120
34138
34161
34183
34202
34223
34243
34264
34283
34311
34332
34353
34373
34395
34421
34444
34470
34486
34506
34528
34551
34569
34590
34609
34631
34652
34674
34692
34711
34732
34754
34775
34793
34812
34831
34848
34872
34892
34911
34935
34958
34979
34996
35021
35044
35063
35083
35103
35119
35140
35157
35180
35206
35229
35248
35269
35287
35303
35324
35344
35362
35381
35402
35421
35442
35463
35488
35506
35527
35546
35571
35588
35606
35627
35648
35671
35689
35709
35727
35748
35771
35790
35809
35830
35850
35872
35895
35917
35939
35962
35980
36001
36017
36034
36054
36077
36099
36120
36140
36163
36184
36205
36227
36245
36261
36280
36302
36322
36340
36363
36383
36405
36423
36445
36467
36487
36509
36528
36551
36572
36592
36609
36631
36651
36669
36689
36711
36729
36755
36776
36798
36817
36834
36856
36874
36889
36906
36923
36943
36964
36981
37003
37025
37045
37066
37091
37109
37129
37151
37172
37191
37210
37233
37251
37271
37292
37311
37329
37346
37366
37386
37404
37423
37441
37460
37479
37498
37519
37542
37564
37583
37601
37625
37643
37661
37685
37704
37722
37744
37764
37785
37805
37824
37843
37863
37884
37906
37926
37942
37963
37981
38002
38023
38043
38065
38086
38107
38134
38151
38171
38191
38209
38229
38246
38267
38283
38301
38322
38340
38358
38374
38395
38412
38433
38456
38482
38502
38520
38539
38557
38579
38597
38618
38640
38658
38679
38700
38720
38742
38761
38783
38805
38825
38845
38867
38885
38904
38928
38950
38971
38992
39011
39029
39047
39065
39087
39107
39129
39152
39173
39198
39218
39240
39262
39287
39307
39327
39353
39370
39391
39415
39434
39457
39481
39512
39532
39548
39567
39591
39612
39633
39657
39677
39701
39719
39739
39758
39780
39803
39823
39844
39864
39882
39902
39923
39942
39960
39979
39999
40017
40036
40057
40077
40100
40119
40138
40161
40181
40203
40227
40248
40269
40288
40308
40330
40352
40371
40394
40417
40435
40454
40472
40493
40510
40533
40553
40577
40596
40613
40633
40651
40673
40693
40715
40734
40753
40773
40788
40809
40828
40846
40867
40888
40912
40938
40961
40980
40999
41019
41036
41058
41082
41099
41123
41145
41166
41189
41208
41227
41249
41267
41287
41305
41323
41346
41365
41384
41408
41428
41448
41468
41488
41504
41519
41535
41553
41573
41593
41610
41631
41649
41665
41685
41704
41726
41746
41768
41784
41805
41824
41848
41865
41883
41900
41919
41937
41956
41975
41998
42020
42041
42061
42082
42103
42120
42141
42162
42183
42204
42222
42242
42262
42283
42304
42326
42345
42366
42390
42410
42432
42453
42473
42490
42510
42533
42552
42572
42597
42619
42640
42658
42680
42703
42729
42751
42774
42794
42818
42837
42859
42876
42896
42920
42935
42952
42974
42995
43012
43029
43045
43064
43084
43104
43121
43144
43164
43188
43206
43229
43247
43266
43287
43307
43326
43347
43367
43387
43406
43429
43448
43466
43482
43500
43519
43542
43562
43583
43602
43620
43648
43666
43683
43705
43725
43744
43764
43784
43804
43823
43843
43862
43878
43897
43917
43934
43955
43972
43993
44012
44031
44049
44066
44086
44103
44121
44144
44165
44182
44199
44225
44243
44261
44281
44300
44318
44339
44355
44373
44395
44414
44435
44453
44473
44494
44515
44534
44553
44572
44595
44614
44634
44655
44677
44697
44717
44735
44756
44774
44794
44814
44834
44855
44873
44889
44908
44927
44947
44967
44984
45007
45025
45048
45065
45083
45105
45125
45144
45160
45178
45196
45216
45232
45249
45269
45287
45304
45323
45340
45359
45382
45400
45421
45438
45456
45475
45492
45508
45526
45546
45568
45586
45612
45628
45646
45666
45686
45707
45726
45749
45765
45786
45804
45822
45840
45857
45876
45896
45916
45934
45950
45971
45990
46009
46034
46052
46071
46091
46110
46129
46145
46163
46180
46200
46218
46235
46257
46274
46292
46310
46329
46350
46372
46391
46408
46426
46442
46462
46485
46505
46524
46544
46562
46583
46600
46617
46635
46655
46671
46689
46706
46726
46745
46766
46785
46804
46822
46839
46860
46880
46896
46915
46934
46956
46980
47001
47020
47039
47058
47077
47094
47114
47135
47152
47169
47188
47207
47224
47245
47262
47279
47297
47317
47337
47355
47370
47385
47404
47420
47440
47457
47473
47488
47505
47526
47542
47562
47585
47601
47619
47637
47654
47672
47690
47709
47727
47745
47765
47783
47801
47818
47834
47854
47869
47885
47903
47918
47936
47954
47974
47992
48012
48030
48048
48066
48087
48106
48122
48138
48154
48172
48193
48212
48228
48246
48267
48285
48305
48324
48343
48362
48379
48395
48415
48433
48449
48466
48483
48501
48522
48541
48557
48579
48595
48614
48632
48654
48675
48693
48712
48733
48753
48771
48788
48807
48824
48845
48863
48881
48898
48916
48933
48952
48969
48986
49006
49024
49043
49062
49079
49096
49116
49132
49156
49176
49196
49212
49233
49251
49268
49284
49307
49328
49346
49366
49384
49405
49423
49439
49459
49477
49496
49515
49534
49552
49570
49588
49606
49630
49650
49666
49683
49699
49716
49734
49753
49769
49789
49807
49828
49843
49864
49882
49904
49921
49939
49964
49982
49997
50016
50034
50054
50072
50087
50106
50125
50142
50160
50178
50196
50213
50230
50246
50265
50282
50305
50322
50342
50359
50380
50399
50416
50434
50454
50471
50490
50507
50525
50543
50562
50581
50600
50617
50634
50652
50669
50687
50704
50724
50743
50761
50777
50795
50812
50830
50849
50869
50886
50905
50924
50944
50965
50984
51001
51018
51040
51057
51075
51093
51116
51133
51152
51169
51186
51206
51228
51247
51267
51285
51302
51322
51337
51353
51369
51388
51405
51423
51442
51460
51479
51499
51515
51535
51553
51575
51592
51612
51628
51646
51663
51683
51700
51719
51735
51752
51770
51788
51804
51823
51841
51857
51873
51891
51910
51926
51945
51961
51978
51995
52013
52030
52047
52066
52085
52104
52123
52141
52160
52178
52198
52215
52232
52247
52266
52283
52302
52319
52334
52355
52374
52391
52412
52432
52449
52466
52485
52505
52521
52539
52554
52571
52588
52605
52625
52646
52666
52683
52703
52719
52734
52753
52773
52789
52806
52822
52839
52856
52877
52898
52916
52935
52954
52970
52985
53003
53026
53045
53064
53087
53105
53122
53140
53155
53175
53193
53212
53231
53248
53265
53280
53296
53313
53330
53347
53362
53377
53393
53411
53431
53448
53464
53479
53497
53514
53534
53552
53571
53587
53603
53619
53634
53654
53671
53688
53708
53727
53746
53764
53783
53798
53813
53833
53850
53865
53882
53898
53917
53933
53952
53967
53983
53999
54016
54033
54050
54068
54087
54104
54121
54138
54155
54176
54191
54210
54227
54243
54261
54279
54297
54317
54332
54348
54368
54386
54403
54418
54437
54455
54472
54491
54508
54527
54546
54563
54581
54599
54616
54632
54647
54664
54682
54698
54715
54733
54752
54768
54787
54804
54822
54837
54854
54871
54887
54904
54920
54938
54953
54973
54989
55007
55023
55041
55057
55075
55092
55108
55126
55142
55158
55179
55196
55212
55229
55245
55263
55283
55299
55317
55333
55353
55370
55390
55405
55423
55439
55455
55479
55498
55517
55533
55548
55567
55585
55605
55623
55639
55654
55670
55688
55705
55721
55737
55754
55770
55790
55806
55822
55841
55860
55877
55895
55913
55930
55947
55964
55982
55997
56016
56032
56048
56067
56084
56106
56121
56138
56156
56173
56188
56204
56219
56235
56251
56267
56283
56299
56315
56332
56349
56366
56381
56400
56418
56438
56456
56473
56488
56504
56524
56542
56558
56573
56589
56604
56619
56635
56653
56671
56688
56707
56722
56737
56753
56770
56787
56803
56822
56842
56860
56876
56891
56913
56931
56950
56967
56983
57000
57017
57033
57049
57066
57082
57099
57115
57130
57148
57165
57183
57199
57215
57237
57254
57272
57288
57305
57320
57337
57354
57371
57393
57408
57424
57441
57456
57472
57489
57507
57524
57542
57557
57572
57590
57606
57621
57636
57655
57671
57691
57707
57723
57738
57754
57774
57791
57806
57823
57840
57860
57877
57894
57910
57928
57945
57961
57978
57996
58011
58027
58047
58066
58086
58102
58118
58136
58151
58167
58186
58204
58221
58237
58253
58272
58288
58303
58319
58336
58353
58369
58385
58401
58418
58433
58451
58466
58483
58504
58520
58535
58551
58568
58583
58601
58619
58640
58657
58673
58691
58710
58725
58742
58763
58779
58795
58814
58830
58846
58864
58880
58897
58914
58931
58949
58966
58983
58998
59015
59032
59049
59066
59085
59102
59117
59132
59150
59168
59184
59200
59216
59237
59256
59274
59290
59305
59321
59339
59355
59374
59394
59411
59428
59446
59461
59476
59491
59509
59526
59542
59558
59574
59591
59606
59624
59640
59657
59676
59692
59709
59728
59745
59764
59780
59797
59815
59830
59847
59862
59879
59895
59912
59929
59945
59961
59976
59992
60009
60025
60041
60058
60075
60092
60109
60125
60142
60158
60175
60191
60206
60225
60244
60264
60281
60297
60313
60331
60346
60363
60381
60397
60413
60432
60448
60466
60484
60501
60518
60536
60552
60570
60585
60601
60617
60633
60650
60666
60682
60698
60716
60731
60746
60763
60780
60796
60812
60829
60845
60861
60877
60893
60910
60930
60945
60962
60981
60997
61014
61030
61047
61063
61080
61095
61114
61131
61148
61164
61180
61197
61213
61228
61246
61261
61278
61295
61311
61327
61345
61362
61379
61397
61415
61431
