0.12499990773788913
0.12499997508712112
0.0
0.36427646502852434
0.09240947384387253
0.2602630481123924
0.03661162778735161
5.587935450190208e-09
0.06249991686831402
0.18749983608722684
0.036611597985029214
0.03393079526722431
0.054917472414672375
0.01830580085515976
0.32008216282646534
0.03661162918433546
0.03661160171031952
0.11607698164880274
0.06249997508712113
0.022997218067757785
0.24463821947574613
0.12499987520277497
0.42677608132362355
0.06249992806576808
0.36963784880936146
0.0937499077990651
0.18749985471367833
0.18749983683134852
0.3437494002282619
0.16004114039242265
0.045764505863189704
0.21338810771703715
0.42677640914916987
0.2133882157504558
0.004576481878757484
0.21338825859129423
0.0937498891726136
0.0366116315126419
0.0624999701976776
0.010723296552896507
0.4321381598711013
0.0624999478459358
0.2499998807907104
0.09374993760138747
0.05334704276174306
0.19531231373548505
0.24463818594813344
0.27320716530084604
0.03124993721050845
0.062499951571226106
0.0624999590218067
0.05491742119193076
0.062499959953129285
0.07322324626147746
0.15624979510903356
0.19776317477226255
0.015624976716935628
0.23169396538287398
0.009152906015515326
0.32008228451013565
0.06786157377064227
0.1874997918494051
0.37499976158142084
0.10747928544878957
0.1874997848644852
0.07165282778441905
0.14062493108212945
0.25039209052920336
0.08237614855170251
0.18749987334012985
0.36427639206578455
0.07812488079071045
0.19776317477226255
0.17076439782977101
0.16004104446619744
0.10669406596571206
0.018305826000869267
0.04687492130324244
0.08995864354073999
0.06115953251719474
0.10669408552348611
0.07283062115311621
0.033930783160030835
0.12499993294477461
-7.450580587169507e-09
0.12499988451600072
0.04687495576217769
0.13013148494064805
0.12499989569187162
0.10669408920140588
0.062499955296516425
0.06249995902180672
0.21338819760333763
0.05334702972322701
0.05125514417886735
0.06249994784593582
0.17187486868351695
0.03661160718183964
0.03124996274709701
0.09374991853399528
0.07322328351438044
0.15245855506509537
0.0107232928276062
0.0411880500614643
0.06249996833503244
0.17187482118606565
0.28124967031180853
0.24084688816219565
0.36427644470064635
0.2225411310791969
0.07812489196658134
0.36427641659975046
0.031249970197677605
0.001570373773574829
0.05334703703507903
0.15624980162829158
0.18749988265335557
0.031249959021806717
0.11146675795316693
0.14330569189041853
0.17321526445448396
-2.980232238793034e-08
0.062499962747097
0.1433057207614183
0.14252045378088948
0.053347040899097906
0.12499980628490445
0.1341527855107225
0.06249997019767762
0.031249966355971985
0.3955264016985892
0.30713808909058565
0.10669413954019544
0.062499948071907056
0.062499975785613046
0.32008226215839375
0.0
0.07812489196658133
0.34754090011119837
0.2133881182096957
0.0
0.19776309467852113
0.062499967261924076
0.4267762005329131
0.21338820457458493
0.31092933192849154
0.02667351579293608
0.05491739604622124
0.12499991918564787
0.1874999105930328
0.2667352054268121
0.23169405758380884
0.14330567885190246
0.06786159402690826
0.4534497149288654
0.39552626013755793
0.010723295621573923
0.05491742864251138
0.11584698408842084
3.073364496255316e-08
0.12042341567575929
0.2225410363171249
0.004021210595965383
0.0624999590218067
0.2408467875793576
0.09832635708153245
0.02288226783275605
0.1600411087274551
0.18749982195759735
0.009152878075838086
0.009152911603450789
0.36127026006579394
0.13281236868351695
0.008042472298257051
0.0979337291792035
0.20502037927508351
0.02445264533162117
0.21495852619409556
0.0366116145312989
0.21338818222284311
0.12499987240880725
0.10826443228870629
0.2316939309239387
0.03661160880449842
0.036611635237932205
0.0
0.04687496460974216
0.0
0.1406248714774847
0.18749981559813017
0.06249995529651642
0.0937499292194843
0.15624986030161378
0.019876212812960148
0.15490939468145368
0.06786156073212622
0.4534498825669288
0.09374992409721015
0.06249998654003041
0.03124994505196809
0.06249996032617798
0.10669411346316338
0.09374993760138747
0.15624988265335557
0.06249992363154887
0.062499944120645516
0.1249998230487108
0.031249949050034972
0.18749976080989028
0.005361648276448248
0.1249998714774847
0.07165285944938658
0.36427638307213783
0.07165285851806401
0.027458742260932912
0.0026808232069015538
0.12499990314245221
0.004576450919135499
0.09106911532580851
0.0366116240620613
0.00781247578561306
0.06249991318212841
0.027458705008029934
0.24463821202516553
0.14330569888904596
0.24234984628856177
0.07622932177037
0.07400843128561972
0.12231903895735738
0.24463810073211786
0.12199385091662403
0.3642763867974281
0.005361644551157951
0.10669408366084096
0.1066940641030669
0.09374990500509739
0.03661164082586764
0.0732232667505741
0.0366116315126419
0.1433057337999344
0.24006165564060208
0.285041008144617
0.0937498528510332
0.12231904827058313
0.05491743516176939
0.018305793404579156
0.2621588744223117
0.1966527551412582
0.062499957159161554
0.0366116091609001
0.12499993065677314
-5.666604407927877e-09
0.009152890415862203
0.018305812031030655
0.04197326395660638
0.0
0.053347036242485046
0.1600411720573902
0.2233262844383716
0.004969078698195517
0.231693934649229
-2.980232238793034e-08
0.010723291896283625
0.06249993641805086
0.19286146201193327
0.23169397329911587
0.36427643895149225
0.018305825069546696
0.2499998547136783
0.018305800331290808
0.07812491338700055
0.03661161102354526
0.093749962747097
0.03661162592470646
0.036611625924706445
0.03661161474883722
0.14843736216425893
0.15245854877866802
0.12499990314245223
0.07812496460974215
0.16004109941422937
0.1074792738072574
0.03393081482499837
0.23169393651187414
0.15624986961483953
0.21338812480042255
0.21338820773273245
0.018305805511772626
0.16004107147455213
0.1874998995783805
0.031249975785613053
0.06249997019767761
0.31249984353780746
0.01830584369599819
0.10669412463903424
0.031249975785613053
0.07054239604622124
0.05491746570820942
0.06249994970858096
0.12499991804361342
0.2133882082998752
0.11584696918725965
0.14330572262406346
0.09374992456287144
0.06249994560309546
0.17834686115384102
0.18749981336106766
0.0053616501390934025
0.020986668765544884
0.23169400263577697
0.0624999664723873
0.21338814683258528
0.10669410042464733
0.24006163142621512
0.10669411346316335
0.062499927836208606
0.067861620336771
0.1333675608038902
0.06518076080828904
0.12499990127980706
0.3955264165997504
0.2133881859481334
0.15356904268264768
0.0624999701976776
0.08348658634349704
0.21338801230229615
0.057923458516597734
0.03124996554106473
0.3642763942480087
0.4267762601375579
0.10669408738613127
0.041973277926445
0.36427635699510563
0.027458699420094487
0.24084692075848574
0.054917439352720976
0.031249980442225933
0.0053616492077708236
0.18213819898664946
0.07165290042757987
0.1783469934016466
0.018305806443095204
0.06786154396831989
0.018305803318671706
0.26807557791471476
0.010723301209509371
0.16004115529358381
0.03661162406206131
0.10669402778148648
0.21338818222284311
0.010723304003477095
0.07165288017131387
0.09106907248497007
0.06249996181577443
0.06249994074303532
0.05491738766431808
0.09106909483671187
0.12499991818539888
0.03393079806119203
0.34296442195773114
0.0312499888163229
0.2812498286366462
3.725290303397831e-09
0.34374978393316263
0.3292351961135863
0.06249996647238731
0.018305807268093912
0.44753282517194737
0.018305800753797282
0.0983263552188873
0.0366116190427238
0.053347069770097705
0.010723299346864222
0.12499991059303281
0.12499991804361342
0.1874998931105829
-1.862645149245646e-09
0.09374993294477461
0.13454537652432916
0.13336763344705102
0.32276307110441843
0.24463815987110132
0.018305813893675797
0.10669412091374397
0.005361653864383696
0.015624996274709698
0.1433056518435478
0.18501521507278082
0.009152902290225027
0.21338819712400434
0.04687493294477461
0.12499991059303281
0.005361645482480523
0.21338819176675367
0.026673521846532815
0.0366116240620613
0.36427645771585715
0.23169394722208375
0.006146813742816447
0.14330574870109555
0.02745875902473926
3.725290303397831e-09
0.04197326954454183
0.06249992549419402
0.3109293766319751
0.036611628574951205
0.062499951571226106
0.14330574125051496
0.14330568909645078
0.0678616091609001
0.16690577566623685
0.046874973922967904
0.07322324207052587
0.12499992306440696
0.013404108583927158
0.24463812634348864
0.21338817104697222
0.2071461323648691
0.0015703942626714685
0.3475407809019088
0.1249999403953552
0.018305804580450055
0.07322324998676775
0.03661160916090011
0.06249995887709924
0.07165283430367708
0.10669413208961485
0.031249936670064916
0.10669415966996991
0.031249978579580777
0.3292350459378212
0.1821382232010364
0.2133883014321327
0.07165283150970934
0.0
0.03661163648272225
0.0732232630252838
0.12499991245567796
0.10669407248497008
0.03661163142616456
0.01830581677218301
0.018305808305740353
0.005361650139093406
0.15624991990625856
0.00915290042757987
0.23169398680329317
0.0678615979850292
0.4165130555629729
0.0366116277873516
0.0366116315126419
0.036611625933308904
0.222541157156229
0.1249999403953552
0.22254109079949558
0.018305810168385502
0.04687492828816174
0.1821381617337465
5.459999952162063e-10
0.03661162825301289
0.2133881154334122
0.07322326116263865
0.04687493667006492
0.213388219023793
0.031249977648258202
0.06250000186264514
0.1433057324029505
0.10669408738613127
0.06249997392296788
0.18749983608722684
0.018305822275578965
0.06249993220633376
0.1874997708946466
0.24999975785613057
0.03661163755253038
0.036611622199416154
0.0419732704758644
0.5464145243167876
0.062499987892806516
0.03393080970272422
0.26673516561277205
0.062499988824129105
0.19665272161364553
0.0026808101683855052
0.04687499999999998
0.054917437685258357
0.062499972060322734
0.12499990593641994
0.21338815987110132
0.12499988079071042
0.187499925494194
0.0312499850988388
0.09374988079071042
0.09106909483671187
0.12499992363154887
0.05491742864251137
0.010723285377025603
0.03661163058131932
0.018305793404579163
0.3968667164444923
0.05491743236780166
0.1848190897144377
0.0366116352379322
0.24999986216425893
0.053347052074968815
0.054917400702834115
0.010723297484219073
0.10669413208961485
0.10669408738613127
0.266735216602683
0.2316939532756805
0.17834693938493726
0.18749987929444842
0.10669410042464733
0.1303615570068359
0.24999979510903353
0.12231910228729245
0.0366116389632225
0.10669406969100234
0.32008228637278074
0.15624993108212948
0.2667351951822638
0.07812492549419402
0.07322324626147746
0.2499998435378074
0.03124997485429048
0.027458713389933102
0.4663940370082854
0.0
0.06249997671693562
0.031249978579580777
0.005361638963222521
0.1600411739200353
0.01830579712986946
0.10669405758380889
0.048215355724096284
0.14330573007464406
0.018305808305740367
0.01830579340457916
0.0
0.062499910593032816
0.18749988637864587
0.0053616501390933964
0.03124996274709701
0.019090998917818066
1.8626451516989157e-09
0.012293691746890541
0.10669409856200215
0.124999925494194
0.2149586379528045
0.03661162406206131
0.09374989569187162
0.0624999701976776
0.1249999776482582
0.1874999105930328
0.036611632516700736
0.11584700434468687
0.018305815290659663
0.12499996274709566
0.044979322701692574
0.3124997929268089
0.062499977648258195
0.0
0.21338827177159578
0.21338817477226255
0.03661163565306346
0.21338818781077856
0.07165285199880599
0.08348655700683592
0.1249999292194843
0.249999850988388
0.03124997764825821
0.1992184482514858
0.2133883014321327
0.06249997951090335
0.062499939464032636
0.18749973364174363
0.008042465895414354
0.3642764575779437
0.2499998871501787
0.01696539798628671
0.21338815614581103
0.009152887389063823
0.21338827908039087
0.036611627787351594
0.191521106287837
0.21338821202516556
0.03124997555278241
0.018305812962353223
0.038182024843990796
0.24999976903200147
0.018305817618966096
0.24999981746077535
0.018305813893675804
0.06249997929238393
0.1249999180436131
0.03661158308386813
0.14330570399761197
0.0
0.0183058064430952
0.09832632541656493
0.1821382790803909
0.01830585300922394
0.24463815614581103
0.3642765283584594
1.1175870895473877e-08
-6.2929308430881276e-09
1.317088699032089e-09
0.07165289483964442
0.0312499739229679
0.21606910973787302
0.3909499682486057
0.21495849080383772
0.2459785584360361
0.08995865657925603
0.062499933876097195
0.018305815756320946
0.2133881896734237
0.08002055436372754
0.17700657946988937
0.02745870500802993
0.005361645482480524
0.3200822994112968
0.009938113391399382
0.11584701063111423
0.053347066044807434
0.3200822658836841
0.05491742491722106
-9.14414588493173e-09
0.1249999292194843
0.3200822584331035
0.24463824664389025
7.128032608605394e-10
0.18749989010393617
0.24999974295496935
0.11584704741835593
0.010723299812525507
0.05491744261234997
0.12499997764825818
0.10669411346316336
-2.2351741781134675e-08
0.036611626157537096
0.10669410601258278
0.010723295621573923
0.04687497764825822
0.053347043693065636
0.14330574264749882
0.05491746589541434
0.0183058176189661
0.0366116240620613
0.12499989253372477
0.06249995715916157
0.09453516639769075
0.10669412836432454
0.34754096344113344
0.14330567978322503
0.062499955103633154
0.28124985098838795
0.018305815756320946
0.0312499813735485
3.7252903033978315e-09
0.0
0.0732232481241226
0.01830586791038511
0.19776316918432707
0.2446381896734237
0.2133882343769073
4.07598810259202e-09
0.02745872735977172
0.23169408738613123
0.0366116315126419
0.268305554986
0.21338820457458493
0.14598657609894866
0.18442636425606904
0.19665274769067762
0.0457645350252278
0.0624999701976776
0.10669408924877642
0.010723305866122244
0.320082297960718
0.18481899052858347
0.062499946215940565
0.12499992549419413
0.054917469620704665
0.06249996682685087
0.24999971687793726
0.1249999776482582
0.1066941265016794
0.062499973922967904
0.3642765581607818
0.054917445406317704
0.21338822779430133
0.018305826932191845
0.15624979324638844
0.14330567046999929
0.09374989988282321
0.0624999663917509
-2.6341762104920004e-09
0.0624999925494194
0.03661163084841989
0.06249995157122611
0.12499990650356184
0.21338827908039087
0.11450657621026038
0.12231907993555068
0.031249996274709698
0.005361646413803098
0.018305805835712046
0.01830582600086927
0.0
0.018305825069546696
0.14330577570945022
0.2133882934359956
0.0
0.1433057282217187
0.005361652933061121
0.09374995177781774
0.1249999180436134
0.07165287248790263
0.03125001769512891
0.4267766177654265
0.23169402033090586
0.32008230499923224
0.1600410901010036
0.18213835358619687
0.062499954956314344
0.10669410228729247
0.054917369037866585
0.01830580830574035
0.12499989827512613
0.016965389251708977
0.06249997324462841
0.24999970570206637
0.14062485843896863
0.36427653022110457
0.09374995809048413
0.31092941354818926
0.010723304003477095
0.12499992544879167
0.0
0.1249999590218067
0.07322325930631567
0.01608495088294148
0.1874998775616694
0.0937499450519681
0.32008222118020047
0.01830580846772256
0.16004115343093872
0.0366116240620613
0.031249992150222724
0.0274587208405137
0.12499991804361342
0.16004112921655173
0.01830582693219185
0.2225411012768745
0.14062491245567796
0.03661164082586764
0.0624999664723873
0.21338833868503565
0.03661162686819275
0.10669409297406672
0.18213827535510058
0.10669416002929209
0.062499975785613046
0.23169406130909914
0.32008239626884455
0.12499985499724928
0.2133882828056812
0.062499955296516405
0.010723302140831946
0.009152923710644243
0.6401648335158824
0.12499994083239316
0.03661161079756869
0.23169400915503496
0.16004111617803574
0.06249995491074988
0.14330577105283734
0.018305810168385502
0.34374963096342975
0.031249979468319488
0.2133882492780685
0.21338822878897185
0.06249997958179609
0.018305823206901547
0.16004119906574485
0.12499994312814697
0.0624999739229679
0.21338824555277824
0.0015704147517681148
0.1433057468384504
0.015624988824129101
0.4267763346433639
0.010723277926445002
0.4321381375193596
0.10669407807290551
0.10669409949332476
0.0624999813735485
0.12499998323619363
-3.225446576493575e-10
0.005361651536077259
0.11584697663784026
0.036611639312468455
0.24084682017564768
0.6218588277697561
3.7252902935847538e-09
0.1874998323619365
0.2316941106691956
0.07322328537702559
0.10669409111142156
0.0
0.18749986961483955
0.06786154428789935
0.17377052083611488
0.06249994225800036
0.7285531461238861
0.031249988824129098
0.24999984726309776
0.062499955296516405
0.1874999105930328
0.06249995529651641
0.2667352724820375
0.16004118137061593
0.124999925494194
0.018305808305740353
0.2133882232010364
0.12499989755451678
-7.450580587169506e-09
4.521415686298268e-09
0.24463826604187483
0.062499999999999986
0.12657026993110773
0.46338794380426396
0.106694127433002
0.0366116352379322
0.0549174421466887
0.05491743888705969
0.10669410414993763
0.10669412650167939
0.46338814496994013
0.0366116389632225
0.01830582320690155
0.42677655816078175
0.018305830657482144
0.12499997019767758
0.0
0.2133882939815521
0.031249973922967904
0.3200824167579412
0.0
0.1249999441206455
0.36427656188607205
0.1249999813735485
0.12499991403475194
0.036611642688512795
0.054917468590689904
0.10669412463903426
0.1433057389222085
0.03661163710057734
0.09374994598329064
0.010723307728767392
0.4176235944032668
0.07322330027818678
0.26026324322447175
0.031249981373548508
0.15624991618096826
-3.5430323119811642e-09
0.010723300278186796
0.06249995129346235
1.2585863018443885e-08
0.06249996088445185
0.01987621001899242
0.27008622430730606
0.08237620443105696
0.1874999478459358
0.12499989569187162
0.010723296552896496
0.18749985471367833
0.26830565929412836
0.12499997019767758
0.23169393837451932
0.0732232630252838
0.0
0.2499999552965164
0.03124997671693562
0.18749986030161375
0.0624999888241291
0.21338836103677747
0.0
0.4267766028642654
0.37499985843896855
0.18749993480741972
0.0732232853770256
0.36427645385265345
0.0366116352379322
0.03661158715926915
0.2133882082998752
0.0
0.10669410883396678
0.24999997019767756
0.018305815756320953
0.10669413581490514
0.21338817104697222
0.062499977648258195
5.702426050243447e-09
0.32008246332407
0.10447325557470319
0.05491742771118878
0.016084941569715735
0.06249997277312618
0.18749989196658132
0.019876206293702126
0.36427649855613703
0.3749998807907104
0.0624999701976776
0.3642765879631042
0.0
0.21338820457458493
0.4267766773700713
0.03661161288619042
0.21606905758380884
0.06249996647238731
0.374999664723873
0.21338821761310098
-7.450580606795661e-09
0.18749986402690405
0.031249972060322758
0.21338814869523043
0.018305804580450044
0.06249994927020027
0.37499979138374323
0.42677640914916987
0.01830581948161125
0.3124999390782662
0.18213815987110132
0.2133882753551006
0.2446382343769073
0.06249998509883879
0.2133882232010364
0.12499991059303281
0.0
0.05491743609309195
0.06249999999999997
0.01072330307215452
0.25536142569035286
0.24999989812553447
0.10669412463903424
0.0
0.053347059525549384
0.12499991059303281
0.1249999664723873
0.06249998323619364
0.2499998807907104
0.09374994039535521
0.21338826966461963
0.12499995809048413
0.3200823869556188
0.4633880257606506
0.49999997019767756
0.10669414978474377
7.450580601889122e-09
0.21338828624740033
0.21338821388781065
0.18749985657632348
0.12499997578561303
0.0366116352379322
4.789089319556793e-09
0.062499967403709875
0.0
0.2499998919665813
0.1821382157504558
0.28661161661148066
0.06786160496994852
0.0937499526623384
0.23169405106455085
0.08995867706835269
0.14330575615167615
0.42677646875381464
0.0
0.0624999701976776
0.036611642688512795
0.01072330493479967
0.2499999605648724
0.0
0.21338827908039087
0.18749998544808472
0.12499995529651639
0.4999999105930328
0.036611642688512795
0.426776498556137
0.32008242607116694
0.10669410973787305
0.06249997951090333
0.036611636159510845
0.03661161474883555
0.3044573459774255
0.036611657589673996
0.05491746682673691
0.07322329282760619
0.03661164292134344
0.1249999292194843
0.18749991804361338
0.0
0.1249999403953552
0.2133881859481334
0.07165287341922519
0.0732232630252838
0.036611635237932205
0.21338821016252038
0.06249999819460061
0.09374994039535522
0.18749996517688403
0.24999991059303278
0.053347053006291376
0.0366116315126419
0.06249996647238731
0.21338833868503565
7.450580587169506e-09
0.32008228097152863
0.42677664011716837
0.24999994039535517
0.018305798061192032
0.12499991990625846
0.06249996647238731
0.062499975785613046
0.0
0.01830581948161125
0.06249995902180671
0.26072323322296137
0.21338827908039087
0.03661164268851279
0.010723317973315712
0.18213823065161705
0.05949390120804309
0.28124994039535517
0.06249994365498422
0.0
0.2667353339493274
0.07322328537702559
0.06786163523793218
0.0624999888241291
3.725290293584753e-09
0.0
0.05491744354367255
0.18749987147748468
0.1562499366700649
0.21338830888271326
0.0366116389632225
0.4267766773700713
0.010723301209509371
0.0
0.07322325964923947
0.018305821344256398
0.06249995730094725
0.0
0.036611626999404116
0.18749987147748468
0.0
0.24999991059303278
0.25536158680915827
0.21338827256113288
0.018305817412128552
0.0624999701976776
0.027458719909191125
0.031249972060322758
0.21338824555277824
0.3696380257606505
0.06786163896322249
0.1249999701976776
0.009152904152870183
0.0366116389632225
0.2133882939815521
0.0
0.0
0.4267766177654265
0.06786164443474262
0.12499997019767761
0.062499990932135305
0.0
0.062499977648258195
0.018305816687643525
0.0
0.005361645482480524
0.062499996274709695
0.0
0.018305819481611255
0.0937499552965164
0.24999994039535517
0.0
0.2133882939815521
0.249999925494194
0.0
0.24999979883432386
0.12499994784593581
0.0624999664723873
0.10669411346316335
0.073223277926445
0.36427664756774897
0.12499990922393898
0.10669412463903424
0.7285529524087904
0.42677655071020115
0.21338826104489894
0.036611646413803094
0.4176236391067504
0.05334706418216227
0.4267766177654265
0.0
0.12231913674622771
0.0183058213442564
0.0366116240620613
-3.725290298491292e-09
0.010723296552896496
0.0
0.24999997019767756
0.0
0.3437498435378074
0.036611642688512795
0.0732232928276062
0.21338829211890695
0.09374990286668704
0.426776498556137
0.14062488451600072
0.0
0.42677664756774897
0.062499977648258195
0.213388305157423
0.07322328537702559
0.36427660286426533
0.05334705719724297
0.24999991059303278
0.0
0.05491746217012405
0.36427655816078175
0.1249999888241291
0.0
0.2316939532756805
0.0624999813735485
0.05491744028404354
0.18749984973465064
0.3749999171122908
0.2133882492780685
0.1171874403953552
0.06249996647238731
0.18749998137354848
0.0
0.03661162033677101
0.010723298415541645
0.21338827908039087
0.0
0.0
0.005361650139093398
0.21338823437690732
0.062499979510903345
-3.725290298491292e-09
0.062499977648258195
0.0366116352379322
0.2133882492780685
0.10669410228729247
0.49999988079071034
0.09374994039535521
0.06249999254941939
0.0
0.073223277926445
0.0
0.0183058138936758
0.1249999403953552
0.036611648276448236
-3.441718909868995e-09
0.01830581575632095
0.2133882492780685
0.0624999701976776
0.0
0.3749999180436134
0.21338820457458493
0.010723300278186796
0.3124999581925879
0.2133883014321327
0.4267766177654265
0.036611642688512795
0.49999981373548497
0.0
0.3124998956918716
0.031249992549419396
0.24463827349245545
0.0
9.313225191043272e-10
0.062499970197677605
0.0026808260008692737
0.07322329282760619
0.24999994671165204
0.06249998509883879
0.03661161288619041
0.062499981373548494
0.03124998696148395
0.0
0.09374996460974214
0.4999998211860656
0.10669410228729248
0.073223277926445
0.12499995529651639
0.03661163977812975
0.2133882939815521
-3.4417182437351808e-09
0.3642765283584594
0.09374997578561306
0.073223277926445
2.9802322427182645e-08
0.07322330027818678
0.18213829770684237
0.062499973922967904
0.06518076063366605
0.0
0.249999925494194
0.018305819947272536
0.0
0.0
0.21338827908039087
0.06249994412064553
0.426776498556137
0.3642765879631042
0.036611646413803094
0.21338823164018558
0.1874999403953552
0.124999962747097
0.10669415489331001
0.24999989569187162
0.036611628718674176
0.06249998509883879
0.10669409483671186
0.031249992549419396
0.4267766177654265
0.36427649855613703
0.2499999552965164
0.09374995157122609
0.4267766177654265
0.03661164455115794
0.06249998882412909
0.0732232332229614
0.21338832292344465
0.062499973922967904
0.3227631747722625
0.3642766177654266
0.24999997019767756
0.0
0.0
0.06249998509883879
0.0
0.12499995793069349
5.7024274191519445e-09
0.18749997019767758
0.12499998509883878
0.23169411718845362
0.0
0.374999850988388
0.3749999143183231
0.3200824484229087
0.21338828094303605
0.23169410601258272
0.12499996274709699
0.062499962747097015
0.06249998378174981
0.09374997019767761
0.0366116352379322
0.4267765502261153
0.4633881412446499
0.4999999105930328
0.24999995529651636
0.3749998845160007
0.21338833309710023
-5.875381958730939e-09
0.499999850988388
0.027458728291094296
0.07322328537702559
0.0
0.49999993573874224
0.3642766177654266
0.24999994039535517
0.0
0.9999996423721311
0.426776498556137
0.21338827908039087
0.0
0.073223277926445
0.2499999552965164
0.1874999552965164
0.3642765283584594
0.073223277926445
0.0183058138936758
0.28661164641380305
0.187499925494194
0.0
0.0366116426885128
0.187499962747097
0.0
0.2133882530033588
0.2133882865309715
0.0366116240620613
0.10669414140284059
0.0
-9.313225191043272e-10
0.06249996647238731
0.10669413954019545
0.1249999776482582
0.426776626612991
0.062499962747097
0.24463835358619684
0.4267766363918781
0.07322330027818678
0.0
0.2499999999999999
0.49999983608722676
0.4267765879631042
0.1874999105930328
0.018305834382772442
0.4267765879631042
0.0
0.3642766177654266
0.036611646413803094
0.49999988079071034
0.0624999888241291
0.21338833868503565
0.12499995902180669
0.010723298415541647
0.18749991424670157
0.14330577570945022
0.24999997019767756
0.0
0.4267765879631042
0.2316941013559699
0.1874999403953552
0.073223277926445
0.0
0.3642766419798135
0.041973308310844
0.3642765581607818
0.036611642688512795
0.4267766177654265
0.07322329282760619
0.0
0.0
0.07322329282760619
0.0
0.4999999999999999
0.2499998807907104
0.4267766773700713
0.12499994784593581
0.12499997019767758
0.07322329282760619
0.1249999590218067
0.42677658423781395
0.0
0.0
0.1249999776482582
0.0
0.2133882641792297
0.09374994598329066
0.0624999701976776
0.24999997019767756
0.0366116352379322
0.21338830888271326
0.07322330400347707
0.0
0.3749999105930328
0.0
0.0366116389632225
0.07322326302528379
0.4267765097320079
0.21338825672864908
0.1249999450519681
0.4267766773700713
0.03661163290962576
0.062499953243975157
0.39552662335336203
0.3642766177654266
0.4267766177654265
0.2499998807907104
0.0
0.2499999441206455
0.008042471483349797
-1.8626449082114674e-09
0.06249998137354848
0.036611646413803094
0.24999991059303278
0.2499999552965164
0.4999999403953551
0.42677664756774897
0.0
0.4999999105930328
0.0
0.21338820457458493
0.06249999534338711
0.06786159239709376
0.18749994598329064
0.06249994784593581
0.0
0.2133882418274879
0.062499975785613046
0.39552652835845936
0.4999999403953551
0.4999999105930328
0.0
0.21338827349245545
0.06249996904037835
0.0366116315126419
0.0
0.12499994970858097
0.01830581249669194
0.0
0.14330575894564385
0.42677664756774897
0.0366116352379322
0.0
0.0
0.0624999701976776
0.18749988824129102
0.4999999105930328
0.12499994365498421
0.49999997019767756
0.21338833868503565
0.021446630358695998
0.0
0.12499997019767758
0.07322328537702559
0.06249998509883879
0.4999999701976775
0.24999995157122606
0.0
0.062499981373548494
0.10669416934251783
0.036611609160900116
0.2133882492780685
0.0
0.07322328537702559
0.124999925494194
0.2133882865309714
0.010723302140831946
0.018305815756320953
0.21338833868503565
0.0
0.49999988079071034
0.3642766199476507
0.062499974694500735
0.49999997019767756
0.054132249671965824
0.2133882641792297
0.12499997019767758
0.0366116352379322
0.12499997446852405
0.426776498556137
0.0
0.021446589380502694
0.0
0.42677655816078175
0.0366116426885128
0.124999962747097
0.32008244469761843
0.06249994613780698
0.2133882641792297
0.3749998807907104
0.0
0.24999997019767756
0.4999999403953551
0.3642765283584594
0.062499977648258195
0.0
0.062499977648258195
0.0366116389632225
0.4267766773700713
0.24999993512700008
0.062499944120645516
0.2133882492780685
0.49999988079071034
0.24999994039535517
0.10669413581490517
0.06249999254941939
0.06249998509883879
0.0
0.21338830888271326
0.0
0.24999994039535517
0.1249999776482582
0.0
0.0732232965528965
0.010723302140831946
0.0
0.32008239626884455
0.07322328537702559
0.0366116315126419
0.3642766177654266
0.1249999403953552
0.062499986030161256
0.0
0.036611646413803094
0.23169403523206705
0.42677655816078175
0.2133882064372301
0.0
0.39552662242203945
0.05491746589541434
0.1357232332229614
0.4267765879631042
0.06249998767428737
0.2499999552965164
0.10669414699077605
0.4267766773700713
0.8535531386733054
0.0
0.0
0.18749991990625856
0.010723300278186793
0.073223277926445
0.2499999552965164
0.21338832378387448
0.07322328537702559
0.036611646413803094
0.0
0.49999997019767756
0.10669415071606633
0.36427664756774897
0.18749991615234524
0.21338832378387448
0.018305824603885412
0.4999999999999999
0.4267766773700713
0.0
0.06249999254941939
0.05491745332255958
0.12499996449525042
0.12499999068677423
0.42677659913897503
-2.8512132654867624e-09
0.49999988079071034
0.42677664756774897
0.06249998509883879
0.4267766177654265
0.06249998789280653
0.21338830888271326
0.2499999552965164
0.4999999105930328
0.07322327792644501
0.3642766177654266
0.10669414792209862
0.062499999999999986
0.0366116352379322
0.4999999403953551
0.0
0.4999999403953551
-9.31322574377496e-09
0.24999996647238729
0.249999925494194
0.24999997019767756
0.12499996756350029
0.062499977648258195
0.054917428642511375
0.4267765283584594
0.42677655816078175
0.4267765029205862
0.3642766177654266
0.0732232257723808
0.0624999850988388
0.4267765879631042
0.42677655816078175
0.0
0.0
0.249999925494194
0.24999991059303278
0.42677651345729817
0.0
0.124999925494194
0.0
0.2499999552965164
0.12499994784593581
0.1249999403953552
0.24999995157122606
0.4267766773700713
0.01072330307215452
0.12499995529651642
0.4999999403953551
0.7499999031424521
0.010723301209509371
0.4999999403953551
0.36427664384245867
0.0183058176189661
0.49999988079071034
0.1249999664723873
0.2499999552965164
0.499999850988388
0.0
0.0
0.031249988824129098
0.42677664756774897
0.2499999552965164
0.01072330307215452
0.0
0.249999925494194
0.4267766177654265
0.0
0.4999999403953551
0.6401648595929145
0.0
0.24999998137354845
0.2499999552965164
0.2499999478459358
0.07322328537702559
0.4267766177654265
0.07322328537702559
0.0
0.0
0.2499999552965164
0.4999999999999999
0.21338825672864908
0.036611642688512795
0.42677664756774897
0.0
-3.441719353958205e-09
0.4999999105930328
0.0624999962747097
0.06249999254941939
0.4267766773700713
0.1821382828056812
0.36427664756774897
0.4999999403953551
0.42677664756774897
0.0
0.21338830888271326
0.0
0.0
0.24999994039535517
0.0
0.42677655816078175
0.0
0.24999992921948427
0.0
0.3642765879631042
0.124999962747097
0.4267766177654265
0.4267766177654265
0.0
0.2499999552965164
0.0732232704758644
0.3200824856758117
0.06249998509883879
0.0
0.1249998961575329
0.4267766326665878
0.0732232704758644
0.0624999888241291
0.0
0.42677655816078175
0.010723304003477095
0.4999999999999999
0.249999925494194
0.0
0.4999999403953551
0.1249999197644731
0.0
0.0732232630252838
0.36427664756774897
0.0
0.0
0.10669413636643553
0.42677655816078175
0.49999997019767756
0.49999988079071034
0.2499999552965164
0.4267766177654265
0.3642766177654266
0.24999997019767756
0.2499999552965164
0.42677652835845936
0.06249997019767762
0.14330576360225675
0.28661161754280323
7.450580596982584e-09
0.36427664756774897
0.4267766177654265
0.12499991804361342
0.3642766177654266
0.0
0.2499999292194843
0.06249999254941939
0.3200824558734893
0.062499973922967904
0.2133882641792297
0.4267765879631042
0.06249995902180671
0.42677664756774897
0.06249998509883879
0.036611646413803094
0.3642765879631042
0.05491744261234997
0.49999988079071034
0.4816940613090991
0.03661164641380312
0.4267765879631042
0.24999994039535517
0.124999973355826
0.4999999403953551
0.24999997019767756
0.42677655816078175
0.07322328537702559
0.2499999143183231
0.24999992176890368
0.24999994039535517
0.3642765581607818
0.4267766177654265
0.0312499850988388
0.4999999403953551
0.0624999701976776
0.4999999403953551
0.4267766177654265
0.4999999999999999
0.42677653580903996
0.0
0.073223277926445
0.4267765879631042
0.42677655816078175
0.4999999105930328
0.24999997019767756
0.2866115570068359
0.3749999105930328
0.42677653636056956
0.10669413954019544
0.073223277926445
0.124999962747097
0.249999925494194
0.14644657820463175
-4.724045155057865e-09
0.4267766177654265
0.42677657306194344
0.49999997019767756
0.49999988079071034
0.24999994039535528
0.2499999552965164
0.3749999806020156
0.0
0.03661164590977494
0.07322328537702559
0.4267766773700713
0.499999850988388
0.073223277926445
0.4999999403953551
0.4999999999999999
0.0
0.21338824927806851
0.4267765283584594
0.4999999105930328
0.124999962747097
0.4267765283584594
0.0183058101683855
0.21338833123445505
0.4999999776482581
0.21338828280568117
0.0366116315126419
0.4999999105930328
0.36427664384245867
0.0
0.4999999105930328
0.14330579387024045
0.2133882939815521
0.42677646875381464
0.0
0.4267766773700713
0.4999999105930328
0.2499999552965164
0.36427663252092646
0.23169404268264765
0.4999999403953551
0.42677664756774897
0.4267766177654265
0.07322327792644501
0.4267765879631042
0.8535531908273696
0.4999997615814208
0.4999998106493554
0.12499998696148393
0.07322328537702559
0.0732232630252838
0.4999999105930328
0.12499995529651639
0.07322328372705876
0.0
0.0732232555747032
0.49999988079071034
0.0
0.23169403150677675
0.07322327047586441
0.073223277926445
0.4267765879631042
0.07322330027818678
0.1874999850988388
0.14330580271780488
0.4267766177654265
0.0
0.42677664756774897
0.4999999105930328
0.010723299346864222
0.42677655816078175
0.42677655816078175
0.36427664756774897
0.05491745844483374
0.21338827908039087
0.2499999552965164
0.054917457513511174
0.21338830143213272
0.21338825300335879
0.4267765283584594
0.07322329282760619
0.0
0.062499977648258195
0.0624999813735485
0.4267765879631042
0.12499995529651639
0.06250000558793543
0.2499999552965164
0.4267764048567376
0.12499995529651639
0.4999999105930328
0.4999999105930326
0.249999925494194
0.3642765283584594
0.4999999403953551
0.21338830888271326
0.499999940395355
0.49999983783538
0.4267766177654265
0.06249998509883879
0.499999850988388
0.0
0.2133882641792297
0.3642765879631042
0.2316940161399543
0.0
0.12499995809048411
0.4267766177654265
0.07322330027818678
0.0
0.4999999403953551
0.0
0.42677655816078175
0.42677655816078175
0.07322329282760619
0.07322329282760619
0.073223277926445
0.4267765879631042
0.14644664525985715
0.0
0.0
0.249999925494194
0.3200824558734893
0.37499996647238726
0.0
0.12499994784593581
0.4999999403953551
0.4999999105930328
0.249999925494194
0.0
0.21338827908039087
0.23169406875967974
0.499999850988388
0.2499998028431858
0.4267766177654265
0.36427667737007136
0.36427667737007136
0.4999999105930328
0.10669413208961484
0.24999997019767756
0.4999999403953551
0.12499996274709699
0.0
0.0
0.4999999105930328
0.1249999478459358
0.3642765283584594
0.062499977648258195
0.49999988079071034
0.24999993667006487
0.036611611023545265
0.06250000000000001
0.42677664756774897
0.49999997019767756
0.10669413954019545
0.24999997019767756
0.062499970197677605
0.4267766177654265
0.24999995157122606
0.0
0.499999850988388
0.010723300278186796
0.21338832378387448
0.4999999403953551
0.07322330027818678
0.249999925494194
0.4267766773700713
0.06249996787253263
0.018305816811214595
0.4999999776482581
0.0
0.1249999403953552
0.07322329282760619
0.062499996274709695
0.073223277926445
0.4267766177654265
1.0080560830516559e-09
0.4999999105930328
0.24999997019767756
-1.1603137117788261e-08
0.0
0.4267766177654265
0.07322329282760619
0.4267766773700713
0.2133882939815521
0.03661165386438369
0.0
0.49999988079071034
0.21338830888271326
0.24999997019767756
0.3642765879631042
0.4267766773700713
0.24999998509883878
0.01072330307215452
0.062499977648258195
0.0624999701976776
0.49999982118606556
0.24999994039535517
0.0
0.36427664384245867
0.2499999552965164
0.12499999999999994
0.4267766177654265
0.49999988079071034
0.2499999552965164
0.49999988079071034
0.4267766177654265
0.4267766177654265
0.21338823437690732
0.4267766773700713
0.24999997019767756
0.0
0.21338831633329386
0.036611638963222504
0.2133882939815521
1.1175870900380414e-08
0.0
0.4267765879631042
0.21338833868503565
0.4633882045745849
0.0
0.036611642688512795
0.4267765879631042
0.0
0.4999999105930328
0.24999994039535517
0.24999994039535517
0.4999999403953551
0.0732232816517353
7.128034273939931e-10
0.49999988079071034
0.036611646413803094
0.49999997019767756
0.4267766773700713
0.12499997112900016
0.1874999850988388
0.4267765283584594
0.010723301209509371
0.4267766773700713
0.2133882939815521
0.21338828653097147
0.0
0.49999988079071034
0.3749999701976776
0.7499998882412908
0.0
0.0
0.3642766177654266
0.4999999403953551
0.06249999254941939
0.36427664756774897
-4.470348360152166e-08
0.21338833868503565
0.06249999254941939
0.42677653580904
0.06249998308272652
0.0
0.4999999105930328
0.018305817618966103
0.0
0.0
0.18213832378387448
0.07322329282760619
0.49999988079071034
0.463388293981552
0.7285532504320144
0.0
0.499999850988388
0.1249999776482582
0.4267766177654265
0.49999988079071034
0.0
0.06249995902180671
0.49999997019767756
0.42677664756774897
0.12499997019767758
0.0366116389632225
0.4267766773700713
0.0
0.4999999403953551
0.4999999105930328
0.0
0.4999999403953551
0.036611646413803094
0.0
0.2499999999999999
0.49999988079071034
0.4999999701976775
0.4999999105930328
0.2812499105930328
0.46338817477226246
0.4999999105930328
0.0
0.4267766773700713
0.24999998509883878
0.2499998807907104
0.0
0.036611646413803066
0.1249999329447746
0.4267766773700713
0.24999997019767756
0.10669413208961485
0.10669414699077605
0.4999999403953551
0.07322329282760619
0.24999997019767756
0.01072330307215452
0.0
0.49999988079071034
0.0
0.4999999105930328
0.4267766773700713
0.49999997019767756
0.062499977648258195
0.21338830888271326
0.0
0.062499989755451665
0.12499997951090333
0.07322329282760619
0.249999925494194
0.36427667737007136
0.07322330027818678
0.4267766177654265
0.3955265879631042
0.42677666991949076
0.0732232704758644
0.4999999105930328
0.32008239626884455
0.3642766177654266
0.3642766177654266
0.036611642688512795
0.21338833868503565
0.073223277926445
0.10669411718845366
0.0
0.4267766177654265
0.2499999031424523
0.12499995529651639
0.4999999403953551
0.4999999403953551
0.4267766177654265
0.4267766773700713
0.2499998807907104
0.24999997019767756
0.3642766177654266
0.36427664756774897
0.4999999105930328
0.03661164827644823
0.0
0.07322328537702559
0.499999850988388
0.4267766773700713
0.24999998509883878
0.42677664756774897
0.4267766773700713
0.2133882939815521
0.14644655957818029
0.4999999105930328
0.37499982863664616
0.4267765879631042
0.4267766028642654
0.21338830888271326
0.062499996274709695
0.49999997019767756
0.0
0.49999997019767756
0.4999999403953551
-6.88343870791641e-09
0.2133882939815521
0.07322329282760619
0.0
0.3749998684805557
0.06249998509883879
0.24999991059303278
0.21338827908039087
0.4267765879631042
0.2133883126080036
0.07322328537702559
0.4267766773700713
0.37990149855613703
0.073223277926445
0.249999925494194
0.4999999403953551
0.0
0.0
0.46338823437690724
0.0
0.49999982118606556
0.24999990314245224
0.4999999105930328
0.4267766773700713
0.42677664756774897
0.42677655816078175
0.4999999403953551
0.4999999105930328
0.0
0.36427664756774897
0.3642765879631042
0.8535531759262084
0.0
0.0
0.1249999180436134
0.4999998910352587
0.4267766177654265
0.4267765879631042
0.42677655816078175
0.4999999999999999
0.4999999403953551
0.0
0.0
0.24999994039535517
0.24999997019767756
0.0366116389632225
0.36427664756774897
0.0
0.49999997019767756
0.4999999999999999
0.12499999813735482
0.07322328537702559
0.49999997019767756
0.021446608006954186
0.6401648223400115
0.42677664756774897
0.07322330027818678
0.0
0.0
0.249999925494194
0.07322329282760619
0.24999994039535517
0.49999997019767756
0.2499999552965164
0.06249997543636708
0.21338833868503565
0.4267765879631042
0.4999999105930328
0.24999998509883878
0.010723305866122248
0.0624999813735485
0.4999999403953551
0.4999999105930328
0.4267766177654265
0.4267766773700713
0.10669415071606633
0.42677664756774897
0.21338830888271326
0.24999997019767756
0.499999850988388
0.0624999888241291
0.03124999161809682
0.0
0.49999997019767756
0.2133882939815521
0.36427664756774897
0.0
0.0624999888241291
0.4267765879631042
0.4267765879631042
0.4999999403953551
0.4267765283584594
0.42677664756774897
0.062499977648258195
0.07322329282760619
0.12499993294477461
0.0
0.49999988079071034
0.426776498556137
0.14644666016101826
0.0366116352379322
0.24999994039535517
0.4267766177654265
0.24999998509883878
0.06249999254941939
0.4999999105930328
0.12499994784593581
0.24999994784593577
0.0
0.42677655816078175
0.06249999254941939
0.24999997019767756
0.0
0.4267766773700713
0.21338830888271326
0.49999988079071034
0.42677655816078175
0.4999999403953551
0.4267766177654265
0.49999997019767756
0.21338830702006817
0.4999999627470969
0.0
0.4999999105930328
0.21338827908039087
0.21338828280568112
0.4267766177654265
0.21338833868503565
0.37499995420540405
0.0
0.499999850988388
0.0366116352379322
0.062499992549419285
0.2499999366700649
0.2499999552965164
0.24999998509883875
0.36427664756774897
0.49999988079071034
0.036611642688512795
0.36427664756774897
0.4999999105930328
0.42677664756774897
0.4999999105930328
-3.1610134954007656e-08
0.4999999105930327
0.4999999105930328
0.32008242607116694
0.062499966472387286
0.39552662242203945
0.2133882641792297
0.031249975785613053
0.4999999105930328
0.24999997019767756
0.2133883163332939
0.12499999999999997
0.0
0.4999999105930328
0.0
0.6401649452745913
0.49999988079071034
0.05491746217012405
0.21338830888271326
0.24999999999999994
0.4999999999999999
0.24999997019767756
0.12499997019767758
0.36427667737007136
0.42677664756774897
0.0
0.36427667737007136
0.4999999105930328
0.36427664756774897
0.06249998509883879
0.4267766773700713
0.0
0.0366116389632225
0.10669418051838872
0.09374996833503244
0.4267766177654265
0.7499997615814208
0.4267765879631042
0.4267766177654265
0.4267766177654265
0.0624999813735485
0.0624999701976776
0.0366116389632225
0.07322328537702559
0.06249998509883879
0.249999925494194
0.4999999403953551
0.073223277926445
0.21338830888271326
0.4999999403953551
0.49999997019767756
0.4999999489802195
0.249999922234565
0.4267766773700713
0.4999999999999999
0.0
0.24999997019767756
0.213388305157423
0.3642766177654266
0.4999999403953551
0.49999997019767756
0.42677664756774897
0.03661164268851275
0.4267766773700713
0.4267766773700713
0.21338833868503565
0.37499996647238726
0.0
0.4999999999999999
0.4999999105930328
0.4999999999999999
0.42677664756774897
0.0366116389632225
0.0
0.21338830888271326
0.4267766773700713
0.4999999403953551
0.0
0.4999999999999999
0.4999999105930328
0.7285531908273695
0.49999997019767756
0.49999997019767756
0.42677664756774897
0.0
0.42677667364478106
0.0
0.0624999813735485
0.03661165013909339
0.0732233077287674
0.42677655816078175
0.0
0.249999925494194
0.0
0.0
0.0
0.6401649229228495
0.49999988079071034
0.0
0.24999997019767756
0.4267764389514922
0.0
0.12499997019767758
0.0
0.4999999403953551
0.4267766177654265
0.42677664756774897
0.0
0.4267766773700713
0.07322329282760619
0.49999988079071034
0.0
0.4999999105930328
0.0
0.21338831633329386
0.4999999403953551
0.1249999403953552
0.4267766773700713
0.4999999105930328
0.36427664756774897
0.4267766773700713
0.0
0.49999997019767756
0.24999994039535517
0.07322328537702559
0.49999997019767756
0.2499999552965164
0.4267766773700713
0.4267765283584594
0.07322329282760619
0.4267766177654265
0.49999988079071034
0.21338830888271326
0.24999997019767756
-1.008055861007051e-09
0.4267766177654265
0.36427667737007136
0.4267766773700713
0.0
0.374999850988388
0.21338827908039087
0.07322330027818678
0.4267765879631042
0.49999988079071034
0.4999999105930328
0.0
0.12499997019767758
0.4267765283584594
0.249999925494194
0.0
0.10669416869441724
0.14644648134708402
0.036611635237932184
0.37499986961483944
0.4267766773700713
0.42677663955002654
0.4999999403953551
0.4999999999999999
0.3642765879631042
0.49999997019767756
0.49999988079071034
0.4999999403953551
0.5732230991125107
0.4999999403953551
0.0
0.07322329282760619
0.42677655816078175
0.49999997019767756
0.21338833868503565
0.42677664756774897
0.04197330027818679
0.4267766773700713
0.499999850988388
0.0624999888241291
0.4999999403953551
0.4267766773700713
0.21338833868503565
0.18749997019767758
0.49999997019767756
0.0366116389632225
0.24999997019767756
0.2499998807907104
0.49999988079071034
0.24999999999999994
0.4267766177654265
0.4999999403953551
0.749999701976776
0.0624999813735485
0.42677664756774897
0.4267765879631042
0.3642765879631042
0.2499999552965164
0.0
0.0
0.24999990370959407
0.4999999403953551
0.07322328537702559
0.0
0.4267766177654265
0.12499995529651642
0.4999999105930328
0.24999997019767756
0.4999999403953551
0.06249999254941939
0.2133883014321327
0.0366116389632225
5.702426975062735e-09
0.42677664756774897
0.49999997019767756
0.36427667737007136
0.24999998509883878
0.2499999552965164
0.4999999403953551
0.2499999552965164
0.49999997019767756
0.07322328537702559
0.12499999999999999
0.12499996805146152
0.4999999403953551
0.4999999403953551
0.42677655816078175
0.2499998807907104
0.06249998696148394
0.24463832378387446
0.0
0.25000003725290293
0.24999994039535517
0.4999999403953551
0.4999999105930328
0.4999999999999999
0.1249999776482582
0.07322329282760619
0.49999997019767756
0.4999999403953551
0.4999999403953551
0.4999999403953551
0.4999999403953551
0.4999999105930328
0.6218589097261428
0.0
0.42677664756774897
0.42677655816078175
0.4999999403953551
0.0
0.0
0.01830582879483699
0.0
0.0
0.4999999403953551
0.24999994039535517
0.24999997019767756
0.2667353749275207
0.0
0.0
0.21338830888271326
0.0
0.4999999999999999
0.4267765879631042
0.36427656188607205
0.42677655071020115
0.0
0.0
0.4267765879631042
0.4267766773700713
0.4999999105930328
0.24999989165964662
0.24999997019767756
0.4999999403953551
0.4633882641792297
0.4267765879631042
0.12499995529651639
0.0
0.49999997019767756
0.0624999888241291
0.4999999105930328
-6.88343870791641e-09
0.21338826790451998
0.24999998509883878
0.4999999105930328
0.4267766773700713
0.4267765879631042
0.07322330027818678
0.24999995529651634
0.4999999105930328
0.010723300278186796
0.499999850988388
0.42677666246891016
0.4999999403953551
0.4999999403953551
0.036611642688512795
0.46338828932493914
0.249999925494194
0.2499999552965164
0.49999997019767756
0.12499995902180669
0.12499997074920774
0.0
0.4267766177654265
0.12499998137354848
0.3642766177654266
0.0
0.0
0.21338820457458493
-6.88343870791641e-09
0.4999999776482581
0.07322329282760619
0.0
0.4999999403953551
0.24999998509883878
0.0
0.49999997019767756
0.4633882045745849
0.24999998509883878
0.4999999403953551
0.42677664756774897
0.24999994039535517
0.24999997019767756
0.49999997019767756
0.4999999105930328
0.49999997019767756
0.4999999999999999
0.0
0.0366116315126419
0.4999999403953551
0.12499994784593581
0.42677664756774897
0.42677655816078175
0.4267765879631042
0.21338833868503565
0.0366116352379322
0.499999850988388
0.4267766773700713
0.24999997019767756
0.21338827908039087
0.0
0.42677664756774897
0.07322329282760619
0.4267766773700713
0.4999999999999999
0.4999999403953551
0.036611642688512795
0.0
0.018305823206901547
0.4999999105930328
0.07322329282760619
0.124999962747097
0.4999999105930328
0.4999999105930328
0.2499998807907104
0.4999999105930328
0.1249999403953552
0.0
0.36427667737007136
0.36427664756774897
0.42677655816078175
0.24999991059303278
0.42677655816078175
0.2499999552965164
0.2499999552965164
0.0
0.0
0.1464465707540512
0.2133882939815521
0.0732232555747032
0.01072329986667109
0.4999999999999999
0.4267766773700713
0.49999988079071034
0.07322330027818678
0.4267766773700713
0.49999988079071034
0.4267765879631042
0.4999999403953551
0.4267766177654265
0.49999988079071034
0.0
0.4999999403953551
0.4999999999999999
0.36427664756774897
0.4999999105930328
0.4999999403953551
0.4267766177654265
0.4999999403953551
0.4999999105930328
0.4999999403953551
0.49999997019767756
0.4267766177654265
0.49999988079071034
0.2499999552965164
0.49999997019767756
0.4267766363918781
0.07322329282760619
0.062499977648258195
0.4267766177654265
0.0
0.4267766773700713
0.24999994039535517
0.036611650139093385
0.24999997019767756
0.4999999105930328
0.7499997764825819
0.4267766773700713
0.24999997019767756
0.4999999403953551
0.036611646413803094
0.4999999403953551
0.07322329282760619
0.4267766773700713
0.49999997019767756
0.49999997019767756
0.4999999403953551
0.0
0.42677664756774897
0.24999997019767756
0.036611646413803094
0.4267765805125236
0.0624999813735485
0.4999999403953551
0.4267765879631042
0.49999997019767756
0.3642765879631042
0.2499999552965164
0.4999999403953551
0.0
0.49999988079071034
0.42677664756774897
0.0
0.4999999105930328
0.42677664756774897
0.49999988079071034
0.42677664756774897
0.49999997019767756
0.4267766177654265
0.4267765879631042
0.49999997019767756
0.4999999999999999
0.4999999105930328
0.0
0.4999999105930328
0.8535531759262084
0.49999988079071034
0.2499999552965164
0.49999988079071034
0.4999999403953551
0.42677655816078175
0.4999999403953551
0.0
0.2499999552965164
0.24999998509883878
0.07322328903142315
0.2499999552965164
0.24999995529651636
0.0
0.49999997019767756
0.06249999254941939
0.42677664756774897
0.2499999552965164
0.0
0.6401649601757525
0.49999997019767756
0.24999997019767756
0.0183058176189661
0.21338830888271326
0.0
0.49999997019767756
0.0624999701976776
0.36427664756774897
0.0
0.14644663035869593
0.49999997019767756
0.4999999403953551
0.0
0.4999999105930328
0.21338832378387448
0.2499999552965164
0.49999997019767756
0.4999999403953551
0.10669413954019545
0.4999999105930328
0.49999988079071034
0.49999997019767756
0.49999988079071034
0.42677664756774897
0.49999997019767756
0.4999999403953551
0.4267766773700713
0.49999997019767756
0.4999999403953551
0.124999962747097
0.2499999552965164
0.49999997019767756
0.0
0.49999982118606556
0.42677664756774897
0.3749998807907104
0.0
0.07322328537702559
0.4999999403953551
0.03661164455115794
0.0
0.21338827908039087
0.4267766773700713
0.4267766177654265
0.21338830888271326
0.49999988079071034
0.124999962747097
0.4999999105930328
0.0
0.4999999478459359
0.24999997019767756
0.124999962747097
0.0
0.4999999105930328
0.4267766773700713
0.07322330027818678
0.124999962747097
0.3642766252160072
0.07322329282760619
0.4267766773700713
0.036611642688512795
0.21338830888271326
0.24999994039535517
0.0
0.4999999403953551
0.49999997019767756
0.4999999403953551
0.4999999105930328
0.4999999105930328
0.4999999403953551
0.10669410601258272
0.21338830888271326
0.2316941069439053
0.42677664756774897
0.3642766177654266
0.07322328537702559
0.0
0.036611646413803094
0.249999925494194
0.42677655816078175
0.4999999105930328
0.2499999552965164
0.4999999105930328
0.0
0.2133882939815521
0.49999997019767756
0.0732232704758644
0.4267766177654265
0.49999988079071034
0.8535530716180799
0.4267765879631042
0.49999997019767756
0.21338830888271326
0.4267766773700713
0.4999999105930328
0.49999997019767756
0.073223277926445
0.21338833868503565
0.249999925494194
0.24999994039535497
0.4999999403953551
0.4267766177654265
0.24999998509883878
0.24999997019767756
0.49999988079071034
0.4999999403953551
0.49999988079071034
0.0
0.3200824558734893
0.07322328537702559
0.42677655816078175
0.42677664756774897
0.4267765283584594
0.0
0.49999988079071034
-1.1810111777421637e-09
0.4999999403953551
0.4267766773700713
0.49999997019767756
0.0
0.4999999403953551
0.07322330027818678
0.42677664756774897
0.0
0.249999925494194
0.7499998584389685
0.499999850988388
0.4267766773700713
0.0
0.249999925494194
0.2499999552965164
0.07322329282760619
0.0
0.49999988079071034
0.2499999552965164
0.4267766773700713
0.4267766773700713
0.4999999403953551
0.0
0.4267766773700713
0.49999997019767756
0.4999999403953551
0.24999997019767756
0.4267766289412975
0.8535531461238859
0.4267766177654265
2.8512137095759722e-09
0.2499999552965164
0.49999997019767756
0.49999997019767756
0.24999994039535517
0.36427661013311846
0.8535531759262084
0.4267766773700713
0.0624999813735485
0.4999999403953551
0.49999981466680765
0.8535531014204023
0.4999999403953551
0.21338830888271326
0.24999998882412905
0.2499999552965164
0.1249999776482582
0.4267766773700713
0.0
0.03661163337528704
0.4999999403953551
0.3642765879631042
0.4999999999999999
0.4267766773700713
0.24999991059303278
0.03661163151264191
1.4901161213591323e-08
0.42677657306194317
0.03661165293306112
0.4999999105930328
0.49999997019767756
0.4999999105930328
0.249999925494194
0.249999925494194
0.24999989569187162
0.1874999403953552
0.49999997019767756
0.12499995157122609
0.0
0.3642766177654266
0.07322328537702559
0.7285531908273695
0.4267765879631042
0.0
0.0
0.2866116259247064
0.0
0.0
0.4267765283584594
0.42677664756774897
0.4999999403953551
0.24999995529651645
0.49999988079071034
0.36427664756774897
0.062499981373548494
0.4999999105930328
0.28661161661148066
0.4999999403953551
0.4267766177654265
0.4999999105930328
0.4999999403953551
0.49999997019767756
0.21338827908039087
0.4267766177654265
0.12499997019767758
0.4267766773700713
0.4999999403953551
0.0
0.49999997019767756
0.24999998882412905
0.24999997019767756
0.4999999403953551
0.0
0.4267765879631042
0.4999999105930328
0.4999999105930328
0.374999850988388
0.4999999403953551
0.036611642688512795
0.4999999403953551
0.4999999403953551
0.2133882641792297
0.24999998509883875
0.49999997019767756
0.49999988079071034
0.4999999403953551
0.07322329282760619
0.4267766177654265
0.4999998286366462
0.4267766773700713
0.0
0.7499999254941939
0.4267765879631042
0.0
0.34374994039535517
0.8535530269145963
0.24999997019767756
0.49999997019767756
0.49999997019767756
0.42677667364478095
0.0
0.4267765879631042
0.4267766177654265
0.24999991059303278
0.0
0.23169411718845362
0.0
0.24999997019767756
0.42677664756774897
0.4999999403953551
0.4999999776482581
0.0
0.2133882939815521
0.4999999999999999
0.4267766177654265
0.07322329282760619
0.036611638963222386
0.49999994784593565
0.4999999999999999
0.21338830888271326
0.21338833868503565
0.4267766773700713
0.1249999776482582
0.0
0.4999999403953551
0.49999988079071034
0.49999988079071034
0.07322328537702559
0.4267766773700713
0.4999999403953551
0.07322329282760619
0.4999999105930328
0.0
0.4267766773700713
0.07322329096496104
0.4267766773700713
0.07322328537702559
0.4267766773700713
0.4999999403953551
0.0
0.49999988079071034
0.4267766773700713
0.0
0.49999997019767756
0.42677664756774897
0.24999994039535517
0.07322329282760619
0.4999999105930328
0.4999999105930328
0.4999999403953551
0.4267766773700713
0.49999997019767756
0.07322328537702559
0.4999999999999999
0.24999994039535517
0.7499999105930327
0.4999999105930328
0.249999925494194
0.36427664756774897
0.49999988079071034
0.2133882716298103
0.2499999552965164
0.49999988079071034
0.49999997019767756
0.426776498556137
0.0
0.249999925494194
0.0
0.14330579340457913
0.4999999105930328
0.4267765879631042
0.4999999105930328
0.49999997019767756
0.062499996274709695
0.4267766773700713
0.49999997019767756
0.4267766177654265
0.24999994039535517
0.42677655816078175
-6.88343870791641e-09
0.4267766289412975
0.4999999105930328
0.0
0.12499998509883878
0.0
0.4999999105930328
0.07322332262992856
0.49999997019767756
0.42677655816078175
0.21338827908039087
0.0
0.4999999403953551
0.9999998807907102
0.1821382939815521
0.4999999105930328
0.49999997019767756
0.4999999999999999
0.4999999999999999
0.2133882939815521
0.4999999999999999
0.1464465707540512
0.2133882902562618
0.24999994039535517
0.2133882939815521
0.10983488894999024
0.0366116315126419
0.24999997019767756
0.07322329282760619
0.249999925494194
0.4267766773700713
0.249999925494194
0.12499998509883878
0.4267766773700713
0.42677655816078175
0.4999999403953551
0.4999997274866662
