29
49
74
98
127
163
185
210
236
263
293
325
352
380
409
439
471
497
526
559
582
609
646
675
715
743
769
797
834
866
893
926
948
973
997
1019
1049
1075
1098
1122
1146
1177
1201
1227
1257
1285
1310
1342
1370
1408
1433
1462
1491
1519
1543
1574
1604
1640
1671
1701
1733
1762
1787
1815
1843
1869
1899
1939
1966
1989
2017
2047
2076
2102
2133
2157
2187
2221
2250
2278
2305
2340
2370
2394
2422
2447
2470
2497
2521
2547
2573
2599
2632
2659
2687
2718
2747
2774
2807
2838
2866
2901
2927
2957
2987
3019
3051
3079
3103
3129
3163
3192
3220
3249
3277
3310
3339
3366
3398
3422
3446
3477
3503
3523
3554
3578
3609
3642
3672
3700
3730
3758
3777
3804
3824
3852
3878
3908
3940
3971
4000
4035
4059
4087
4113
4140
4166
4199
4221
4254
4285
4312
4334
4360
4393
4420
4447
4478
4504
4531
4556
4581
4614
4638
4666
4691
4719
4749
4776
4816
4842
4869
4893
4917
4950
4979
5002
5033
5060
5084
5111
5139
5168
5194
5225
5247
5279
5309
5339
5369
5395
5422
5449
5480
5508
5541
5574
5603
5634
5661
5687
5714
5737
5764
5793
5816
5845
5881
5914
5943
5975
6002
6030
6057
6082
6116
6148
6179
6208
6231
6267
6298
6327
6353
6376
6405
6431
6465
6499
6528
6555
6582
6614
6646
6681
6709
6736
6761
6789
6816
6850
6878
6908
6933
6959
6990
7020
7047
7074
7107
7129
7164
7190
7212
7235
7259
7287
7317
7344
7374
7402
7428
7446
7473
7496
7526
7549
7584
7607
7632
7666
7690
7719
7743
7768
7799
7829
7861
7888
7915
7943
7974
8006
8038
8065
8095
8121
8151
8184
8210
8238
8270
8296
8326
8357
8381
8415
8448
8475
8501
8531
8560
8588
8621
8647
8684
8710
8737
8763
8787
8814
8844
8869
8896
8921
8953
8983
9015
9043
9068
9093
9117
9143
9171
9202
9238
9265
9293
9320
9348
9372
9399
9428
9462
9495
9528
9550
9574
9600
9634
9659
9688
9718
9749
9780
9803
9830
9854
9890
9918
9948
9975
10005
10031
10060
10093
10122
10143
10171
10203
10236
10264
10290
10315
10339
10357
10393
10421
10460
10492
10526
10549
10571
10595
10618
10647
10668
10697
10727
10752
10786
10812
10835
10858
10882
10908
10939
10968
10994
11022
11053
11075
11099
11121
11153
11176
11198
11226
11257
11283
11310
11338
11369
11398
11423
11443
11468
11497
11524
11553
11576
11604
11632
11658
11689
11715
11743
11776
11803
11837
11861
11884
11907
11939
11966
11994
12016
12047
12068
12095
12126
12151
12172
12200
12226
12251
12276
12299
12323
12350
12378
12404
12432
12457
12481
12508
12534
12557
12585
12608
12640
12666
12685
12710
12745
12772
12802
12833
12859
12890
12915
12945
12971
12998
13026
13051
13082
13106
13127
13157
13190
13218
13245
13272
13294
13318
13341
13363
13389
13417
13444
13473
13501
13524
13548
13578
13607
13640
13673
13693
13720
13753
13774
13796
13821
13852
13873
13904
13934
13962
13990
14015
14037
14063
14095
14121
14149
14182
14215
14247
14273
14301
14326
14349
14379
14405
14433
14462
14487
14512
14536
14560
14587
14614
14640
14666
14693
14712
14733
14759
14785
14810
14834
14867
14899
14928
14951
14977
15002
15031
15052
15085
15110
15137
15166
15190
15216
15236
15259
15286
15312
15339
15360
15387
15418
15445
15472
15497
15529
15555
15577
15596
15616
15643
15668
15695
15720
15750
15773
15798
15822
15856
15878
15902
15934
15967
15995
16019
16046
16075
16102
16131
16154
16177
16211
16237
16264
16289
16317
16346
16374
16397
16416
16440
16470
16498
16525
16552
16576
16608
16630
16654
16677
16700
16723
16753
16776
16800
16827
16849
16877
16907
16940
16966
16992
17018
17043
17072
17098
17122
17144
17164
17191
17216
17240
17266
17295
17319
17341
17370
17391
17411
17432
17460
17478
17504
17527
17545
17563
17586
17614
17643
17671
17695
17726
17750
17770
17793
17817
17837
17856
17884
17908
17939
17966
17989
18011
18036
18058
18081
18104
18132
18166
18189
18217
18241
18264
18290
18313
18335
18368
18397
18423
18451
18479
18503
18532
18558
18578
18603
18635
18659
18682
18712
18740
18768
18787
18810
18831
18853
18879
18902
18926
18953
18982
19012
19039
19065
19090
19119
19148
19175
19198
19230
19257
19279
19315
19346
19369
19390
19411
19429
19451
19475
19497
19518
19540
19568
19593
19618
19637
19664
19692
19721
19745
19770
19793
19816
19846
19874
19903
19925
19957
19982
20004
20029
20052
20076
20096
20115
20135
20161
20182
20202
20227
20257
20278
20300
20328
20350
20377
20400
20429
20452
20472
20496
20519
20543
20568
20589
20614
20636
20654
20675
20699
20718
20746
20768
20795
20815
20840
20862
20885
20912
20943
20969
21000
21021
21047
21073
21096
21120
21144
21167
21193
21213
21238
21258
21279
21301
21323
21350
21374
21393
21412
21439
21465
21487
21507
21534
21558
21583
21612
21637
21659
21679
21710
21732
21750
21774
21798
21820
21842
21869
21892
21912
21937
21962
21988
22011
22034
22059
22082
22103
22127
22147
22173
22193
22212
22235
22256
22278
22310
22340
22362
22383
22410
22439
22468
22488
22508
22527
22546
22568
22593
22617
22633
22659
22682
22702
22724
22746
22766
22789
22808
22827
22844
22870
22896
22918
22940
22965
22984
23006
23031
23054
23072
23091
23117
23141
23172
23200
23231
23254
23277
23304
23335
23364
23386
23410
23437
23459
23480
23496
23527
23549
23572
23592
23617
23638
23663
23682
23708
23734
23756
23787
23812
23837
23861
23877
23903
23926
23957
23981
24005
24028
24052
24080
24106
24129
24153
24171
24193
24216
24239
24257
24272
24295
24313
24331
24349
24374
24399
24425
24444
24466
24490
24515
24540
24565
24589
24606
24634
24651
24681
24706
24726
24744
24766
24788
24805
24832
24853
24872
24892
24913
24938
24955
24981
25006
25024
25045
25063
25083
25103
25123
25145
25169
25184
25203
25228
25249
25275
25300
25320
25344
25367
25389
25411
25430
25451
25469
25494
25517
25536
25560
25583
25602
25619
25640
25660
25677
25696
25718
25735
25758
25781
25798
25818
25840
25862
25887
25908
25928
25948
25970
25991
26014
26037
26058
26078
26100
26118
26140
26165
26188
26206
26226
26250
26273
26295
26320
26338
26359
26379
26399
26422
26445
26468
26486
26502
26524
26547
26571
26593
26613
26632
26655
26681
26699
26723
26746
26771
26797
26816
26843
26862
26890
26909
26928
26947
26970
26991
27011
27035
27062
27080
27100
27123
27142
27159
27180
27203
27225
27243
27267
27289
27309
27330
27351
27376
27404
27423
27442
27464
27487
27511
27530
27550
27573
27590
27610
27629
27653
27671
27691
27710
27733
27755
27776
27797
27824
27849
27865
27883
27902
27922
27939
27956
27976
27992
28010
28031
28049
28067
28088
28109
28126
28149
28170
28193
28214
28237
28254
28272
28290
28309
28326
28346
28370
28393
28415
28438
28455
28480
28497
28517
28536
28556
28579
28610
28631
28654
28672
28688
28707
28723
28739
28757
28778
28793
28810
28829
28850
28867
28887
28908
28927
28947
28975
28992
29015
29040
29057
29075
29095
29117
29140
29163
29185
29203
29221
29242
29261
29282
29301
29321
29341
29365
29381
29404
29420
29436
29458
29477
29497
29516
29533
29552
29571
29593
29615
29634
29655
29674
29698
29716
29735
29753
29771
29792
29810
29828
29847
29867
29890
29912
29930
29954
29973
29992
30011
30035
30056
30075
30095
30117
30138
30161
30182
30200
30220
30242
30262
30283
30302
30320
30341
30356
30376
30401
30428
30449
30467
30486
30506
30527
30544
30568
30588
30607
30624
30645
30663
30683
30702
30721
30744
30764
30786
30802
30822
30844
30862
30883
30899
30917
30933
30950
30969
30991
31011
31030
31045
31063
31082
31105
31122
31141
31160
31176
31199
31217
31238
31255
31274
31291
31311
31329
31346
31366
31387
31411
31431
31452
31471
31492
31507
31528
31546
31565
31583
31608
31627
31645
31663
31681
31699
31719
31740
31759
31780
31800
31822
31843
31861
31879
31898
31918
31936
31956
31973
31990
32011
32027
32046
32066
32090
32109
32128
32150
32168
32187
32205
32223
32242
32263
32282
32301
32323
32340
32358
32377
32400
32422
32440
32459
32476
32494
32510
32527
32544
32564
32587
32607
32628
32647
32665
32683
32705
32726
32744
32764
32783
32800
32817
32837
32855
32871
32886
32903
32923
32941
32957
32975
32992
33009
33024
33040
33059
33076
33094
33113
33133
33150
33167
33190
33208
33226
33247
33263
33284
33300
33318
33335
33354
33377
33393
33411
33429
33447
33476
33498
33514
33531
33549
33568
33586
33605
33630
33650
33667
33686
33706
33726
33743
33760
33783
33801
33820
33841
33860
33882
33902
33922
33938
33957
33978
34003
34020
34039
34056
34076
34096
34114
34131
34152
34173
34191
34210
34227
34246
34267
34287
34309
34330
34348
34367
34383
34402
34423
34440
34457
34475
34492
34508
34527
34547
34567
34585
34605
34625
34643
34660
34682
34702
34722
34741
34760
34780
34797
34817
34837
34854
34872
34892
34910
34929
34951
34967
34985
35007
35027
35045
35060
35077
35099
35115
35133
35152
35168
35184
35199
35216
35234
35254
35273
35294
35309
35327
35348
35368
35386
35404
35424
35440
35457
35475
35496
35515
35534
35551
35569
35586
35603
35622
35640
35656
35677
35694
35714
35734
35751
35774
35794
35813
35833
35853
35873
35892
35911
35930
35948
35966
35982
36000
36020
36038
36057
36079
36096
36113
36132
36150
36167
36185
36204
36220
36240
36261
36282
36300
36319
36335
36353
36372
36389
36413
36430
36446
36465
36483
36501
36518
36536
36552
36570
36589
36609
36627
36645
36663
36682
36700
36717
36733
36751
36767
36787
36804
36822
36838
36857
36879
36903
36921
36936
36953
36969
36986
37003
37022
37037
37055
37073
37090
37110
37131
37148
37172
37188
37204
37222
37241
37258
37276
37293
37313
37329
37345
37361
37376
37395
37415
37432
37453
37472
37490
37511
37528
37547
37564
37582
37599
37618
37636
37653
37675
37690
37706
37725
37744
37760
37776
37793
37809
37825
37844
37861
37881
37899
37918
37934
37951
37967
37988
38003
38022
38040
38056
38077
38092
38107
38123
38140
38156
38177
38194
38212
38227
38246
38263
38282
38300
38319
38338
38354
38373
38392
38411
38427
38445
38463
38484
38502
38518
38536
38554
38571
38591
38607
38622
38639
38655
38670
38689
38705
38723
38738
38757
38776
38791
38810
38826
38842
38859
38879
38896
38912
38929
38946
38964
38983
39002
39022
39038
39057
39074
39090
39106
39123
39142
39159
39175
39191
39206
39225
39241
39259
39274
39292
39311
39328
39343
39362
39378
39395
39413
39428
39445
39463
39481
39500
39519
39536
39553
39573
39595
39611
39627
39643
39660
39678
39695
39712
39730
39745
39762
39779
39795
39812
39827
39845
39864
39880
39899
39915
39932
39952
39970
39988
40003
40022
40038
40055
40070
40085
40104
40123
40142
40157
40174
40189
40204
40221
40240
40256
40274
40291
40309
40328
40346
40362
40382
40402
40419
40437
40453
40470
40486
40503
40522
40539
40554
40572
40589
40609
40628
40643
40660
40678
40697
40715
40733
40748
40766
40784
40799
40817
40832
40849
40866
40884
40903
40919
40936
40955
40971
40988
41005
41021
41037
41055
41070
41089
41104
41120
41136
41152
41169
41186
41204
41222
41239
41258
41275
41296
41312
41328
41347
41365
41383
41398
41413
41429
41446
41468
41488
41504
41521
41536
41555
41571
41587
41603
41619
41634
41653
41670
41686
41704
41720
41740
41756
41776
41793
41809
41824
41841
41857
41874
41889
41905
41922
41938
41954
41970
41987
42005
42020
42038
42054
42070
42090
42105
42120
42138
42153
42170
42186
42204
42220
42236
42251
42266
42281
42299
42315
42330
42349
42364
42381
42396
42413
42431
42449
42466
42485
42508
42527
42542
42557
42576
42593
42609
42624
42641
42659
42674
42691
42707
42725
42740
42757
42773
42791
42809
42825
42843
42861
42878
42895
42911
42926
42946
42962
42979
42996
43013
43030
43047
43062
43078
43096
43111
43127
43144
43160
43179
43196
43213
43229
43250
43269
43285
43303
43319
43337
43353
43368
43384
43400
43416
43433
43449
43467
43483
43499
43517
43533
43549
43564
43579
43595
43612
43629
43645
43663
43680
43697
43715
43730
43747
43763
43780
43796
43813
43830
43846
43865
43880
43896
43913
43929
43945
43966
43982
43999
44015
44031
44046
44062
44077
44094
44110
44125
44141
44159
44174
44191
44208
44225
44244
44261
44276
44292
44309
44325
44342
44360
44377
44397
44412
44429
44445
44461
44479
44495
44512
44530
44549
44564
44581
44597
44613
44630
44649
44665
44681
44699
44716
44733
44749
44764
44780
44796
44811
44828
44844
44859
44874
44891
44907
44926
44942
44959
44978
44994
45009
45029
45048
45063
45078
45096
45111
45126
45142
45160
45175
45191
45208
45224
45239
45255
45274
45290
45307
45325
45341
45357
45373
45389
45406
45423
45440
45457
45473
45491
45510
45527
45545
45562
45577
45594
45610
45626
45641
45657
45672
45687
45703
45719
45738
45754
45769
45786
45802
45819
45834
45851
45867
45882
45898
45915
45932
45948
45966
45982
45998
46014
46031
46046
46063
46078
46095
46111
46128
46146
46163
46181
46200
46217
46236
46253
46269
46286
46303
46320
46337
46353
46368
46386
46401
46416
46431
46449
46469
46484
46501
46517
46533
46548
46565
46580
46595
46612
46628
46643
46662
46681
46696
46713
46730
46746
46761
46777
46796
46813
46828
46845
46862
46879
46896
46911
46926
46942
46959
46975
46990
47007
47023
47039
47057
47074
47089
47104
47120
47135
47151
47172
47188
47205
47220
47235
47252
47267
47283
47299
47317
47332
47348
47363
47381
47397
47413
47429
47446
47465
47480
47496
47512
47529
47544
47564
47581
47596
47614
47629
47648
47665
47683
47700
47718
47734
47749
47767
47784
47799
47815
47832
47847
47866
47882
47899
47915
47931
47946
47961
47976
47993
48009
48025
48041
48057
48074
48092
48109
48127
48142
48159
48176
48191
48206
48223
48239
48254
48271
48288
48306
48321
48339
48355
48371
48387
48405
48422
48438
48453
48469
48484
48499
48516
48533
48551
48569
48589
48605
48621
48637
48653
48668
48683
48699
48715
48731
48748
48763
48778
48793
48808
48825
48841
48857
48873
48889
48906
48924
48942
48957
48973
48992
49009
49026
49041
49056
49072
49089
49104
49121
49141
49158
49173
49190
49207
49222
49238
49257
49273
49288
49304
49321
49336
49352
49367
49383
49399
49414
49429
49445
49460
49480
49495
49511
49526
49542
49557
49572
49587
49602
49618
49636
49651
49667
49682
49698
49714
49730
49745
49761
49776
49791
49806
49823
49838
49855
49871
49886
49904
49919
49934
49949
49964
49979
49995
50014
50029
50046
50061
50081
50097
50113
50130
50145
50161
50176
50193
50209
50224
50239
50255
50270
50286
50303
50318
50334
50349
50364
50379
50395
50410
50425
50440
50455
50470
50485
50501
50519
50534
50553
50571
50587
50603
50621
50639
50654
50669
50684
50701
50717
50736
50752
50767
50784
50799
50815
50831
50846
50862
50879
50896
50913
50931
50947
50964
50979
50995
51012
51027
51042
51057
51073
51090
51109
51125
51141
51156
51173
51189
51204
51220
51236
51252
51269
51285
51301
51316
51331
51347
51363
51382
51400
51415
51430
51445
51463
51479
51494
51512
51529
51544
51560
51575
51593
51609
51626
51641
51657
51676
51692
51708
51724
51739
51755
51771
51787
51804
51820
51835
51850
51866
51882
51897
51912
51930
51947
51963
51979
51994
52009
52025
52041
52056
52071
52086
52101
52117
52132
52147
52163
52178
52193
52208
52223
52238
52254
52270
52288
52305
52322
52338
52353
52368
52384
52400
52416
52432
52447
52464
52479
52496
52512
52527
52544
52560
52575
52593
52610
52626
52642
52657
52673
52688
52703
52721
52736
52752
52768
52785
52800
52815
52830
52847
52864
52880
52897
52912
52927
52943
52959
52975
52992
53008
53025
53040
53055
53070
53085
53102
53117
53136
53153
53168
53185
53201
53218
53233
53249
53264
53281
53297
53313
53328
53344
53361
53377
53392
53407
53423
53438
53454
53471
53487
53502
53517
53532
53547
53562
53577
53592
53608
53626
53641
53657
53673
53689
53706
53722
53738
53753
53769
53786
53803
53818
53834
53851
53866
53881
53896
53912
53928
53945
53963
53978
53995
54010
54025
54041
54056
54072
54089
54104
54119
54134
54151
54166
54181
54197
54212
54228
54243
54260
54276
54295
54311
54326
54341
54357
54372
54388
54404
54419
54434
54449
54464
54479
54494
54510
54525
54541
54559
54575
54592
54607
54623
54638
54653
54669
54684
54699
54717
54734
54749
54764
54780
54797
54816
54831
54847
54863
54878
54893
54908
54924
54939
54954
54969
54984
54999
55014
55030
55046
55061
55078
55093
55109
55124
55139
55154
55170
55185
55200
55217
55233
55249
55265
55280
55296
55312
55327
55342
55357
55372
55388
55403
55418
55435
55450
55466
55482
55497
55513
55528
55545
55561
55576
55592
55607
55622
55637
55654
55669
55684
55700
55717
55733
55748
55764
55779
55794
55810
55826
55841
55856
55873
55888
55903
55919
55934
55949
55964
55980
55996
56012
56027
56042
56057
56074
56091
56106
56123
56138
56153
56168
56184
56199
56214
56232
56248
56263
56282
56297
56312
56327
56342
56358
56373
56390
56406
56422
56438
56455
56472
56488
56503
56519
56534
56551
56566
56581
56596
56613
56629
56644
56659
56675
56691
56706
56722
56737
56753
56768
56783
56798
56813
56828
56843
56858
56876
56891
56907
56923
56940
56956
56971
56987
57003
57020
57037
57053
57068
57085
57100
57115
57130
57145
57161
57179
57194
57209
57225
57240
57256
57272
57289
57306
57324
57340
57355
57371
57386
57401
57417
57432
57447
57463
57479
57495
57511
57526
57542
57557
57572
57589
57604
57619
57634
57649
57664
57679
57695
57711
57727
57743
57761
57776
57791
57806
57821
57837
57854
57870
57885
57900
57915
57932
57949
57964
57979
57994
58009
58025
58040
58056
58072
58088
58104
58119
58135
58153
58168
58183
58200
58215
58231
58246
58262
58277
58292
58307
58323
58339
58357
58376
58391
58407
58422
58437
58454
58469
58484
58501
58516
58531
58546
58562
58577
58593
58609
58626
58642
58657
58674
58690
58705
58721
58737
58753
58768
58785
58801
58816
58832
58847
58863
58880
58895
58912
58930
58946
58961
58976
58991
59006
59021
59036
59054
59069
59084
59099
59115
59130
59145
59160
59175
59191
59206
59223
59239
59254
59269
59284
59300
59315
59330
59347
59362
59377
59393
59408
59423
59438
59453
59469
59484
59500
59516
59531
59547
59563
59578
59593
59608
59624
59639
59657
59673
59688
59703
59718
59734
59749
59765
59780
59796
59812
59828
59843
59859
59874
59891
59906
59921
59936
59951
59966
59982
59998
60013
60028
60043
60058
60073
60088
60103
60118
60133
60148
60163
60178
60194
60210
60225
60240
60255
60270
60285
60301
60316
60332
60348
60363
60378
60393
60409
60425
60442
60457
60472
60487
60502
60518
60534
60551
60567
60582
60597
60612
60631
60646
60664
60679
60698
60713
60730
60746
60761
60776
60791
60806
60822
60837
60853
60868
60884
60900
60915
60932
60947
60962
60977
60994
61011
61028
61044
61059
61075
61091
61106
61121
61136
61151
61168
61184
61199
61215
61231
61246
61261
61277
61292
61307
61323
61339
61354
61369
61384
61399
61414
61430
