0.6534418761730193
0.6405289769172667
0.8201979696750641
0.7438257634639739
0.7213039100170134
0.7512989640235899
0.715059220790863
0.8107320368289946
0.6523068845272063
0.7335837185382841
0.7437689006328582
0.6988563537597655
0.7148883938789367
0.7748970985412595
0.7374237477779388
0.6408962011337279
0.6738713085651397
0.7026923596858977
0.741345465183258
0.7692556977272031
0.8193891048431395
0.7473151385784148
0.7023097574710845
0.696696102619171
0.8268718421459196
0.6733689010143279
0.7930542826652526
0.7359254956245422
0.752048373222351
0.7000892162322997
0.635148614645004
0.742403209209442
0.6849427819252013
0.7479166984558104
0.7045418024063108
0.6723211109638213
0.6885074675083159
0.6527791619300841
0.7743412256240845
0.7084242999553679
0.8056403696537016
0.8296166956424711
0.6833872795104979
0.6412896811962127
0.7316102981567382
0.6893915534019469
0.72711244225502
0.6529695093631743
0.7243189215660093
0.7033877670764921
0.6723210811614989
0.6956048309803007
0.7929884493350982
0.8319167196750639
0.7462700009346007
0.8229565024375914
0.6959861516952514
0.7948837280273435
0.7237669825553893
0.7082299888134002
0.6527545452117918
0.6530745029449462
0.7316326200962066
0.7695930004119872
0.6785243153572081
0.7453669011592865
0.8037770390510557
0.7807027399539946
0.7130953669548034
0.7931107282638548
0.7032847404479978
0.7908524572849271
0.739824444055557
0.6515967547893523
0.6835973262786864
0.7615445256233214
0.6522595286369323
0.8063422143459319
0.8304507136344909
0.7138763070106505
0.7355721890926361
0.7021367847919462
0.7037695944309232
0.7976430952548978
0.7912927865982055
0.7518668472766874
0.738543391227722
0.8139022290706635
0.6773695349693298
0.6326995193958281
0.641609489917755
0.7536639869213103
0.7520371377468107
0.7317789196968078
0.7563053667545316
0.7760228812694548
0.761159837245941
0.6615367829799651
0.7544563710689544
0.7623972296714782
0.6982289850711821
0.801522135734558
0.6846714913845061
0.6619040668010711
0.6896895468235015
0.7308402061462402
0.688425987958908
0.7074511945247649
0.7476514279842374
0.8131397962570188
0.758467674255371
0.846935600042343
0.7192011773586272
0.7505969703197478
0.8020239770412444
0.7123539149761198
0.713539719581604
0.6860462129116057
0.7198637425899503
0.67407888174057
0.8055775761604308
0.6622466146945952
0.8090834915637969
0.7023969888687133
0.7451536655426023
0.782389760017395
0.8166677355766295
0.7102790176868439
0.7425798773765563
0.7509847581386564
0.7151561975479125
0.7158032953739165
0.7308911085128783
0.6686254739761351
0.7225962281227111
0.674635648727417
0.6556109488010405
0.6405290067195891
0.6435018479824065
0.7172445654869078
0.701307713985443
0.7105154693126677
0.7189678251743316
0.7093670666217803
0.7981415987014769
0.6634797453880309
0.6660684347152709
0.7020492255687713
0.8028253614902495
0.6839746534824371
0.7562239170074461
0.7618521153926849
0.6959939897060393
0.744128793478012
0.6646957397460936
0.6864321529865264
0.7827045321464537
0.75054132938385
0.7321646511554717
0.7484109699726104
0.6316697001457213
0.714185297489166
0.734266698360443
0.7750425338745116
0.7235057055950165
0.7366761267185209
0.832498103380203
0.7299918532371521
0.779816299676895
0.7366882264614103
0.8359966278076171
0.6416096091270446
0.6729474663734435
0.6624059081077575
0.8030202388763427
0.7801574170589446
0.7146469354629515
0.6543885767459868
0.7543674409389494
0.8642209768295287
0.8241740763187407
0.6519167125225066
0.695787876844406
0.6834177076816559
0.7030213177204131
0.8077376782894132
0.7879791855812072
0.7683233618736266
0.7092171609401703
0.8086796402931212
0.6622974574565886
0.7258771657943724
0.8131953477859496
0.632379651069641
0.6646957993507384
0.6412161290645598
0.7261084020137786
0.7231105566024778
0.6910034716129301
0.7433764636516569
0.7316830456256864
0.7493178844451902
0.7846939563751218
0.7313570976257324
0.6531218588352202
0.6836642324924468
0.6954801976680755
0.6957877874374389
0.7381246685981749
0.9081348180770872
0.7443803250789641
0.8133646845817565
0.6840188205242156
0.7611550390720366
0.7962522208690641
0.6431345641613005
0.7693676650524138
0.706947088241577
0.7429462373256682
0.6626402437686919
0.7953247725963593
0.673762410879135
0.7815586626529692
0.7192103266716002
0.7897614538669585
0.653056889772415
0.6412895917892455
0.6964398622512816
0.6622468531131743
0.7153285145759581
0.8361347317695615
0.7146469354629515
0.6435016989707946
0.7538190484046935
0.6970895528793334
0.6852273046970366
0.7244249284267423
0.6767336130142211
0.7822887301445005
0.7145216464996337
0.7950158417224882
0.6447685956954956
0.7469770908355711
0.7440621256828307
0.7483735382556914
0.7660104632377622
0.7515094876289367
0.6705670058727262
0.6829769909381865
0.7256210148334502
0.8304506838321684
0.77213779091835
0.826721519231796
0.7501634657382964
0.7738517820835114
0.7365610301494597
0.7325999438762664
0.7172598540782927
0.7338149249553679
0.8341323435306548
0.6646957993507384
0.6678402423858641
0.6967490911483764
0.7895041108131409
0.7421712577342986
0.7547208070755004
0.8305105566978452
0.8247618973255156
0.6737623810768126
0.6877969801425933
0.8137759268283843
0.6530745327472686
0.7266544997692106
0.7252474725246428
0.7136126458644865
0.7264328598976134
0.7709962725639342
0.7686920464038849
0.8127602338790892
0.6312761902809142
0.8164736926555632
0.7466213107109069
0.7210076451301574
0.7025867998600005
0.6956262290477752
0.6416096091270446
0.6668136715888976
0.7202141880989074
0.6770963072776792
0.7927960455417632
0.7367427945137024
0.7575758397579191
0.7766040265560148
0.7133311927318572
0.6745920479297637
0.7848046422004697
0.6522596180438994
0.7442105710506437
0.6747415661811829
0.9247616231441494
0.7219867408275603
0.7793471217155454
0.6942979395389556
0.6531218588352202
0.7112953066825864
0.7540143132209777
0.7245849370956419
0.7536946833133696
0.7344942986965178
0.6936192512512206
0.7356056869029998
0.6803097128868102
0.6423194706439971
0.641609638929367
0.7434776127338408
0.8049769699573516
0.7267259061336516
0.7263177931308745
0.6323796808719634
0.795707881450653
0.7304327487945556
0.6335145235061644
0.6622466146945952
0.6447685360908507
0.6729474067687987
0.7069451808929442
0.841064691543579
0.7693677842617034
0.7427524030208587
0.772919714450836
0.795142114162445
0.7473847568035125
0.7544865310192106
0.7488164603710173
0.6751350462436676
0.6907719075679778
0.6851724088191985
0.7014103233814238
0.7558823525905609
0.71125727891922
0.7153519392013548
0.6998182833194732
0.7479419708251951
0.8643636107444761
0.7636196017265318
0.7039576768875121
0.724552035331726
0.6715147793292997
0.7490239739418028
0.7188618481159208
0.7421181201934813
0.6753963530063628
0.7075860500335693
0.7364756166934966
0.6959411501884459
0.7143318653106687
0.7798163294792174
0.781868278980255
0.7698777318000792
0.7953137159347533
0.7373663783073424
0.6852272748947142
0.7130593955516814
0.7396437227725983
0.6896394491195678
0.6912439763545989
0.7636365592479705
0.6523067355155944
0.7673978507518767
0.6767689287662505
0.6860462427139281
0.6622467935085294
0.6412896513938903
0.7617520689964292
0.7624223232269286
0.7192291021347045
0.6447684466838836
0.6781263053417205
0.6686255335807799
0.766699433326721
0.6813771724700927
0.7228807806968688
0.7944947779178617
0.7151918113231658
0.6876969039440154
0.6634289324283599
0.6860462725162506
0.8409101366996763
0.7953248322010039
0.8006365001201627
0.7400929331779479
0.7039436995983123
0.6851730346679686
0.6805412173271178
0.7170905470848083
0.692238688468933
0.8359772264957427
0.7823347747325896
0.7762307822704313
0.8027011454105375
0.7131049633026122
0.6762801110744475
0.675718456506729
0.7331547141075133
0.750143676996231
0.6997574567794799
0.7870283424854276
0.7875735461711881
0.7734861373901365
0.6900388598442077
0.7197570204734801
0.7387145459651946
0.7073252499103545
0.7912456989288328
0.7495797276496885
0.709072083234787
0.7685360014438627
0.7116589248180389
0.7359482944011687
0.760726600885391
0.8088619410991669
0.7746936082839965
0.7675299644470213
0.767826199531555
0.6807251572608947
0.6592936515808104
0.7304630279541013
0.6920780241489408
0.7521838545799254
0.6788036227226256
0.7972836792469022
0.7326820492744446
0.6797393560409545
0.7825879454612731
0.7201500236988067
0.6508361101150512
0.7979341745376585
0.7509278953075408
0.7451161444187162
0.6686255335807799
0.6916218996047973
0.7356897890567778
0.6434544920921325
0.7220605015754699
0.6851112246513366
0.7305595576763152
0.824114203453064
0.7244247496128081
0.7140654921531677
0.8053982853889464
0.7507476806640623
0.7263933122158048
0.7213678061962127
0.65120330452919
0.7611289918422698
0.6519395411014556
0.6737623810768126
0.7390989661216735
0.7742661535739896
0.8042178750038145
0.6905633211135863
0.7141852676868438
0.6633273363113401
0.7254883646965026
0.819565325975418
0.7726497054100036
0.6729475259780883
0.8107722103595733
0.7214587628841398
0.7114154398441312
0.6412897408008574
0.808540731668472
0.7699451148509978
0.7373818457126616
0.7256519496440886
0.7288065850734708
0.6729474067687987
0.7288064956665039
0.7136437594890593
0.7455587685108183
0.7340585589408875
0.7486470639705657
0.6798605322837828
0.7681206464767455
0.8081684112548828
0.6515969336032866
0.7322241365909575
0.6840188205242156
0.7941429316997526
0.727748245000839
0.721649020910263
0.7381964027881621
0.7868104577064512
0.7020801603794097
0.7154708802700042
0.7594038546085357
0.7355739474296569
0.6839132905006408
0.7666502892971037
0.7461299896240232
0.6412161886692046
0.7689393162727354
0.6435017585754393
0.7422651648521422
0.6747923791408538
0.7785040140151975
0.664091646671295
0.7911412417888641
0.736978530883789
0.8141424059867858
0.6732902228832244
0.7336400151252745
0.7735202908515929
0.6630074381828307
0.7859209179878235
0.7222232818603515
0.6888268887996671
0.7087540328502653
0.7699451148509978
0.8472339510917661
0.6646957099437713
0.7923000454902647
0.8090562522411345
0.7005814313888549
0.6797974109649657
0.6530202031135558
0.6958229839801786
0.7828771173954009
0.7664892673492429
0.7977843880653381
0.7326819598674773
0.6423195004463195
0.6887922286987302
0.7954902052879332
0.6788292229175567
0.6876730620861051
0.6223923563957213
0.7207137346267699
0.6913112401962279
0.7561365067958831
0.8140302002429961
0.6951129734516143
0.8495108783245086
0.6630617380142211
0.6947194933891295
0.7296802401542662
0.7022645771503447
0.6531218588352202
0.7263706922531127
0.6787262260913848
0.7148883938789367
0.6926030218601226
0.6508360505104064
0.7060998380184172
0.8574503362178801
0.8115215897560117
0.7442900240421294
0.7365690171718595
0.8002390563488004
0.6693652272224425
0.7468810975551605
0.6412896513938903
0.7394373714923858
0.630908966064453
0.7216769754886626
0.7482875287532805
0.6568265259265899
0.7875277400016784
0.7809432744979857
0.7472210824489591
0.683597296476364
0.7319564521312713
0.6323796808719634
0.7257222831249236
0.7170093655586242
0.7579889595508574
0.8166529536247252
0.7389610111713407
0.7385135293006895
0.7426343262195586
0.7032458782196043
0.720502972602844
0.7683152258396149
0.6622973978519437
0.7495981454849242
0.7127884924411771
0.6223923861980437
0.8127660751342771
0.7291842401027677
0.8062837719917295
0.6316696703433989
0.7759515047073362
0.8106921017169951
0.793586194515228
0.757372111082077
0.748845338821411
0.8195335566997526
0.6750215888023374
0.763909727334976
0.8417879343032836
0.6323796212673186
0.7341548800468443
0.6849427521228789
0.8415368199348449
0.7156712114810941
0.7420786917209624
0.6712874472141265
0.6447685360908507
0.6765923500061034
0.6909490227699279
0.6843542158603667
0.8241390585899352
0.6547085344791412
0.7977418899536132
0.7245436310768126
0.6733689010143279
0.7886072397232055
0.8253193795680999
0.669151335954666
0.7402006089687346
0.7055372297763823
0.7709017693996428
0.7023969888687133
0.8089503347873686
0.7125261425971984
0.7196427583694456
0.6231024563312529
0.6615368425846099
0.8056198358535764
0.6753963530063628
0.828250765800476
0.715127408504486
0.7546758651733397
0.7720963656902312
0.8009996116161345
0.7503290176391599
0.7038125097751616
0.7203455269336699
0.6813127398490905
0.7927960455417632
0.8054896593093869
0.7214324176311491
0.7362653911113738
0.8055777251720426
0.6472292542457581
0.7633594870567322
0.7759514153003692
0.672771781682968
0.7440367639064787
0.7544001936912537
0.7718741297721862
0.7204906940460205
0.745889216661453
0.6849427521228789
0.6446052491664886
0.7988873720169065
0.736843854188919
0.6622974574565886
0.7402026951313017
0.824058413505554
0.7226685285568236
0.6774635612964629
0.7206073701381682
0.6741295754909514
0.7218035757541656
0.7523845732212067
0.6430802047252654
0.7018053829669951
0.6741295754909514
0.682976961135864
0.7263034284114837
0.6619040966033934
0.7156136035919188
0.7173065543174741
0.6634796559810637
0.7898702621459959
0.7344675064086913
0.7890784442424773
0.7824140489101408
0.7605235278606415
0.7963803708553313
0.7471415102481841
0.7032458782196043
0.6959861516952514
0.6910549104213712
0.783647686243057
0.7396755516529082
0.6530201137065886
0.7798162400722504
0.7563450038433074
0.6423195302486419
0.6412897408008574
0.881289094686508
0.7039782106876372
0.6622468829154967
0.7088182270526885
0.8214373588562011
0.7765267491340636
0.799216479063034
0.6674630939960479
0.7712300121784209
0.6972227096557616
0.7622179985046384
0.7608452141284942
0.701500505208969
0.7259152531623839
0.8112879693508146
0.7064642906188964
0.7226533591747282
0.7762657105922699
0.6884445250034331
0.79239746928215
0.6734197139739988
0.7496624588966367
0.8213555514812468
0.7127739489078521
0.7772727906703948
0.7644856870174407
0.676386386156082
0.6341229081153869
0.730062186717987
0.694761127233505
0.6760589778423308
0.7064643800258636
0.7448536753654479
0.7137574851512908
0.7612569034099577
0.683191508054733
0.6906076371669768
0.654388517141342
0.6760083138942717
0.6962445080280302
0.6777592003345488
0.8109205067157743
0.6995743215084074
0.8837580382823942
0.6730017066001891
0.7498511970043182
0.6531218588352202
0.6964399516582488
0.8297721445560453
0.7873592972755431
0.7190567851066588
0.7971831262111662
0.7816593945026397
0.7140561044216155
0.7102910280227659
0.7845816016197203
0.7462490200996398
0.7335323095321654
0.7688439488410949
0.6668136715888976
0.6515968441963195
0.7445045113563536
0.7116057276725768
0.7139036953449247
0.7335541248321532
0.8055315911769866
0.7300055325031279
0.7156323492527006
0.7536298632621764
0.7263706922531127
0.6952870190143584
0.7861014008522031
0.6412896513938903
0.8108105659484861
0.6447685360908507
0.6431345939636229
0.7636195421218871
0.6990098655223845
0.729093313217163
0.6912056207656859
0.8036889135837553
0.6316696405410765
0.7139838039875028
0.7794935107231139
0.7622999846935271
0.7431146204471587
0.8057372868061063
0.6761063933372496
0.7695711255073545
0.7057437300682066
0.642245978116989
0.7102437913417815
0.6527791023254393
0.7679053246974943
0.8416596949100492
0.778981953859329
0.6788721680641173
0.6527546942234038
0.6958229541778563
0.7041690349578856
0.7499770820140838
0.7867898941040039
0.6622468233108519
0.8289071023464203
0.8264923095703124
0.7853358089923859
0.6515969038009644
0.7608881294727325
0.743599534034729
0.6615368425846099
0.6796655654907225
0.7744155228137969
0.6947194337844848
0.7468215525150298
0.7631064951419829
0.7723844945430753
0.7170905470848083
0.6640916764736174
0.6729474067687987
0.7355334162712096
0.6683669686317443
0.6669902801513671
0.7172021865844724
0.7265011370182036
0.7279099225997924
0.8164587318897245
0.7059285938739776
0.7975179851055144
0.7008487880229948
0.6775030493736266
0.6832545697689055
0.6813771128654479
0.7208443582057952
0.6855947375297546
0.6868612468242644
0.7035268843173978
0.7477873861789701
0.6950410604476928
0.6839589476585387
0.7296136021614075
0.806055277585983
0.7128816545009612
0.6438217759132384
0.685594618320465
0.7542845606803892
0.7582892179489135
0.7714022397994994
0.7090632021427152
0.6435018777847289
0.68947497010231
0.6836017966270446
0.8267218470573424
0.6938518881797789
0.7103732228279113
0.6788596808910369
0.8368596136569975
0.6993577480316161
0.6753455698490142
0.8221082389354705
0.7619923949241637
0.6957877874374389
0.7634045183658599
0.9245442152023314
0.7497275173664092
0.7356918156147002
0.6622975170612334
0.7264118790626524
0.6766237616539
0.7443818449974059
0.6316696107387542
0.7867202162742614
0.8578410744667052
0.6977384388446807
0.7102556526660919
0.7263369560241698
0.7072879672050475
0.800204962491989
0.7439040541648864
0.7274155616760252
0.7331546545028685
0.641609638929367
0.7822175920009611
0.6141450703144072
0.8039541542530058
0.7067767083644866
0.7575641274452208
0.6946406960487365
0.6995780467987058
0.7042925655841826
0.708067238330841
0.7610189914703368
0.7307350933551787
0.6729473471641539
0.6803206205368041
0.746977001428604
0.7861341834068297
0.71509250998497
0.7217976450920104
0.7134102880954741
0.7618062794208524
0.653441697359085
0.82156103849411
0.6727040410041808
0.7745400071144103
0.7166203260421751
0.7375368475913999
0.7208264470100402
0.7264946699142454
0.8059217929840086
0.6993132233619689
0.6653585135936736
0.66681370139122
0.7822634279727934
0.6412896811962127
0.623917520046234
0.7927105426788329
0.6910836398601531
0.7628454267978667
0.6622974574565886
0.6681509315967558
0.7602243125438688
0.8417983949184417
0.7629583775997161
0.8414141237735747
0.8163734674453733
0.6830382645130156
0.6886236071586607
0.7891364991664885
0.7013733088970183
0.7713226377964018
0.6903226673603057
0.8930025100708006
0.6416096091270446
0.6744666099548339
0.643454611301422
0.8053496479988098
0.820230096578598
0.6328519582748412
0.7496618032455443
0.6637488901615142
0.6508361697196959
0.6781263053417205
0.7938670516014099
0.6798274815082549
0.709366887807846
0.7026961743831633
0.7241411209106444
0.7432921230792998
0.7366666197776793
0.713738977909088
0.7883794009685515
0.7651398479938506
0.8530051112174987
0.7521524429321288
0.7947165966033934
0.7848624587059021
0.6947610080242155
0.7395438849925994
0.8127434253692626
0.7467737793922423
0.6801932156085966
0.7536314725875853
0.7221719324588775
0.7410975992679594
0.6968291401863097
0.7402580976486204
0.7561644315719602
0.6854218542575835
0.7268730401992797
0.6757391095161437
0.8065840005874633
0.808286279439926
0.6646957993507384
0.713353544473648
0.6622974276542662
0.8348562121391294
0.7921883165836332
0.7427420318126676
0.6530745327472686
0.760983884334564
0.7817466557025908
0.6430802047252654
0.6979828178882598
0.7927949130535124
0.7050380706787107
0.8249988257884977
0.805352061986923
0.6729474067687987
0.7329628169536591
0.7936822474002836
0.7029698491096495
0.7048911154270171
0.6726385354995726
0.7275132536888121
0.6625666916370391
0.725695937871933
0.7230605781078338
0.6914028227329252
0.7373245656490326
0.8139159083366393
0.7252657115459441
0.6622467041015624
0.785006135702133
0.7867507040500639
0.755390793085098
0.8056491017341612
0.7218833565711974
0.7953682839870452
0.7016334831714629
0.7161792516708372
0.7493179440498351
0.7060294151306151
0.8477295637130735
0.6887924373149871
0.7364757359027861
0.6879642605781553
0.7663284242153166
0.6733689606189727
0.6412896513938903
0.7843073308467864
0.6752874553203582
0.6753963232040404
0.6622467339038848
0.7072432935237882
0.8078355491161344
0.7236419022083281
0.7764879465103148
0.7067829966545104
0.8474707901477812
0.7030489146709441
0.6688553392887114
0.7633045911788939
0.6947610974311828
0.6707220971584319
0.8750352561473845
0.7291841506958007
0.7380851507186887
0.65225949883461
0.7048315703868864
0.7568783462047575
0.7248477935791013
0.7370910346508025
0.8246710300445554
0.6622467339038848
0.7394292652606964
0.729053407907486
0.7817843258380889
0.6918634474277494
0.678076535463333
0.8740414679050444
0.6571692526340484
0.69434055685997
0.7203520536422728
0.7063071131706237
0.7266544103622434
0.6964170336723327
0.8049812614917753
0.7072910368442533
0.7499148249626159
0.8272337019443511
0.7362045347690581
0.6468865871429442
0.7499769926071166
0.7515380382537841
0.6907592117786406
0.8000215590000151
0.713284909725189
0.6741477251052855
0.6412162184715271
0.8787357509136199
0.6531218886375427
0.7227743864059446
0.7126289010047911
0.6980533599853515
0.7197358608245848
0.6844123005867003
0.8901480436325072
0.8303396403789518
0.7796444594860076
0.6633816957473754
0.6522595286369323
0.714059293270111
0.7639097869396209
0.7671434581279754
0.7213223874568938
0.7117332220077514
0.6768435537815093
0.7316829562187193
0.7221304178237914
0.7048315703868864
0.7325252890586852
0.8324497938156126
0.7563817501068115
0.6911875009536742
0.8327300250530241
0.8302934765815733
0.8162201046943665
0.7331546545028685
0.7439576387405393
0.7981806397438048
0.7494178414344786
0.6408961117267608
0.7737294137477873
0.7879179716110227
0.7412849366664886
0.7673777937889098
0.7535325288772582
0.6668137311935424
0.692199259996414
0.7614070177078246
0.7150228619575498
0.7453417479991912
0.7615808248519895
0.8058021962642669
0.7609524428844451
0.7022643387317656
0.6907338500022886
0.7711439430713651
0.6737623214721679
0.6868612766265867
0.7319934964179992
0.7299260199069977
0.8815027475357055
0.7337272465229033
0.792054921388626
0.7946629226207731
0.6852856278419494
0.8581320047378539
0.6955733597278594
0.717009961605072
0.6625393033027647
0.7258270978927611
0.6729473471641539
0.7136367261409758
0.6669902801513671
0.6331947445869445
0.7258770763874053
0.7196043729782102
0.7952353060245514
0.8186286389827727
0.7919050455093382
0.697861224412918
0.693855047225952
0.7129336893558501
0.7180858850479125
0.7485689222812651
0.6326995193958281
0.7672362327575681
0.6330423355102538
0.7542845904827116
0.7491467595100401
0.730967104434967
0.6888768076896666
0.6816630661487578
0.6692771017551421
0.6630617976188659
0.7943784594535827
0.7251883447170256
0.7854544818401336
0.7665384709835051
0.809331178665161
0.6830448210239409
0.7779061496257781
0.6892895996570586
0.7807027399539946
0.6530745327472686
0.7166203260421751
0.739365518093109
0.7309467792510985
0.8457905948162077
0.72014382481575
0.7213678061962127
0.6914028823375701
0.671573519706726
0.674792319536209
0.7748903036117553
0.6837353110313413
0.6634289324283599
0.7228411734104156
0.6543884575366973
0.8527616560459136
0.6808115243911742
0.8415145277976989
0.8609811365604397
0.7495756447315215
0.8612188696861265
0.683522880077362
0.6962175667285918
0.8029010295867919
0.778311550617218
0.7084594964981079
0.7588288784027098
0.6860462129116057
0.7234026193618773
0.8114716708660124
0.7383186817169188
0.7444825768470762
0.8352602720260619
0.701500505208969
0.7890526354312896
0.6852856278419494
0.677829086780548
0.7486760318279264
0.663748949766159
0.84589347243309
0.7669729292392728
0.8352829813957211
0.789023607969284
0.7468215227127074
0.6405290365219115
0.7520326375961303
0.7619188725948333
0.6519395411014556
0.724125951528549
0.7190565168857574
0.6990859806537627
0.6868612766265867
0.779154300689697
0.7702523469924926
0.736923277378082
0.703911393880844
0.7896593809127807
0.7063803672790526
0.7072433829307555
0.7126288414001464
0.7665332257747648
0.6638224124908446
0.8636642098426817
0.7141433358192444
0.8363393247127532
0.8002050817012786
0.7282468974590299
0.8149413168430328
0.7370191216468811
0.6405290067195891
0.664695769548416
0.7824507653713225
0.7973164916038512
0.6826337575912474
0.7718602120876311
0.7218037247657775
0.8276533782482147
0.7030214071273803
0.6447684466838836
0.8431726694107053
0.71662038564682
0.7708665430545806
0.7514774501323699
0.7012217044830321
0.6412161886692046
0.6947195231914518
0.7300334870815276
0.7128639817237853
0.6515967547893523
0.8190440535545347
0.7067767083644866
0.6921873092651366
0.7092837393283842
0.7192291021347045
0.6972226500511167
0.7866444885730742
0.6239174902439116
0.6430802047252654
0.7130735516548156
0.7392225861549376
0.7973741590976714
0.6328519284725188
0.6223924160003661
0.6997472643852233
0.7838914990425108
0.7885963022708891
0.7613153457641599
0.7316794097423552
0.7120095193386077
0.692526787519455
0.6832545101642608
0.6972225904464721
0.6729473769664763
0.7452058792114257
0.7603999376296996
0.7819970548152922
0.7998365163803098
0.7488434314727782
0.6515966951847075
0.7749313712120054
0.8557976186275481
0.7313660979270933
0.813640534877777
0.6543885469436644
0.6851112246513366
0.8078959584236144
0.7663516104221343
0.6983151733875272
0.7889426648616789
0.714403450489044
0.6976226568222045
0.7293942570686338
0.7302412986755371
0.7015322446823119
0.789846360683441
0.7495286166667936
0.7408488690853117
0.6651478111743926
0.7420785129070281
0.6622468531131743
0.6951129138469695
0.7324700355529783
0.6753455698490142
0.6698720455169677
0.7206264436244963
0.6730519831180571
0.6811146140098571
0.6527790427207946
0.7327599227428435
0.6975112259387969
0.695986211299896
0.7188210785388944
0.677119880914688
0.7582776248455046
0.7085546553134917
0.6447685658931731
0.7020266652107238
0.7617994546890257
0.706073760986328
0.7814410924911497
0.825413852930069
0.6447686254978179
0.7489743828773497
0.6981834471225737
0.8405676782131194
0.6943507194519042
0.6219989657402037
0.6636701822280883
0.6639153063297271
0.8460752964019775
0.6435017883777618
0.76208958029747
0.6740047335624695
0.758402794599533
0.7033348381519317
0.765753835439682
0.6527545750141143
0.7824663221836089
0.8163410425186156
0.8433944582939147
0.7176781892776489
0.6515968441963195
0.6659007072448729
0.7601611614227294
0.7978712022304533
0.6582774519920348
0.8096378743648527
0.7673777043819426
0.6646957099437713
0.6963288784027098
0.7743949294090271
0.6547085046768187
0.6741297245025634
0.6795125603675841
0.7741316854953765
0.6565065979957581
0.6852855384349822
0.70979505777359
0.7000417709350585
0.6323797106742858
0.6726589798927306
0.6428146958351134
0.7123517096042632
0.8502807915210724
0.7100663483142852
0.7869065403938292
0.7322242259979247
0.7589774727821349
0.8127024471759795
0.6618424355983733
0.7581496834754943
0.7565707266330717
0.6744585037231444
0.6431345343589782
0.7121931612491607
0.7425239980220792
0.7500589191913605
0.6578781008720397
0.6770963370800017
0.7885199189186094
0.7537552118301389
0.731145769357681
0.7376718521118163
0.8145725727081298
0.6522594094276427
0.7834336757659911
0.7443159222602843
0.7080078721046447
0.8615522384643554
0.7078184187412261
0.6619040071964263
0.7606570124626157
0.7663394808769225
0.6835973262786864
0.640848934650421
0.6508361101150512
0.7943784594535827
0.7368479073047637
0.783036172389984
0.8244645297527312
0.7872332036495207
0.6813133060932158
0.7320120334625244
0.7327750921249389
0.7065833210945128
0.6908233165740965
0.7046782076358794
0.7645950913429258
0.696417063474655
0.7327615618705747
0.6316696107387542
0.712538182735443
0.7373419106006621
0.6693831086158751
0.7749311625957488
0.6653584539890288
0.7949185967445374
0.8417943418025969
0.6650156080722808
0.7362945079803467
0.7317137718200684
0.7999466955661771
0.7313728928565978
0.7603362798690795
0.7697197794914244
0.7700690627098083
0.771163612604141
0.7802220284938811
0.6426394879817962
0.6515968739986419
0.7074120938777922
0.7641788721084594
0.7825480699539183
0.7523809075355529
0.7030489146709441
0.6511560678482055
0.7267590165138244
0.7616871595382689
0.724027782678604
0.7108121812343596
0.6522594690322875
0.7034922242164611
0.7551310062408445
0.7561364769935608
0.6519395112991331
0.6794724762439727
0.8203378021717069
0.6450885236263274
0.6405289471149443
0.6597524881362914
0.8306837677955626
0.7188211083412169
0.6328518688678739
0.6743708252906798
0.69050395488739
0.8902108371257782
0.7693370580673216
0.78730970621109
0.7023631334304808
0.7683888673782346
0.7008661031723021
0.699926197528839
0.7501622438430785
0.6634289622306823
0.6995513439178466
0.8164041340351104
0.7345019280910491
0.7613153755664824
0.7198024988174437
0.6978585124015806
0.734328269958496
0.743799865245819
0.7188082635402679
0.691281884908676
0.6219989657402037
0.7955595552921294
0.7756264209747313
0.7734814286231994
0.798674017190933
0.6316695809364318
0.7533380389213561
0.8571516573429105
0.7257584631443023
0.6768437027931212
0.6512033939361571
0.6797973513603209
0.6949909031391143
0.7447719871997832
0.7563816606998442
0.7417240440845488
0.6454312801361083
0.7576173245906829
0.7424275577068328
0.7759954333305358
0.8359848558902738
0.7070502042770385
0.7576347589492797
0.7560065686702727
0.7247872352600098
0.7188211083412169
0.6693652570247649
0.7932750284671782
0.6312762200832366
0.675135016441345
0.7169282734394071
0.7602327466011046
0.6565065383911132
0.6622468233108519
0.6962800323963164
0.6820976436138152
0.6435017585754393
0.7823068201541898
0.7437050342559814
0.7292230129241941
0.6839132606983184
0.6543927788734435
0.6651477515697478
0.7230635881423949
0.7665652632713316
0.7148894667625426
0.8105024993419645
0.8474795818328856
0.6780600547790526
0.6959016919136046
0.7895803153514861
0.6869581341743468
0.7867872118949889
0.8670182526111601
0.6630618572235106
0.7588130831718444
0.7319836318492887
0.7817395627498624
0.7666038572788239
0.7712118923664092
0.7460021972656249
0.8530437052249907
0.7273507118225097
0.7330199182033538
0.7623326480388639
0.6896393895149229
0.6902348697185515
0.7897956371307372
0.790093660354614
0.7118255794048309
0.7443159222602843
0.653441697359085
0.824688971042633
0.7645679414272307
0.6970051527023313
0.8087871968746184
0.7388023734092711
0.7069052159786222
0.7819015085697173
0.7301030755043029
0.7060039341449736
0.640848934650421
0.8666943907737732
0.7793983221054077
0.7752694785594939
0.7466213107109069
0.7565218210220335
0.8186886012554168
0.7447758018970488
0.6223923861980437
0.7748856544494628
0.8002113699913023
0.7523164451122282
0.6809649169445037
0.680320769548416
0.8959366381168363
0.8753778934478759
0.6316696703433989
0.7117332220077514
0.686388999223709
0.722841292619705
0.7077395915985106
0.708900898694992
0.6770964264869688
0.7087539434432982
0.6952869594097136
0.7595713436603545
0.7645929753780364
0.7227743566036223
0.6933533847332
0.6622974574565886
0.7205714881420134
0.6838315725326537
0.7502863109111784
0.7356779575347898
0.7174682915210722
0.783357113599777
0.7686920464038849
0.7572650909423827
0.7691458165645598
0.6899658143520354
0.8412398993968963
0.6431346535682677
0.7972542345523833
0.8037103712558745
0.7561393380165099
0.6630616486072539
0.6774635910987853
0.7321646511554717
0.6835973560810088
0.7585651278495786
0.662297487258911
0.7510685324668882
0.6416096687316893
0.6335145235061644
0.8418070077896116
0.7135024964809417
0.7980971634387968
0.6674764156341552
0.742483854293823
0.7517365515232085
0.7997780442237852
0.7657805085182189
0.8699812889099119
0.7122087776660917
0.8538105189800261
0.7869053483009337
0.7651398479938506
0.7566674947738646
0.6967620551586149
0.7430416345596313
0.7636801004409789
0.7057218253612517
0.7873153686523435
0.7030650973320006
0.7067173123359679
0.746284782886505
0.8206827640533446
0.7857625186443328
0.7776983082294463
0.688552439212799
0.6803955435752868
0.6408963203430175
0.6519166827201842
0.6975269615650176
0.8107017278671264
0.6441645324230193
0.7413594126701355
0.6906454265117644
0.6657256484031677
0.8141939640045164
0.7508622407913207
0.7645445764064787
0.6817928552627562
0.6428146958351134
0.7021367549896239
0.6863890886306762
0.7376718521118163
0.6753963232040404
0.6682781577110289
0.6787404119968413
0.7880334556102753
0.8523077368736266
0.7878466248512266
0.6431345641613007
0.6408963203430175
0.7543403804302214
0.7232831120491028
0.7349302172660828
0.7805705666542052
0.7656883001327514
0.6899499893188475
0.7269829809665678
0.7379696071147918
0.7353509068489072
0.7731290459632872
0.8104310333728789
0.829539358615875
0.6979484856128692
0.7060997486114501
0.7177462875843046
0.8138677477836607
0.6527545452117919
0.7709752619266509
0.7522569894790648
0.7398045659065245
0.7310338914394376
0.6910549402236937
0.6634290516376494
0.7278433740139006
0.6994352638721465
0.6674631536006926
0.6511560678482055
0.6574890911579131
0.6943506896495818
0.7202674746513366
0.6548143327236174
0.7920120358467102
0.7484110593795775
0.7762013375759124
0.6412896811962127
0.6426395177841185
0.8523673713207244
0.7838974893093108
0.7013077735900878
0.6515968441963195
0.7617412209510802
0.6682781279087066
0.7627919614315031
0.7073968052864072
0.6790883541107177
0.8377986550331115
0.7694978713989257
0.6615368425846099
0.8353005945682523
0.7782554924488067
0.7634995281696318
0.691839426755905
0.7158032655715941
0.7347464561462401
0.7149294316768644
0.6515967547893522
0.7929847836494444
0.6744250953197478
0.8272183537483214
0.6219989657402037
0.6962175369262694
0.6788035929203031
0.7057546973228453
0.757380187511444
0.695112884044647
0.7629805505275725
0.705641746520996
0.8050310909748076
0.8411894142627715
0.6619040369987487
0.7265403866767882
0.6527546942234038
0.8753790855407714
0.7065235972404479
0.6808117330074309
0.7078578174114225
0.7756742537021636
0.7635828554630278
0.7512605190277098
0.8080884814262389
0.7876106202602385
0.8130879700183867
0.6328519284725188
0.6316697001457213
0.7277482748031615
0.731145769357681
0.7590728998184202
0.6947194933891295
0.6807252466678618
0.7374801039695738
0.7012993693351744
0.7018685936927794
0.6733689308166503
0.7472103238105773
0.8196294009685514
0.707857847213745
0.6758957505226134
0.7869825065135954
0.7069451808929442
0.6747922897338866
0.8585982024669646
0.7207359075546264
0.6963533461093901
0.6695669591426848
0.7866123616695403
0.6979280412197112
0.7272947132587431
0.6630617380142211
0.6747255027294158
0.6547085642814635
0.7672423124313353
0.748880237340927
0.690363049507141
0.755130887031555
0.6922549307346343
0.7361604571342467
0.7206742167472837
0.6814085245132445
0.7571103274822234
0.754249483346939
0.7902344167232512
0.7092550992965696
0.764732003211975
0.7641524076461792
0.6438217759132384
0.6423195302486419
0.8010013103485105
0.7641524076461792
0.7486759424209593
0.7203520834445951
0.6615367829799651
0.7469173669815062
0.8307449817657471
0.6522594690322875
0.8002860248088836
0.8989095389842985
0.7901189327239989
0.7127887904644011
0.6844123303890227
0.6744723618030547
0.728082776069641
0.7704103887081145
0.7422798573970792
0.630908966064453
0.6737623512744902
0.6664771139621734
0.7225525975227355
0.6994352936744689
0.7769702076911925
0.7028776705265044
0.7951421737670897
0.7013747394084929
0.8084493577480313
0.7378770411014556
0.7953682243824004
0.7139100432395934
0.7594262063503263
0.6885523498058318
0.8203084170818327
0.7620897293090819
0.6948330998420714
0.6959016919136046
0.7241457998752593
0.6840188205242156
0.8139598667621611
0.77529239654541
0.6412896513938903
0.7302755117416381
0.7950904369354246
0.7669896781444547
0.7515094876289367
0.6423194706439971
0.7321647107601165
0.6737111806869506
0.6362013518810271
0.7251933217048645
0.6817250251770017
0.672208398580551
0.6515969336032866
0.6622974574565886
0.7453485131263732
0.7724902629852293
0.7420066297054289
0.7698351442813872
0.7101065218448638
0.7622594237327573
0.7714982032775878
0.7364775836467742
0.8131226897239684
0.630908966064453
0.7788812518119811
0.7073968946933745
0.7744804322719574
0.6929594874382018
0.6316696703433989
0.8096115589141845
0.8160208463668822
0.8640623688697813
0.7211573123931884
0.8360438048839568
0.7349622845649718
0.6315961480140685
0.805216997861862
0.7769568264484403
0.80901163816452
0.6729474067687987
0.7463153898715971
0.672771781682968
0.7117332220077514
0.6960642635822295
0.7120096385478972
0.6622466444969176
0.6646957993507384
0.7292229235172271
0.800800710916519
0.754810869693756
0.8056960701942443
0.6678401827812194
0.6874035000801085
0.7039966881275176
0.7874455153942107
0.703284591436386
0.6316696405410765
0.6729474067687987
0.7838734984397887
0.7640667259693145
0.7495285570621489
0.7121624350547789
0.7190566658973693
0.7028335332870482
0.7292688488960264
0.7498045861721037
0.869553208351135
0.7130071520805358
0.7851157188415527
0.7948444187641143
0.6323796808719634
0.7242545187473295
0.7356687784194945
0.7726497352123259
0.8050837814807891
0.6947195231914519
0.7726497054100036
0.6431346535682677
0.6515967845916747
0.7606570124626157
0.6522594690322875
0.6800873577594756
0.7572650313377379
0.6637819409370421
0.6744723320007323
0.7298702597618102
0.8052169680595397
0.6711652874946593
0.6980533599853515
0.7684278190135955
0.73803773522377
0.7026004791259765
0.6880300045013427
0.6960163414478301
0.8931614756584166
0.7445487976074218
0.6913726925849913
0.6638225018978118
0.6630617678165435
0.6508361101150512
0.7251772880554198
0.7169453799724578
0.7713738977909087
0.7565851807594297
0.7367041409015654
0.6921381056308745
0.8082270622253416
0.7035424411296843
0.7632889449596403
0.7920620441436765
0.695822924375534
0.7996177077293394
0.7371818721294402
0.7795533835887907
0.7068655192852018
0.7715333104133605
0.7629783451557157
0.6589207649230956
0.8065398037433622
0.6740143597126006
0.7175330817699432
0.6515968739986419
0.7176846563816068
0.7614579796791076
0.7159018516540526
0.6984468400478362
0.674370765686035
0.7385416030883788
0.7670352160930632
0.7273102700710294
0.7257154285907744
0.632851868867874
0.652779072523117
0.6644850969314574
0.7455321848392485
0.7200970947742461
0.7100684046745299
0.7794778347015379
0.6851111650466918
0.7534127235412597
0.8522492349147796
0.9018028676509856
0.8163194060325623
0.8090863823890685
0.7541074156761168
0.6730520129203795
0.7501435875892637
0.6423196494579314
0.6741296648979186
0.8191540837287902
0.7713183164596558
0.7306579649448394
0.7185792028903961
0.6985410749912261
0.7261965870857238
0.706543207168579
0.7856417596340177
0.6416096687316893
0.7345019280910491
0.6963534355163573
0.655418425798416
0.7610210776329039
0.7872768342494962
0.7973093092441558
0.8052652180194853
0.6947195231914518
0.7759514451026915
0.8086160421371459
0.7043661177158353
0.7886001169681547
0.708381950855255
0.8309917747974394
0.7746258378028867
0.7505919039249419
0.7112953066825864
0.6472293138504027
0.6427918672561644
0.758919060230255
0.6424718797206878
0.6910548210144042
0.7253141701221465
0.7561365365982055
0.7023631334304808
0.7073968946933745
0.675233095884323
0.7655763328075409
0.7189679741859435
0.7375779449939727
0.6921252608299254
0.8058575987815856
0.7144864797592162
0.6868764460086821
0.771958827972412
0.7488583922386168
0.6954801976680755
0.7170197367668151
0.770410358905792
0.7022924125194548
0.6734197139739988
0.7797390520572661
0.6852855682373047
0.748410940170288
0.739600419998169
0.7431683838367462
0.6902974545955657
0.8135056793689726
0.7581596970558165
0.6616161465644835
0.7037696242332457
0.7257032990455626
0.8988501727581022
0.7921206653118132
0.7594038546085357
0.7196522057056425
0.7738514840602874
0.7447271049022672
0.7130071818828582
0.6753569543361663
0.8052501082420349
0.6219989657402037
0.7922623455524443
0.7205862104892728
0.7019606232643126
0.7078577280044553
0.641609638929367
0.7770852744579313
0.7107106447219849
0.6412161886692046
0.6527001857757567
0.6625666320323942
0.7193859815597533
0.7406349778175353
0.6335145235061644
0.6894750297069548
0.784206688404083
0.6412896811962127
0.7297111153602599
0.7482583224773405
0.7114783823490142
0.6951129734516143
0.860613703727722
0.7324700355529785
0.7066457867622374
0.6906453371047973
0.6622467041015624
0.7815581262111663
0.6733689308166503
0.8052483499050139
0.6705670058727262
0.7102438211441039
0.7687194049358367
0.6216317117214202
0.701516419649124
0.6309089362621307
0.7844202220439908
0.7575896978378295
0.7147884070873258
0.8061542510986326
0.8309629857540128
0.683191508054733
0.757945328950882
0.7391556203365324
0.6619040071964263
0.7455129027366637
0.7018315494060515
0.7619229555130004
0.6875826418399809
0.7922911345958709
0.6843540966510772
0.6427918672561644
0.7246971726417539
0.7201467156410216
0.7130745947360991
0.7254180908203124
0.6664465069770812
0.7331759631633756
0.7921647131443024
0.7143434882164001
0.7324903905391692
0.7183558344841002
0.7116549909114837
0.664695769548416
0.8402875363826751
0.6426394581794738
0.6744724214076994
0.6626358032226561
0.8296956121921537
0.6836761534214019
0.8198142945766448
0.7426344156265258
0.8158592283725739
0.7288233935832977
0.8685237169265746
0.6741051673889159
0.7063658833503722
0.8411489129066465
0.7882096469402311
0.8039483129978179
0.6323795914649962
0.7062449157238007
0.6424718797206878
0.6416095495223998
0.7342687249183654
0.7019689977169036
0.7073625922203063
0.7558299601078031
0.7120878100395202
0.7467739880084989
0.7544983327388762
0.8025707304477689
0.6408489048480986
0.7585608363151549
0.7600461244583128
0.6331947147846221
0.8609858453273771
0.7504342794418334
0.6995780467987058
0.7710747420787811
0.6921873688697814
0.7664867639541625
0.7959122955799101
0.7663394808769225
0.7340745031833648
0.7005814015865325
0.7584940195083616
0.7590953409671781
0.7802220284938811
0.8363012373447416
0.6993475854396819
0.8164317309856414
0.7134914100170135
0.7026028633117675
0.7950957119464872
0.7538251876831054
0.7081246972084043
0.8432848155498502
0.6423195302486419
0.6522595286369323
0.642814666032791
0.7251815497875211
0.7111339271068572
0.6615367233753203
0.7579919099807737
0.7605987489223478
0.7694725692272185
0.6746356487274169
0.673871338367462
0.7076552510261533
0.7874250710010526
0.731145769357681
0.7041689455509185
0.7009918987751006
0.7898538708686828
0.6934413313865659
0.8412700295448301
0.731503903865814
0.7184203565120696
0.785938411951065
0.7865179777145385
0.8082891702651975
0.7023631334304808
0.632851868867874
0.8153387606143951
0.6650156378746032
0.7019765973091124
0.6653584241867064
0.8114223182201383
0.6534417867660521
0.6732902228832244
0.8524647951126098
0.7018721103668212
0.7015003859996793
0.6519166827201842
0.7600351274013518
0.6970895826816558
0.6800872683525084
0.6660212278366088
0.771989196538925
0.6625393629074096
0.8698437809944152
0.7077395915985106
0.8361425399780271
0.6630074083805083
0.7495284378528594
0.7194997966289519
0.680463820695877
0.7304826378822326
0.70565727353096
0.8458856642246245
0.6650156378746032
0.7916036844253538
0.6223923861980437
0.6959409415721892
0.6640916764736174
0.6625666916370391
0.6519396007061004
0.7226684689521787
0.785141050815582
0.7619483172893523
0.6753963530063628
0.6686271727085112
0.685594618320465
0.7188618183135985
0.644164502620697
0.6508361101150512
0.7013356387615203
0.7139218151569364
0.6548143327236174
0.7240332067012786
0.7770552337169645
0.7468959391117095
0.7122645378112791
0.6791131794452666
0.67407888174057
0.8637236952781675
0.7373483777046203
0.7394817173480986
0.7312177419662476
0.6512033939361571
0.756700277328491
0.662297487258911
0.7239113748073577
0.6788036227226256
0.6874826252460479
0.6316697299480437
0.6622468233108519
0.6547084152698516
0.7892711758613585
0.6512033939361571
0.6338572800159453
0.662297487258911
0.7487040162086486
0.7321645915508269
0.7564131021499633
0.7645240426063536
0.7534513175487516
0.7448634803295134
0.6435016989707946
0.641289710998535
0.6615367829799651
0.7726790308952332
0.726811647415161
0.6615368127822874
0.7201809883117675
0.7356091737747191
0.6955780684947966
0.6447685956954956
0.6323796808719634
0.7635505199432371
0.6874826550483703
0.7322242259979247
0.6331946849822997
0.6763864457607268
0.7327057421207427
0.751327335834503
0.6522594988346099
0.6572050750255584
0.7266414761543273
0.714059293270111
0.6326995790004728
0.7424983978271483
0.6622975170612334
0.7018314898014067
0.7414491176605222
0.6508361101150512
0.845865249633789
0.7177378237247466
0.7875276803970336
0.8100731968879699
0.6726385354995726
0.7829735577106475
0.6527546644210814
0.7583205997943876
0.8528179228305816
0.7262005507946014
0.7736495733261107
0.8090202510356903
0.6915303468704223
0.6582773625850676
0.7344284951686858
0.6646957397460936
0.7309468984603881
0.6753963530063628
0.6957266628742216
0.6832545101642608
0.749575763940811
0.7613553702831268
0.7380481362342833
0.6408488154411315
0.7026366889476775
0.7600355148315429
0.7070501446723937
0.7190565764904021
0.7057219147682189
0.6431345939636229
0.7189033925533292
0.6622467041015624
0.835669845342636
0.7288233637809752
0.6985410749912261
0.7535612285137175
0.7320121228694914
0.7949059605598449
0.6657256484031677
0.7074511945247649
0.7275700569152831
0.6897338330745696
0.6774460375308989
0.673708140850067
0.7221405208110808
0.7533380389213561
0.6405290067195891
0.6732902228832244
0.7930542826652526
0.6416096091270446
0.7682261168956754
0.6724545657634734
0.7111896574497221
0.7303954064846039
0.7129597663879395
0.7025867998600005
0.6727718710899351
0.799896568059921
0.7504946589469909
0.7498085796833037
0.6852272748947142
0.7045121192932128
0.687469571828842
0.6746356189250945
0.6622467041015624
0.6830700039863585
0.6653583645820617
0.7091790139675139
0.6852273643016814
0.6753963530063628
0.7555563449859618
0.8415756225585935
0.6419996619224547
0.6534417569637297
0.6416095495223998
0.7024790346622466
0.7120980918407438
0.802836775779724
0.7273506224155425
0.6530745327472686
0.7696481943130492
0.788052976131439
0.7881972491741178
0.6836170852184295
0.7378771603107451
0.761516124010086
0.7022644877433776
0.7617166638374328
0.8575129508972167
0.6952110826969146
0.727537155151367
0.8260831832885741
0.7510524690151213
0.6761063635349273
0.7631362080574035
0.8360491394996642
0.6426395177841185
0.7905757725238798
0.6793174743652343
0.7070900797843932
0.6316695809364318
0.7907703816890713
0.6338029801845549
0.7048882246017455
0.6910180151462554
0.7424897551536559
0.8057372868061063
0.7420468628406524
0.653020143508911
0.758415251970291
0.7590428590774535
0.7073967456817626
0.6751350462436676
0.7126467823982238
0.8410269320011137
0.7478947937488555
0.6423195898532866
0.6416095793247223
0.6898230314254759
0.769608289003372
0.7307029366493224
0.756223976612091
0.7539484202861786
0.7249555885791777
0.696074455976486
0.653074562549591
0.7361967861652373
0.6701183319091796
0.7086333334445952
0.6508360505104064
0.7442108094692229
0.7088442742824553
0.7345046699047088
0.7241457998752593
0.7796947956085204
0.6621290445327758
0.681029051542282
0.7925421297550199
0.6849427819252013
0.7438760101795195
0.8385630249977112
0.7959821522235868
0.7029697597026824
0.7296136021614075
0.7138899266719816
0.7548109889030455
0.6907220482826232
0.663670092821121
0.6431345641613007
0.7368419766426084
0.7561644613742827
0.8146599233150481
0.7797561287879943
0.7790285944938657
0.7243518829345701
0.6427918970584868
0.7231437861919401
0.7340427935123442
0.6530745029449461
0.6698584854602813
0.6515968143939971
0.8093723654747007
0.7273507118225097
0.6526267528533934
0.8136165440082547
0.7101637423038482
0.7472451627254485
0.6661103069782256
0.6770964264869688
0.7127695083618163
0.6933021247386931
0.6910549104213712
0.714800328016281
0.6578780412673949
0.7605235278606415
0.6249473989009856
0.805751323699951
0.6492192447185515
0.6527001559734343
0.7071459591388701
0.7417133152484894
0.663748949766159
0.65120330452919
0.7024833858013152
0.6770964264869689
0.6423194408416747
0.701339691877365
0.7439427375793457
0.7339905798435211
0.7774406671524047
0.7022645175457
0.65120330452919
0.7068042159080504
0.6530990302562713
0.7112953960895536
0.7536453008651732
0.8060345351696012
0.72693133354187
0.6447684466838836
0.6866467297077178
0.666343718767166
0.8086095452308654
0.7502789497375487
0.691372662782669
0.714056134223938
0.6526266634464263
0.6836018562316893
0.6737624406814574
0.6836761534214019
0.6723211407661437
0.7944480776786803
0.7020489275455474
0.7212057113647459
0.7853497564792632
0.6887923777103422
0.7538526058197021
0.7080932557582854
0.706257790327072
0.6405290365219115
0.6869895458221434
0.7521524131298064
0.6830448210239409
0.6585361063480376
0.7288065552711486
0.6624716520309446
0.7301355600357055
0.675345629453659
0.7348822653293609
0.745099127292633
0.6692770719528198
0.6705031096935271
0.6962445080280302
0.8158639967441558
0.8001183271408079
0.8142722845077514
0.6741477549076079
0.7569073140621184
0.7088149785995481
0.7015004754066466
0.7697375416755675
0.7134467363357543
0.74483984708786
0.7932640016078948
0.7919654548168181
0.7244316935539244
0.7147763967514037
0.6527545452117918
0.6309089958667754
0.7580346763134002
0.7880486845970154
0.6769213378429411
0.7478590905666349
0.7685840427875518
0.7216769754886626
0.8006617724895476
0.7326894104480742
0.8144147694110869
0.664695769548416
0.6884444057941436
0.7547250688076019
0.7136110067367553
0.7391917705535888
0.7145215570926664
0.7270847558975219
0.7471688389778136
0.7495796680450438
0.67986062169075
0.7871402204036713
0.7614581286907194
0.8002771735191345
0.7454845011234282
0.7202790975570676
0.9003655612468717
0.8104333281517028
0.715033560991287
0.6942979395389556
0.7112791240215299
0.6686910986900327
0.7695253789424895
0.6925561428070066
0.6519395411014556
0.6641652286052703
0.7025857567787169
0.8002113699913023
0.7445487380027769
0.653074562549591
0.7732604444026945
0.7059287428855895
0.6522594988346099
0.7420533001422882
0.7985599637031553
0.6592935323715209
0.8529976010322569
0.7144036591053008
0.6997384428977965
0.6984468400478362
0.6953176856040953
0.6354914307594298
0.7020960152149199
0.7177134156227111
0.6837351918220518
0.6412896811962127
0.7375910878181456
0.7092550992965698
0.7274155020713805
0.718638688325882
0.6820937693119048
0.7131048440933226
0.6656673550605773
0.6618425548076629
0.7733039557933807
0.6752874553203582
0.8376736938953397
0.6526267826557158
0.6547085046768187
0.7068977653980254
0.6512033939361571
0.7139039337635038
0.7175068259239196
0.6733689308166503
0.6316696405410765
0.6916732788085936
0.7883141338825225
0.7469770908355711
0.7384409904479979
0.7195718586444854
0.7128640115261077
0.7530308365821838
0.7268823385238646
0.7409845292568205
0.7345565259456632
0.6803097128868102
0.6782196462154387
0.673762410879135
0.8268501758575438
0.7675682306289672
0.7236068844795227
0.8108473122119902
0.7491103708744048
0.701500505208969
0.7955198287963865
0.814045876264572
0.719932973384857
0.6515968441963195
0.6950410604476928
0.7485927343368528
0.7879285812377929
0.7374219894409179
0.7326255738735199
0.6836760938167571
0.7442798912525176
0.6906374990940093
0.7634579241275785
0.8434207439422605
0.7166469693183898
0.7616159319877623
0.7452819347381591
0.6910179555416105
0.6775031685829161
0.6737624406814574
0.701969027519226
0.7141877412796019
0.7386243343353269
0.6746357083320617
0.7600334584712981
0.7375911474227903
0.6916236281394957
0.7562238574028014
0.676106423139572
0.7872160375118256
0.7946019768714903
0.6734197437763213
0.7178180515766143
0.7355031967163085
0.769779086112976
0.7601887285709381
0.6622468233108519
0.6761063933372496
0.6515968441963195
0.7593900561332702
0.7057629525661467
0.7352690994739531
0.8310763239860532
0.8088717162609098
0.6970477104187011
0.6797333955764769
0.787593513727188
0.7220305204391478
0.7625483572483062
0.8016192317008971
0.8413991928100584
0.8560530245304105
0.8039630651473998
0.6947194337844848
0.7557995617389678
0.7188618183135985
0.787269055843353
0.8753411471843717
0.7890784740447997
0.8609413504600523
0.6646957099437713
0.6326995193958281
0.6515968143939971
0.8362051844596861
0.6615367233753203
0.8433932363986967
0.6848346889019011
0.6527790427207946
0.7440367639064787
0.6860462725162506
0.741861581802368
0.6660211384296415
0.6971843838691709
0.6634289324283599
0.8376003503799437
0.6554185152053832
0.756223827600479
0.7091933786869048
0.6508361101150512
0.685594469308853
0.805697590112686
0.6405290067195891
0.7350015640258787
0.8038419485092162
0.7008487582206725
0.7987342178821562
0.6328519880771636
0.7183308899402617
0.6593986451625823
0.7008487284183501
0.7147728204727173
0.664695769548416
0.702225089073181
0.6908423304557799
0.6326995193958281
0.6534102261066436
0.7144819200038909
0.7431422770023345
0.8062110543251036
0.6734197437763213
0.6330423355102538
0.7384304404258727
0.7125812172889708
0.6578780412673949
0.7256384193897246
0.6426394581794738
0.8376311957836149
0.7849960327148438
0.6672134995460509
0.6622466444969176
0.7375578284263611
0.7080932259559629
0.7458893954753875
0.6791183352470397
0.6732902228832244
0.6757390797138213
0.6803094446659087
0.6852273046970366
0.7256208956241607
0.6531217694282531
0.6323795914649962
0.8642275035381315
0.6875437796115873
0.653441697359085
0.6966961622238157
0.6910180449485778
0.7499148845672605
0.6412161588668822
0.6874825060367582
0.6835972666740416
0.7610011100769041
0.6852273643016814
0.6963534355163573
0.663748949766159
0.6630617976188659
0.7278874814510343
0.7251106202602385
0.7928618192672728
0.7924656867980956
0.6523069143295287
0.7239114940166472
0.6323797106742858
0.6508361101150512
0.7448985278606414
0.7937449514865874
0.7689315676689147
0.6877970099449157
0.6531218290328978
0.7497914731502531
0.6537844240665435
0.7186387181282042
0.7186625897884368
0.683038294315338
0.7981415987014769
0.7155548632144928
0.6427918672561644
0.7985968291759489
0.810302436351776
0.8358229696750639
0.6634289324283599
0.6619040668010711
0.7998499572277068
0.6761997044086455
0.644164502620697
0.7797385454177854
0.7171675860881804
0.662297487258911
0.6427918374538422
0.6764332652091979
0.77834153175354
0.6971891224384307
0.6522595286369323
0.6737420558929442
0.7109552323818206
0.8477296233177184
0.7730964124202726
0.6622975468635558
0.6853363513946532
0.6405290067195891
0.7380481362342833
0.7065607905387877
0.7274410426616668
0.7427889108657836
0.7589774727821349
0.7018053829669951
0.7342506051063535
0.6746356487274169
0.7616821825504301
0.6571692526340484
0.697921574115753
0.6769092082977294
0.7124276459217072
0.6554186046123504
0.6408489048480986
0.8106634616851806
0.7174372673034667
0.7417240440845488
0.7922912240028381
0.7387145459651946
0.7473060488700866
0.7339712679386137
0.6637818813323975
0.6869895458221434
0.843534767627716
0.7267064154148102
0.6785241961479186
0.6646957397460936
0.6965646147727964
0.6760083138942717
0.7382789254188536
0.7148883938789367
0.7985311746597288
0.7852288782596587
0.7013732492923735
0.6790883541107177
0.6878305375576017
0.6741477847099303
0.663638949394226
0.7492812573909758
0.7443818449974059
0.7268791198730467
0.6916732192039489
0.6935070455074308
0.7136125862598418
0.7146334648132322
0.7673978507518767
0.7614071369171141
0.651523321866989
0.8590778410434721
0.7254255414009093
0.7212680280208587
0.7721550464630125
0.8408085107803344
0.6316696107387542
0.8526302576065062
0.6830383539199828
0.6974145770072936
0.6438217759132384
0.6976227164268493
0.7143606841564177
0.7136126160621642
0.6426395177841185
0.6644850969314574
0.652700126171112
0.6994432806968688
0.7492932081222534
0.7794323861598966
0.7698951959609984
0.7407236397266387
0.7072916030883788
0.7441500425338744
0.7077395915985106
0.7322396636009214
0.7178179025650022
0.6975112259387969
0.6852273643016814
0.6729473471641539
0.6468865275382994
0.7918623387813567
0.7822020649909972
0.6548652052879332
0.7134205698966979
0.7300334870815276
0.7501741945743561
0.695822924375534
0.7385213375091552
0.6816042065620421
0.6648524105548858
0.7179711461067199
0.7115720808506012
0.7983583211898803
0.743292063474655
0.7020005881786345
0.6542252600193023
0.7878457009792327
0.6622466146945952
0.6852855384349822
0.695822924375534
0.6997350156307219
0.6693651974201201
0.769044756889343
0.7285326719284055
0.6629319190979003
0.7831152975559234
0.6435018479824065
0.7670352160930632
0.6511561274528502
0.6977747678756713
0.6780467033386229
0.7019766271114348
0.7524454593658446
0.7548829317092894
0.6876560449600218
0.7129597663879395
0.6959940195083617
0.6829769909381865
0.6656673550605773
0.8088845014572141
0.6840694844722746
0.675718456506729
0.7881672978401182
0.6833872795104978
0.6913726925849913
0.7404273748397826
0.7123539149761198
0.6737111806869506
0.7318769693374632
0.6531218588352202
0.7068655490875242
0.7447045445442197
0.6431345045566558
0.6897338032722473
0.6450885236263274
0.7029846608638762
0.75845131278038
0.7977079153060912
0.787734568119049
0.663724511861801
0.7037115097045897
0.7143607139587401
0.7218879163265227
0.6550756990909575
0.7023418843746184
0.6412896513938903
0.6741052567958831
0.7694321274757385
0.7559821307659147
0.7091490328311919
0.6512033939361571
0.6851729452610015
0.7244421839714049
0.6698583662509917
0.712628811597824
0.6977106034755706
0.6622466444969176
0.6646957397460936
0.7596207857131956
0.67277193069458
0.7933864891529082
0.7450000643730162
0.7136865258216856
0.6999359726905822
0.767166346311569
0.7883651256561278
0.7599835991859435
0.694969594478607
0.6412161886692046
0.7424898445606232
0.6316696703433989
0.66222208738327
0.8404887318611143
0.7488584518432615
0.7331546545028685
0.7324413657188413
0.7535612285137175
0.6962082982063291
0.7514823377132414
0.6753963530063628
0.8088808953762054
0.7760167121887205
0.7244804501533508
0.7740477323532103
0.6972773671150206
0.6619957387447356
0.7022922039031981
0.6682780683040618
0.6534417569637297
0.6650156378746032
0.7440906465053557
0.6431345641613007
0.6959862112998961
0.6622974574565886
0.8007349669933319
0.6660539805889129
0.7878465950489044
0.6542252600193023
0.7428565025329589
0.70248344540596
0.6435017883777618
0.8249988257884977
0.6622466146945952
0.8145636618137357
0.6732901632785796
0.7282370328903197
0.6431345641613007
0.6757391095161437
0.7380431592464445
0.6593591272830962
0.6915528178215026
0.6918393969535827
0.8725244402885435
0.6547085344791412
0.667109191417694
0.6348287165164946
0.686298757791519
0.7822008728981017
0.7296116948127745
0.7023631930351256
0.7571122348308561
0.7077906727790831
0.7209795713424682
0.6431345939636229
0.691744565963745
0.6899430453777311
0.7326824367046355
0.6435018479824065
0.6724228262901305
0.6944212317466735
0.7058101892471312
0.727748245000839
0.8198514580726622
0.7699451148509978
0.7433089315891264
0.6622468233108519
0.8027620315551757
0.6799617111682891
0.6427918076515196
0.7013747394084929
0.6680619418621062
0.7024608254432677
0.7941818535327911
0.687469571828842
0.7172302901744841
0.743687868118286
0.6624059081077575
0.851912349462509
0.6450885236263274
0.7615807950496672
0.7789562046527861
0.8041346073150634
0.7215831875801085
0.7206575274467466
0.6913972795009612
0.7133243381977079
0.6947610676288603
0.7057629525661467
0.7953681349754332
0.6630617678165435
0.7911354899406431
0.7127888202667235
0.7489424049854276
0.7060972452163695
0.7636195421218871
0.7412850260734556
0.8186996281147002
0.7092550694942472
0.7172878384590148
0.6646956801414489
0.7330959737300872
0.8472966849803923
0.7886473536491394
0.702359765768051
0.7754756212234495
0.8097546100616454
0.6729474067687987
0.772286683320999
0.8725886642932891
0.6427918076515196
0.734254479408264
0.6817250251770017
0.6686271131038665
0.7703060209751129
0.77542245388031
0.6423195302486419
0.6747415661811828
0.7098367512226104
0.6915303468704223
0.7124432027339934
0.7002934515476226
0.7136109173297881
0.7463907301425932
0.6654859781265258
0.6412161886692046
0.703760117292404
0.8111103177070617
0.6615367829799651
0.6316696107387542
0.6231024265289306
0.6619040966033934
0.8345740437507628
0.7535889446735381
0.7313661277294158
0.7757420837879181
0.6619758307933806
0.6543886065483092
0.743376314640045
0.6672943830490111
0.7601006031036376
0.7275838553905486
0.6523067355155944
0.6732901930809019
0.6825156211853026
0.6646957993507384
0.7244325280189513
0.737396091222763
0.6405290365219115
0.8182097375392912
0.6979214251041411
0.6920666098594663
0.7429437339305877
0.7925315499305723
0.6435017883777618
0.7459951639175414
0.6954557299613952
0.761649578809738
0.8057979941368102
0.6914028823375701
0.6798452734947203
0.7375578582286834
0.750689387321472
0.7657009959220885
0.686152160167694
0.7267996072769163
0.653020143508911
0.7345565259456632
0.6788721978664396
0.6921872496604917
0.6726554632186889
0.6729473769664763
0.707146018743515
0.6515969038009644
0.6840695142745971
0.6855945289134978
0.7369357347488402
0.6868612766265867
0.6737625002861022
0.6975111663341521
0.8466239869594573
0.6733689308166503
0.7561853229999541
0.6472292542457581
0.6910370290279386
0.753873437643051
0.6729474067687987
0.6634289622306823
0.6970349550247191
0.7340535819530486
0.6508361399173735
0.7286718785762786
0.7375912070274352
0.6447686553001403
0.8184574544429777
0.7631471157073973
0.6630074381828307
0.7380851507186887
0.6534417867660521
0.8437618315219878
0.8363576531410216
0.6597524881362914
0.6547558307647704
0.7014101445674895
0.7870455682277678
0.6223923861980437
0.7468678951263426
0.7184535562992095
0.7236420214176177
0.6698584854602813
0.6975113153457639
0.6435018777847289
0.7263705730438231
0.7296732366085051
0.6733689606189727
0.6634289324283599
0.7420533895492553
0.7437690198421477
0.702359765768051
0.6727719902992246
0.7065235972404479
0.6675965785980223
0.8045682907104491
0.7279011905193328
0.6622468233108519
0.7104087471961974
0.7506780028343198
0.6849427819252013
0.7124648988246917
0.7256679534912109
0.7795500159263609
0.7618520855903624
0.640848934650421
0.6534102261066436
0.8358946442604065
0.7567784786224363
0.7280353903770446
0.757415175437927
0.6770964264869689
0.6530745327472686
0.6515969336032866
0.6529695093631743
0.8140892386436462
0.7771122455596922
0.6646957099437713
0.7300623059272765
0.7288511991500852
0.6624716520309446
0.7567784786224363
0.7640930712223051
0.6910549998283385
0.6634796857833861
0.7779680788516996
0.6630616784095763
0.7074511945247649
0.7030213177204131
0.694197505712509
0.8011929392814634
0.6918634176254271
0.6855945289134978
0.6712875962257384
0.7460471987724303
0.6676971614360808
0.730111390352249
0.7904662787914274
0.741246312856674
0.6698584556579588
0.6412896513938903
0.7023217082023618
0.8065466582775115
0.7174215316772459
0.642814666032791
0.6508360505104064
0.7452819645404816
0.7734859585762023
0.6312762200832366
0.6216317117214202
0.7852165102958678
0.7087539434432982
0.6977384388446807
0.774082839488983
0.6869581341743468
0.6650156378746032
0.7016603648662566
0.6891829669475554
0.6691514551639556
0.7349686026573181
0.798823297023773
0.7155604958534239
0.6554185152053832
0.6851730942726134
0.785070240497589
0.7177463471889495
0.6426394879817962
0.6316696107387542
0.6900154352188109
0.7186387181282042
0.7033108174800872
0.7418527305126189
0.7175330221652984
0.7841526567935942
0.6661469340324401
0.7970927655696869
0.6968619525432586
0.7873904705047606
0.641609638929367
0.7564131319522857
0.711955040693283
0.6959861516952514
0.7337536811828612
0.7646212577819822
0.6737623214721679
0.7580968439579009
0.6970108747482299
0.6585360467433928
0.7208129465579984
0.7490239739418028
0.683597296476364
0.7401249110698699
0.7343102991580963
0.8303688764572144
0.6947846710681914
0.8060879707336425
0.7079884409904478
0.6853363215923308
0.652969568967819
0.6619040071964263
0.673762410879135
0.6722083389759063
0.6893163621425628
0.7698698043823241
0.7491354048252105
0.7620573937892913
0.7630449831485747
0.7569385766983032
0.8328071832656859
0.7849960327148438
0.756338834762573
0.6626402735710143
0.7997734844684599
0.8176455199718474
0.7414490878581999
0.7261551916599273
0.6907063722610473
0.7421367168426513
0.6976225972175597
0.6787262260913848
0.8133883178234099
0.7447175979614256
0.7074570655822753
0.792278319597244
0.8160550892353056
0.6837351918220518
0.6938965916633604
0.8006111383438109
0.7029177546501159
0.6316696703433989
0.7722833752632139
0.65225949883461
0.7632541358470916
0.7444071769714354
0.7592483460903166
0.6736100316047666
0.7558299601078031
0.6527546942234038
0.7875086069107055
0.6512033343315123
0.674792319536209
0.7572904229164121
0.6972917020320891
0.6468865871429442
0.6426394879817962
0.783118039369583
0.6786775290966033
0.6905597150325774
0.7103893458843231
0.6757391393184661
0.8255332708358764
0.6865284144878386
0.7321646511554717
0.652969568967819
0.7225087881088255
0.69500795006752
0.8107270598411558
0.725488930940628
0.81343474984169
0.8902108371257782
0.730558693408966
0.6565065979957581
0.6405290365219115
0.7620649337768554
0.6527791023254393
0.7140552401542662
0.8165734708309172
0.6741478443145751
0.6630074381828307
0.7337472438812254
0.6820938289165496
0.8190805613994597
0.6424718499183653
0.6547086238861083
0.6758957505226134
0.6527546048164367
0.7451536655426023
0.6223924160003661
0.6447685360908507
0.663350224494934
0.687339663505554
0.7601329386234281
0.7244846820831298
0.6771200597286223
0.675654649734497
0.739862471818924
0.6958324015140532
0.8671696484088897
0.7497275173664092
0.736134886741638
0.7648597955703734
0.6866467297077178
0.6622467339038848
0.7611129879951477
0.6743708252906798
0.6844123005867003
0.6691516041755675
0.7089218497276305
0.6547085046768187
0.8188789784908294
0.7925315499305723
0.6910034120082854
0.6416095793247222
0.6753455698490142
0.662297487258911
0.7797970473766326
0.6630617082118987
0.6781263351440429
0.8272987306118009
0.8308011591434478
0.7616315782070159
0.719089478254318
0.6508360505104064
0.653441697359085
0.7828448712825774
0.769665628671646
0.730111390352249
0.6970475912094115
0.8871515691280364
0.6630617976188659
0.7188618183135985
0.7748970985412595
0.7822633087635039
0.7980759739875792
0.6985410749912261
0.6813771128654479
0.6444487273693082
0.6959861516952514
0.6454312801361083
0.6328519284725188
0.7734539508819579
0.6426394581794738
0.7128049731254575
0.7380590438842772
0.6223923563957213
0.66681370139122
0.7378045916557311
0.696064382791519
0.641609638929367
0.7360646426677703
0.6633502542972562
0.669383019208908
0.6423195004463195
0.6646956503391265
0.7476993501186369
0.7662425935268401
0.6526267826557158
0.708595484495163
0.750143676996231
0.6899499893188475
0.7463220953941343
0.7117298245429992
0.7166469693183898
0.7541845142841338
0.6853256225585935
0.7026366889476775
0.7032459676265715
0.776214003562927
0.7073968350887297
0.6790254414081572
0.6695441603660582
0.7370035350322722
0.696698099374771
0.6634796559810637
0.686116337776184
0.6787261366844175
0.651865929365158
0.6219989657402037
0.7165484726428983
0.6988562643527984
0.6531217694282532
0.6767689883708953
0.8005053102970121
0.7661797106266021
0.7750424742698667
0.6753963530063628
0.6519167721271514
0.6790877282619475
0.8321027159690855
0.7292987704277036
0.6910370886325835
0.7597678303718566
0.7761318087577819
0.7194997966289519
0.6408961713314055
0.652779072523117
0.7691701948642728
0.7324701845645903
0.6959212720394133
0.7079403996467589
0.6932679116725919
0.7207212448120116
0.743939846754074
0.6950712502002715
0.7025865018367766
0.7167289257049559
0.6695669591426848
0.6683668494224547
0.7331000268459319
0.7927132248878478
0.7734075188636779
0.6927113234996795
0.6511561274528502
0.7799609303474425
0.7329193353652953
0.653020143508911
0.6971599757671355
0.8064033389091491
0.8182008266448975
0.6450885236263274
0.6638225317001342
0.721836358308792
0.695281386375427
0.6527789831161498
0.6219989359378814
0.653441697359085
0.7939192056655883
0.819706320762634
0.7570010125637053
0.8156338930130005
0.6412161886692046
0.7822142243385313
0.6970905661582946
0.8056167364120481
0.7077395915985106
0.6729473471641539
0.642319619655609
0.7132186889648435
0.6216317117214202
0.630908966064453
0.6444486677646636
0.7197644412517545
0.744128793478012
0.6798451840877532
0.7140058875083923
0.7023281157016753
0.7358922660350797
0.7714676260948179
0.6868611872196196
0.781957685947418
0.7221359014511107
0.7114778161048887
0.7130586504936217
0.8000213801860809
0.6902978718280791
0.694761127233505
0.676386386156082
0.7253438234329224
0.6911500990390776
0.7105062901973722
0.7659210562705993
0.6416095495223998
0.6424718797206878
0.6412896513938903
0.7838006913661956
0.6674764156341552
0.6767536103725432
0.7188618183135985
0.6693652570247649
0.7263070642948148
0.7959905564785003
0.8103044331073759
0.763291299343109
0.6851111352443694
0.8355953693389891
0.725373327732086
0.6316696405410767
0.8550378084182737
0.6737625002861022
0.7200213074684141
0.6679675579071043
0.7649786472320556
0.648860216140747
0.7331546545028685
0.7749499082565307
0.7502994537353515
0.6853363513946532
0.7171099185943602
0.6338572800159453
0.7949059605598449
0.7305315136909485
0.7026924192905425
0.6447686553001403
0.7369568049907683
0.787626564502716
0.7203454971313474
0.7285921573638914
0.7377370595932006
0.7407566606998442
0.6723210513591764
0.6543886065483092
0.6980533599853515
0.6522594988346099
0.8585002720355985
0.7932455837726592
0.7188618779182434
0.6412161588668822
0.7954495549201964
0.6664642989635465
0.6958229541778563
0.7802484929561615
0.7493628859519956
0.7085546553134917
0.7176394462585447
0.676426202058792
0.6805926859378812
0.6416096091270446
0.7357207536697387
0.6431345641613007
0.7316830456256864
0.7308759391307829
0.7020492255687713
0.6737625002861022
0.7138590216636657
0.6852855086326598
0.7299644947052002
0.7952602803707121
0.729611665010452
0.7160210907459258
0.6408489048480986
0.7758095562458037
0.6423196792602538
0.8088852465152739
0.6519395411014556
0.7501743137836456
0.7102790176868439
0.7783741950988768
0.6571692526340484
0.6523069143295287
0.7541496455669401
0.7342569828033446
0.7977943122386931
0.7956490516662597
0.7563816606998442
0.6966961622238158
0.6686138212680816
0.6412897408008574
0.6622467041015624
0.7954939901828764
0.6879734694957732
0.6803206205368041
0.6423195302486419
0.6315961778163909
0.7183234691619872
0.8341562449932097
0.7023631930351256
0.6889353692531585
0.7562030553817749
0.663748949766159
0.6622974574565886
0.7113347053527831
0.6622974574565886
0.7256543934345244
0.7542844116687774
0.7170092463493346
0.6748787164688109
0.7761449813842772
0.7174372673034667
0.7867678403854368
0.8107721507549286
0.7368420660495757
0.7578085958957671
0.7303378283977506
0.6408489048480986
0.7358428835868834
0.7871918380260466
0.6424719095230101
0.717468202114105
0.6316696107387542
0.7019349336624144
0.7629782557487486
0.6309089958667754
0.7342233657836914
0.6787261068820952
0.6910836398601531
0.7760922014713286
0.6637489199638366
0.7060109078884124
0.7603587210178374
0.640848934650421
0.690996080636978
0.7748869359493255
0.6316696703433989
0.7580005824565886
0.7566986083984373
0.7879268825054168
0.7262686192989348
0.6674763560295105
0.7330958545207976
0.6638224720954894
0.7804529666900635
0.7782553732395171
0.6412161886692046
0.6508360505104064
0.6416096091270446
0.6742193400859832
0.7439426183700559
0.7083818912506104
0.7697728574275969
0.7732697129249572
0.683038294315338
0.6729473769664763
0.6615368723869323
0.6543886065483092
0.6895205676555631
0.687746226787567
0.6744724810123442
0.7384718656539916
0.7382350564002989
0.7398060560226439
0.709986925125122
0.755366027355194
0.663748949766159
0.6911874115467069
0.6634289920330046
0.6737116873264312
0.7482235133647918
0.6802079081535338
0.7634715139865873
0.6885523498058318
0.7596117556095121
0.6604774296283721
0.7472451627254485
0.7061946988105773
0.786749243736267
0.8110662102699278
0.6737623810768126
0.674129694700241
0.7081069052219391
0.6412161886692046
0.6408489048480986
0.7691908180713651
0.821716248989105
0.6846203505992888
0.7342506945133207
0.6915302872657775
0.7945559322834013
0.6972916424274443
0.6731268763542174
0.8249526619911192
0.6331947445869445
0.7164577841758726
0.7026366889476775
0.6526267826557158
0.7213039398193357
0.7440906465053557
0.7192291021347045
0.8190737962722777
0.7463417351245879
0.7065778970718383
0.6216317117214202
0.6774459779262542
0.7422424554824828
0.6949908137321471
0.8318346142768859
0.7289085686206817
0.7973822355270385
0.6949909031391143
0.6650047004222869
0.678076535463333
0.68967267870903
0.7338400185108184
0.7043661177158353
0.7510684728622434
0.7311100363731384
0.724576026201248
0.7130072414875028
0.8584159612655637
0.6863889992237089
0.6956349313259124
0.7369455695152282
0.6345445215702056
0.7869772017002105
0.7610189616680143
0.7823656499385833
0.7752740681171416
0.6893915534019469
0.7018314599990843
0.6633816659450529
0.6785675287246703
0.6984468400478362
0.7072879970073699
0.6527546644210814
0.6231024563312529
0.8302422761917113
0.671573519706726
0.651523321866989
0.7334937453269957
0.6975269317626952
0.7447797954082488
0.8085019290447235
0.7637773752212523
0.7746368646621702
0.6902974545955656
0.6880615353584288
0.7160771489143372
0.6511561274528502
0.7491911351680753
0.736489713191986
0.7888950407505034
0.7338348925113678
0.7442696094512938
0.7611250579357146
0.6331947445869445
0.6834176182746886
0.6512033939361571
0.7607805728912352
0.7096416950225829
0.6416096091270446
0.7440622746944426
0.6746019423007963
0.8267797827720641
0.728082776069641
0.663748949766159
0.7112791538238524
0.7734167575836179
0.7593847215175626
0.7367428243160246
0.7143606841564177
0.8637235462665556
0.7247802317142485
0.7253054976463317
0.7061538994312286
0.7054373621940612
0.6960164010524749
0.7339844703674314
0.8184295594692229
0.7874563932418822
0.7611765563488004
0.6625667512416837
0.7698180973529815
0.6682780683040618
0.6908836364746092
0.7109581828117371
0.7274819910526273
0.7742698788642881
0.835981488227844
0.8115531206130979
0.8380894660949705
0.7921646535396575
0.700140357017517
0.694969594478607
0.6787261068820952
0.7613129019737241
0.7852198183536527
0.68551567196846
0.6423195004463195
0.7586377561092376
0.7848421037197111
0.7197643816471099
0.6877969503402709
0.7950601875782012
0.7540785074234008
0.8556601405143737
0.6682153046131133
0.651865929365158
0.630908966064453
0.8057979941368102
0.7222213149070739
0.6534417569637297
0.7455129027366637
0.6791183054447172
0.6431345939636229
0.6626402437686919
0.7605301439762113
0.6683155596256255
0.7897956073284146
0.6316696107387542
0.8411886394023894
0.6530745029449462
0.6997026801109313
0.6328518688678739
0.6585361063480376
0.7001509070396421
0.72391140460968
0.6622468531131743
0.7394275963306425
0.7162812054157256
0.6729473471641539
0.7890784442424773
0.7026924490928649
0.7415240406990051
0.7213982343673704
0.662088632583618
0.6625666916370391
0.67277193069458
0.6874035000801085
0.6547085344791412
0.7470738887786864
0.6530202329158782
0.6865456104278563
0.7826870679855344
0.7488238811492919
0.7175329625606537
0.6523068249225615
0.8323500752449033
0.79275307059288
0.7190565466880797
0.7018313705921172
0.6412161290645598
0.7100684940814971
0.6527790129184722
0.6223923861980437
0.663327395915985
0.766506642103195
0.7458108961582183
0.674129694700241
0.7092551589012145
0.8271644711494445
0.685594469308853
0.7467266917228698
0.6912817656993865
0.7026123702526091
0.7540785670280455
0.6799493134021758
0.8109215795993803
0.6519394814968108
0.6914804875850676
0.7619518041610717
0.7071615755558013
0.7188617587089536
0.6531217992305755
0.7385362982749937
0.8142006397247312
0.7016454637050626
0.7073968052864072
0.6816630363464354
0.7266759276390075
0.8195654451847075
0.7047142088413237
0.6768436729907988
0.7267994880676267
0.6530745029449462
0.6705031096935271
0.6835973560810088
0.6910179853439329
0.7137311398983
0.797082930803299
0.7243629992008208
0.6749354004859923
0.7105062603950499
0.7492580711841581
0.6547085344791412
0.7674447000026702
0.7078577280044553
0.7930257022380827
0.7473694086074828
0.6918781995773313
0.7828761041164398
0.6622973978519437
0.688826948404312
0.7504578828811644
0.6950621902942656
0.7192568778991699
0.6543885767459868
0.6851730346679686
0.8543391823768614
0.7693676948547361
0.8077898919582366
0.6412896513938903
0.6970895528793334
0.7102909982204436
0.6947610974311828
0.7293886244297025
0.6543885469436644
0.7419840395450591
0.6424718797206878
0.6646956801414489
0.6519395411014556
0.6426394581794738
0.7064048349857329
0.7978086471557616
0.6630617380142211
0.7670460641384124
0.6737623810768126
0.6622974574565886
0.7246315777301786
0.8470295071601867
0.7077395915985106
0.6626358926296233
0.6527001857757567
0.7169180512428283
0.6619955599308014
0.7490524649620055
0.7538526058197021
0.6527791321277617
0.7421663403511046
0.7372366786003112
0.6316696703433989
0.6653583645820617
0.653074562549591
0.6427918672561644
0.7821099758148191
0.6777592003345488
0.7236151993274689
0.7355394959449767
0.7864231169223784
0.7101066112518309
0.7249324023723601
0.7539876103401182
0.6650156378746032
0.6530745327472686
0.7900432646274566
0.6622974574565886
0.7071615755558013
0.6749353706836699
0.6522594690322875
0.6405289769172667
0.8083397746086118
0.8261994123458861
0.6405289471149443
0.7352572977542876
0.7070218622684478
0.6527791619300841
0.6543886065483092
0.8187671601772306
0.6619039475917815
0.7789381146430968
0.6963533461093901
0.722172051668167
0.692238688468933
0.6740047335624695
0.7028008699417113
0.7244152128696439
0.6223923265933989
0.6835973262786864
0.7112031877040863
0.7487633526325224
0.7307277917861937
0.8024559020996092
0.66681370139122
0.7571190893650054
0.7017356455326078
0.6720749139785765
0.742907792329788
0.6787404716014861
0.6419260203838347
0.7443819046020507
0.6622467041015624
0.7577338516712188
0.6543885469436644
0.7498046457767485
0.7924656867980956
0.7143607139587401
0.7619627118110656
0.6515232324600219
0.6547084748744963
0.7256883680820463
0.6907718181610106
0.6640917062759398
0.6512033939361571
0.8360491394996642
0.6515967845916747
0.6959861516952514
0.6534417271614075
0.7360063791275023
0.7750747799873351
0.6548143625259398
0.676909178495407
0.728694975376129
0.6683669686317443
0.6682782471179961
0.668308138847351
0.7080717980861663
0.664695769548416
0.7554606199264525
0.7790318727493285
0.6431345641613007
0.6216317117214202
0.7640852332115172
0.6622468233108519
0.7002452611923217
0.6547085344791412
0.6836760938167571
0.7377369701862334
0.6316696703433989
0.7710807025432586
0.8277865350246428
0.7594316005706785
0.7108249962329863
0.6408961713314055
0.7744804322719574
0.7509312331676482
0.7060998678207396
0.796019524335861
0.7475748062133788
0.7774813175201414
0.6910034716129301
0.6660684347152709
0.6849427819252013
0.7761997282505033
0.8383768796920775
0.7811533212661743
0.6625666618347167
