31
57
83
104
140
175
208
241
270
299
340
377
411
440
466
501
540
570
603
628
660
688
721
752
789
827
855
886
917
942
979
1016
1047
1081
1116
1149
1177
1208
1240
1273
1302
1332
1365
1405
1428
1463
1496
1529
1554
1585
1619
1649
1677
1706
1739
1772
1808
1852
1879
1909
1943
1965
1992
2023
2059
2094
2121
2148
2172
2197
2228
2262
2287
2316
2355
2382
2409
2443
2476
2504
2543
2570
2606
2631
2664
2693
2718
2748
2781
2807
2832
2862
2890
2923
2953
2990
3014
3045
3078
3107
3140
3169
3209
3240
3266
3295
3324
3365
3392
3418
3451
3481
3509
3534
3565
3586
3611
3643
3675
3708
3736
3767
3801
3836
3870
3900
3924
3960
3993
4026
4061
4090
4119
4148
4171
4210
4245
4267
4300
4332
4364
4392
4420
4454
4481
4512
4542
4577
4608
4636
4661
4687
4719
4744
4768
4798
4828
4855
4882
4913
4939
4969
5008
5037
5070
5106
5136
5169
5198
5232
5260
5289
5316
5345
5375
5410
5441
5464
5490
5526
5549
5575
5600
5634
5660
5693
5717
5738
5768
5807
5843
5865
5896
5924
5948
5984
6007
6034
6066
6096
6123
6149
6181
6212
6251
6280
6314
6345
6378
6404
6429
6463
6489
6514
6542
6574
6604
6635
6660
6700
6738
6766
6799
6828
6857
6894
6916
6951
6979
7006
7031
7062
7096
7131
7161
7191
7223
7254
7284
7313
7338
7365
7389
7421
7459
7491
7514
7546
7572
7603
7626
7651
7678
7716
7739
7770
7797
7825
7852
7886
7915
7952
7976
8009
8034
8065
8098
8133
8169
8203
8231
8263
8294
8325
8355
8383
8415
8447
8478
8502
8532
8559
8584
8615
8635
8664
8696
8726
8756
8782
8805
8834
8859
8892
8917
8942
8977
9008
9037
9069
9098
9127
9156
9192
9218
9247
9276
9310
9335
9363
9386
9413
9443
9468
9490
9523
9552
9579
9605
9628
9658
9688
9718
9744
9775
9804
9835
9872
9902
9926
9957
9989
10016
10045
10072
10100
10136
10165
10197
10223
10254
10284
10318
10356
10384
10408
10443
10464
10492
10511
10538
10577
10606
10646
10676
10700
10726
10752
10786
10811
10846
10878
10898
10922
10955
10982
11013
11036
11065
11096
11124
11153
11186
11211
11236
11268
11296
11326
11355
11384
11408
11439
11469
11495
11519
11543
11566
11597
11631
11662
11703
11724
11760
11787
11817
11850
11876
11907
11942
11969
11995
12022
12045
12079
12102
12132
12155
12183
12211
12243
12274
12302
12322
12350
12373
12398
12431
12459
12490
12514
12552
12582
12610
12634
12665
12692
12713
12740
12764
12794
12823
12847
12871
12897
12924
12953
12987
13016
13046
13071
13095
13120
13148
13167
13197
13220
13244
13265
13287
13317
13352
13385
13411
13439
13471
13501
13525
13549
13574
13597
13625
13659
13685
13707
13733
13766
13793
13825
13852
13882
13910
13936
13964
13988
14017
14051
14068
14099
14128
14161
14188
14213
14240
14265
14295
14324
14356
14376
14402
14434
14459
14486
14511
14533
14562
14591
14614
14644
14664
14687
14711
14742
14769
14799
14828
14856
14886
14910
14937
14962
14992
15018
15046
15076
15102
15131
15158
15186
15210
15233
15266
15292
15310
15343
15371
15391
15416
15440
15463
15489
15511
15534
15558
15587
15613
15638
15663
15686
15711
15732
15756
15782
15807
15833
15861
15888
15913
15937
15967
15996
16016
16041
16064
16083
16110
16135
16160
16185
16210
16236
16267
16296
16314
16336
16360
16381
16398
16424
16451
16474
16503
16529
16554
16582
16607
16634
16661
16685
16706
16729
16754
16778
16805
16827
16846
16868
16888
16914
16939
16966
16986
17013
17043
17069
17096
17127
17159
17181
17209
17234
17255
17278
17302
17327
17350
17371
17397
17422
17446
17465
17494
17516
17544
17570
17600
17623
17642
17667
17697
17718
17741
17765
17790
17816
17835
17862
17887
17920
17944
17971
17996
18015
18036
18063
18085
18104
18126
18151
18181
18216
18245
18273
18301
18325
18349
18377
18404
18431
18455
18478
18505
18527
18552
18573
18597
18618
18640
18665
18692
18721
18745
18770
18791
18812
18834
18862
18885
18908
18931
18952
18971
19000
19030
19054
19083
19106
19127
19151
19174
19205
19222
19249
19278
19300
19327
19353
19375
19397
19420
19441
19465
19490
19510
19529
19551
19573
19595
19614
19640
19667
19694
19718
19754
19784
19810
19837
19868
19893
19915
19936
19970
19997
20020
20046
20065
20088
20108
20133
20153
20178
20200
20223
20249
20275
20300
20323
20345
20369
20393
20417
20445
20467
20490
20513
20537
20559
20580
20603
20625
20645
20671
20691
20715
20739
20761
20788
20812
20834
20853
20877
20902
20929
20950
20977
20994
21014
21033
21055
21080
21106
21123
21146
21166
21192
21212
21230
21256
21279
21304
21328
21353
21377
21402
21426
21444
21465
21487
21507
21536
21558
21587
21609
21630
21652
21675
21703
21723
21743
21765
21789
21812
21837
21864
21888
21907
21930
21957
21979
22002
22029
22053
22073
22094
22123
22148
22171
22199
22224
22244
22265
22285
22312
22335
22361
22382
22407
22433
22460
22488
22509
22539
22566
22587
22613
22643
22665
22687
22710
22735
22757
22780
22797
22824
22847
22871
22896
22923
22945
22970
22993
23017
23043
23068
23088
23111
23131
23152
23167
23189
23212
23231
23255
23279
23302
23325
23352
23377
23398
23415
23438
23461
23483
23501
23525
23544
23567
23588
23615
23643
23661
23682
23701
23723
23746
23765
23790
23814
23837
23857
23875
23894
23914
23937
23957
23980
24005
24030
24052
24075
24099
24125
24146
24173
24188
24211
24237
24262
24284
24308
24332
24356
24377
24398
24424
24452
24473
24494
24520
24544
24570
24594
24619
24644
24667
24690
24713
24740
24766
24787
24808
24834
24850
24872
24896
24924
24945
24968
24991
25016
25041
25065
25085
25103
25125
25146
25167
25192
25215
25238
25263
25284
25305
25331
25354
25379
25406
25432
25456
25480
25504
25529
25550
25571
25594
25616
25640
25663
25683
25701
25722
25745
25766
25785
25806
25826
25852
25882
25905
25927
25952
25973
25997
26020
26037
26063
26084
26105
26133
26158
26178
26201
26220
26246
26269
26290
26313
26336
26358
26378
26396
26422
26440
26466
26491
26519
26544
26567
26589
26613
26637
26659
26683
26705
26728
26753
26779
26801
26822
26846
26867
26886
26908
26927
26953
26978
26999
27019
27040
27061
27085
27103
27129
27153
27171
27193
27212
27243
27268
27290
27307
27329
27347
27370
27391
27411
27428
27450
27473
27495
27522
27543
27569
27589
27608
27626
27646
27673
27694
27716
27744
27766
27789
27813
27832
27856
27879
27905
27928
27951
27974
27995
28015
28042
28060
28081
28100
28125
28146
28167
28185
28205
28221
28247
28276
28295
28315
28336
28358
28378
28401
28426
28450
28469
28490
28513
28536
28560
28584
28602
28626
28650
28670
28693
28712
28731
28751
28771
28792
28811
28829
28849
28868
28892
28909
28930
28952
28972
28990
29012
29029
29049
29067
29088
29108
29125
29149
29173
29194
29213
29235
29256
29276
29296
29318
29339
29363
29382
29402
29423
29445
29466
29485
29503
29525
29544
29563
29581
29604
29626
29645
29665
29683
29700
29721
29743
29767
29789
29808
29828
29850
29873
29893
29920
29939
29957
29980
29999
30022
30046
30071
30093
30111
30129
30148
30171
30191
30212
30234
30252
30271
30292
30318
30338
30368
30387
30407
30428
30451
30473
30495
30515
30532
30553
30578
30599
30621
30643
30662
30679
30705
30729
30751
30770
30788
30809
30829
30857
30874
30898
30919
30940
30957
30979
30998
31019
31040
31062
31080
31098
31121
31136
31159
31179
31200
31221
31244
31267
31290
31308
31326
31350
31370
31389
31413
31437
31459
31477
31495
31513
31535
31560
31578
31597
31619
31640
31661
31681
31701
31720
31737
31767
31788
31809
31828
31848
31866
31894
31915
31934
31956
31978
31999
32021
32041
32060
32079
32098
32121
32140
32160
32185
32203
32223
32244
32262
32282
32306
32331
32350
32367
32386
32405
32423
32444
32467
32486
32505
32526
32544
32565
32586
32608
32626
32653
32674
32697
32723
32740
32758
32780
32798
32818
32840
32859
32885
32903
32926
32948
32968
32988
33011
33032
33050
33066
33087
33105
33124
33145
33165
33186
33206
33230
33249
33267
33286
33306
33328
33351
33371
33391
33414
33433
33453
33475
33496
33516
33532
33552
33570
33591
33611
33630
33651
33670
33687
33705
33725
33743
33764
33782
33801
33824
33847
33868
33886
33906
33928
33947
33965
33983
34002
34019
34038
34058
34077
34096
34121
34140
34160
34183
34201
34220
34241
34261
34287
34306
34326
34348
34369
34385
34404
34423
34442
34460
34476
34496
34518
34538
34557
34578
34600
34618
34638
34658
34677
34698
34719
34737
34754
34778
34798
34816
34838
34856
34872
34892
34911
34929
34948
34966
34988
35007
35025
35044
35060
35080
35097
35117
35137
35161
35178
35197
35214
35236
35256
35277
35297
35316
35342
35359
35379
35396
35417
35438
35457
35480
35497
35516
35533
35552
35573
35591
35611
35634
35656
35677
35700
35720
35743
35758
35776
35795
35816
35838
35857
35878
35896
35916
35938
35959
35984
36005
36026
36042
36061
36083
36102
36123
36143
36161
36178
36198
36215
36235
36254
36276
36296
36318
36338
36354
36373
36393
36412
36431
36451
36479
36501
36520
36537
36552
36568
36588
36608
36632
36647
36665
36685
36714
36735
36757
36776
36793
36812
36834
36859
36880
36902
36918
36936
36952
36973
36991
37008
37031
37048
37069
37093
37112
37129
37149
37172
37191
37207
37223
37243
37263
37284
37300
37326
37343
37362
37378
37396
37420
37439
37456
37476
37493
37512
37530
37550
37567
37582
37600
37622
37642
37664
37680
37697
37717
37738
37764
37784
37801
37821
37841
37861
37881
37900
37915
37931
37951
37972
37992
38012
38030
38047
38069
38090
38108
38129
38149
38170
38194
38214
38234
38254
38273
38291
38308
38326
38347
38367
38387
38405
38426
38447
38469
38487
38505
38527
38544
38564
38584
38603
38618
38634
38656
38675
38692
38714
38740
38760
38780
38802
38822
38843
38863
38881
38902
38921
38940
38959
38979
38998
39016
39032
39050
39071
39090
39110
39130
39149
39165
39186
39203
39220
39240
39261
39278
39296
39313
39333
39350
39370
39390
39408
39428
39447
39465
39486
39504
39524
39544
39562
39581
39602
39620
39638
39657
39674
39697
39722
39743
39763
39779
39798
39815
39835
39852
39876
39897
39912
39929
39946
39962
39977
39994
40012
40031
40049
40066
40085
40103
40119
40140
40158
40179
40196
40215
40234
40258
40275
40293
40317
40338
40363
40384
40401
40418
40436
40453
40472
40490
40510
40529
40548
40566
40584
40602
40621
40639
40655
40675
40691
40709
40727
40745
40768
40788
40807
40829
40847
40866
40882
40902
40919
40936
40953
40968
40984
41001
41018
41036
41055
41071
41088
41108
41128
41149
41166
41186
41204
41221
41238
41254
41272
41291
41309
41326
41343
41360
41377
41394
41415
41430
41447
41464
41483
41502
41523
41539
41561
41581
41597
41616
41636
41654
41674
41689
41707
41725
41743
41760
41778
41795
41813
41830
41849
41868
41887
41905
41923
41941
41961
41979
41995
42017
42036
42053
42074
42092
42110
42127
42143
42161
42177
42193
42214
42235
42255
42273
42292
42307
42328
42347
42370
42388
42407
42422
42441
42458
42475
42492
42512
42531
42553
42572
42589
42607
42625
42645
42667
42684
42701
42716
42732
42749
42766
42786
42807
42824
42840
42862
42881
42900
42918
42933
42950
42970
42991
43011
43029
43050
43069
43087
43105
43123
43141
43161
43179
43197
43217
43241
43259
43278
43298
43316
43333
43350
43370
43388
43404
43423
43441
43457
43473
43489
43510
43526
43543
43560
43579
43598
43619
43636
43654
43671
43687
43706
43725
43747
43765
43787
43806
43823
43840
43859
43877
43895
43912
43930
43945
43962
43981
44003
44020
44037
44055
44071
44089
44106
44123
44139
44156
44172
44189
44209
44227
44245
44260
44277
44294
44314
44332
44352
44367
44385
44403
44421
44438
44455
44474
44492
44509
44527
44543
44561
44580
44598
44616
44632
44649
44665
44682
44701
44720
44737
44755
44774
44790
44808
44828
44847
44869
44886
44902
44919
44937
44956
44974
44993
45010
45029
45048
45068
45084
45101
45120
45141
45160
45176
45192
45210
45226
45244
45260
45278
45295
45311
45331
45346
45367
45386
45405
45420
45436
45458
45474
45490
45506
45524
45541
45561
45578
45594
45613
45629
45646
45663
45678
45696
45713
45731
45748
45767
45785
45801
45816
45833
45851
45869
45888
45903
45920
45936
45951
45967
45985
46002
46023
46039
46056
46073
46091
46111
46130
46147
46165
46184
46203
46221
46239
46257
46274
46293
46309
46329
46347
46365
46381
46401
46419
46437
46453
46469
46488
46505
46523
46539
46557
46572
46590
46607
46623
46639
46659
46676
46693
46710
46729
46745
46763
46781
46798
46814
46833
46853
46870
46886
46904
46922
46937
46955
46972
46988
47006
47024
47042
47058
47075
47091
47108
47126
47144
47160
47178
47193
47208
47223
47239
47255
47270
47287
47302
47321
47336
47352
47370
47387
47407
47426
47446
47468
47487
47505
47524
47542
47557
47574
47592
47609
47624
47642
47662
47678
47693
47711
47730
47747
47762
47777
47794
47812
47830
47846
47863
47880
47897
47914
47930
47945
47962
47977
47999
48017
48035
48051
48066
48082
48098
48115
48131
48151
48167
48184
48200
48218
48235
48255
48272
48289
48304
48319
48335
48353
48370
48386
48403
48425
48441
48459
48475
48490
48510
48531
48547
48564
48580
48597
48614
48632
48651
48670
48686
48702
48717
48732
48751
48768
48784
48800
48817
48833
48848
48865
48882
48899
48915
48932
48951
48972
48988
49004
49021
49038
49055
49074
49093
49110
49125
49141
49156
49176
49192
49209
49226
49242
49258
49274
49294
49311
49330
49347
49367
49386
49402
49418
49434
49450
49468
49485
49500
49515
49533
49549
49568
49587
49605
49622
49638
49654
49672
49688
49704
49720
49738
49755
49771
49787
49802
49819
49838
49854
49869
49887
49903
49921
49938
49955
49972
49989
50005
50021
50038
50057
50075
50090
50107
50129
50147
50163
50178
50196
50211
50226
50241
50257
50273
50291
50307
50328
50344
50361
50378
50393
50409
50424
50441
50456
50473
50489
50506
50523
50540
50558
50574
50590
50605
50621
50639
50657
50676
50697
50713
50731
50746
50763
50780
50800
50818
50834
50850
50869
50888
50905
50923
50938
50956
50973
50989
51006
51023
51039
51054
51069
51086
51101
51117
51135
51152
51170
51187
51205
51221
51238
51253
51270
51285
51303
51320
51335
51352
51368
51386
51404
51422
51437
51454
51472
51489
51508
51527
51544
51560
51576
51592
51609
51624
51639
51654
51671
51688
51705
51722
51738
51756
51772
51788
51805
51820
51835
51853
51870
51887
51906
51922
51939
51956
51971
51986
52002
52017
52033
52048
52064
52081
52100
52118
52134
52149
52164
52183
52200
52217
52232
52248
52264
52279
52296
52311
52328
52344
52364
52380
52396
52411
52429
52446
52461
52477
52493
52509
52526
52544
52559
52575
52590
52606
52625
52640
52656
52672
52688
52703
52720
52736
52751
52767
52783
52799
52814
52831
52846
52864
52880
52897
52914
52931
52950
52967
52983
53000
53016
53034
53049
53065
53081
53098
53115
53131
53149
53167
53182
53198
53214
53234
53251
53267
53283
53300
53317
53333
53349
53364
53380
53396
53412
53429
53445
53462
53479
53494
53510
53525
53540
53555
53571
53589
53604
53620
53636
53652
53667
53683
53699
53718
53734
53749
53765
53782
53798
53816
53833
53848
53864
53881
53896
53911
53926
53942
53958
53973
53989
54005
54022
54039
54054
54071
54088
54105
54121
54136
54152
54167
54182
54197
54213
54228
54244
54263
54280
54295
54313
54330
54346
54363
54380
54396
54413
54428
54445
54461
54478
54493
54508
54528
54545
54561
54577
54595
54611
54629
54644
54659
54676
54692
54709
54724
54739
54759
54774
54791
54806
54823
54838
54855
54872
54889
54905
54922
54938
54953
54968
54983
55000
55015
55031
55046
55062
55080
55097
55115
55130
55145
55161
55178
55194
55210
55227
55242
55260
55275
55290
55306
55324
55339
55357
55373
55389
55404
55420
55436
55451
55467
55486
55501
55517
55532
55549
55565
55581
55596
55615
55630
55645
55661
55677
55695
55713
55729
55745
55762
55777
55794
55811
55827
55842
55857
55872
55888
55904
55919
55935
55951
55966
55981
55998
56014
56029
56046
56062
56078
56093
56108
56125
56141
56157
56173
56189
56205
56220
56235
56250
56265
56281
56298
56314
56331
56349
56366
56382
56398
56416
56432
56447
56463
56480
56498
56515
56530
56545
56561
56577
56593
56610
56627
56643
56660
56677
56693
56710
56727
56742
56760
56777
56792
56807
56823
56838
56853
56870
56888
56903
56919
56934
56949
56965
56981
56997
57013
57029
57045
57060
57076
57093
57109
57125
57141
57158
57174
57192
57208
57223
57238
57255
57271
57287
57303
57320
57335
57351
57367
57382
57397
57412
57427
57442
57458
57474
57490
57507
57524
57541
57556
57572
57588
57603
57622
57637
57653
57670
57687
57705
57722
57739
57755
57775
57793
57811
57826
57842
57859
57876
57892
57908
57924
57940
57955
57970
57985
58003
58018
58037
58053
58070
58085
58102
58117
58134
58150
58165
58181
58198
58213
58229
58244
58260
58276
58297
58312
58328
58343
58361
58378
58394
58411
58427
58443
58458
58474
58491
58507
58523
58539
58555
58570
58586
58601
58617
58634
58650
58665
58681
58698
58713
58729
58745
58762
58777
58792
58810
58826
58842
58858
58874
58890
58907
58923
58940
58955
58971
58988
59005
59020
59036
59051
59067
59082
59097
59112
59129
59145
59160
59176
59192
59207
59224
59241
59256
59271
59289
59306
59321
59337
59354
59369
59385
59401
59416
59432
59449
59466
59481
59499
59516
59532
59550
59567
59582
59598
59617
59635
59650
59668
59683
59701
59718
59733
59748
59766
59786
59803
59820
59837
59852
59867
59882
59897
59913
59931
59947
59963
59980
59996
60013
60030
60045
60060
60075
60091
60107
60123
60139
60155
60171
60187
60202
60218
60233
60252
60267
60284
60299
60314
60329
60344
60359
60374
60390
60406
60423
60438
60454
60469
60485
60500
60518
60534
60551
60566
60582
60598
60614
60629
60645
60662
60677
60692
60709
60725
60741
60757
60773
60791
60809
60825
60844
60859
60874
60890
60906
60922
60937
60953
60968
60983
61000
61017
61033
61048
61064
61080
61096
61111
61128
61143
61158
61173
61189
61205
61220
61235
61252
61267
61282
61299
61314
61331
61347
61363
61378
61393
61408
61426
