0.06249992171165773
0.4267763495445251
0.054917424917221055
0.24999986309558148
0.21338818827090736
0.05334702506661413
0.14330577198415992
0.23169404268264768
0.04687495063990354
0.1600411050021648
0.12499989196658132
0.028961741947568946
0.010723296552896512
0.12499994241146815
0.4176233783364295
0.21338819339871404
0.21606896817684168
0.36427641659975046
0.36695713177323336
0.1848189975135028
0.18749983236193654
0.2446382008492946
0.09374989219941197
0.2602630723267793
0.2316939458250999
0.15245854342356321
0.08995863293588678
0.03661161791294914
0.04197325371205805
0.21338820829987526
0.06249997096921022
0.0823760963976383
0.08002060465514657
0.018305826932191842
0.24999964277316028
0.14062489569187162
0.015624977648258206
0.38676577061414713
0.24999982817098498
-1.862645149245646e-09
0.02098661987110972
0.009152906015515326
0.1433056890964508
0.01830581948161126
0.10669411439448592
0.17377043329179284
0.005361631512641915
0.10669409483671187
0.01830581203103065
0.12499990500509736
0.10669410228729247
0.12499990314245223
0.1562498435378074
0.09849882312119004
0.06249996471900204
0.17076439154334364
0.0366116277873516
0.046874955296516405
0.0624999590218067
0.23208639107178897
0.03124996926635503
0.2667351476848125
0.12231905525550246
0.027458690106868737
0.12499984384367643
0.24084683507680887
0.2133881151676178
0.01830579712986946
0.11584696918725965
0.09374993939314001
0.05334704369306564
0.06249995121482424
0.0015703882672823957
0.03661161474883556
0.01830581203103065
0.0
-1.4901161213591323e-08
1.1543335176611436e-09
0.06249994039535523
0.05491745844483374
0.005361645547930962
0.0366116315126419
0.07812492828816174
0.06707639875821769
0.1821382194757461
0.21338824182748792
0.015625005122274157
0.09374992456287143
0.16004112735390658
0.12231906340457498
0.01830581575632095
0.07812488265335558
0.0732232481241226
0.08482699096202848
0.018305790402601826
0.13660355284810063
0.03661159984767436
0.32008223421871657
0.046874938532710075
0.04687494784593582
0.0624999590218067
0.4267763718962668
0.15624984623457036
0.06249996740370988
0.03739677369594574
1.1750765027684903e-08
0.07165288738906384
0.07322325184941292
0.12657028995454309
7.450580596982584e-09
0.062499962747097
0.12003084830939767
0.0
0.1171873081475496
0.18213821947574613
0.07165284594520925
0.0823761417362651
0.6218585371971129
0.05491744261234997
-2.260707621104529e-09
0.026673497632145878
0.15624984912574288
0.1848189383745193
0.12499989569187162
0.01072332635521888
0.09374985098838805
0.05792350415140389
0.11718739569187162
0.2316939532756805
0.062499945983290665
0.2316940110176801
0.009938053786754603
0.004576448351144792
0.015624999999999991
0.0
0.12499991059303281
0.3071379885077476
0.4267764091491699
0.12231905013322827
0.0678616166114807
0.1249998044222593
0.18749979510903353
0.010723300278186795
0.22254102118313307
2.8944509011807887e-09
0.2133881707634013
0.06249994391404989
0.062499977648258195
0.09832633659243581
0.21338817492401896
0.10669410601258275
0.366957239806652
0.018305789679288857
0.0366116240620613
0.027458708733320236
0.03661161288619042
0.03661163239716091
0.1066940557211637
0.2133882194757461
0.21338810911402104
0.3200822353828698
0.12499988342488842
0.31249969512576875
0.19776320271193978
0.18749983236193654
0.019876195816323154
0.13036155886948106
0.009152900427579875
0.182138224132359
0.2133880704641342
0.3200822249054908
0.062499977648258195
0.03661161563509551
0.04576451086904853
0.09374994575046001
0.19665273092687124
0.06786156445741652
0.18749985750764603
0.12499991431832312
0.3642764538526534
0.24463817477226252
0.0015703882090747354
0.1874998304992914
0.10669403978435618
0.10669411718845366
0.2133881971240043
0.36127027927432204
0.16004114411771295
0.3642763346433639
0.12042345385998485
0.11584699247032401
0.15624980069696898
0.1928614471107721
0.01830581203103067
0.1829233560711145
0.41840859875082964
2.6341779424399185e-08
0.14330568909645078
0.07165286131203173
0.031249970197677605
0.010723292827606217
0.32410328835248936
0.0419732704758644
0.0937499264255166
0.062499947845935815
0.05491744098969125
0.0026808145921677347
0.2966447919607162
0.1646175426431
0.3124997150187192
0.6072152405977248
0.06249996460974215
0.18749983608722684
0.12499991618096826
0.3437497802078724
0.037396855652332306
0.036611642688512795
0.21338820457458493
0.11584702599793671
0.3642763474672642
0.12499995529651639
0.0015703891986049703
0.10669410151576028
0.0624999701976776
0.07165285293012856
7.1725284600532274e-09
0.3200822174549102
0.027458713157102462
0.06249995423144204
0.057923495769500725
0.08688520640134811
0.03527118824422359
0.1874998770654201
0.2316940198789474
0.15624989295514968
0.10669407248497008
0.03661165013909339
7.81134728910725e-09
0.1276807030662894
0.0312499701976776
0.10669417306780812
0.12499988824129102
0.027458715368993573
0.10669405013322829
0.005361638963222505
0.0
0.01562497764825821
0.12768064951524136
0.24999977648258206
0.3642764687538146
0.2316939420998096
0.1249999329447746
0.15624986216425893
0.03125003352761269
0.03124996274709702
0.24463822063989935
0.03124997206032363
0.12231904454529283
0.010723289602468709
0.3642763470598785
0.12499983981251714
0.27549552917480463
0.005361653864383696
0.02745871758088469
0.21338823437690732
0.2316939230076968
1.3067574800018633e-09
0.18749987394796497
0.2446381263434887
0.12499993294477461
0.10669409483671187
0.10669411346316336
0.013729358091950417
0.06249992735683915
0.18749976158142087
0.12499988164529528
0.1249999403953552
0.036611627321690314
0.31249978765845293
0.18749983608722684
0.24084685882553455
0.01830581156536931
0.21338819339871404
0.343749813735485
0.18749986030161378
0.06249993387609719
0.01830580178648233
0.03661162033677101
0.06786154348000716
0.21338820084929466
0.03124995529651641
0.18213812261819837
0.1535689979791641
0.10669413208961485
0.062499953433871255
0.11071527749300002
0.12499989941716191
0.03661164935441485
0.06786156445741652
0.320082314312458
0.24999980768188831
0.018305795267224312
0.09374991990625857
0.031249972060322758
0.1082644760608673
0.07165285199880599
0.06249994858203566
0.3155057840049266
0.18749986588954923
0.3642765581607818
0.11127053759992121
0.3642763160169124
0.2850411236286163
0.2160689532756805
0.0366116098000635
0.21338827908039087
0.05491743236780166
0.09374990686774252
0.013729372993111612
0.12003075517714021
0.24084681831300253
0.10669411346316338
0.3475408852100372
0.18749982491135592
0.24463816359639165
0.14330572076141834
0.18749994598329062
0.3200822621583938
0.1366035565733909
0.25580163858830923
0.054917450994253166
0.16004110313951966
0.13336759619414804
0.18749983365356498
0.01830580085515975
0.0732232555747032
0.21338826231658456
0.10669403945681365
0.0924094710499048
0.03661161847412585
0.062499955296516405
0.12499988397174186
0.21417320054024455
0.0
0.13336752727627754
0.01830582227557897
0.1928614936769008
0.06249993667006493
0.08995867893099782
0.12499992083758113
0.22254102118313307
0.0366116277873516
0.05334699219754356
-4.302148165491459e-09
0.0732232630252838
0.23169406503438947
0.005361661314964292
0.062499954863948645
0.18749985285103318
0.09888159856200217
0.03124998463317752
0.0678616128861904
0.06328515660442456
0.0
0.062499918043613406
0.4176234602928161
0.062499916472006575
0.062499944120645516
0.036611618474125855
0.12003080174326894
0.03360556531697511
0.06249993480741978
0.06249994039535521
0.26562470570206637
0.06249995436519383
0.06249997019767759
1.862645149245646e-08
0.36427652835845936
0.23169375968046357
0.463387794792652
0.10669411066919564
0.3200823049992322
0.03124999906867742
0.0078124776482582136
0.06249992921948432
0.2316939830780028
0.16004117764532563
0.18749992921948427
0.015624973922967893
0.05491742864251137
0.08995865401811896
0.22254100814461705
0.21338818613534014
0.23169397190213198
0.10669406503438947
0.12231904827058313
0.06249996833503245
0.07165283942595123
0.213388149626553
0.06249995157122611
0.12499986961483954
0.18749987147748468
0.18213821481913325
0.06249995110556483
0.1249998477989602
0.03818200668320059
0.12499988079071044
0.062499936204403625
0.016965402290225026
0.03661162592470645
0.24084685742855066
0.12499993294477461
4.90653884941496e-18
0.2233262709341943
0.09374992418307926
0.18749990610879314
0.1249999180436134
0.06328512541949746
0.008042460191063581
0.02745871245861053
0.6218586340546608
0.4267764464020728
0.03661163803189992
0.4534495323896407
-9.734652195447778e-09
0.005361641757190227
0.018305830657482144
0.031250018626451485
0.3200821299105882
0.3955263718962668
0.03661159984767437
0.0624999590218067
0.045764524489641176
-6.883435625341453e-09
0.012293681502342222
0.08956606686115262
0.015625052154064185
0.14330573752522466
0.12499991059303281
0.009938105940818794
0.00022998267377261067
0.2732072528451681
0.04687494691461323
0.005361662096189378
0.018305826631381358
0.018305811099708077
0.10669407993555068
0.0
0.32008221745491017
0.2316940128803253
0.18749979138374326
2.107341706350695e-08
0.031249947845935815
0.1966526291512984
0.0053616315126419145
0.19665271788835526
0.1158469598740339
0.28124974668025965
0.009152911603450773
0.0366116426885128
0.2316939458250999
0.01830582500426958
0.18749981559813017
0.21338820375252196
0.10669407623492776
0.23169397190213198
0.031250001862645135
0.062499944120645516
0.14330568909645078
0.10669411718845366
0.005361650139093397
0.07812492176890372
0.09374990873038767
1.7208596813787124e-09
0.12499993853271005
0.18749985843896863
0.062499918043613434
0.09374991868277148
0.23169396817684168
0.03661163896322249
0.015624979510903364
0.031249977648258213
-7.432852103159137e-10
1.4796223135604688e-08
0.0678616091902647
0.0
0.12499982118606565
0.1821382865309715
0.16004122910560184
0.018305803807531437
-1.3867433756864498e-08
0.035826436243951314
0.23169404268264768
0.03661163896322249
0.10669407993555066
0.15624986216425896
0.07322324067354201
0.020986632306081884
0.05334705859422684
0.10669410228729245
0.1821381617337465
0.3642763800453381
0.21338815487552537
0.03661161847412586
0.12768070958554742
0.07322326116263865
0.21338812680914993
0.1066940976306796
0.0
0.31092934310436243
0.0107232891023159
0.10179240256547926
0.041973292827606194
0.24463818222284314
0.11127057671546932
0.32008220255374903
0.12499988079071042
0.0468749781139195
-7.450580596982584e-09
0.09106905711814758
0.036611635237932205
0.027458734810352332
0.03661162964999675
0.010723294690251349
0.16004123538732526
0.2133882492780685
0.0937499264255166
0.1977631729096174
0.0
0.07952281087636946
0.18749988079071042
0.05491745565086602
0.18749988637864587
-2.3726265951928834e-09
0.21338827535510058
0.12499993294477461
0.18749977648258206
0.3044574167579412
0.062499957159161554
0.21338817663490767
0.1737703755497932
0.018305823206901543
0.041973280720412724
0.364276424050331
0.0533470520749688
0.1874999552965164
0.0
0.031249970197677605
0.053347011096775525
0.3200822472572326
0.07322321087121962
0.6089145094156264
0.12499992200173435
-6.984910528851489e-10
0.018305798992514607
0.3200823366641998
0.0964307151734829
0.1387292221188545
0.078124922234565
0.06249995157122612
0.03124999627470969
0.18213828001171348
0.018305813893675804
0.24999986273140082
0.2133881896734237
0.4267762005329131
0.1928614880889654
0.45802605152130116
0.1977632057195684
0.417623491026461
0.0624999376957132
0.28124959580600256
0.11127050919458269
0.21338810121149152
0.08214613283053038
0.4736511930823325
0.1600410714745521
0.018305811003485436
0.18749977694824335
0.2133882641792297
0.05334707349538802
0.0
0.010723266750574119
0.03661164175719022
3.4417191319136005e-09
0.12499988824129102
0.01830581575632095
0.031249980442225926
0.0429687388241291
0.10826441831886767
0.0781249227002263
0.11584698036313057
0.07322334125638007
0.19776315614581105
0.4633880555629729
0.05491744307801126
0.07322323322296143
0.03661164007408823
0.4999996274709701
0.13833660073578358
0.015624986495822668
0.10669413208961485
0.0910691041499376
0.0
0.18749982863664624
0.0366116352379322
0.320082277059555
0.2499998062849045
0.2812498211860656
0.14330572029575706
0.04197327606379985
0.0549174379557371
0.02745869196951389
0.18749989569187162
0.03661162937721862
0.0
0.18749987334012982
0.21338815693341212
0.14330575987696645
0.21338815428316593
0.16004121256992218
0.30445724539458746
0.12499991127497798
0.3720888420939445
0.009152907878160482
0.02745869737050021
0.1249999403953552
0.06786158243610395
0.0366116240620613
0.018305810168385506
0.009152904152870178
0.07165279891341923
1.8626451516989153e-09
0.01830581109970808
0.21338816359639162
0.02098662871867418
0.1341527150943875
0.10669410601258277
0.310929351881722
0.302168988622725
0.12499993108212946
0.18292339146137235
0.08956605195999144
0.10669408366084097
0.1874998416751623
9.31322574622823e-09
0.005361650139093411
0.06249993992969392
0.1249999329447746
0.24463808909058565
0.18749983833563805
0.13036152534186837
0.03125001396983862
0.12499988824129103
0.054917419618610165
0.03661160729825497
0.013729380094446238
0.1874998368751499
0.21495851734457466
0.1874998118728399
0.09374993522661589
0.09374989429488777
0.07812493899837135
0.01072330086026335
0.0
0.036611625360469205
0.0503409425728023
0.2225410966202616
0.12499991245567799
0.18995072599500415
0.18749983236193654
0.010723294690251347
0.2499999552965164
0.10669411718845366
0.3749997317790984
0.12499995529651639
0.12499989941716191
0.0732232220470905
0.018305822275578976
0.03582644183188676
0.031249973922967904
0.12499991944059727
0.14330578222870827
0.06249994598329066
0.0411880686879158
0.0
0.0732232630252838
0.4267765283584594
0.1145065454766154
0.17187494039535517
0.036611628718674176
0.06249998882412909
0.08337158150970933
0.21338821860166846
0.1066941190510988
0.018305808305740353
0.10669410267255605
0.07322321832180022
0.08917346596717833
-2.4846383284149443e-10
0.07812494970858096
0.10669410228729247
0.2133881896734237
0.12499989196658132
0.1250000149011612
-3.725290303397831e-09
0.0366116315126419
0.21338823437690732
0.06786160264164208
0.09374994039535521
0.062499959953129285
0.083371561486274
0.093749962747097
0.18213818874210116
2.8258848690601984e-10
0.03661165060475468
0.06786162406206131
0.23169402172788975
0.09374988265335558
0.18749983236193654
-2.6077032084532505e-08
0.11584702041000126
0.2133880946785211
0.1249999371357262
0.2446382008492946
0.09374992921948432
0.031249983236193657
0.06249995063990353
0.4580263495445251
0.0
0.01830581203103065
0.231694012414664
0.12499992270022628
0.3955263420939445
0.06249992363154887
0.10669405572116374
0.025955669581890103
7.450580596982584e-09
1.6763806343210817e-08
0.0366116315126419
0.2804646529257297
0.19776313379406923
0.21338812261819834
0.0
0.1570351421833038
0.07622930034995079
0.09374993946403264
0.0366116240620613
0.016084931790828705
1.1175870007207322e-08
0.05334705393761395
0.24999991059303278
0.15356903616338966
0.031249989755451672
0.24999986588954923
0.18749989103525874
0.4267765805125236
0.18749993853271008
0.1249999441206455
0.031249953433871266
-8.647771387870731e-11
0.2133881244808435
0.010723299346864222
0.12499991733307646
0.036611618474125855
0.10669408924877641
0.24999979868866215
0.0
0.23169409483671183
0.018305816687643525
0.0624999701976776
0.0
0.010723298415541645
0.364276424050331
0.14330569468438623
0.06249998509883878
0.21338830888271326
0.49999988079071034
0.10669416189193723
0.21606897562742228
-3.725290303397831e-09
0.0
9.313225758494577e-10
0.14062489569187164
3.7252903033978315e-09
0.07812492549419402
0.09374997485429047
0.1341528315097093
0.0
0.2667352147400379
0.42677643895149225
0.23169392768777625
0.1249999403953552
0.23169394955039022
0.06786158587783572
0.3200823385268449
0.05491745099425315
0.03661163395020783
0.12231911346316335
0.21338832378387448
2.3283064365570576e-10
0.06249999813735484
0.01987620443105697
0.0
0.005361647345125673
0.10669413767755029
0.2812498807907104
0.21338816451215042
0.30713817849755276
0.0366116240620613
0.06249995157122611
0.2621587067842483
0.0
0.010723291430622341
0.2499999552965164
0.018305819481611245
0.005361691117286691
0.03661162518626692
0.1433057114481926
0.3933057151734828
0.0937499664723873
0.24999990771845534
0.01830582879483699
0.1874999590218067
0.21338827908039087
0.06786156725138424
0.053347048349678516
0.032705388963222504
0.2133882492780685
0.26830547302961344
0.046874989289790385
0.124999925494194
0.2866114825010299
0.06249995485947811
0.21338833868503565
0.036611616611480706
0.0
0.36427665501832956
0.12499996460974215
-7.056390610715722e-09
-3.441719353958204e-09
0.12499990686774251
0.04687494505196809
0.37499976158142084
0.24463807977735993
0.036611642688512795
-3.294092776329193e-09
0.3642764091491698
0.12499993712201805
0.0366116240620613
0.10669412650167942
0.22254101373255247
0.26673529297113413
0.010723304003477093
0.03661160543560981
0.01072329375892883
0.05491744237187212
0.07165281847119329
0.0
0.09374993667006491
0.23169403662905094
0.28124975413084025
0.039062503725290285
0.19286151230335233
3.93091026396064e-09
0.23169410228729245
0.0366116091609001
0.06786159984767436
0.2133882194757461
0.14330575242638588
0.06786162639036773
0.23169409018009895
0.2499998807907104
0.4267766177654265
0.0624999739229679
0.4999997615814208
0.10669410973787308
-9.81307769882992e-18
0.2133882492780685
0.32008242607116694
0.1874998304992914
0.06249995715916157
0.12499994784593581
0.18749988824129102
3.441719600773667e-09
1.308989183712583e-08
0.0
0.06249996127021818
0.26673515886068344
0.062499960884451845
0.010723300278186795
0.0732232481241226
5.813364464529594e-16
0.06249993294477464
0.0624999664723873
0.010723298415541647
0.005361638963222502
0.12499997112900016
0.1249999300709118
0.2667351700365543
0.0
0.018305816687643525
0.21338829167018677
0.1249999403953552
0.03124995063990354
0.12499997019767758
0.1249999292194843
0.12231903709471226
0.12499995529651642
0.009152917191386225
0.06249999254941939
0.23169395327568051
0.1249999403953552
0.0
0.018305803183466193
0.0
0.24463825393468136
0.009938105940818783
0.1874999552965164
-4.942859455070452e-10
0.32008236274123186
0.14330575242638585
0.0678615840151906
0.12499994784593581
0.2133882593196556
0.0
0.36427654325962056
0.0624999776482582
0.0
0.31092941202223295
0.062499955296516425
0.10669410228729247
0.28661139681935305
0.728553146123886
0.0013404153287410701
0.1874998994171619
0.03661162964999675
-6.519258022359761e-09
0.03661161661148071
0.041973266750574105
0.30445734038949007
0.1874999329447746
0.2683056183159351
0.06249995902180671
0.062499977648258195
0.0
0.21338823437690732
0.09374996321275829
-6.88343870791641e-09
0.12499994730037964
0.12499994039535477
0.1874998919665813
0.24999989569187162
0.18749991618096915
-6.883436663528038e-09
0.0031407816568389518
0.15624988079071042
0.249999925494194
0.01830583810806274
0.0366116277873516
0.0
0.06250000745058057
0.045764524722471826
0.249999850988388
0.24463812904315516
0.21338820457458493
0.2133882939815521
0.03661162033677101
0.499999850988388
8.878910662257765e-09
0.062499977648258195
0.2133882194757461
0.03661163065221212
0.009152914397418499
0.4267763644456863
0.07165283989161252
0.3642765954136848
0.2133882492780685
-1.008055861007051e-09
0.12499993822577513
0.1249999468261975
0.20881165191531176
2.003448240639471e-09
0.34374985331669444
0.0366116389632225
0.11584702320396897
0.03124999273152306
0.10669412091374395
0.18749981559813017
0.3642765488475561
0.0
0.2133881896734237
0.1562498584389686
0.1562499105930328
0.10669409669935702
0.031249988824129098
0.12499996647238729
0.1600411590188741
0.018305808305740353
0.0
0.10669413581490514
0.1066941116005182
0.06249999254941939
0.09374991804361342
0.21338823437690732
0.0
0.0678616017103195
0.21338830888271326
0.21338832005858419
0.21338818222284311
0.22254110872745508
0.06249998509883879
0.10669414699077603
0.0366116352379322
0.06786160618213664
5.702426975062735e-09
0.0
0.24999983608722684
0.24463821947574613
-1.5120843466220886e-09
0.21338819339871404
-1.7208596769791025e-09
0.3200822062790393
0.2133882492780685
0.18749988265335557
0.0732232481241226
0.1821382315829396
0.12499995888002123
0.06249996647238731
0.018305815756320953
0.10669412836432454
0.21338830888271326
0.12499994691461322
0.12499995529651639
0.6218589097261428
0.010723302140831944
0.01562498509883881
0.019876208974609618
0.36427642032504076
0.018305804580450055
0.12499989049602565
0.49999982118606556
0.2133882492780685
0.1249999813735485
0.49999997019767756
0.10669414699077603
0.1562498994171619
0.2499999552965164
0.21338818222284314
0.24999986588954923
0.12499997299164534
0.8535531312227248
0.05491747707128524
0.24999980628490445
0.03661163803189992
0.0
0.18749987147748468
0.499999850988388
0.0366116389632225
0.005361652001738546
0.0
0.3642764687538146
0.0624999850988388
0.0
0.05491745658218859
0.258367346599698
0.0
0.12499990500509736
0.062499962747097
0.23169408738613123
0.36427649855613703
0.0
0.18749990873038766
0.12499990127980709
0.3200823929356441
0.031249970317686945
0.1874999180436134
0.12499991567500235
0.16674318769946692
0.2499998807907104
0.009152905633134199
0.2133882194757461
0.036611638963222504
0.320082277059555
0.03661164175719022
0.24999991059303278
0.062499973922967904
0.0624999701976776
0.14330582646653053
0.062499962747097015
0.010723299136378482
0.07322327513247727
0.3642766252160071
0.10669414326548575
0.17834696173667905
0.005361651070415972
1.5732332103723932e-09
0.0624999701976776
0.033930815756320946
0.24999982118606562
0.23169412743300197
0.07322328910231593
0.2683057188987732
0.12499991440138025
0.0
0.42677655816078175
0.06249998509883879
0.24999990686774254
0.25000002980232233
0.2499999552965164
-1.7208593439121953e-09
0.0
0.010723289102315901
0.36427649855613703
0.3642764911055564
0.07322328537702559
0.49999988079071034
0.03661162406206131
0.09374996554106471
0.0366116352379322
-2.687797875833108e-18
0.2499999366700649
0.0732232704758644
0.18749988637864584
0.05491746217012405
0.06249997019767761
0.0183058250695467
0.03661163151264191
0.7499998807907103
0.18749994412064547
0.010723299346864222
0.2133882939815521
0.21338824369013307
0.009152909740805624
0.01830580737441778
0.036611641291529155
0.0
0.06249995902180671
0.005361647345125672
0.21338830888271326
3.1949509704531915e-10
0.12499993294477461
0.09374992363154885
0.06249999254941939
0.187499925494194
0.018305843695998192
0.0
0.0
0.3200824558734893
0.12499995715916154
0.0937499217689037
0.05491745006293057
0.10669414233416316
0.09374997019767758
0.42677660504649
0.0366116389632225
0.018305808305740353
0.07322328537702559
0.12499995529651639
0.0
0.1464465260505676
0.2133882492780685
0.02745872526429593
0.036611638963222504
0.1433058059774339
0.24999998509883878
0.14330575102940202
0.062499962667202695
0.249999925494194
0.1249999776482582
0.2499999082647264
0.2316941320896148
0.42677655071020115
0.21338830888271326
0.053347065113484846
0.12499989569187162
0.0
0.03661163186697846
0.1249999403953552
0.12499993294477461
0.06249994039535521
0.03661164455115795
0.42677658796310414
0.36427661031484593
0.8535531759262084
0.005361661314964301
0.6249998211860655
0.036611626856029
-5.976075523230204e-17
0.5624997168779372
0.2133882641792297
0.03661164641380309
0.036611646413803094
0.036611642688512795
0.0624999701976776
0.36427664756774897
0.0183058213442564
0.36427654325962067
0.1249999329447746
0.8535531759262084
0.4267766177654265
0.054917450994253145
0.073223277926445
0.3642765171825885
0.24999987833680865
0.124999962747097
0.07322327792644501
0.3642765879631042
0.24999994039535517
0.23169408738613123
0.21338830888271326
0.0732232555747032
0.4267766773700713
0.05334705859422683
0.28124996559831045
0.0
0.03661163151264191
0.12499998509883878
0.1874999403953552
0.0
0.42677655816078175
0.1874999441206455
0.23169411718845362
0.1066941376775503
0.036611630581319325
0.4999999403953551
0.21338830730363906
0.03661164455115795
0.24999986588954923
0.3749998807907104
0.01830581575632095
0.0
0.12499998137354848
0.42677664756774897
0.06249998509883879
0.2133882641792297
0.0
0.062499996274709695
0.14330577291548252
0.14330575615167615
0.05491744447499512
0.0
0.21338828466832635
0.3642764762043952
4.656612873114115e-10
0.1249999441206455
0.2133883163332939
0.3642765879631042
0.24999991059303278
0.07322329282760619
0.32008237764239306
0.21338830329477784
0.3955266363918781
0.0366116315126419
0.24999997019767756
0.0
0.24999997019767756
0.01830581296235323
0.24999995902180666
0.0
0.7499996498227118
0.21338819554493035
0.036611656174562794
9.31322574622823e-09
0.24999994039535517
0.4267765879631042
0.0
0.0624999813735485
0.2499999047215264
0.21338819339871404
0.4267766177654265
0.12499992636827083
0.12499993015080688
0.18749997951090333
0.463388293981552
0.10669410973787305
0.1249999441206455
0.09152908623218534
4.41178277243992e-09
0.2499999552965164
0.4267766177654265
0.39552658022895265
0.0
0.12499994784593581
0.1249999776482582
0.14330577291548252
0.4999997946642444
0.3642766252160071
0.0
0.0937499403953552
0.23169412929564712
0.053347056731581674
0.23169408552348608
0.01830581575632095
0.42677655816078175
0.0366116464138031
0.24999995157122618
0.2133882492780685
0.04576456919312477
0.24999991059303278
0.2133882939815521
0.06249998509883879
0.24999995063990355
0.21338830888271326
0.062499962747097
0.01072330109309405
0.49999988079071034
0.1249999776482582
0.03125002421438694
0.49999979138374323
0.062499977648258195
0.499999850988388
0.37499981746077526
0.4999999105930328
0.21338827908039087
0.36427649855613703
0.10669413954019544
0.036611646413803094
0.12499997019767758
0.0
0.036611642688512795
0.24999989569187162
0.062499973922967904
0.42677664756774897
0.24999983608722684
0.0366116352379322
0.0
0.0
0.4267766177654265
0.21338828466832635
0.07322330027818678
0.010723298415541645
0.0366116389632225
0.2499999552965164
0.0624999701976776
0.42677655816078175
0.0
0.24999993667006493
0.0
0.06786162627395241
0.0366116352379322
0.23169411718845362
0.0
0.21338827721774575
0.0
0.010723304003477095
0.0
0.374999850988388
0.0
0.4999999105930328
0.18213822226971385
0.3200822882354259
0.2133882939815521
0.42677664756774897
0.4267766177654265
0.0366116305458729
0.0624999701976776
0.062499982523390056
0.0183058176189661
0.0732232669632522
0.0
0.24999994039535517
0.2316941358149051
0.21338828280568117
0.03661163896322249
0.07322329282760619
0.1249999776482582
0.2133882939815521
0.4267765879631042
0.4999999105930328
0.10669414792209861
0.0624999739229679
0.4999999403953551
0.21338827908039087
-1.376687741583282e-08
0.4999999403953551
5.7024274191519445e-09
0.4999999403953551
0.4999999403953551
0.009152904152870175
0.4267766177654265
0.18749997857958076
0.0
0.0624999813735485
0.374999925494194
0.4267766773700713
0.018305793404579163
0.24999991059303278
0.2133882939815521
0.01072330307215452
0.06249996647238731
0.4999999999999999
0.21338826976716513
0.12499997019767758
0.4267766773700713
0.018305810168385502
0.249999925494194
0.499999850988388
0.1249999403953552
0.0
0.06249999254941939
0.2133882641792297
0.24999997019767756
-2.8512137095759722e-09
0.10669413208961481
0.0
0.4999999403953551
0.0
0.0
0.21338830888271326
0.01830581493425795
0.2133882492780685
0.21338833868503565
0.18749989569187162
0.0
0.4267766177654265
0.21338825300335879
0.2133882492780685
0.07322330027818678
0.0
0.49999988079071034
0.4267765879631042
0.07322330027818678
0.2133882641792297
0.07322328537702559
0.18213833495974538
0.4999999403953551
0.0
0.426776498556137
0.21338831260800356
0.062499957088268714
0.4999999403953551
0.2667353199794888
0.14330575987696645
0.06249998509883881
0.036611642688512795
0.2133882194757461
0.49999988079071034
0.0366116277873516
0.07322328537702559
0.49999997019767756
0.0
0.124999962747097
0.24999991059303278
0.24999994039535517
0.2133882939815521
0.4999999403953551
0.036611640825867646
0.0
0.4267766177654265
0.2133882232010364
0.4267765879631042
0.03661160543560982
0.24999997019767756
0.3642765767872333
0.0
0.0
0.073223277926445
0.3642765581607818
0.21338830888271326
0.036611646413803094
0.4999999105930328
0.374999888241291
-9.734652195447778e-09
0.49999988079071034
0.21338830888271326
0.1249999403953552
0.2499999552965164
0.4999999105930327
0.1249999441206455
0.018305819481611252
0.4999999105930328
0.2133882939815521
0.0
0.2499998807907104
-3.725290303397831e-09
0.426776633097112
0.1066941563040018
0.018305813516630434
0.24999989087546903
0.2133882641792297
0.24999994039535517
0.124999962747097
0.24999997019767756
0.24999997019767756
0.062499977648258195
0.2499999552965164
0.21338830888271326
0.07322330027818678
0.4999999105930328
0.499999850988388
0.49999988079071034
0.364276498556137
0.0
0.21338830888271326
0.2499999552965164
0.0
0.0
0.0
0.24999997019767756
0.036611642688512795
0.4999999403953551
0.0
0.07322329282760619
0.12231910182163117
0.12499997019767772
0.14644654095172877
0.21338827908039087
0.03661163119306254
0.4999999105930328
0.2133882492780685
0.0
0.42677664756774897
0.0
0.12499994039535524
0.1874999403953552
0.21338830888271326
0.0624999888241291
0.21338827908039087
0.4999999403953551
0.12499998509883878
0.18749992921948427
0.12499995529651639
0.35669407248497
0.0624999888241291
0.3642766177654266
0.0366116352379322
0.24999997019767756
0.062499969542120226
0.03661164082586764
0.12499995529651639
0.18213827162981028
0.2499999552965164
0.23169405758380884
0.3749997619010003
0.0
0.2499998807907104
0.3749998174607753
0.4999999105930328
-7.4505805871695075e-09
0.1464465856552124
0.42677664756774897
0.4999999105930328
0.0
0.0732232630252838
0.24999997019767756
0.0
0.24999994039535517
0.24999997019767756
0.2499999552965164
0.39552663266658783
0.062499992549419396
0.4267766773700713
0.4267765879631042
0.2133882492780685
0.0
0.14330575987696642
0.0
0.0732232853770256
0.24999997019767756
0.0624999813735485
0.0
0.12499998509883878
0.249999925494194
0.4267766773700713
0.062499985098838785
0.06786164641380309
0.1821382902562618
0.24999982398003337
0.2133882641792297
0.07322329282760619
-3.2193812060654632e-09
0.10669413208961481
1.0536711947395359e-08
0.3200824465602636
0.36427664756774897
0.4999999105930328
0.01830581948161125
0.010723304003477095
0.42677664756774897
0.1249999776482582
0.06249997112900017
0.12499998509883878
0.4267765991389751
0.4999998658895492
0.018305822831012116
0.4267766177654265
0.4267766773700713
0.2133883088827133
0.018305820878595114
-3.725290298491292e-09
0.42677654325962067
0.21338826013435994
0.03661165013909339
6.88343870791641e-09
0.249999925494194
0.4267765879631042
0.24999994039535517
0.4999999403953551
0.24999991059303278
0.0
0.24999997019767756
0.49999997019767756
0.21338833868503565
0.1874999739229679
0.42677664756774897
0.054917458910495036
0.2499998584389686
0.18213819339871404
0.4999999105930328
0.4267765283584594
0.3437499523861334
0.0
0.07322329282760619
0.2133882492780685
0.2133882641792297
0.2499999552965164
0.49999989569187153
0.21338820457458493
0.06249999254941939
0.062499996274709695
0.49999997019767756
0.0
0.12499995902180669
0.4999999403953551
0.0624999701976776
0.21338830888271326
0.4999999105930328
0.21338827908039087
0.21338830888271326
0.24999995157122606
0.24999997019767758
0.36427653580903996
0.2499999552965164
0.0366116389632225
0.0
0.12499988079071042
0.4267766773700713
0.4267766177654265
0.49999997019767756
0.06249998509883879
0.49999988079071034
0.49999997019767756
0.21338830888271326
0.36427664756774897
0.0
0.07322330027818678
0.0
0.12499999254941939
0.0
0.03124997951090335
0.4999999403953551
0.07322328537702559
0.073223277926445
0.49999993351191707
0.49999982118606556
0.3642766177654266
0.0
0.24999997019767756
0.4999999999999999
0.49999997019767756
0.4999999403953551
0.036611640825867646
0.1249999776482582
-4.867325653634679e-09
0.21338830888271326
0.4999999701976775
0.499999850988388
0.4267766773700713
0.10669414326548575
0.4999999403953551
0.49999988079071034
0.4267766326665878
0.4999999999999999
0.1250000149011612
0.4267766177654265
0.4267766773700713
0.0
0.0
0.4999999403953551
0.0
0.0
0.49999988079071034
0.0
0.0
0.0
0.9999998807907102
0.12499998509883878
0.0
0.24999994039535517
0.0
0.12499997764825818
0.3642766177654266
0.42677664756774897
-6.883438263827201e-09
0.7499998137354851
0.0
0.7499998137354851
0.073223277926445
0.0
0.010723300278186796
0.1249999403953552
0.0
0.0732232755182438
0.4999999999999999
0.0366116389632225
0.0
0.499999850988388
0.4999999105930328
0.0
0.06249998696148394
0.062499996274709695
0.4999999403953551
0.3200824279338121
0.1098349243402481
0.24999998509883878
0.10669410973787305
0.4999999105930328
0.07322330027818678
0.01072330307215452
0.42677660286426533
0.42677655816078175
0.0732232555747032
0.36427667737007136
0.21338833123445505
0.4267766747776688
0.42677664756774897
0.24999994039535517
0.4999999999999999
0.1249999776482582
0.21338830143213267
0.49999997019767756
0.36427667737007136
0.24999997019767756
0.4999999105930328
0.12499997951090333
0.036611646413803094
0.42677664756774897
0.0732232853770256
0.32008236646652216
0.0
0.07322329282760619
0.42677664756774897
0.4999999403953551
0.24999995529651636
0.0
0.49999997019767756
0.062499996274709695
0.24999998509883878
0.0
0.24999996274709696
0.42677664756774897
0.0
0.7499999105930327
0.4267766773700713
0.4267766773700713
0.4267766177654265
0.36427667737007136
0.49999997019767756
0.07322330027818678
0.0
0.3642766065895558
0.4267766773700713
0.062499977648258195
0.0
0.1249999776482582
0.4267766177654265
0.4267766773700713
0.2499999999999999
0.21338830888271326
0.0
0.24463832285255194
0.2499999552965164
0.21338832005858419
0.06249998509883879
0.4267766177654265
0.499999850988388
0.8535527586936948
0.12499993294477461
0.4999999478459359
0.49999997019767756
0.24999997019767756
0.07322328537702559
0.036611642688512795
0.07322329282760619
0.0
0.4999999999999999
0.03661163337141326
0.0
0.4999999999999999
0.24999998509883878
0.07322329282760619
0.42677664756774897
0.24999991059303278
0.0
0.07322329282760619
0.21338832378387448
0.0549174650006122
0.4999999999999999
0.12499997206032262
0.07322328165173528
0.4267766773700713
0.21338833868503565
0.24999998509883875
0.4267766773700713
0.24999998509883878
0.24999995902180666
0.49999997019767756
0.4267766773700713
0.18213830795139072
0.4999999105930328
0.4999999403953551
0.49999997019767756
0.4267765879631042
0.0
0.21338830888271326
0.2499999552965164
-1.1175870900380414e-08
0.21338832098990673
0.24999998509883878
0.49999997019767756
0.24999997019767756
0.03661165013909339
0.21338819898664946
0.07322330027818678
0.8535532504320144
0.010723301209509371
0.24999997019767756
0.0
0.42677664756774897
0.4999999999999999
0.4999999403953551
0.018305817618966103
0.12500001117587087
0.4267766773700713
0.0
0.3642766177654266
0.0
0.4267766177654265
0.07322329282760619
0.49999997019767756
0.4999999999999999
0.21338830888271326
0.24999997019767756
0.4999999403953551
0.4267766773700713
0.4999999999999999
0.24999997019767758
0.0
0.06249999254941939
0.4999999999999999
0.1249999776482582
0.4267766177654265
0.24999997019767756
0.07322330027818678
0.07322328537702559
0.49999997019767756
0.06786162662319839
0.4999999999999999
0.4999999999999999
0.1249999776482582
0.2499999552965164
0.4999999999999999
0.24999994039535517
3.725290303397831e-09
0.2499999552965164
0.4267766773700713
0.12499999254941935
0.07322329655289649
0.24999997019767756
0.24999997019767756
0.4267766177654265
0.24999998509883878
0.42677664756774897
0.24999997392296788
0.2499999552965164
0.49999996647238726
0.0
0.0
0.24999997392296788
0.4999999999999999
0.24999997019767756
0.4999999403953551
0.10983490664511916
0.1249999776482582
0.18749997019767758
0.9999999403953551
0.36427664756774897
0.12499998509883878
0.0
0.4267766177654265
0.4999999403953551
0.0
0.42677655816078175
0.07322328537702559
0.4999999366700648
0.4999999403953551
0.4267766773700713
0.4267766773700713
0.49999997019767756
0.4267766177654265
0.42677664756774897
0.4267766383690152
0.3642765581607818
0.49999997019767756
0.07322330027818678
0.24999998509883878
0.24999995529651628
0.42677664756774897
0.36427667737007136
0.0
0.03661164548248052
0.42677664756774897
0.07322329282760619
0.4999999999999999
0.3642766177654266
0.4999999999999999
0.10669415816664696
0.24999994039535517
0.036611647810786956
0.4267765879631042
0.36427664756774897
0.49999997019767756
0.49999979138374323
4.365743467769122e-18
0.12499991059303286
0.21338830888271326
0.49999997019767756
0.24999997019767756
0.4999999776482581
0.23169409856200215
0.21338832378387448
0.0
0.4267766773700713
0.42677664756774897
0.0
0.0
0.07322330027818678
0.07322329562157391
0.12499998509883878
0.3200824446976184
0.0
0.49999997019767756
0.24999998509883878
0.4999999999999999
0.07322328537702559
0.4267766773700713
0.2133882939815521
0.42677664756774897
0.12499998509883878
0.0
0.06250001490116118
0.4267766773700713
0.0
0.49999997019767756
0.0
0.12499998509883878
0.4267766773700713
0.07322330027818678
0.3642765656113624
0.24999998137354845
0.12499997578561303
0.24999998509883878
0.4267766773700713
0.42677664756774897
0.062499986495822654
0.24999997019767756
0.4267766773700713
0.4267766177654265
0.01830582320690155
0.42677664756774897
0.0
0.7499998658895491
0.49999988079071034
0.42677667364478106
0.21338831819593904
0.2133882939815521
0.4999999403953551
0.4267766773700713
0.4267766773700713
0.24999997019767756
0.21338833868503565
0.036611642688512795
0.4267766773700713
0.7285533174872396
0.24999997019767756
0.24999998509883878
0.24999998509883878
0.0
0.07322330027818678
0.4999999776482581
0.49999997019767756
0.4999999403953551
0.2499999552965164
0.24999998509883878
0.0
0.24999998882412905
0.24999997019767756
0.4999999999999999
0.2133883014321327
0.4999999403953551
0.23169410228729245
0.49999997019767756
0.07322330027818678
0.21338830888271326
0.24999987706542004
0.07322329282760619
0.4267766773700713
0.0
0.24999998509883878
0.4999999776482581
0.21338830888271326
0.42677664756774897
0.42677664756774897
0.4999999403953551
0.4267766773700713
0.0
0.4267766177654265
0.0
0.4999999403953551
-7.450580596982584e-09
0.49999994784593565
0.4999999999999999
0.07322329562157391
0.4267766773700713
0.24999995902180666
0.24999997019767756
0.4267766773700713
0.42677664756774897
0.49999997019767756
0.12499996833503244
0.49999997019767756
0.4267766773700713
0.07322329282760619
0.10983500629663466
0.036611642688512795
0.4267766177654265
0.14644655585289001
0.1433057836256921
0.0366116389632225
0.4999999403953551
0.4999999403953551
0.062499973922967904
0.18749992735683912
0.07322329282760619
0.07322329282760619
0.4267766773700713
0.24999997019767756
0.4999999999999999
0.42677664756774897
0.0
0.14644660055637357
0.4999999999999999
0.42677655816078175
0.124999962747097
0.4267766773700713
0.24999994039535517
0.0
0.9999998807907102
0.10669415257871148
0.21338827908039087
0.24999997019767756
0.24999997019767756
0.42677664756774897
0.4999999999999999
0.4999999999999999
0.42677664756774897
0.4267766773700713
0.42677664756774897
0.12499996088445184
0.4999999999999999
0.0
0.01072330307215452
0.0
0.0
0.42677664756774897
0.4999999999999999
0.4267766177654265
0.054917469155043364
0.49999997019767756
0.036611642688512795
0.0
0.06249998509883878
0.1249999776482582
0.49999997019767756
0.42677664756774897
0.21338830702006814
0.12500000745058057
0.4999999105930328
0.24999997019767756
0.4999999999999999
0.4999999403953551
0.4999999403953551
0.0
0.42677667364478106
0.36427667737007136
0.0
0.24999998509883878
0.8535530716180799
0.062499983236193636
0.12499997392296788
0.24999997019767756
0.4267766773700713
0.06249998509883879
0.24999998509883878
0.12499998509883878
0.07322329282760619
0.0
0.42677664756774897
0.49999997019767756
0.4267766773700713
0.0
0.0
0.21338830888271326
0.24999998509883878
0.24999997019767756
0.0
0.10669415071606633
0.4999999999999999
0.24999998509883878
0.4999999105930328
0.0
0.0
0.4267766773700713
0.07322330027818678
0.4999998807907104
0.42677664756774897
0.42677664756774897
0.4267766773700713
0.07322328537702559
0.24999997019767756
0.2133882939815521
0.06249998509883879
0.03661165013909339
0.0
0.24999997019767756
0.4999999999999999
0.4999999999999999
0.49999997019767756
0.24999997019767756
0.4999999105930328
0.0624999888241291
0.49999988079071034
0.4999999403953551
0.36427664756774897
0.07322330027818678
0.24999997019767756
0.4999999999999999
0.4999999999999999
0.49999997019767756
0.4999999403953551
0.0
0.2133882939815521
0.24999998509883878
0.4267766177654265
0.49999997019767756
0.49999997019767756
0.07322329282760619
0.2499999552965164
0.4267766773700713
0.07322330027818678
0.21338833868503565
0.36427667737007136
0.37499995529651636
0.37499994039535517
0.4267766773700713
0.010723304003477095
0.36427667737007136
0.21338830888271326
0.4267766512930392
0.49999997019767756
0.49999997019767756
0.062499996274709695
0.0
0.06249998509883879
0.24999998509883878
0.49999997019767756
0.4267766773700713
0.24999990314245218
0.07322329282760619
0.0624999888241291
0.49999997019767756
0.49999997019767756
0.4999999403953551
0.4267766773700713
0.12499999022111294
0.4999999403953551
0.4999999403953551
0.07322330027818678
0.24999998509883878
0.42677664756774897
0.4267766773700713
0.42677664756774897
0.4267766773700713
0.24999998509883878
0.5464149489998817
0.42677664756774897
0.4267765879631042
0.49999997019767756
0.4267766177654265
0.06249997299164533
0.4999999999999999
0.07322330027818678
0.4999999403953551
0.24999997019767756
0.21338830888271326
0.4999999999999999
0.4999999999999999
0.24999997019767756
0.24999998509883878
0.4999999776482581
0.4999999403953551
0.0
0.2133882939815521
0.0
0.24999998509883878
0.4999999999999999
0.4999999999999999
0.6401649005711079
0.24999997019767756
0.32008239626884455
0.249999925494194
0.1249999403953552
0.24999998509883878
0.4999999999999999
0.4999999999999999
0.010723300278186796
0.49999997019767756
0.0
0.0625000037252903
0.062499977648258195
0.0
0.2499999403953552
0.21338830143213267
0.42677664756774897
0.4999999999999999
0.062499992549419396
0.4267766773700713
0.24999997019767756
0.3200824856758117
0.05491746589541434
0.4999999478459359
0.4999999999999999
0.21338833868503565
0.4267766773700713
0.46338823437690724
0.0
0.4267766773700713
0.4267766773700713
0.06249997206032275
0.12499998509883878
0.07322330027818678
0.24999998509883878
0.36427664756774897
0.4999999403953551
0.062499996274709695
0.01830582693219185
0.4999999403953551
0.42677667364478106
-8.002412098549563e-25
0.49999997019767756
0.24999998509883878
0.4999999999999999
0.49999997019767756
0.4999999403953551
0.49999997019767756
0.4267766773700713
0.49999997019767756
0.21338830888271326
0.4999999403953551
0.4267766773700713
0.06249998509883881
0.0
0.49999997019767756
0.4999999403953551
0.49999997019767756
0.49999997019767756
0.05491746729239821
0.4267765879631042
0.42677655816078175
0.07322330027818678
0.4999999999999999
0.4999999105930328
0.0
0.36427667737007136
0.2499999552965164
0.4999999403953551
0.07322330027818678
0.4999999403953551
0.4267766177654265
0.0
0.062499977648258195
0.1249999776482582
0.21338830888271326
0.0
0.12499999022111294
0.249999925494194
0.24999997019767756
0.24999998882412905
0.0
-6.88343870791641e-09
0.4999999999999999
0.4267766177654265
0.36427664756774897
0.4999999478459359
0.24999998509883878
0.24999998509883878
0.4267765879631042
0.05491746217012404
0.24999994039535517
0.4999999403953551
0.1874999720603227
0.24999997019767756
0.21338830888271326
0.2499999552965164
0.0624999888241291
0.12499998509883878
0.49999997019767756
0.21338833868503565
0.0
0.21338830888271326
0.07322329282760619
0.12499998509883878
0.0
0.49999997019767756
0.49999993573874224
0.0624999888241291
0.0
0.07322330400347707
0.4999999999999999
0.4267765879631042
0.24999997019767756
0.0
0.4267766773700713
0.4999999403953551
0.36427664756774897
0.4999999776482581
0.21338833868503565
0.4267766773700713
0.4999999776482581
0.49999997019767756
0.36427664756774897
0.036611642688512795
0.49999997019767756
0.49999997019767756
0.49999997019767756
0.0
0.4999999999999999
0.06249998509883879
0.4267766773700713
0.36427667737007136
0.42677664756774897
0.4999999999999999
0.07322330027818678
0.24999997019767756
0.4999999999999999
0.36427667737007136
0.4999999999999999
0.49999997019767756
0.4999999999999999
0.7285532057285307
0.4999999776482581
0.0
0.4999999999999999
0.036611646413803094
0.2133882492780685
0.0
0.21338830888271326
0.07322329282760619
0.0
0.12499999999999997
0.24999998509883878
0.4999999999999999
0.07322329282760619
0.4999999999999999
0.4999999999999999
0.42677667364478106
0.49999997019767756
0.0
0.24999998509883878
0.4999999403953551
0.8535532951354979
0.4999999105930328
0.49999997019767756
0.4267766773700713
0.010723304003477095
0.24999998509883878
0.24999991059303278
0.0
0.07322329282760619
0.0
0.4267766773700713
0.0
0.49999997019767756
0.0
0.49999997019767756
0.0
0.24999997019767756
0.49999997019767756
0.49999997019767756
0.24999996647238726
0.21338830888271326
0.4267766773700713
0.2499999552965164
0.4267766773700713
0.24999997019767756
0.49999997019767756
0.4267766177654265
0.24999998509883878
0.2499999552965164
0.4999999403953551
0.24999998509883878
0.49999997019767756
0.0
0.4267766773700713
0.0
0.0
-3.725290293584753e-09
0.24999997019767756
0.21338833868503565
0.24999998509883878
0.49999997019767756
0.36427664384245867
0.24999997019767756
0.21338830143213278
0.49999997019767756
0.0
0.49999997019767756
0.0
0.24999997019767756
0.42677664756774897
0.24999998509883878
0.4999999999999999
0.0
0.4999999403953551
0.4267766773700713
0.4999999776482581
0.036611646413803094
0.24999997019767756
0.4999999999999999
0.0
0.0
0.4267766773700713
0.4999999999999999
0.49999997019767756
0.0
0.49999997019767756
0.42677664756774897
0.4999999776482581
0.4999999999999999
0.4267766773700713
0.4999999403953551
0.49999997019767756
0.4999999403953551
0.06249998509883879
5.7024274191519445e-09
0.4267765842378139
0.49999997019767756
0.4999999403953551
0.062499992549419396
0.4999999403953551
0.21338830888271326
0.49999997019767756
2.980232238793034e-08
0.8535533547401426
0.49999997019767756
0.49999997019767756
0.4999999999999999
0.24999998509883878
0.4999999403953551
0.4999999403953551
0.4267766773700713
0.06249999254941939
0.24999998509883878
0.4999999999999999
0.49999997019767756
0.42677664756774897
0.24999997019767756
0.4999999999999999
0.21338833868503565
0.4267766773700713
0.4267766177654265
0.0
0.49999994039535517
0.4999999999999999
0.0
0.24999995902180666
0.49999997019767756
0.49999997019767756
0.49999997019767756
0.4999999999999999
0.0
0.4267766773700713
0.4999999403953551
0.036611646413803094
0.4999999999999999
0.4999999999999999
0.4999999813735484
0.4267766773700713
0.49999997019767756
0.24999997019767756
0.4999999403953551
0.4999999403953551
0.42677664756774897
0.4999999999999999
0.4267766773700713
0.24999998509883878
0.4999999999999999
0.24999998509883878
0.4999999403953551
0.4267766773700713
0.4267766773700713
0.4999999999999999
0.49999997019767756
0.4999999999999999
0.4999999999999999
0.24999997019767756
0.23169412091374397
0.0
0.4999999999999999
0.4999999999999999
0.24999997019767756
0.24999997019767756
0.4999999999999999
0.24999997019767756
0.4267766773700713
0.4267766773700713
0.49999997019767756
0.0
0.4999999403953551
0.24999997019767756
0.4999999999999999
0.49999997019767756
0.4999999403953551
0.0
0.49999997019767756
0.49999997019767756
0.49999997019767756
0.4267766773700713
0.24999997019767756
0.4999999776482581
0.49999994039535517
0.0
0.0
0.4999999999999999
0.2499999552965164
0.07322329282760619
0.0
0.4267766773700713
0.0
0.4999999999999999
0.12499998509883878
0.0366116352379322
0.49999997019767756
0.4267766773700713
0.4999999999999999
0.4999999999999999
0.21338830888271326
0.24999995157122606
0.14644655585288996
0.4999999999999999
0.42677664756774897
0.24999999627470965
0.1464466005563736
0.36427667737007136
0.4267766773700713
0.36427667737007136
0.49999997019767756
0.42677664756774897
0.24999998509883878
0.24999997019767756
0.4999999403953551
0.0
0.21338830888271326
0.4267766177654265
0.42677664756774897
0.036611642688512795
0.0
0.4267766773700713
0.0
0.49999997019767756
0.4267766773700713
0.05491746030747889
0.4999999999999999
0.49999997019767756
0.4999999999999999
0.4999999999999999
0.10669414512813089
0.4999999999999999
0.4999999999999999
0.49999997019767756
0.07322330027818678
0.4999998807907104
0.49999997019767756
0.24999997019767756
0.07322330027818678
0.24999997019767756
0.0
0.24999998509883878
0.12499998509883878
0.21338832378387448
0.4999999999999999
0.4999999999999999
0.49999997019767756
0.24999997019767756
0.36427667737007136
0.0
0.24999997019767756
0.49999997019767756
0.12499998509883878
0.9999999403953551
0.9999998211860656
0.4999999999999999
0.49999997019767756
0.4999999403953551
0.4267766773700713
0.24999998137354845
0.24999997019767756
0.4999999999999999
0.2499999552965164
0.42677664756774897
0.49999997019767756
0.4999999999999999
0.21338833868503565
0.4267766773700713
0.4267766773700713
0.24999997019767756
0.021446603350341313
0.036611646413803094
0.0
0.21338833868503565
0.4267766177654265
0.49999997019767756
0.4999999999999999
0.21338832378387448
0.24999997019767756
0.4999999403953551
0.42677661776542664
0.4999999776482581
0.4999999403953551
0.06250000027576517
0.4267766773700713
0.36427664756774897
0.4999999776482581
0.4999999403953551
0.49999997019767756
0.4267766773700713
0.4999999999999999
0.07322330027818678
0.49999997019767756
0.853553235530853
0.24999997019767756
0.4267766773700713
0.24999998509883878
0.4267766773700713
0.49999997019767756
0.49999997019767756
0.49999997019767756
0.21338830888271326
0.42677664756774897
0.21338833868503565
0.4999999999999999
0.12499999441206452
0.49999997019767756
0.24999997019767756
0.4999999999999999
0.2499999552965164
0.4999999999999999
0.49999997019767756
0.4267766773700713
0.4999999999999999
0.24999998509883878
0.4267766773700713
0.4999999999999999
0.49999997019767756
0.24999998509883878
0.49999997019767756
0.4999999999999999
0.49999997019767756
0.0
0.4999999999999999
0.07322330027818678
0.4999999999999999
0.4999999999999999
0.24999997019767756
0.49999997019767756
0.49999997019767756
0.4999999999999999
0.0
0.2133883163332939
0.4999999403953551
0.24999997019767756
0.21338833868503565
0.0
0.06249999254941939
0.4999999999999999
0.49999997019767756
0.0
0.4999999999999999
0.07322330027818678
0.062499996274709695
0.4267766773700713
0.49999997019767756
0.4267766773700713
0.4999999999999999
0.3749998807907104
0.2499999906867742
0.49999997019767756
0.21338832378387448
0.4999999999999999
0.24999998509883878
0.9999999403953551
0.4267766773700713
0.07322328537702559
0.4999999999999999
0.4999999999999999
0.0
0.4999999776482581
0.4267766773700713
0.4267766773700713
0.4999999999999999
0.07322330027818678
0.4999999999999999
0.49999997019767756
0.4267766773700713
0.0
0.4999999999999999
0.4999999999999999
0.4267766773700713
0.4999999776482581
0.06249999254941939
0.4999999999999999
0.036611646413803094
0.4267766773700713
0.24999997019767756
0.4999999403953551
0.49999997019767756
0.0
0.36427667737007136
0.07322330027818678
0.07322330027818678
0.6401649639010428
0.07322330027818678
0.4999999403953551
0.24999998509883878
0.0
0.24999998509883878
0.0
0.4999999999999999
0.4999999999999999
0.06249999254941939
0.24999997019767756
0.4267766661942004
0.24999997019767756
0.4999999999999999
0.4999999999999999
0.4999999999999999
0.4633883014321326
0.49999997019767756
0.4999999403953551
0.24999998509883878
0.0
0.4267766773700713
0.42677664756774897
0.24999998509883878
0.06249998509883879
0.4267766773700713
0.4999999999999999
0.49999997019767756
0.4999999999999999
0.4999999999999999
0.4999999999999999
0.0
0.24999997019767756
0.4999999999999999
0.4267766773700713
0.24999994039535517
0.4999999999999999
0.4267766177654265
0.4267766773700713
0.0
0.4999999999999999
0.4999999999999999
0.49999997019767756
0.4267766773700713
0.4267766177654265
0.0
0.4267766773700713
0.4999999105930328
0.4999999999999999
0.4999999999999999
0.42677664756774897
0.4267766773700713
0.4999999999999999
0.036611661314964294
0.49999997019767756
0.4267766773700713
0.4999999999999999
0.49999997019767756
0.4267766773700713
0.07322329282760619
0.4999999403953551
0.4999999776482581
0.4999999999999999
0.4999999999999999
0.49999997019767756
0.4267766773700713
0.4999999999999999
0.4999999403953551
0.49999997019767756
0.14644662290811533
0.4999999999999999
0.07322330027818678
0.4999999999999999
0.21338830888271326
0.0
0.49999997019767756
0.24999998509883878
0.42677664756774897
0.4999999999999999
0.4999999999999999
0.24999997019767756
0.4999999403953551
0.07322330027818678
0.4999999999999999
0.07322327792644501
0.24999997019767756
0.24999998509883878
0.0
0.853553235530853
0.42677664756774897
0.4267766773700713
0.07322329282760619
0.24999997019767756
0.49999997019767756
0.4999999701976775
0.07322330027818678
0.24999998509883878
0.4267766773700713
0.4999999999999999
0.24999997019767756
0.24999997019767756
0.4999999999999999
0.4267766773700713
0.4267766773700713
0.24999997764825818
0.12499998137354848
0.24999997019767756
0.4267766773700713
0.187499962747097
0.0
0.24999997019767756
0.853553235530853
0.4999999999999999
0.4999999999999999
0.07322331145405767
0.24999997019767756
0.24999997019767756
0.4267766177654265
0.2133882902562618
0.4999999105930328
0.24999998509883878
0.36427667737007136
0.4267766773700713
0.010723304003477095
0.49999997019767756
0.49999997019767756
0.49999997019767756
0.4999999403953551
0.24999998509883878
0.0
0.4999999999999999
0.49999997019767756
0.49999997019767756
0.4267766773700713
0.49999997019767756
0.49999997019767756
0.12499998509883878
0.4999999999999999
0.4999999999999999
0.24999997392296788
0.24999998509883878
0.24999995529651634
0.42677664756774897
0.4999999999999999
0.4267766773700713
0.49999997019767756
0.24999998509883878
0.4999999999999999
0.0
0.4999999999999999
0.49999997019767756
0.49999997019767756
0.0
0.24999998509883878
0.10669415444135663
0.4999999999999999
0.4999999999999999
0.0
0.0
0.42677664756774897
0.4267766773700713
0.4999999999999999
0.2499999552965164
0.0
0.24999998509883878
0.42677664756774897
0.4267766773700713
0.4267766773700713
0.12499996647238726
0.4999999999999999
0.4267766773700713
0.4267766773700713
0.49999997019767756
0.49999997019767756
0.4999999403953551
0.4999999999999999
0.21338830888271326
0.10669415509990103
0.4999999999999999
0.49999997019767756
0.4999999999999999
0.24999997019767756
0.0
0.4999999999999999
0.0
0.07322328537702559
0.4999999999999999
0.42677664756774897
0.4999999999999999
0.07322330027818678
0.24999997019767756
0.24999998509883878
0.0
0.4999999701976775
0.24999997019767756
0.4999999999999999
0.24999996274709702
0.036611646413803094
0.24999997019767756
0.4999999999999999
0.062499996274709695
0.49999997019767756
0.4999999999999999
0.4999999403953551
0.42677664756774897
0.0
0.4999999999999999
0.24999998509883878
0.0625
0.0
0.4999999999999999
0.4999999999999999
0.0
0.0
0.0
0.4999999776482581
0.42677664756774897
0.4267766773700713
0.12499998509883878
0.24999997019767756
0.010723304003477095
0.49999997019767756
0.36427664756774897
0.4999999999999999
0.4999999999999999
0.24999998509883878
0.4999999999999999
0.49999997019767756
0.21338833868503565
0.4999999999999999
0.24999998509883878
0.49999997019767756
0.4999999999999999
0.49999997019767756
0.4999999776482581
0.24999998509883878
