33
57
86
112
143
174
203
232
255
283
310
339
368
393
424
452
481
508
540
570
596
624
653
682
708
744
774
803
832
861
892
926
950
981
1019
1046
1071
1105
1133
1163
1191
1222
1248
1271
1293
1326
1356
1385
1410
1433
1464
1490
1524
1551
1576
1607
1631
1661
1687
1725
1752
1780
1808
1840
1872
1899
1933
1968
2002
2030
2057
2091
2125
2157
2179
2203
2237
2268
2301
2325
2350
2370
2396
2425
2454
2479
2509
2536
2563
2593
2615
2647
2676
2701
2732
2772
2803
2831
2861
2892
2918
2946
2969
2999
3033
3061
3095
3120
3147
3170
3193
3228
3253
3281
3307
3335
3362
3391
3416
3443
3479
3507
3541
3565
3588
3621
3653
3686
3713
3736
3761
3791
3816
3843
3869
3895
3930
3958
3991
4015
4046
4073
4100
4127
4155
4184
4215
4242
4271
4290
4313
4340
4372
4398
4427
4462
4492
4521
4539
4571
4600
4627
4657
4683
4707
4736
4766
4794
4815
4855
4880
4910
4937
4971
5001
5034
5066
5091
5118
5144
5173
5196
5221
5248
5273
5301
5329
5353
5388
5420
5450
5487
5518
5545
5580
5608
5635
5666
5692
5717
5746
5779
5812
5843
5869
5890
5917
5949
5982
6006
6033
6059
6086
6109
6133
6162
6181
6205
6232
6253
6278
6307
6335
6368
6393
6424
6449
6475
6497
6519
6551
6580
6607
6634
6663
6693
6719
6743
6775
6799
6823
6844
6876
6909
6935
6963
6992
7019
7047
7068
7100
7129
7159
7193
7224
7253
7282
7313
7334
7362
7396
7424
7448
7478
7501
7534
7559
7583
7612
7630
7658
7678
7712
7736
7767
7790
7811
7839
7868
7897
7924
7948
7974
7997
8024
8058
8094
8122
8160
8186
8214
8249
8284
8308
8330
8358
8389
8414
8444
8464
8486
8515
8542
8569
8595
8619
8647
8675
8699
8718
8744
8772
8792
8821
8853
8877
8907
8937
8967
9007
9038
9063
9096
9123
9153
9179
9206
9235
9265
9296
9317
9345
9370
9398
9427
9449
9472
9495
9534
9565
9593
9622
9654
9680
9715
9737
9759
9786
9813
9834
9863
9890
9918
9954
9975
10002
10031
10056
10084
10116
10138
10173
10202
10231
10261
10292
10319
10344
10373
10409
10439
10464
10491
10518
10544
10570
10600
10622
10658
10687
10717
10754
10781
10811
10839
10864
10885
10909
10935
10959
10994
11027
11050
11077
11111
11142
11162
11193
11229
11253
11285
11311
11335
11358
11387
11418
11446
11473
11497
11522
11551
11570
11599
11628
11651
11676
11698
11728
11749
11780
11807
11836
11866
11896
11918
11942
11966
11992
12025
12054
12080
12107
12139
12164
12194
12222
12248
12274
12297
12326
12346
12376
12405
12438
12470
12494
12520
12547
12571
12599
12627
12651
12678
12707
12734
12764
12794
12825
12850
12880
12910
12941
12970
12999
13025
13054
13079
13107
13136
13162
13188
13215
13240
13263
13291
13316
13350
13377
13403
13427
13458
13480
13510
13536
13559
13585
13621
13647
13670
13695
13722
13752
13775
13799
13827
13855
13880
13908
13935
13961
13991
14019
14050
14080
14110
14133
14165
14193
14221
14240
14271
14302
14329
14353
14379
14409
14440
14462
14486
14513
14537
14568
14592
14622
14649
14669
14698
14720
14741
14769
14793
14818
14846
14871
14896
14918
14947
14969
14994
15014
15047
15071
15093
15117
15140
15161
15186
15205
15237
15263
15294
15322
15344
15376
15403
15423
15450
15482
15514
15537
15567
15588
15613
15635
15655
15684
15713
15742
15768
15790
15816
15853
15884
15920
15949
15980
16007
16033
16061
16086
16112
16135
16165
16188
16206
16236
16259
16289
16321
16355
16379
16408
16427
16453
16478
16500
16532
16554
16582
16609
16636
16658
16683
16704
16728
16748
16773
16796
16823
16850
16876
16904
16931
16951
16974
16993
17022
17046
17072
17100
17124
17147
17172
17198
17218
17245
17267
17300
17327
17355
17389
17418
17446
17472
17497
17526
17558
17580
17608
17636
17667
17695
17722
17747
17777
17806
17837
17866
17892
17918
17944
17975
18002
18028
18059
18091
18116
18145
18174
18203
18226
18254
18281
18309
18333
18355
18376
18399
18423
18455
18486
18515
18531
18555
18579
18603
18636
18664
18687
18714
18740
18766
18793
18817
18843
18865
18888
18911
18941
18963
18993
19017
19047
19069
19090
19114
19140
19168
19199
19222
19243
19266
19294
19324
19346
19366
19388
19412
19441
19465
19495
19528
19554
19577
19601
19619
19648
19674
19704
19731
19758
19778
19811
19835
19857
19888
19911
19936
19958
19978
20003
20030
20058
20081
20106
20135
20164
20189
20211
20238
20263
20291
20317
20342
20367
20398
20424
20451
20482
20504
20531
20551
20578
20601
20622
20640
20662
20686
20712
20738
20764
20793
20813
20840
20866
20893
20917
20940
20960
20987
21007
21028
21049
21076
21107
21128
21150
21168
21191
21216
21235
21258
21278
21300
21321
21349
21376
21401
21421
21449
21471
21497
21524
21549
21576
21597
21625
21649
21675
21697
21721
21747
21770
21795
21823
21847
21869
21895
21922
21947
21970
22002
22029
22060
22078
22099
22123
22147
22174
22193
22218
22241
22264
22281
22301
22330
22360
22387
22409
22440
22463
22489
22509
22536
22557
22584
22615
22632
22656
22685
22707
22733
22760
22783
22808
22825
22847
22871
22896
22919
22940
22969
22990
23016
23043
23068
23097
23119
23142
23171
23192
23220
23247
23272
23295
23317
23340
23365
23385
23411
23433
23456
23482
23499
23519
23541
23569
23597
23617
23641
23667
23690
23711
23738
23767
23788
23815
23841
23867
23896
23919
23943
23970
23996
24025
24044
24069
24092
24115
24140
24162
24185
24205
24232
24263
24281
24301
24333
24358
24380
24402
24434
24457
24482
24508
24533
24556
24577
24600
24628
24649
24672
24706
24724
24745
24769
24789
24821
24843
24869
24892
24918
24943
24964
24990
25017
25040
25059
25084
25107
25131
25156
25184
25204
25226
25243
25267
25292
25316
25336
25357
25381
25404
25424
25450
25473
25494
25510
25537
25559
25577
25601
25622
25650
25680
25709
25726
25745
25764
25783
25800
25823
25850
25876
25901
25927
25952
25975
25993
26019
26043
26073
26097
26118
26143
26167
26193
26214
26239
26262
26283
26308
26342
26362
26389
26405
26428
26453
26479
26499
26521
26544
26564
26595
26618
26640
26668
26688
26709
26731
26758
26777
26795
26821
26848
26864
26886
26908
26933
26953
26979
27001
27030
27054
27078
27103
27128
27148
27172
27194
27218
27240
27260
27278
27302
27331
27358
27381
27408
27433
27459
27480
27499
27522
27539
27562
27587
27609
27637
27662
27685
27703
27725
27748
27771
27789
27817
27838
27858
27883
27901
27926
27948
27972
27994
28024
28044
28072
28092
28115
28137
28158
28182
28210
28233
28261
28279
28304
28333
28354
28380
28401
28423
28449
28469
28491
28514
28536
28557
28582
28603
28626
28646
28671
28695
28712
28733
28754
28774
28797
28813
28838
28859
28883
28904
28922
28938
28957
28979
28999
29017
29041
29066
29086
29107
29131
29148
29169
29188
29207
29228
29253
29273
29297
29318
29339
29359
29381
29399
29423
29445
29469
29490
29511
29533
29552
29570
29593
29617
29636
29658
29682
29703
29723
29743
29764
29786
29807
29829
29854
29876
29897
29918
29938
29959
29977
30000
30019
30043
30062
30085
30106
30126
30144
30163
30179
30200
30224
30240
30259
30278
30297
30318
30334
30355
30378
30402
30425
30447
30469
30493
30513
30537
30556
30574
30593
30614
30636
30656
30676
30695
30721
30744
30761
30783
30802
30827
30845
30867
30885
30904
30925
30949
30970
30989
31009
31030
31051
31071
31094
31114
31136
31157
31182
31205
31223
31243
31262
31282
31299
31321
31339
31357
31378
31402
31419
31439
31459
31479
31498
31518
31540
31557
31574
31592
31611
31629
31649
31669
31688
31712
31728
31749
31769
31793
31811
31829
31847
31868
31891
31913
31931
31951
31968
31986
32011
32028
32050
32068
32086
32104
32126
32147
32172
32189
32207
32225
32244
32265
32288
32306
32329
32349
32367
32389
32408
32428
32449
32469
32492
32509
32535
32554
32574
32594
32613
32633
32653
32674
32695
32711
32733
32756
32774
32795
32814
32831
32852
32872
32893
32911
32932
32950
32968
32990
33010
33027
33043
33063
33083
33103
33122
33144
33161
33177
33198
33216
33235
33254
33271
33287
33306
33328
33346
33371
33391
33407
33427
33444
33465
33483
33506
33524
33543
33561
33583
33605
33627
33645
33667
33687
33705
33722
33742
33760
33777
33795
33815
33835
33850
33871
33895
33915
33934
33951
33973
33994
34014
34036
34058
34078
34101
34119
34135
34154
34172
34189
34209
34230
34247
34266
34287
34302
34322
34342
34364
34381
34398
34417
34439
34457
34478
34498
34521
34539
34557
34582
34603
34621
34639
34660
34675
34698
34720
34736
34755
34776
34795
34815
34832
34849
34867
34884
34902
34921
34939
34954
34973
34992
35012
35037
35058
35075
35102
35120
35137
35160
35182
35200
35219
35235
35255
35272
35293
35308
35326
35342
35360
35380
35397
35415
35433
35456
35474
35498
35519
35541
35558
35580
35599
35615
35636
35652
35670
35689
35711
35730
35750
35770
35788
35811
35830
35849
35865
35885
35904
35924
35943
35963
35981
35999
36016
36034
36055
36074
36093
36113
36132
36149
36172
36188
36205
36224
36242
36260
36282
36304
36324
36347
36371
36393
36410
36428
36444
36460
36481
36498
36517
36534
36553
36572
36592
36614
36634
36651
36669
36688
36704
36720
36736
36758
36774
36793
36808
36833
36852
36872
36888
36908
36926
36946
36961
36977
36996
37015
37033
37053
37070
37089
37104
37122
37143
37163
37181
37202
37221
37240
37258
37282
37299
37318
37337
37358
37379
37398
37417
37439
37463
37481
37500
37517
37533
37551
37566
37586
37604
37623
37642
37659
37679
37697
37716
37731
37751
37773
37789
37811
37829
37848
37866
37889
37905
37923
37942
37959
37978
37997
38014
38036
38053
38068
38088
38109
38129
38145
38165
38185
38207
38224
38239
38259
38281
38299
38316
38334
38352
38369
38385
38403
38424
38443
38462
38481
38499
38516
38535
38555
38572
38589
38610
38627
38643
38659
38676
38699
38716
38737
38759
38785
38804
38824
38841
38859
38877
38895
38919
38937
38957
38978
38995
39015
39031
39048
39066
39082
39103
39124
39141
39162
39181
39201
39220
39236
39252
39272
39290
39309
39326
39342
39358
39376
39393
39409
39426
39442
39463
39478
39496
39515
39538
39561
39577
39596
39616
39633
39650
39670
39689
39704
39720
39735
39751
39770
39790
39808
39826
39842
39861
39878
39897
39914
39930
39949
39964
39983
40000
40020
40039
40056
40073
40089
40105
40121
40141
40161
40178
40196
40212
40234
40251
40267
40286
40304
40319
40336
40352
40372
40389
40411
40430
40449
40468
40494
40513
40529
40546
40566
40584
40600
40617
40637
40653
40670
40688
40706
40723
40742
40761
40779
40800
40818
40838
40854
40873
40889
40908
40927
40946
40961
40977
40993
41010
41028
41046
41062
41079
41096
41111
41128
41147
41162
41180
41197
41214
41230
41245
41262
41280
41296
41313
41332
41350
41367
41384
41399
41416
41433
41450
41465
41483
41502
41523
41538
41558
41578
41598
41615
41631
41648
41665
41681
41699
41717
41735
41754
41770
41786
41810
41829
41845
41861
41877
41893
41911
41929
41946
41961
41982
41998
42013
42031
42050
42066
42086
42104
42122
42139
42158
42175
42191
42210
42225
42242
42261
42276
42293
42312
42327
42344
42361
42377
42394
42411
42428
42448
42464
42480
42497
42514
42532
42547
42564
42580
42602
42618
42633
42652
42672
42692
42708
42723
42740
42764
42783
42800
42816
42832
42849
42866
42883
42899
42914
42933
42950
42967
42982
42998
43015
43033
43049
43065
43084
43100
43116
43134
43149
43165
43186
43201
43217
43233
43251
43266
43283
43307
43324
43340
43359
43376
43393
43412
43430
43447
43463
43480
43497
43513
43529
43545
43563
43578
43593
43610
43628
43648
43668
43684
43701
43717
43733
43750
43767
43785
43803
43820
43836
43852
43868
43884
43903
43919
43936
43954
43971
43988
44003
44018
44035
44051
44067
44083
44099
44115
44132
44147
44165
44180
44198
44216
44238
44255
44271
44287
44306
44327
44345
44364
44379
44396
44412
44432
44448
44465
44480
44498
44516
44534
44551
44568
44584
44602
44619
44635
44651
44666
44683
44699
44714
44732
44749
44766
44786
44801
44818
44833
44849
44866
44884
44900
44921
44938
44958
44973
44990
45006
45028
45043
45061
45077
45094
45111
45130
45148
45167
45183
45199
45217
45232
45248
45264
45281
45298
45315
45332
45350
45367
45383
45399
45417
45433
45450
45466
45481
45499
45516
45535
45551
45568
45583
45604
45621
45642
45658
45674
45692
45711
45728
45743
45761
45777
45793
45812
45830
45846
45862
45879
45894
45912
45928
45945
45965
45982
45997
46014
46029
46046
46061
46078
46094
46109
46127
46144
46159
46175
46193
46211
46229
46246
46266
46286
46303
46320
46339
46356
46373
46389
46404
46420
46435
46452
46471
46487
46502
46521
46541
46558
46576
46592
46608
46625
46645
46661
46676
46692
46707
46722
46737
46752
46767
46786
46802
46817
46833
46849
46866
46881
46897
46916
46936
46952
46969
46987
47003
47021
47037
47054
47073
47091
47108
47124
47139
47155
47170
47185
47201
47219
47238
47254
47271
47289
47306
47323
47340
47357
47373
47391
47408
47423
47440
47456
47472
47488
47507
47525
47541
47557
47575
47593
47608
47624
47640
47655
47672
47687
47702
47718
47735
47752
47772
47787
47803
47822
47838
47855
47872
47888
47903
47919
47935
47951
47968
47985
48003
48019
48036
48053
48071
48087
48102
48117
48133
48150
48171
48186
48205
48221
48237
48257
48274
48290
48306
48323
48339
48357
48373
48389
48406
48423
48441
48458
48473
48489
48508
48523
48541
48557
48572
48587
48605
48623
48642
48657
48674
48690
48707
48724
48740
48757
48776
48792
48808
48824
48841
48857
48874
48893
48909
48925
48941
48959
48978
48993
49008
49026
49042
49058
49073
49088
49105
49121
49136
49153
49170
49190
49207
49222
49237
49252
49271
49286
49304
49323
49340
49357
49372
49388
49406
49421
49436
49456
49473
49489
49509
49527
49544
49559
49581
49598
49613
49629
49648
49666
49682
49697
49714
49735
49751
49767
49783
49802
49818
49834
49851
49868
49884
49900
49917
49933
49951
49968
49985
50000
50015
50031
50048
50064
50079
50094
50112
50127
50143
50160
50179
50195
50211
50226
50241
50261
50278
50297
50313
50328
50344
50360
50378
50396
50414
50431
50447
50463
50481
50497
50513
50530
50545
50562
50578
50595
50612
50631
50649
50664
50682
50700
50716
50732
50748
50763
50783
50800
50817
50833
50850
50866
50883
50899
50916
50931
50948
50966
50982
50998
51017
51035
51051
51068
51084
51102
51119
51135
51154
51170
51186
51201
51217
51235
51250
51266
51281
51297
51313
51328
51346
51362
51378
51395
51411
51426
51446
51462
51477
51493
51508
51524
51539
51554
51570
51585
51600
51615
51631
51647
51662
51677
51692
51711
51727
51744
51760
51775
51792
51807
51822
51838
51853
51868
51885
51900
51916
51931
51947
51963
51978
51994
52009
52027
52042
52061
52077
52093
52110
52126
52144
52160
52176
52191
52207
52223
52239
52254
52271
52288
52303
52319
52336
52352
52368
52384
52401
52417
52433
52449
52464
52481
52496
52512
52529
52548
52565
52580
52595
52610
52626
52642
52661
52676
52692
52710
52729
52744
52760
52775
52790
52806
52822
52837
52854
52873
52890
52905
52922
52937
52952
52967
52983
52998
53014
53030
53046
53061
53077
53093
53109
53125
53142
53160
53179
53195
53210
53227
53243
53261
53277
53293
53310
53325
53340
53355
53371
53388
53403
53418
53435
53450
53466
53482
53498
53515
53530
53548
53563
53578
53594
53612
53627
53642
53659
53675
53691
53707
53722
53737
53753
53768
53785
53800
53816
53833
53850
53866
53882
53897
53913
53928
53943
53958
53973
53988
54004
54020
54035
54050
54065
54080
54095
54110
54125
54143
54158
54173
54188
54204
54220
54235
54250
54265
54282
54298
54314
54329
54346
54363
54379
54396
54412
54427
54443
54459
54475
54490
54508
54525
54542
54557
54572
54588
54605
54620
54636
54652
54667
54682
54702
54717
54732
54747
54762
54779
54798
54815
54830
54845
54862
54879
54894
54909
54927
54943
54959
54974
54991
55006
55022
55039
55055
55071
55088
55106
55121
55138
55154
55171
55190
55206
55221
55236
55252
55269
55284
55299
55315
55331
55348
55363
55380
55396
55411
55428
55444
55460
55476
55491
55507
55522
55540
55557
55573
55589
55605
55623
55638
55655
55670
55687
55703
55718
55733
55751
55766
55782
55799
55814
55829
55847
55863
55878
55893
55909
55926
55943
55958
55973
55988
56003
56022
56038
56053
56071
56087
56104
56120
56135
56152
56169
56186
56201
56219
56234
56251
56266
56283
56300
56315
56331
56347
56362
56378
56393
56409
56425
56442
56457
56473
56489
56505
56520
56538
56553
56570
56585
56600
56617
56632
56647
56663
56680
56695
56710
56726
56742
56758
56773
56788
56803
56819
56835
56851
56866
56885
56902
56917
56934
56950
56965
56980
56995
57012
57027
57043
57060
57077
57093
57108
57124
57139
57154
57169
57185
57204
57219
57235
57250
57265
57282
57297
57312
57328
57344
57360
57377
57392
57408
57424
57439
57455
57470
57486
57502
57517
57532
57549
57564
57581
57596
57611
57626
57642
57657
57673
57690
57707
57724
57739
57754
57769
57784
57800
57817
57832
57847
57863
57879
57896
57911
57926
57941
57956
57974
57990
58007
58022
58037
58053
58070
58086
58103
58118
58133
58148
58163
58178
58193
58209
58226
58241
58256
58273
58288
58303
58318
58334
58349
58364
58380
58396
58413
58430
58446
58462
58477
58492
58508
58523
58538
58555
58570
58585
58600
58615
58631
58647
58664
58680
58697
58712
58728
58744
58759
58776
58791
58806
58821
58837
58854
58871
58886
58901
58918
58935
58950
58966
58982
58998
59014
59029
59046
59063
59079
59095
59110
59126
59141
59158
59174
59189
59205
59220
59236
59251
59266
59281
59296
59311
59326
59341
59358
59374
59390
59407
59425
59441
59457
59474
59490
59505
59523
59539
59554
59570
59587
59603
59619
59634
59649
59664
59679
59695
59711
59728
59744
59760
59776
59791
59806
59821
59836
59852
59868
59883
59898
59915
59931
59948
59964
59979
59994
60010
60026
60041
60057
60072
60089
60105
60122
60137
60155
60170
60185
60201
60216
60232
60248
60264
60281
60298
60313
60328
60344
60360
60375
60390
60407
60423
60439
60454
60470
60485
60502
60519
60534
60549
60564
60581
60597
60612
60627
60643
60658
60673
60688
60703
60720
60735
60750
60765
60782
60798
60814
60830
60846
60861
60878
60894
60909
60926
60942
60959
60974
60990
61008
61025
61040
61055
61072
61088
61104
61119
61134
61150
61167
61183
61200
61216
61233
61248
61263
61278
61293
61308
61323
61338
61353
61369
61384
61399
61415
61431
