0.018305790610611432
0.12499985098838803
0.12499983608722684
0.4267762005329131
0.07322317920625208
0.24999976158142084
0.21338818967342374
0.21338801350003253
0.036611564457416534
0.12499985098838803
0.23169372975826258
0.0366116166114807
0.03661160916090011
0.24999976158142084
0.12499989196658132
0.06249990314245221
0.18213805183768267
0.24999967217445368
0.07322323322296141
0.12499986588954923
0.12499987334012984
0.18749976158142087
0.21338808536529538
0.124999925494194
0.364275962114334
0.0
0.12499988824129103
0.1874998194836067
0.12499985843896864
0.1874997019767761
0.24999954875083882
0.2499997094273567
0.18749967031180856
0.01830579712986946
0.036611603572964654
0.062499910047476674
