0.0
0.9999999403953551
0.0
0.4999999403953551
0.12499998509883878
0.0
0.4999999403953551
0.1249999776482582
0.12499998509883878
0.12499998509883878
0.0624999888241291
0.0
0.06249999254941939
0.06249999254941939
0.06249999254941939
0.12499998509883878
0.12499998509883878
0.06249999254941939
0.24999997019767756
0.4999999403953551
0.06249999254941939
0.06249999254941939
0.2499999552965164
0.12499998509883878
0.0
0.0
0.12499998509883878
0.12499998509883878
0.24999997019767756
0.12499998509883878
0.12499998509883878
0.4999999105930328
0.24999997019767756
0.12499998509883878
0.062499977648258195
0.0
0.12499998509883878
0.12499998509883878
