15
30
45
60
75
90
105
110
125
140
155
170
178
193
208
223
238
253
264
269
284
299
314
330
335
350
356
369
378
393
408
424
432
441
453
468
483
498
513
524
539
554
569
584
599
614
629
644
653
668
683
698
713
719
734
744
752
767
782
797
812
824
827
842
857
872
880
895
910
925
932
948
963
978
982
988
1003
1018
1033
1048
1063
1078
1088
1103
1118
1126
1141
1145
1149
1153
1168
1183
1198
1213
1225
1240
1255
1264
1266
1281
1296
1311
1326
1328
1343
1358
1373
1388
1403
1413
1428
1432
1441
1452
1465
1480
1486
1501
1509
1520
1535
1537
1552
1555
1565
1580
1594
1609
1624
1628
1643
1658
1663
1678
1693
1708
1723
1738
1753
1768
1775
1783
1798
1813
1828
1841
1856
1871
1886
1901
1916
1923
1935
1950
1959
1974
1983
1985
1995
1998
2013
2028
2043
2045
2060
2075
2090
2099
2114
2116
2131
2145
2160
2168
2177
2183
2197
2212
2227
2232
2247
2262
2275
2287
2303
2318
2333
2346
2349
2364
2374
2389
2404
2419
2434
2449
2464
2476
2491
2495
2498
2513
2528
2543
2558
2570
2585
2600
2615
2620
2625
2640
2655
2670
2685
2700
2715
2729
2744
2759
2774
2789
2804
2819
2834
2849
2863
2866
2881
2896
2911
2926
2941
2956
2971
2986
3002
3013
3017
3025
3034
3049
3058
3065
3080
3095
3110
3113
3125
3137
3140
3155
3170
3185
3199
3215
3230
3245
3260
3275
3290
3305
3309
3325
3335
3337
3340
3355
3367
3382
3397
3412
3415
3430
3445
3460
3475
3490
3505
3520
3535
3550
3565
3568
3583
3586
3601
3616
3624
3639
3654
3665
3680
3695
3704
3709
3724
3739
3754
3769
3771
3785
3800
3802
3813
3825
3839
3841
3856
3871
3885
3900
3904
3918
3933
3948
3960
3975
3990
4005
4018
4033
4048
4063
4069
4084
4093
4108
4123
4136
4151
4160
4175
4190
4205
4219
4224
4239
4254
4269
4284
4299
4303
4310
4325
4340
4355
4360
4375
4383
4390
4401
4405
4420
4435
4450
4465
4470
4485
4500
4511
4526
4530
4532
4542
4551
4566
4568
4577
4579
4594
4606
4611
4626
4641
4656
4671
4675
4678
4683
4688
4692
4707
4722
4737
4739
4754
4764
4771
4779
4794
4796
4811
4826
4841
4845
4860
4875
4880
4895
4905
4909
4921
4936
4948
4953
4969
4984
4999
5014
5029
5041
5045
5060
5075
5078
5093
5108
5123
5127
5142
5154
5160
5175
5190
5193
5208
5211
5217
5228
5242
5244
5259
5274
5277
5283
5298
5313
5328
5343
5358
5362
5377
5392
5407
5415
5430
5445
5458
5462
5477
5484
5487
5492
5507
5515
5524
5535
5550
5554
5564
5566
5575
5590
5605
5616
5623
5638
5649
5664
5679
5681
5696
5711
5726
5741
5749
5759
5774
5789
5804
5812
5819
5824
5839
5845
5854
5863
5866
5881
5896
5911
5915
5930
5934
5936
5945
5960
5963
5968
5978
5993
6008
6021
6036
6045
6054
6069
6084
6092
6107
6119
6122
6137
6148
6163
6166
6181
6193
6208
6211
6218
6233
6236
6241
6249
6257
6272
6287
6298
6313
6328
6337
6344
6359
6373
6377
6384
6399
6414
6429
6444
6459
6470
6479
6487
6495
6509
6521
6534
6541
6556
6571
6587
6602
6607
6618
6633
6638
6653
6664
6679
6686
6701
6705
6717
6727
6740
6755
6770
6772
6787
6795
6810
6816
6831
6846
6861
6876
6892
6907
6917
6932
6940
6955
6959
6974
6989
7005
7009
7014
7029
7037
7047
7062
7072
7087
7095
7110
7114
7122
7128
7132
7147
7150
7161
7176
7187
7201
7216
7231
7246
7253
7268
7281
7284
7299
7303
7305
7320
7325
7328
7343
7349
7353
7355
7365
7375
7383
7386
7401
7409
7413
7417
7419
7426
7434
7449
7453
7458
7461
7476
7487
7492
7499
7514
7520
7532
7547
7549
7552
7567
7577
7592
7597
7612
7616
7621
7633
7637
7639
7654
7660
7675
7682
7695
7704
7719
7730
7732
7734
7736
7741
7748
7760
7772
7778
7790
7805
7820
7829
7831
7845
7860
7875
7884
7899
7907
7922
7928
7943
7951
7966
7977
7984
7987
7990
7992
8007
8013
8016
8031
8034
8037
8052
8067
8077
8092
8095
8098
8103
8118
8123
8138
8143
8158
8173
8181
8185
8189
8200
8203
8207
8214
8229
8235
8250
8259
8263
8278
8293
8299
8313
8320
8328
8343
8345
8347
8349
8352
8360
8364
8374
8389
8402
8404
8419
8430
8437
8454
8463
8469
8472
8485
8500
8509
8513
8515
8520
8535
8540
8555
8560
8567
8575
8590
8597
8601
8603
8609
8611
8615
8630
8633
8638
8645
8657
8661
8664
8666
8673
8688
8701
8705
8718
8726
8730
8736
8744
8756
8768
8774
8776
8783
8786
8791
8804
8813
8822
8830
8832
8840
8855
8862
8877
8879
8886
8891
8899
8912
8920
8935
8951
8964
8971
8984
8987
8991
9007
9010
9020
9035
9050
9065
9069
9076
9083
9090
9094
9102
9110
9117
9126
9141
9153
9168
9183
9188
9197
9207
9214
9217
9225
9227
9232
9235
9250
9258
9273
9283
9290
9295
9297
9312
9327
9340
9348
9360
9365
9369
9382
9394
9400
9410
9421
9423
9426
9441
9443
9446
9455
9458
9468
9484
9486
9488
9490
9492
9500
9504
9508
9521
9526
9528
9541
9552
9556
9571
9577
9592
9597
9608
9624
9630
9632
9642
9648
9650
9658
9663
9665
9672
9676
9685
9689
9696
9699
9702
9704
9714
9717
9719
9734
9741
9756
9759
9768
9777
9783
9798
9813
9820
9828
9834
9840
9842
9856
9864
9869
9879
9881
9887
9896
9901
9906
9910
9916
9921
9923
9927
9935
9937
9941
9956
9964
9967
9982
9988
9998
10009
10016
10021
10035
10050
10058
10070
10084
10088
10103
10105
10111
10116
10120
10132
10137
10139
10142
10144
10147
10158
10165
10167
10170
10180
10184
10190
10195
10197
10209
10213
10218
10233
10238
10243
10245
10254
10258
10260
10264
10270
10272
10276
10282
10287
10296
10299
10307
10317
10320
10324
10335
10338
10344
10353
10355
10368
10371
10376
10380
10382
10388
10397
10408
10414
10424
10431
10434
10442
10446
10453
10456
10463
10467
10470
10475
10477
10482
10491
10493
10496
10498
10504
10507
10509
10512
10514
10521
10523
10530
10534
10550
10554
10559
10561
10563
10566
10570
10582
10586
10588
10591
10596
10601
10604
10606
10610
10617
10620
10630
10639
10642
10647
10657
10661
10670
10672
10676
10678
10684
10686
10693
10708
10711
10714
10716
10721
10724
10727
10739
10747
10752
10757
10766
10770
10775
10786
10791
10798
10803
10807
10809
10819
10822
10825
10828
10838
10841
10848
10852
10856
10864
10867
10877
10882
10890
10893
10908
10913
10915
10922
10924
10930
10934
10943
10950
10953
10959
10962
10966
10971
10979
10992
10997
11003
11019
11023
11026
11029
11037
11042
11047
11049
11051
11056
11064
11066
11068
11071
11080
11088
11090
11096
11103
11115
11125
11127
11130
11135
11140
11143
11149
11158
11161
11170
11186
11188
11194
11199
11203
11208
11212
11219
11226
11230
11232
11237
11240
11243
11245
11254
11256
11258
11262
11267
11275
11280
11285
11290
11295
11302
11306
11319
11322
11327
11332
11335
11338
11348
11354
11369
11377
11382
11387
11397
11410
11414
11417
11425
11429
11436
11440
11446
11449
11454
11459
11471
11476
11479
11483
11492
11500
11510
11517
11529
11531
11537
11539
11543
11557
11562
11570
11577
11586
11592
11596
11601
11606
11609
11618
11627
11633
11635
11642
11652
11656
11660
11664
11666
11670
11679
11682
11690
11693
11705
11709
11715
11723
11728
11730
11737
11741
11743
11745
11749
11756
11761
11775
11778
11782
11790
11794
11796
11798
11801
11805
11810
11813
11815
11822
11831
11837
11839
11841
11848
11856
11862
11869
11880
11885
11890
11899
11901
11910
11914
11917
11924
11928
11933
11935
11937
11943
11945
11951
11959
11964
11966
11970
11974
11988
11990
11993
11996
12001
12008
12010
12016
12021
12029
12031
12039
12049
12052
12055
12058
12061
12067
12069
12075
12080
12084
12087
12090
12092
12107
12111
12116
12118
12123
12137
12152
12159
12168
12173
12176
12192
12195
12198
12202
12205
12218
12225
12240
12254
12258
12262
12267
12270
12281
12286
12289
12293
12297
12300
12302
12306
12312
12321
12324
12328
12333
12338
12344
12347
12351
12362
12364
12366
12372
12375
12384
12386
12390
12393
12396
12402
12404
12407
12410
12413
12427
12431
12433
12436
12439
12442
12449
12451
12454
12458
12469
12471
12473
12476
12482
12488
12492
12498
12505
12507
12511
12516
12528
12531
12536
12539
12542
12549
12551
12555
12557
12560
12568
12571
12576
12581
12583
12588
12592
12596
12599
12605
12609
12615
12617
12619
12624
12626
12630
12634
12645
12649
12652
12658
12662
12664
12666
12677
12681
12683
12685
12690
12693
12700
12709
12712
12715
12718
12722
12728
12730
12734
12739
12744
12747
12749
12752
12756
12760
12766
12771
12778
12781
12785
12787
12795
12801
12812
12814
12816
12818
12821
12829
12833
12835
12837
12841
12845
12848
12857
12864
12868
12870
12885
12887
12898
12902
12905
12908
12915
12922
12930
12932
12935
12937
12940
12947
12949
12954
12960
12964
12968
12974
12977
12981
12987
12991
12995
13000
13007
13011
13018
13020
13025
13028
13030
13035
13039
13042
13049
13054
13064
13070
13072
13074
13080
13083
13086
13088
13090
13095
13099
13112
13118
13125
13129
13134
13139
13142
13148
13155
13161
13168
13172
13180
13186
13189
13194
13197
13199
13205
13207
13213
13215
13222
13224
13226
13230
13233
13245
13254
13259
13261
13264
13268
13272
13277
13279
13281
13284
13286
13297
13300
13303
13307
13313
13315
13318
13323
13326
13336
13338
13343
13353
13364
13370
13373
13376
13379
13382
13384
13391
13395
13398
13404
13406
13412
13417
13421
13424
13428
13432
13434
13439
13441
13444
13450
13452
13456
13460
13463
13466
13470
13477
13481
13488
13491
13493
13496
13500
13502
13508
13510
13517
13520
13523
13525
13532
13538
13544
13550
13553
13556
13560
13564
13570
13573
13580
13583
13587
13593
13595
13598
13602
13610
13617
13621
13624
13626
13629
13638
13640
13643
13647
13653
13660
13666
13673
13678
13687
13692
13694
13698
13705
13710
13716
13718
13721
13726
13730
13732
13737
13742
13746
13749
13752
13757
13766
13769
13775
13777
13789
13797
13802
13805
13808
13811
13822
13831
13838
13853
13856
13860
13863
13867
13869
13876
13878
13880
13886
13897
13902
13908
13913
13915
13919
13924
13928
13934
13940
13950
13953
13957
13961
13963
13966
13968
13972
13976
13978
13988
13997
14000
14009
14011
14014
14016
14018
14022
14029
14032
14039
14041
14047
14050
14054
14061
14063
14067
14069
14076
14078
14081
14095
14099
14106
14110
14112
14116
14124
14129
14134
14138
14145
14149
14154
14156
14159
14161
14164
14171
14173
14175
14177
14179
14182
14184
14186
14192
14197
14200
14206
14209
14213
14217
14225
14228
14234
14238
14246
14251
14265
14267
14277
14282
14284
14287
14292
14295
14297
14303
14312
14315
14322
14326
14333
14335
14338
14340
14343
14346
14348
14350
14352
14356
14363
14365
14371
14374
14377
14384
14388
14392
14396
14400
14402
14404
14406
14413
14417
14421
14427
14429
14431
14434
14436
14442
14446
14448
14460
14472
14479
14485
14487
14491
14496
14502
14506
14508
14510
14515
14519
14523
14525
14527
14532
14536
14543
14545
14548
14550
14552
14554
14557
14562
14567
14572
14578
14582
14589
14593
14596
14599
14601
14606
14608
14611
14613
14615
14625
14628
14630
14633
14636
14638
14644
14646
14650
14653
14657
14660
14663
14666
14671
14673
14675
14680
14682
14685
14687
14693
14698
14702
14705
14708
14711
14717
14719
14725
14727
14731
14734
14736
14740
14742
14746
14749
14755
14759
14761
14764
14766
14770
14775
14781
14785
14787
14793
14797
14799
14801
14805
14814
14816
14818
14821
14826
14829
14832
14834
14836
14839
14842
14845
14849
14854
14857
14863
14865
14878
14880
14888
14897
14901
14906
14912
14917
14922
14928
14930
14933
14938
14941
14943
14947
14951
14954
14960
14962
14964
14967
14970
14973
14976
14979
14982
14985
14989
14992
14996
15000
15002
15006
15008
15013
15016
15023
15030
15032
15045
15048
15052
15056
15060
15065
15069
15072
15077
15082
15090
15092
15094
15098
15108
15110
15114
15118
15124
15131
15133
15146
15151
15156
15158
15160
15162
15166
15169
15171
15175
15179
15182
15184
15189
15192
15198
15200
15202
15205
15216
15220
15227
15231
15234
15238
15242
15246
15248
15250
15255
15260
15264
15269
15272
15277
15285
15288
15295
15297
15303
15306
15312
15315
15318
15324
15327
15331
15333
15335
15339
15342
15346
15352
15357
15360
15365
15368
15376
15378
15380
15384
15386
15391
15393
15395
15403
15407
15411
15414
15416
15419
15422
15424
15427
15433
15436
15438
15441
15448
15450
15453
15457
15468
15471
15473
15477
15480
15482
15485
15488
15494
15497
15501
15503
15505
15510
15512
15515
15521
15523
15525
15528
15532
15535
15538
15542
15544
15549
15552
15556
15558
15562
15565
15567
15572
15580
15583
15586
15592
15596
15601
15605
15611
15617
15624
15628
15633
15635
15637
15641
15644
15653
15657
15661
15663
15665
15667
15673
15675
15682
15687
15698
15707
15709
15712
15714
15723
15734
15739
15741
15745
15748
15751
15759
15764
15769
15772
15778
15781
15787
15796
15802
15806
15810
15816
15819
15821
15824
15833
15835
15841
15847
15849
15854
15857
15859
15864
15867
15869
15871
15873
15876
15879
15883
15886
15889
15893
15896
15904
15909
15912
15916
15921
15923
15927
15929
15938
15940
15942
15949
15951
15955
15959
15963
15970
15972
15974
15982
15987
15989
15992
15994
15999
16005
16011
16015
16023
16029
16031
16038
16040
16042
16045
16049
16052
16056
16058
16060
16064
16068
16073
16075
16077
16083
16085
16088
16094
16101
16112
16116
16119
16122
16126
16132
16134
16136
16142
16147
16150
16156
16158
16160
16163
16170
16172
16185
16187
16189
16191
16194
16200
16208
16212
16216
16221
16226
16242
16248
16254
16267
16272
16277
16282
16284
16287
16289
16294
16296
16303
16306
16308
16310
16318
16320
16322
16326
16330
16336
16340
16344
16346
16348
16354
16361
16368
16373
16375
16381
16386
16392
16401
16405
16408
16410
16414
16419
16421
16427
16430
16435
16437
16439
16445
16455
16457
16464
16467
16469
16472
16474
16483
16486
16496
16499
16503
16505
16508
16513
16520
16522
16524
16530
16532
16536
16538
16542
16544
16546
16548
16550
16557
16560
16565
16570
16572
16576
16578
16580
16585
16587
16591
16593
16599
16604
16609
16613
16617
16620
16624
16629
16633
16640
16643
16647
16650
16655
16658
16662
16667
16674
16679
16682
16685
16688
16690
16696
16699
16701
16705
16707
16710
16714
16716
16723
16732
16735
16738
16741
16746
16750
16753
16756
16766
16768
16771
16774
16777
16781
16787
16791
16796
16801
16804
16809
16818
16822
16825
16828
16830
16834
16841
16846
16849
16854
16858
16861
16869
16875
16878
16880
16883
16886
16891
16898
16907
16915
16921
16923
16925
16927
16930
16936
16941
16952
16956
16961
16968
16975
16979
16983
16989
16992
16996
16999
17006
17008
17010
17013
17017
17021
17027
17029
17034
17036
17042
17044
17048
17051
17053
17056
17059
17063
17068
17073
17081
17083
17087
17090
17092
17097
17105
17108
17115
17118
17123
17128
17132
17138
17141
17145
17147
17149
17154
17156
17159
17162
17164
17169
17179
17182
17186
17189
17194
17201
17203
17206
17208
17211
17215
17218
17221
17225
17228
17231
17233
17236
17240
17244
17248
17250
17252
17257
17261
17272
17275
17281
17286
17288
17292
17295
17297
17304
17311
17314
17316
17319
17322
17326
17333
17335
17337
17339
17345
17350
17353
17355
17358
17364
17368
17371
17375
17382
17384
17387
17389
17395
17398
17400
17402
17404
17406
17413
17417
17422
17426
17431
17446
17449
17455
17460
17469
17471
17474
17481
17483
17487
17489
17491
17494
17498
17500
17508
17510
17515
17517
17521
17525
17527
17529
17533
17536
17539
17541
17547
17551
17556
17558
17561
17566
17569
17572
17575
17577
17582
17586
17589
17593
17595
17597
17599
17601
17606
17617
17624
17626
17636
17638
17643
17649
17653
17658
17664
17667
17669
17677
17679
17682
17685
17687
17690
17695
17702
17705
17708
17711
17713
17715
17721
17726
17728
17730
17732
17734
17738
17744
17753
17760
17762
17766
17773
17779
17781
17784
17786
17791
17795
17802
17808
17812
17816
17820
17828
17830
17835
17838
17844
17848
17851
17858
17861
17865
17867
17869
17872
17876
17882
17888
17891
17893
17899
17903
17905
17907
17911
17915
17919
17922
17924
17929
17933
17939
17941
17946
17950
17955
17959
17961
17964
17967
17970
17975
17978
17981
17984
17987
17991
17997
18006
18008
18011
18014
18020
18024
18028
18032
18037
18042
18046
18049
18053
18058
18065
18070
18073
18079
18084
18091
18094
18097
18100
18106
18109
18111
18115
18117
18121
18126
18137
18142
18146
18148
18158
18162
18166
18168
18171
18174
18177
18186
18190
18193
18198
18200
18204
18207
18214
18216
18220
18224
18228
18230
18234
18240
18246
18250
18253
18255
18261
18265
18268
18272
18277
18280
18282
18285
18292
18295
18297
18299
18304
18307
18312
18316
18318
18322
18326
18332
18337
18339
18341
18343
18349
18355
18363
18366
18370
18373
18376
18380
18383
18390
18394
18396
18399
18401
18403
18405
18413
18415
18418
18421
18424
18427
18429
18432
18436
18438
18441
18444
18450
18457
18459
18467
18469
18475
18477
18481
18488
18490
18492
18495
18499
18503
18508
18510
18515
18524
18530
18535
18538
18546
18548
18553
18557
18559
18562
18565
18568
18572
18580
18582
18585
18589
18591
18593
18596
18598
18603
18609
18611
18613
18615
18620
18623
18630
18632
18642
18644
18656
18658
18662
18667
18670
18674
18677
18679
18682
18690
18694
18696
18700
18705
18707
18709
18713
18717
18720
18727
18731
18736
18738
18741
18746
18748
18756
18763
18768
18772
18778
18780
18782
18784
18787
18789
18793
18800
18804
18806
18812
18815
18818
18822
18829
18834
18836
18842
18845
18854
18856
18859
18862
18865
18872
18877
18880
18882
18885
18891
18893
18895
18898
18910
18913
18921
18923
18928
18932
18934
18938
18940
18944
18948
18955
18957
18961
18965
18970
18972
18977
18987
18992
18997
18999
19007
19010
19013
19021
19025
19027
19029
19036
19040
19043
19046
19051
19058
19060
19063
19069
19072
19079
19081
19083
19087
19091
19094
19096
19098
19104
19106
19112
19114
19118
19124
19128
19133
19139
19144
19148
19150
19152
19156
19158
19160
19165
19167
19177
19179
19185
19187
19189
19193
19202
19207
19212
19216
19219
19221
19231
19233
19235
19238
19242
19245
19248
19251
19254
19258
19261
19263
19268
19272
19277
19281
19283
19287
19292
19294
19297
19307
19312
19317
19321
19325
19328
19332
19338
19344
19349
19353
19355
19357
19360
19362
19364
19367
19369
19371
19374
19378
19382
19384
19387
19390
19395
19399
19402
19407
19409
19411
19420
19422
19424
19427
19431
19436
19440
19443
19446
19448
19451
19457
19459
19462
19468
19470
19475
19482
19485
19488
19493
19499
19508
19512
19516
19518
19522
19525
19532
19539
19541
19547
19552
19554
19560
19564
19569
19572
19574
19578
19581
19585
19587
19590
19594
19597
19601
19604
19607
19612
19615
19620
19623
19626
19629
19633
19639
19641
19644
19646
19648
19650
19655
19659
19662
19667
19671
19677
19679
19682
19686
19690
19693
19696
19699
19702
19706
19709
19713
19716
19719
19722
19725
19729
19732
19734
19737
19742
19745
19753
19756
19758
19762
19766
19770
19775
19781
19786
19798
19807
19810
19815
19818
19822
19824
19826
19828
19831
19835
19837
19845
19849
19858
19863
19868
19878
19881
19884
19886
19889
19892
19897
19901
19906
19911
19913
19917
19919
19921
19924
19927
19931
19934
19942
19946
19950
19956
19960
19963
19968
19972
19975
19977
19981
19987
19996
20000
20004
20006
20011
20014
20021
20024
20027
20032
20035
20038
20041
20043
20047
20052
20056
20061
20063
20071
20075
20078
20084
20087
20089
20092
20095
20105
20110
20113
20116
20125
20129
20137
20139
20142
20146
20150
20153
20156
20159
20161
20165
20168
20171
20173
20177
20186
20189
20192
20199
20203
20208
20211
20214
20217
20219
20221
20225
20230
20233
20236
20239
20242
20246
20248
20251
20253
20257
20260
20266
20269
20271
20275
20281
20288
20294
20300
20306
20312
20317
20321
20327
20331
20334
20338
20347
20354
20359
20365
20367
20372
20374
20380
20382
20384
20388
20391
20394
20396
20401
20405
20408
20414
20418
20420
20422
20425
20428
20432
20435
20437
20442
20444
20449
20452
20462
20466
20474
20476
20478
20481
20485
20487
20490
20492
20497
20502
20504
20508
20510
20518
20521
20523
20532
20536
20539
20542
20545
20549
20551
20556
20559
20565
20569
20572
20575
20583
20587
20593
20596
20599
20602
20606
20612
20616
20620
20623
20626
20629
20636
20639
20641
20645
20648
20653
20657
20659
20665
20667
20676
20680
20682
20686
20688
20694
20696
20701
20707
20716
20719
20728
20731
20737
20747
20752
20754
20758
20761
20763
20772
20774
20779
20783
20787
20792
20794
20798
20800
20803
20806
20808
20815
20828
20831
20833
20837
20841
20843
20849
20852
20854
20856
20858
20860
20862
20864
20866
20868
20870
20873
20875
20877
20884
20886
20891
20899
20907
20909
20916
20921
20923
20928
20930
20937
20941
20943
20947
20951
20953
20958
20963
20966
20969
20971
20977
20979
20982
20984
20987
20990
21000
21002
21006
21011
21014
21017
21020
21023
21028
21030
21032
21036
21042
21045
21047
21051
21054
21058
21063
21067
21072
21075
21081
21083
21086
21090
21092
21095
21100
21107
21113
21115
21119
21123
21126
21133
21135
21139
21141
21149
21155
21158
21163
21166
21170
21172
21176
21180
21183
21188
21191
21193
21199
21202
21209
21213
21215
21217
21225
21237
21239
21245
21251
21253
21258
21261
21266
21268
21273
21277
21282
21288
21292
21296
21298
21304
21307
21312
21315
21318
21323
21327
21336
21338
21340
21342
21346
21348
21350
21353
21357
21362
21365
21367
21371
21377
21379
21381
21388
21391
21393
21395
21400
21404
21407
21409
21413
21420
21427
21434
21438
21444
21448
21451
21456
21458
21462
21467
21470
21475
21481
21484
21486
21492
21497
21499
21504
21508
21511
21515
21517
21522
21527
21529
21534
21538
21542
21544
21553
21555
21559
21563
21566
21570
21573
21577
21581
21584
21587
21589
21593
21600
21606
21612
21614
21616
21619
21623
21627
21632
21634
21636
21638
21643
21645
21647
21650
21652
21661
21667
21669
21672
21675
21680
21686
21688
21692
21695
21699
21703
21706
21708
21716
21720
21722
21725
21734
21738
21741
21744
21752
21757
21763
21766
21772
21780
21782
21787
21789
21792
21796
21801
21807
21811
21817
21819
21821
21823
21827
21830
21834
21838
21840
21845
21848
21855
21858
21861
21869
21872
21875
21878
21881
21883
21887
21889
21891
21893
21897
21901
21904
21906
21908
21912
21914
21916
21918
21920
21923
21925
21927
21930
21933
21936
21938
21943
21946
21950
21954
21957
21960
21962
21964
21966
21968
21970
21974
21976
21980
21983
21989
21991
21993
21998
22003
22006
22011
22014
22016
22028
22030
22032
22037
22039
22043
22046
22050
22053
22055
22061
22064
22066
22069
22079
22083
22088
22090
22094
22101
22105
22108
22117
22121
22123
22126
22137
22139
22142
22144
22146
22150
22154
22160
22163
22168
22171
22174
22176
22178
22182
22185
22189
22191
22200
22207
22209
22213
22216
22218
22227
22232
22235
22240
22242
22250
22263
22267
22270
22272
22274
22277
22283
22287
22289
22293
22295
22302
22310
22312
22316
22318
22322
22325
22334
22337
22345
22347
22350
22357
22360
22362
22364
22367
22374
22376
22385
22387
22389
22392
22401
22408
22412
22415
22418
22421
22427
22431
22434
22443
22450
22454
22458
22462
22465
22471
22476
22478
22485
22493
22497
22500
22502
22504
22506
22511
22515
22517
22519
22522
22524
22535
22537
22539
22541
22547
22550
22553
22556
22562
22570
22572
22575
22578
22580
22582
22586
22592
22594
22596
22598
22606
22608
22610
22613
22615
22620
22623
22627
22630
22632
22634
22636
22640
22643
22648
22650
22652
22656
22658
22663
22669
22673
22679
22681
22685
22690
22694
22699
22702
22705
22710
22712
22717
22720
22723
22731
22736
22739
22744
22748
22752
22754
22756
22762
22764
22767
22769
22773
22775
22779
22782
22788
22790
22792
22794
22798
22804
22810
22813
22815
22818
22820
22823
22827
22836
22841
22844
22847
22849
22852
22855
22861
22864
22876
22878
22881
22891
22893
22897
22900
22906
22909
22913
22915
22917
22920
22923
22930
22935
22937
22939
22943
22946
22949
22952
22954
22957
22959
22966
22979
22987
22989
22997
23002
23005
23008
23014
23019
23022
23024
23029
23032
23038
23045
23047
23050
23055
23060
23064
23072
23075
23079
23081
23085
23090
23092
23095
23097
23099
23101
23103
23110
23115
23121
23123
23130
23137
23140
23142
23146
23149
23154
23157
23159
23164
23166
23170
23178
23184
23186
23190
23192
23196
23198
23206
23208
23210
23212
23214
23218
23227
23234
23237
23242
23251
23260
23262
23267
23271
23274
23280
23285
23295
23298
23301
23306
23309
23311
23314
23319
23327
23331
23335
23338
23347
23349
23352
23356
23360
23364
23366
23371
23373
23379
23382
23387
23392
23398
23400
23405
23410
23413
23420
23423
23427
23431
23434
23436
23440
23445
23449
23454
23459
23468
23470
23473
23478
23484
23489
23492
23499
23502
23507
23511
23513
23515
23517
23519
23523
23530
23536
23539
23542
23548
23553
23556
23560
23564
23567
23570
23578
23582
23587
23591
23596
23603
23605
23610
23612
23620
23624
23627
23629
23637
23639
23647
23650
23653
23656
23663
23666
23668
23670
23680
23682
23687
23699
23706
23712
23714
23716
23720
23722
23730
23738
23746
23751
23755
23759
23761
23766
23768
23771
23774
23776
23778
23783
23786
23789
23794
23797
23799
23805
23808
23812
23818
23820
23823
23829
23832
23835
23839
23841
23846
23848
23850
23854
23856
23861
23864
23869
23874
23878
23880
23884
23888
23892
23896
23899
23902
23905
23911
23913
23918
23920
23925
23928
23935
23940
23942
23944
23950
23953
23959
23961
23966
23968
23971
23979
23981
23984
23988
23990
23993
23995
24000
24007
24009
24014
24018
24021
24028
24031
24037
24043
24046
24048
24051
24054
24062
24065
24069
24073
24076
24081
24087
24090
24095
24097
24099
24101
24104
24111
24121
24128
24133
24138
24140
24142
24144
24150
24157
24159
24162
24166
24169
24181
24190
24193
24195
24201
24221
24224
24226
24231
24235
24237
24241
24248
24251
24253
24258
24261
24268
24271
24278
24281
24285
24290
24294
24299
24305
24310
24316
24327
24330
24337
24343
24346
24349
24351
24355
24362
24364
24367
24369
24372
24376
24378
24380
24383
24389
24400
24402
24405
24408
24413
24417
24419
24421
24423
24426
24432
24434
24439
24443
24445
24449
24453
24456
24461
24464
24466
24470
24475
24478
24480
24489
24493
24499
24502
24505
24512
24514
24517
24521
24524
24527
24529
24531
24535
24540
24543
24545
24552
24555
24558
24561
24564
24567
24574
24579
24581
24583
24590
24593
24595
24597
24599
24603
24609
24613
24616
24622
24627
24639
24642
24644
24650
24656
24662
24665
24671
24673
24676
24678
24684
24688
24694
24704
24710
24712
24715
24718
24720
24722
24726
24731
24734
24736
24738
24740
24750
24752
24754
24759
24763
24769
24773
24781
24787
24789
24792
24797
24799
24803
24812
24814
24817
24826
24828
24834
24839
24841
24843
24846
24850
24857
24860
24863
24865
24870
24872
24878
24880
24883
24890
24894
24897
24901
24909
24912
24915
24919
24923
24925
24929
24931
24938
24945
24949
24952
24958
24961
24963
24967
24971
24973
24976
24980
24983
24986
24990
24992
24997
25000
25009
25013
25015
25017
25025
25027
25030
25035
25039
25043
25045
25049
25052
25054
25059
25065
25068
25070
25077
25083
25086
25094
25103
25108
25111
25116
25120
25122
25124
25127
25129
25133
25135
25138
25140
25142
25148
25163
25168
25171
25177
25180
25186
25191
25195
25197
25202
25206
25209
25213
25215
25219
25222
25229
25234
25237
25239
25241
25245
25250
25262
25265
25270
25274
25277
25282
25288
25297
25300
25305
25311
25318
25321
25325
25330
25332
25335
25339
25341
25345
25347
25350
25354
25359
25367
25371
25373
25378
25381
25383
25390
25392
25396
25401
25412
25416
25421
25426
25430
25432
25440
25443
25449
25451
25461
25465
25468
25472
25475
25478
25481
25488
25493
25496
25500
25503
25506
25509
25511
25513
25515
25518
25524
25527
25530
25533
25537
25543
25547
25552
25556
25562
25564
25570
25576
25581
25583
25588
25596
25599
25602
25606
25610
25613
25617
25619
25625
25627
25629
25634
25644
25650
25663
25665
25667
25670
25672
25674
25677
25679
25686
25688
25690
25697
25701
25706
25708
25713
25716
25722
25724
25726
25730
25734
25741
25745
25751
25760
25762
25766
25768
25772
25778
25783
25785
25788
25792
25797
25802
25806
25808
25811
25819
25821
25823
25831
25836
25839
25843
25846
25849
25852
25856
25858
25860
25862
25869
25871
25875
25877
25880
25883
25886
25893
25895
25903
25905
25907
25912
25916
25920
25925
25928
25935
25939
25944
25946
25949
25954
25956
25961
25963
25965
25967
25973
25980
25983
25987
25990
25992
26000
26003
26008
26013
26018
26020
26022
26025
26027
26029
26033
26035
26038
26042
26045
26049
26054
26059
26061
26063
26067
26074
26076
26082
26084
26086
26092
26095
26099
26102
26108
26111
26114
26118
26120
26126
26131
26134
26136
26140
26143
26146
26148
26151
26157
26159
26161
26167
26170
26176
26178
26182
26185
26192
26194
26200
26203
26205
26208
26210
26212
26217
26223
26227
26231
26235
26240
26242
26244
26253
26260
26263
26267
26269
26271
26274
26278
26281
26285
26294
26296
26301
26303
26306
26310
26313
26316
26320
26322
26324
26326
26329
26331
26336
26341
26348
26350
26355
26361
26363
26367
26371
26374
26379
26385
26387
26392
26398
26401
26412
26415
26421
26423
26430
26432
26434
26440
26443
26447
26450
26453
26465
26470
26474
26477
26480
26486
26489
26491
26494
26502
26505
26510
26516
26521
26523
26527
26530
26532
26534
26536
26539
26541
26544
26547
26550
26553
26555
26561
26567
26573
26575
26577
26581
26585
26590
26596
26598
26600
26603
26605
26610
26612
26618
26622
26624
26628
26630
26635
26640
26643
26646
26650
26652
26656
26668
26670
26677
26680
26683
26688
26690
26692
26694
26700
26704
26707
26709
26711
26719
26722
26724
26726
26730
26735
26738
26741
26745
26748
26763
26769
26776
26783
26788
26793
26799
26801
26806
26814
26817
26822
26826
26832
26837
26839
26848
26855
26861
26865
26867
26870
26875
26878
26881
26888
26890
26893
26896
26899
26902
26910
26914
26918
26924
26928
26937
26940
26942
26945
26949
26952
26955
26957
26959
26961
26963
26967
26971
26974
26980
26989
26992
26994
26997
27002
27004
27007
27011
27015
27017
27022
27026
27028
27030
27032
27037
27039
27041
27045
27047
27053
27056
27063
27069
27073
27075
27077
27084
27087
27090
27093
27098
27100
27103
27109
27113
27115
27117
27119
27126
27133
27136
27138
27141
27143
27147
27150
27155
27160
27164
27167
27173
27175
27177
27180
27183
27191
27193
27196
27199
27201
27206
27209
27214
27216
27221
27223
27226
27231
27237
27243
27245
27248
27250
27253
27259
27264
27268
27279
27282
27284
27286
27290
27292
27295
27298
27303
27309
27312
27315
27326
27330
27335
27339
27343
27346
27351
27353
27357
27360
27367
27371
27375
27377
27392
27399
27401
27404
27406
27411
27417
27424
27427
27440
27444
27447
27452
27455
27458
27462
27464
27469
27471
27474
27480
27482
27485
27492
27495
27498
27504
27510
27515
27519
27529
27532
27538
27541
27543
27546
27549
27557
27561
27564
27573
27576
27580
27583
27586
27596
27599
27601
27608
27610
27612
27614
27618
27621
27625
27629
27632
27636
27641
27646
27648
27650
27654
27660
27663
27665
27670
27673
27678
27683
27686
27689
27693
27696
27703
27706
27710
27717
27720
27724
27731
27734
27738
27740
27744
27746
27751
27755
27760
27763
27766
27773
27782
27791
27794
27796
27798
27800
27802
27807
27810
27814
27823
27825
27828
27831
27834
27839
27847
27849
27853
27861
27863
27870
27875
27877
27882
27885
27889
27892
27895
27898
27904
27907
27910
27912
27917
27923
27926
27928
27932
27935
27938
27948
27952
27958
27960
27962
27964
27968
27973
27975
27978
27981
27986
27991
27995
28006
28016
28018
28020
28022
28024
28027
28030
28034
28036
28039
28045
28047
28051
28055
28057
28062
28065
28067
28073
28075
28078
28084
28088
28093
28097
28099
28103
28109
28114
28117
28122
28131
28133
28135
28137
28139
28141
28146
28148
28150
28154
28161
28165
28168
28174
28177
28181
28186
28189
28193
28199
28202
28210
28215
28221
28224
28232
28244
28246
28252
28255
28259
28263
28265
28272
28278
28281
28284
28290
28297
28312
28316
28323
28338
28340
28344
28347
28349
28352
28356
28362
28365
28367
28370
28372
28374
28380
28385
28388
28392
28394
28398
28401
28403
28406
28408
28417
28425
28432
28438
28446
28450
28452
28457
28460
28463
28465
28478
28481
28484
28488
28490
28493
28497
28499
28504
28509
28515
28518
28520
28523
28529
28537
28539
28544
28546
28553
28555
28557
28559
28563
28565
28567
28579
28585
28590
28594
28598
28600
28603
28605
28607
28612
28615
28618
28626
28630
28635
28638
28642
28646
28649
28657
28659
28662
28665
28668
28673
28675
28680
28682
28684
28686
28688
28691
28696
28699
28702
28709
28711
28717
28720
28722
28724
28733
28737
28740
28743
28749
28756
28759
28765
28767
28770
28783
28788
28791
28795
28798
28801
28810
28813
28817
28823
28830
28835
28838
28842
28844
28847
28849
28852
28855
28857
28863
28867
28872
28876
28878
28880
28884
28886
28891
28896
28904
28908
28912
28914
28919
28923
28925
28930
28933
28938
28940
28947
28949
28952
28962
28966
28969
28972
28977
28983
28985
28991
28994
29000
29006
29010
29017
29020
29023
29027
29030
29035
29040
29048
29058
29062
29064
29067
29072
29076
29082
29085
29091
29098
29102
29104
29107
29109
29115
29122
29124
29129
29133
29135
29137
29140
29142
29146
29154
29156
29158
29162
29164
29167
29171
29174
29176
29181
29186
29189
29194
29197
29200
29202
29208
29213
29215
29220
29222
29224
29226
29229
29237
29239
29241
29244
29247
29254
29257
29265
29268
29271
29277
29279
29285
29289
29293
29297
29300
29305
29308
29310
29312
29314
29319
29323
29327
29331
29336
29339
29347
29350
29353
29359
29363
29366
29368
29372
29374
29376
29384
29388
29394
29400
29405
29411
29417
29422
29425
29427
29429
29440
29443
29449
29455
29458
29464
29469
29471
29476
29480
29482
29489
29495
29500
29506
29512
29515
29519
29521
29523
29526
29530
29534
29536
29539
29541
29546
29553
29559
29561
29563
29566
29568
29572
29576
29581
29584
29592
29598
29601
29606
29611
29614
29621
29627
29629
29635
29639
29643
29649
29654
29656
29658
29662
29665
29670
29672
29682
29685
29687
29689
29697
29700
29702
29705
29709
29717
29720
29724
29727
29729
29737
29742
29746
29750
29752
29756
29759
29764
29771
29782
29788
29791
29795
29798
29806
29808
29811
29813
29815
29817
29821
29826
29828
29830
29837
29844
29850
29852
29863
29865
29869
29873
29879
29883
29885
29889
29893
29897
29901
29905
29908
29911
29915
29917
29922
29931
29939
29945
29959
29965
29969
29972
29977
29981
29984
29994
29998
30003
30005
30007
30009
30013
30017
30028
30031
30035
30037
30039
30042
30050
30052
30057
30060
30064
30076
30078
30082
30084
30086
30097
30105
30111
30115
30124
30127
30129
30131
30138
30148
30150
30155
30160
30162
30165
30168
30170
30172
30176
30183
30185
30189
30192
30195
30198
30201
30207
30210
30212
30214
30216
30225
30228
30232
30234
30240
30245
30247
30251
30255
30260
30262
30265
30268
30272
30281
30283
30287
30290
30294
30297
30305
30311
30319
30321
30325
30327
30331
30334
30337
30339
30341
30343
30347
30353
30357
30363
30368
30370
30375
30381
30392
30395
30398
30404
30413
30415
30417
30422
30432
30435
30440
30442
30445
30448
30451
30455
30458
30461
30463
30465
30468
30473
30479
30484
30494
30497
30501
30505
30513
30518
30523
30525
30527
30531
30534
30539
30541
30544
30547
30550
30553
30557
30562
30564
30568
30570
30576
30579
30586
30589
30592
30597
30602
30604
30607
30609
30613
30618
30623
30628
30637
30642
30646
30652
30656
30658
30661
30664
30667
30671
30675
30678
30686
30688
30691
30701
30704
30707
30709
30711
30719
30723
30725
30728
30730
30734
30737
30739
30742
30745
30748
30751
30753
30757
30762
30764
30771
30778
30781
30783
30785
30792
30795
30799
30802
30809
30813
30815
30817
30820
30822
30828
30833
30836
30841
30844
30847
30849
30854
30858
30865
30870
30875
30878
30880
30883
30886
30890
30895
30897
30901
30905
30909
30911
30914
30919
30921
30923
30935
30945
30947
30951
30955
30959
30961
30964
30968
30971
30979
30981
30983
30987
30989
30997
30999
31004
31006
31008
31013
31015
31018
31023
31027
31034
31037
31039
31041
31047
31049
31051
31053
31060
31065
31067
31076
31079
31085
31089
31094
31099
31105
31107
31111
31114
31116
31118
31120
31127
31131
31140
31147
31152
31158
31162
31169
31172
31176
31184
31190
31192
31195
31201
31205
31208
31212
31214
31220
31225
31228
31230
31234
31238
31241
31243
31245
31247
31251
31253
31256
31259
31265
31268
31272
31277
31280
31282
31286
31288
31290
31293
31299
31302
31307
31312
31314
31317
31319
31321
31324
31330
31334
31339
31343
31345
31351
31353
31356
31359
31364
31369
31371
31374
31378
31380
31388
31393
31395
31397
31401
31404
31409
31412
31418
31424
31430
31433
31439
31441
31444
31446
31448
31450
31456
31459
31463
31466
31469
31471
31474
31476
31478
31482
31494
31498
31504
31506
31520
31525
31528
31532
31537
31539
31541
31548
31553
31557
31559
31565
31571
31576
31578
31583
31585
31587
31590
31592
31594
31597
31599
31604
31611
31614
31618
31621
31625
31630
31633
31636
31639
31641
31645
31648
31650
31659
31661
31672
31678
31684
31688
31690
31696
31699
31701
31703
31710
31713
31719
31725
31732
31736
31738
31756
31762
31764
31768
31770
31772
31776
31778
31780
31783
31786
31793
31799
31802
31807
31810
31814
31821
31823
31826
31830
31832
31841
31846
31848
31851
31855
31862
31866
31871
31873
31879
31881
31883
31890
31897
31901
31905
31908
31911
31913
31915
31920
31928
31937
31939
31947
31949
31953
31960
31965
31968
31975
31978
31980
31986
31993
31996
32000
32004
32007
32009
32012
32015
32018
32020
32022
32024
32028
32034
32037
32043
32045
32048
32061
32069
32071
32074
32078
32081
32092
32095
32099
32108
32112
32119
32123
32129
32132
32136
32143
32147
32152
32159
32167
32169
32171
32175
32179
32187
32191
32196
32198
32200
32204
32206
32210
32212
32215
32217
32228
32239
32242
32246
32249
32251
32256
32261
32265
32269
32273
32278
32280
32285
32291
32293
32295
32301
32303
32307
32309
32313
32335
32340
32342
32346
32348
32353
32357
32360
32362
32368
32375
32377
32380
32386
32389
32394
32398
32407
32409
32420
32426
32428
32432
32436
32440
32442
32444
32450
32452
32457
32462
32466
32471
32477
32482
32490
32492
32494
32496
32498
32507
32511
32518
32520
32522
32526
32529
32534
32539
32543
32545
32550
32553
32560
32565
32567
32569
32572
32576
32578
32583
32586
32588
32590
32592
32594
32600
32610
32613
32616
32623
32627
32629
32631
32633
32635
32643
32649
32657
32659
32661
32665
32670
32676
32679
32688
32692
32700
32704
32716
32722
32727
32736
32739
32743
32746
32748
32754
32757
32763
32770
32773
32781
32784
32786
32791
32793
32795
32799
32802
32805
32810
32815
32818
32820
32825
32827
32831
32835
32838
32845
32851
32855
32858
32862
32864
32869
32874
32876
32880
32887
32890
32892
32901
32905
32911
32915
32920
32924
32931
32935
32937
32945
32950
32957
32960
32966
32972
32975
32977
32980
32985
32989
32994
32999
33001
33003
33009
33013
33019
33022
33027
33029
33032
33038
33049
33051
33053
33060
33068
33073
33077
33084
33086
33088
33092
33098
33105
33108
33110
33115
33120
33125
33127
33130
33134
33141
33145
33152
33155
33157
33159
33162
33167
33170
33178
33185
33187
33189
33191
33195
33198
33201
33205
33207
33209
33217
33221
33224
33228
33232
33235
33241
33246
33248
33251
33255
33257
33260
33262
33265
33273
33275
33281
33292
33300
33303
33305
33307
33312
33317
33322
33324
33327
33329
33337
33345
33347
33349
33352
33359
33362
33365
33367
33370
33373
33377
33383
33389
33401
33404
33409
33411
33416
33420
33425
33429
33434
33437
33439
33441
33447
33450
33452
33456
33459
33467
33472
33480
33485
33490
33493
33496
33499
33502
33505
33507
33511
33514
33516
33520
33525
33528
33537
33544
33546
33548
33553
33561
33564
33569
33571
33579
33581
33586
33590
33592
33596
33601
33609
33615
33618
33620
33622
33630
33632
33637
33639
33642
33648
33650
33652
33655
33660
33662
33668
33672
33681
33685
33692
33696
33698
33702
33705
33715
33717
33720
33726
33728
33730
33736
33741
33744
33749
33752
33754
33756
33759
33762
33769
33772
33781
33784
33789
33797
33803
33805
33809
33811
33813
33816
33826
33832
33836
33839
33842
33848
33859
33862
33864
33867
33869
33874
33878
33886
33890
33892
33895
33899
33903
33908
33910
33912
33917
33920
33926
33931
33936
33940
33948
33951
33960
33964
33973
33976
33979
33981
33989
33993
33995
33998
34000
34003
34005
34008
34011
34015
34018
34025
34030
34033
34039
34042
34046
34050
34056
34059
34062
34065
34072
34075
34077
34079
34087
34094
34103
34106
34112
34122
34126
34128
34134
34140
34143
34148
34157
34159
34167
34169
34171
34174
34178
34180
34186
34188
34193
34196
34200
34203
34206
34211
34215
34220
34224
34226
34238
34244
34247
34251
34255
34257
34265
34271
34274
34280
34283
34290
34294
34297
34299
34302
34307
34310
34313
34315
34320
34329
34335
34337
34340
34349
34352
34358
34360
34365
34372
34375
34378
34382
34387
34389
34392
34396
34409
34412
34417
34426
34429
34435
34439
34446
34451
34454
34456
34461
34463
34470
34475
34477
34484
34488
34491
34497
34503
34505
34511
34513
34516
34521
34524
34528
34534
34537
34541
34550
34554
34559
34565
34567
34569
34571
34575
34581
34589
34591
34594
34596
34598
34603
34610
34612
34615
34619
34621
34623
34630
34634
34638
34643
34645
34648
34653
34666
34671
34674
34677
34682
34689
34696
34701
34703
34705
34707
34710
34713
34715
34724
34728
34738
34745
34747
34749
34753
34758
34760
34768
34770
34777
34780
34785
34788
34791
34800
34805
34810
34814
34817
34823
34827
34832
34836
34839
34842
34852
34859
34862
34868
34872
34875
34877
34880
34882
34885
34890
34895
34900
34903
34906
34911
34915
34922
34925
34927
34929
34933
34936
34939
34943
34946
34948
34953
34955
34963
34965
34967
34970
34974
34977
34987
34990
34993
34998
35001
35006
35008
35010
35015
35017
35019
35027
35030
35032
35036
35039
35043
35053
35056
35058
35061
35063
35066
35068
35070
35072
35078
35081
35085
35092
35096
35099
35101
35104
35108
35117
35121
35125
35129
35140
35144
35146
35148
35150
35154
35158
35161
35166
35170
35173
35182
35184
35188
35190
35192
35194
35199
35202
35205
35209
35211
35218
35223
35225
35227
35232
35235
35238
35241
35244
35246
35252
35257
35265
35268
35270
35273
35277
35280
35283
35286
35288
35304
35313
35316
35327
35330
35334
35337
35339
35343
35346
35348
35354
35356
35358
35370
35373
35383
35386
35391
35394
35399
35403
35405
35412
35417
35421
35425
35429
35433
35437
35441
35445
35450
35453
35458
35462
35476
35481
35484
35488
35490
35493
35501
35505
35508
35512
35517
35522
35524
35526
35529
35533
35536
35539
35542
35554
35560
35563
35568
35570
35573
35580
35589
35591
35595
35602
35608
35613
35616
35620
35626
35629
35631
35634
35638
35643
35645
35656
35660
35662
35665
35667
35674
35677
35685
35688
35690
35692
35698
35702
35704
35707
35709
35711
35715
35720
35726
35729
35745
35749
35758
35760
35763
35767
35769
35776
35778
35784
35786
35793
35796
35802
35807
35810
35813
35817
35823
35830
35839
35842
35851
35854
35856
35862
35865
35869
35876
35878
35881
35886
35889
35892
35895
35899
35903
35905
35910
35915
35919
35923
35927
35933
35938
35940
35942
35945
35948
35952
35958
35960
35962
35968
35974
35977
35979
35983
35986
35990
35996
36001
36010
36014
36017
36021
36024
36027
36029
36031
36033
36037
36040
36043
36046
36050
36053
36065
36069
36075
36080
36082
36084
36092
36094
36103
36107
36110
36117
36121
36124
36132
36136
36141
36145
36152
36155
36157
36165
36170
36178
36181
36185
36189
36192
36199
36203
36206
36214
36217
36219
36221
36223
36227
36230
36233
36236
36246
36250
36257
36264
36267
36271
36273
36281
36286
36288
36290
36293
36296
36303
36305
36309
36312
36316
36318
36321
36325
36328
36331
36333
36337
36341
36343
36345
36349
36356
36361
36364
36369
36371
36373
36377
36381
36386
36391
36394
36396
36399
36407
36409
36411
36416
36418
36421
36430
36433
36439
36441
36445
36447
36456
36460
36465
36468
36470
36483
36488
36494
36497
36500
36503
36507
36510
36513
36517
36520
36529
36534
36539
36544
36548
36551
36553
36555
36557
36566
36570
36577
36585
36587
36591
36593
36595
36599
36601
36605
36607
36612
36615
36620
36631
36637
36643
36646
36649
36651
36653
36659
36664
36671
36675
36680
36682
36684
36686
36693
36697
36700
36706
36711
36713
36716
36722
36727
36733
36736
36738
36740
36743
36748
36753
36756
36759
36763
36768
36771
36773
36776
36780
36782
36787
36791
36796
36800
36802
36804
36807
36811
36814
36817
36819
36825
36829
36835
36838
36841
36844
36846
36848
36852
36855
36859
36862
36869
36874
36876
36878
36881
36883
36885
36888
36893
36901
36908
36910
36913
36917
36924
36928
36934
36937
36945
36948
36953
36955
36957
36960
36963
36965
36969
36973
36976
36979
36983
36986
36989
36991
37000
37004
37006
37011
37017
37020
37024
37028
37033
37037
37040
37043
37048
37052
37056
37060
37071
37074
37078
37080
37082
37084
37087
37089
37097
37100
37104
37108
37112
37116
37118
37120
37124
37130
37133
37140
37144
37146
37151
37153
37155
37159
37161
37169
37173
37179
37182
37185
37187
37189
37195
37200
37202
37206
37209
37212
37215
37218
37226
37229
37231
37235
37238
37240
37243
37249
37252
37255
37257
37260
37265
37272
37275
37277
37281
37285
37289
37300
37304
37314
37318
37322
37325
37328
37331
37334
37337
37339
37341
37350
37352
37357
37359
37361
37364
37368
37372
37375
37379
37381
37386
37388
37390
37393
37396
37402
37407
37410
37412
37418
37421
37423
37431
37435
37439
37443
37450
37458
37461
37463
37465
37468
37471
37473
37477
37481
37483
37485
37488
37491
37493
37497
37499
37501
37510
37513
37516
37519
37523
37527
37529
37534
37537
37539
37544
37546
37553
37558
37567
37570
37573
37577
37580
37585
37597
37601
37604
37606
37608
37614
37616
37618
37624
37626
37630
37632
37634
37641
37643
37648
37653
37656
37658
37662
37671
37679
37681
37683
37685
37691
37694
37696
37698
37703
37706
37710
37713
37717
37721
37723
37725
37728
37734
37736
37740
37745
37747
37751
37753
37758
37761
37763
37766
37770
37774
37777
37781
37785
37790
37794
37798
37800
37803
37806
37808
37811
37813
37815
37819
37825
37828
37833
37837
37840
37844
37854
37857
37860
37863
37865
37867
37873
37878
37884
37893
37897
37900
37905
37908
37916
37918
37926
37929
37935
37941
37950
37955
37958
37961
37964
37973
37980
37983
37986
37988
37993
37999
38003
38005
38009
38011
38014
38017
38024
38026
38029
38032
38037
38041
38043
38049
38052
38055
38060
38064
38069
38076
38084
38087
38093
38095
38098
38101
38104
38106
38109
38114
38118
38127
38131
38140
38143
38150
38162
38172
38175
38178
38180
38187
38191
38195
38200
38206
38210
38214
38217
38222
38225
38228
38233
38236
38240
38242
38245
38253
38258
38262
38266
38269
38278
38281
38283
38287
38289
38298
38303
38306
38308
38313
38316
38322
38324
38326
38331
38334
38339
38345
38353
38361
38363
38366
38369
38373
38376
38382
38389
38391
38395
38397
38401
38411
38414
38416
38420
38422
38426
38436
38442
38447
38451
38455
38458
38460
38465
38469
38472
38474
38479
38481
38488
38495
38500
38503
38517
38520
38525
38530
38536
38538
38540
38546
38550
38553
38555
38557
38559
38563
38566
38569
38576
38580
38582
38585
38588
38592
38595
38597
38603
38605
38616
38618
38621
38623
38628
38632
38634
38639
38641
38643
38645
38648
38653
38656
38659
38662
38665
38672
38675
38677
38679
38683
38685
38687
38689
38694
38701
38704
38707
38714
38716
38718
38722
38725
38727
38732
38735
38737
38742
38745
38748
38751
38759
38767
38769
38773
38776
38779
38782
38785
38791
38795
38800
38804
38807
38810
38812
38815
38818
38821
38825
38828
38832
38838
38841
38848
38851
38858
38861
38866
38871
38875
38877
38884
38889
38894
38897
38900
38905
38909
38913
38915
38919
38925
38935
38937
38941
38943
38946
38954
38959
38972
38974
38977
38983
38991
38994
38997
39002
39006
39009
39011
39013
39019
39023
39029
39033
39036
39040
39044
39049
39052
39056
39069
39072
39080
39082
39084
39089
39093
39095
39097
39100
39103
39109
39111
39116
39118
39122
39130
39133
39138
39142
39147
39153
39156
39161
39169
39180
39182
39189
39192
39194
39200
39205
39209
39213
39215
39222
39227
39231
39233
39235
39237
39240
39245
39252
39260
39263
39265
39268
39271
39273
39276
39278
39280
39284
39289
39292
39296
39298
39300
39307
39312
39319
39322
39325
39328
39330
39334
39342
39348
39351
39361
39364
39371
39374
39379
39383
39385
39391
39393
39400
39403
39406
39410
39414
39419
39426
39428
39430
39435
39437
39440
39442
39451
39454
39456
39461
39467
39475
39479
39482
39486
39489
39494
39500
39503
39509
39511
39514
39517
39521
39524
39528
39530
39536
39538
39541
39546
39548
39551
39555
39560
39565
39568
39577
39579
39582
39589
39594
39598
39600
39606
39614
39616
39618
39621
39624
39626
39629
39632
39635
39637
39641
39644
39648
39650
39652
39657
39659
39662
39664
39668
39671
39679
39684
39687
39690
39694
39698
39702
39704
39709
39715
39717
39721
39724
39726
39728
39734
39742
39745
39748
39756
39759
39762
39764
39767
39770
39773
39777
39779
39782
39788
39792
39797
39801
39807
39810
39812
39815
39817
39822
39828
39842
39846
39849
39854
39856
39865
39869
39872
39874
39879
39881
39883
39886
39889
39892
39899
39904
39906
39913
39916
39923
39927
39929
39931
39935
39937
39940
39946
39950
39952
39954
39956
39959
39965
39968
39971
39973
39986
39994
39997
40002
40009
40014
40016
40019
40024
40027
40032
40034
40036
40039
40044
40049
40055
40065
40075
40077
40080
40083
40085
40088
40094
40099
40102
40106
40108
40113
40116
40120
40126
40136
40138
40143
40149
40154
40158
40166
40170
40172
40175
40179
40184
40187
40189
40195
40197
40199
40201
40203
40206
40208
40211
40214
40222
40226
40228
40235
40245
40252
40264
40266
40269
40271
40275
40278
40280
40282
40287
40290
40298
40300
40308
40311
40320
40322
40327
40330
40337
40346
40354
40357
40359
40364
40368
40371
40374
40377
40380
40387
40389
40393
40398
40401
40403
40411
40415
40418
40421
40427
40431
40433
40437
40439
40441
40444
40448
40456
40460
40462
40465
40467
40469
40472
40476
40478
40481
40483
40486
40488
40494
40496
40505
40509
40515
40517
40520
40522
40527
40533
40535
40542
40544
40548
40551
40554
40557
40560
40566
40573
40577
40580
40585
40590
40593
40598
40600
40605
40607
40610
40616
40619
40626
40631
40634
40638
40642
40644
40651
40653
40655
40665
40667
40669
40677
40681
40685
40691
40697
40706
40710
40712
40715
40722
40730
40734
40736
40738
40742
40744
40746
40750
40754
40756
40760
40764
40770
40772
40774
40778
40782
40785
40789
40793
40798
40802
40805
40809
40814
40818
40822
40825
40830
40834
40837
40840
40842
40845
40852
40855
40858
40860
40862
40864
40866
40873
40877
40880
40885
40888
40890
40894
40897
40901
40903
40909
40912
40916
40920
40924
40929
40933
40937
40945
40948
40951
40953
40957
40959
40962
40968
40972
40979
40984
40987
40990
40996
41001
41003
41007
41012
41017
41022
41028
41030
41033
41036
41038
41041
41045
41048
41050
41053
41057
41065
41068
41071
41076
41081
41086
41088
41095
41099
41101
41104
41106
41114
41118
41121
41123
41129
41133
41138
41140
41142
41144
41146
41148
41153
41167
41172
41179
41184
41187
41190
41194
41198
41203
41210
41214
41216
41223
41226
41228
41230
41232
41235
41238
41240
41244
41247
41249
41254
41257
41261
41263
41267
41269
41273
41283
41287
41289
41297
41300
41302
41311
41316
41318
41322
41324
41328
41331
41336
41342
41347
41351
41356
41358
41363
41365
41368
41372
41375
41381
41385
41387
41389
41391
41398
41408
41410
41414
41419
41424
41429
41435
41440
41442
41451
41457
41459
41461
41466
41468
41471
41473
41480
41488
41495
41499
41502
41508
41512
41514
41519
41523
41527
41530
41535
41540
41542
41544
41549
41559
41561
41563
41571
41573
41576
41579
41581
41583
41585
41587
41589
41592
41597
41599
41601
41604
41612
41615
41621
41627
41638
41640
41642
41644
41654
41658
41663
41666
41673
41678
41680
41684
41691
41693
41697
41705
41708
41711
41713
41720
41725
41730
41733
41736
41738
41742
41745
41752
41754
41758
41760
41763
41766
41770
41772
41775
41777
41779
41783
41787
41790
41795
41798
41802
41808
41813
41818
41821
41826
41831
41835
41841
41844
41846
41853
41859
41861
41865
41869
41876
41883
41885
41889
41893
41895
41897
41901
41909
41914
41918
41920
41922
41926
41928
41933
41935
41937
41943
41945
41951
41956
41959
41970
41972
41974
41976
41980
41982
41988
41992
41995
42000
42003
42006
42009
42015
42020
42023
42027
42032
42034
42037
42039
42043
42048
42052
42054
42063
42070
42076
42084
42087
42094
42097
42102
42106
42109
42112
42117
42121
42129
42132
42134
42137
42145
42153
42158
42167
42170
42174
42178
42180
42183
42191
42193
42198
42200
42203
42206
42208
42211
42214
42219
42222
42227
42231
42233
42239
42246
42249
42255
42263
42265
42268
42273
42281
42285
42288
42290
42294
42299
42304
42313
42318
42323
42326
42328
42330
42333
42336
42340
42342
42344
42351
42356
42358
42360
42363
42369
42378
42383
42387
42390
42392
42396
42401
42404
42410
42412
42415
42417
42419
42422
42424
42426
42430
42437
42441
42443
42449
42452
42458
42460
42462
42466
42468
42472
42475
42482
42484
42491
42494
42503
42508
42513
42523
42529
42532
42536
42545
42549
42552
42557
42559
42561
42568
42576
42578
42582
42591
42596
42598
42605
42610
42613
42620
42624
42630
42634
42637
42642
42644
42646
42650
42658
42662
42665
42667
42673
42676
42683
42686
42688
42690
42692
42701
42704
42706
42708
42714
42721
42726
42732
42740
42746
42748
42752
42758
42761
42764
42766
42770
42772
42775
42780
42783
42788
42791
42793
42797
42801
42806
42809
42813
42821
42825
42831
42835
42837
42840
42842
42844
42846
42849
42851
42858
42865
42871
42878
42880
42884
42890
42893
42895
42900
42910
42915
42917
42920
42937
42940
42946
42949
42954
42958
42962
42971
42974
42977
42980
42983
42985
42989
42991
42994
42997
43001
43007
43009
43013
43017
43021
43023
43032
43039
43041
43043
43047
43059
43061
43065
43069
43071
43076
43081
43084
43087
43092
43096
43100
43102
43104
43107
43109
43112
43116
43119
43121
43126
43129
43131
43136
43138
43143
43147
43150
43159
43163
43165
43169
43176
43182
43184
43188
43195
43199
43202
43206
43213
43219
43223
43226
43230
43232
43235
43238
43240
43246
43253
43264
43267
43270
43273
43276
43279
43282
43285
43291
43299
43301
43304
43307
43312
43316
43319
43326
43330
43334
43338
43341
43343
43346
43348
43352
43358
43361
43364
43368
43375
43377
43379
43386
43392
43400
43403
43406
43408
43411
43417
43421
43423
43428
43430
43433
43436
43439
43442
43448
43452
43455
43457
43460
43465
43467
43471
43478
43481
43484
43486
43491
43495
43502
43505
43508
43520
43533
43538
43541
43546
43551
43554
43556
43558
43562
43566
43570
43575
43578
43583
43586
43588
43597
43602
43607
43612
43617
43619
43624
43631
43636
43638
43641
43648
43651
43657
43661
43664
43668
43671
43674
43677
43679
43683
43686
43697
43702
43708
43711
43715
43723
43729
43737
43742
43745
43749
43751
43755
43759
43762
43764
43768
43772
43774
43776
43781
43785
43788
43790
43794
43802
43806
43810
43813
43815
43817
43821
43823
43829
43834
43839
43843
43847
43850
43853
43859
43861
43863
43866
43870
43872
43878
43886
43892
43898
43902
43904
43911
43913
43917
43920
43923
43926
43929
43935
43938
43940
43948
43954
43959
43961
43963
43966
43970
43978
43981
43985
43988
43990
43998
44007
44014
44020
44024
44029
44031
44033
44036
44043
44045
44048
44055
44057
44059
44064
44069
44074
44079
44082
44086
44093
44097
44100
44102
44104
44106
44109
44112
44115
44119
44122
44129
44132
44139
44142
44149
44152
44155
44158
44160
44165
44173
44178
44182
44185
44191
44193
44195
44205
44210
44223
44229
44234
44242
44245
44249
44251
44254
44258
44263
44269
44274
44276
44281
44285
44292
44296
44302
44306
44310
44315
44319
44323
44330
44333
44338
44341
44345
44349
44351
44357
44366
44368
44370
44376
44380
44384
44386
44388
44390
44392
44396
44402
44406
44409
44412
44414
44418
44421
44426
44428
44430
44434
44438
44443
44449
44453
44457
44460
44465
44467
44469
44473
44475
44484
44486
44488
44491
44494
44499
44506
44510
44512
44515
44518
44522
44527
44530
44532
44536
44540
44542
44547
44550
44554
44557
44562
44565
44568
44575
44577
44582
44589
44591
44595
44602
44605
44609
44611
44613
44624
44628
44630
44633
44638
44643
44649
44656
44658
44661
44666
44671
44677
44679
44683
44694
44697
44699
44702
44710
44714
44717
44724
44726
44729
44732
44734
44742
44745
44750
44756
44759
44761
44763
44766
44768
44770
44777
44779
44784
44787
44792
44795
44801
44805
44808
44810
44814
44821
44828
44839
44846
44854
44862
44871
44874
44876
44883
44885
44889
44893
44896
44905
44913
44917
44920
44922
44924
44933
44936
44948
44950
44952
44956
44961
44963
44965
44970
44973
44975
44984
44986
44989
44993
45000
45006
45011
45014
45019
45022
45025
45029
45031
45035
45037
45042
45051
45054
45057
45063
45066
45070
45072
45075
45078
45081
45085
45087
45090
45092
45096
45101
45105
45107
45111
45115
45120
45124
45130
45133
45144
45148
45155
45157
45161
45168
45172
45176
45181
45185
45187
45190
45193
45199
45201
45203
45207
45211
45213
45220
45225
45235
45237
45240
45242
45247
45251
45260
45262
45265
45268
45270
45273
45277
45279
45283
45289
45291
45296
45302
45304
45309
45312
45314
45317
45320
45325
45328
45341
45345
45349
45352
45357
45362
45366
45370
45375
45378
45382
45384
45392
45395
45397
45400
45404
45412
45415
45418
45426
45431
45433
45437
45439
45443
45445
45450
45454
45456
45459
45461
45468
45479
45482
45484
45488
45492
45494
45497
45500
45507
45511
45513
45519
45523
45525
45527
45532
45539
45542
45545
45550
45562
45566
45570
45572
45576
45578
45582
45586
45589
45592
45596
45601
45603
45612
45617
45619
45622
45627
45630
45635
45637
45642
45644
45646
45651
45656
45658
45662
45668
45676
45683
45685
45687
45695
45697
45701
45703
45705
45709
45712
45718
45723
45726
45732
45743
45750
45754
45757
45764
45766
45769
45772
45780
45786
45788
45793
45795
45799
45802
45804
45809
45814
45819
45827
45829
45836
45838
45843
45845
45858
45860
45862
45864
45870
45879
45883
45889
45892
45894
45899
45908
45913
45915
45917
45920
45923
45929
45941
45943
45951
45954
45956
45963
45968
45971
45973
45976
45978
45982
45986
45991
45993
45995
45999
46002
46006
46016
46021
46024
46027
46032
46035
46037
46042
46044
46049
46052
46058
46064
46068
46070
46074
46076
46080
46088
46092
46098
46101
46103
46108
46111
46113
46120
46125
46130
46132
46139
46148
46154
46157
46161
46167
46172
46177
46188
46191
46194
46197
46202
46210
46212
46214
46218
46231
46235
46239
46242
46244
46248
46251
46255
46258
46263
46265
46267
46269
46271
46280
46287
46290
46292
46295
46304
46309
46311
46313
46319
46323
46329
46332
46334
46336
46340
46347
46351
46356
46362
46364
46370
46372
46375
46380
46383
46386
46391
46393
46397
46399
46402
46404
46411
46413
46416
46422
46424
46429
46448
46450
46455
46459
46461
46464
46467
46472
46474
46476
46484
46487
46491
46497
46502
46512
46516
46523
46526
46528
46534
46538
46541
46543
46545
46550
46552
46556
46564
46568
46574
46578
46581
46587
46596
46600
46602
46605
46612
46616
46619
46624
46629
46632
46636
46638
46646
46648
46654
46659
46662
46664
46675
46682
46684
46686
46692
46698
46703
46706
46711
46716
46719
46721
46723
46727
46731
46733
46736
46743
46746
46748
46753
46757
46759
46765
46771
46773
46775
46778
46780
46793
46796
46804
46806
46808
46814
46829
46831
46835
46840
46842
46851
46853
46859
46864
46869
46873
46878
46883
46887
46891
46896
46898
46900
46903
46909
46914
46917
46920
46923
46926
46930
46933
46938
46940
46946
46950
46952
46955
46962
46964
46967
46972
46980
46988
46995
46997
47003
47005
47009
47011
47013
47016
47021
47030
47033
47040
47043
47050
47060
47064
47067
47071
47073
47077
47084
47088
47091
47097
47100
47103
47110
47113
47115
47117
47119
47121
47124
47127
47132
47134
47137
47140
47143
47147
47150
47155
47160
47162
47164
47167
47169
47174
47178
47183
47187
47192
47195
47197
47200
47204
47210
47214
47221
47223
47230
47238
47240
47248
47251
47259
47273
47280
47282
47287
47290
47293
47299
47301
47310
47312
47318
47321
47329
47331
47334
47338
47341
47345
47349
47353
47356
47359
47364
47375
47378
47380
47388
47390
47396
47399
47401
47405
47408
47410
47412
47416
47419
47421
47424
47426
47428
47430
47432
47437
47439
47441
47444
47447
47451
47456
47462
47465
47469
47472
47474
47481
47485
47487
47492
47494
47498
47503
47507
47511
47514
47517
47519
47522
47525
47535
47539
47541
47547
47550
47556
47558
47560
47565
47570
47577
47582
47585
47588
47594
47599
47603
47607
47614
47616
47619
47627
47631
47636
47639
47642
47651
47654
47657
47663
47668
47673
47676
47681
47688
47697
47699
47705
47711
47714
47716
47721
47728
47730
47737
47743
47746
47749
47753
47757
47760
47765
47767
47771
47776
47782
47795
47800
47802
47807
47816
47819
47821
47830
47835
47838
47847
47852
47856
47858
47861
47865
47868
47870
47875
47881
47883
47887
47889
47896
47902
47913
47917
47919
47925
47930
47935
47937
47940
47943
47951
47954
47956
47958
47960
47962
47965
47968
47973
47977
47984
47988
47991
47994
47997
48003
48010
48013
48015
48017
48021
48025
48030
48032
48036
48039
48046
48054
48060
48062
48067
48070
48075
48080
48083
48086
48089
48092
48103
48105
48109
48112
48115
48117
48121
48123
48129
48133
48135
48140
48144
48151
48155
48159
48164
48169
48172
48175
48179
48183
48187
48190
48196
48201
48203
48209
48213
48217
48221
48224
48226
48231
48233
48238
48240
48249
48252
48255
48258
48264
48269
48273
48276
48280
48284
48289
48292
48296
48307
48313
48317
48323
48326
48333
48336
48339
48341
48343
48348
48350
48357
48359
48364
48367
48369
48372
48378
48381
48383
48386
48391
48394
48397
48406
48408
48412
48416
48419
48422
48429
48431
48434
48437
48439
48441
48445
48448
48451
48455
48462
48470
48472
48476
48482
48487
48494
48498
48501
48506
48508
48510
48512
48517
48520
48525
48527
48530
48533
48536
48539
48551
48556
48565
48570
48573
48579
48583
48591
48593
48598
48613
48616
48625
48627
48632
48635
48642
48646
48649
48652
48657
48661
48664
48668
48677
48683
48685
48690
48693
48696
48701
48705
48711
48715
48723
48727
48733
48736
48741
48743
48750
48753
48755
48762
48765
48768
48772
48777
48782
48785
48792
48795
48799
48806
48808
48817
48820
48824
48827
48835
48838
48848
48851
48853
48861
48864
48867
48872
48877
48884
48888
48891
48897
48901
48907
48910
48915
48919
48924
48933
48938
48940
48952
48959
48961
48966
48968
48975
48977
48979
48984
48991
48995
49003
49010
49014
49017
49021
49023
49025
49028
49030
49033
49035
49039
49045
49047
49050
49054
49056
49058
49064
49071
49074
49081
49087
49092
49096
49101
49103
49105
49109
49111
49113
49116
49127
49134
49137
49140
49144
49146
49150
49157
49161
49165
49170
49175
49177
49179
49182
49186
49189
49194
49202
49204
49210
49216
49219
49221
49229
49234
49239
49246
49250
49252
49254
49259
49261
49267
49271
49274
49276
49279
49282
49286
49292
49301
49305
49311
49317
49324
49329
49336
49338
49342
49344
49346
49348
49352
49359
49364
49368
49380
49386
49388
49391
49393
49399
49403
49406
49411
49415
49419
49422
49430
49437
49441
49458
49465
49467
49471
49473
49476
49480
49485
49488
49491
49495
49502
49509
49512
49515
49517
49521
49529
49532
49535
49540
49542
49547
49551
49554
49556
49565
49567
49569
49572
49579
49584
49588
49594
49599
49602
49604
49608
49611
49619
49621
49623
49627
49636
49645
49647
49655
49664
49667
49670
49674
49678
49681
49683
49686
49688
49697
49699
49703
49710
49715
49717
49724
49728
49731
49736
49738
49749
49751
49758
49760
49766
49772
49774
49777
49785
49789
49794
49797
49809
49814
49819
49822
49824
49829
49834
49838
49844
49846
49849
49854
49856
49864
49866
49873
49877
49882
49885
49893
49896
49900
49907
49909
49914
49916
49919
49926
49930
49933
49938
49940
49944
49947
49951
49954
49956
49959
49964
49969
49974
49978
49982
49986
49996
50000
50002
50009
50011
50016
50018
50022
50026
50029
50041
50044
50046
50048
50052
50056
50058
50061
50063
50066
50070
50072
50077
50081
50089
50091
50093
50095
50099
50101
50104
50108
50111
50113
50118
50121
50125
50131
50134
50138
50144
50146
50157
50163
50165
50168
50170
50175
50178
50180
50182
50190
50195
50199
50203
50205
50208
50213
50217
50219
50221
50226
50231
50233
50241
50245
50249
50256
50261
50264
50267
50277
50281
50293
50296
50300
50307
50309
50312
50320
50325
50329
50335
50339
50342
50349
50353
50357
50360
50367
50371
50374
50380
50384
50387
50393
50397
50402
50406
50408
50411
50416
50419
50424
50431
50434
50441
50446
50451
50454
50457
50460
50468
50476
50478
50483
50486
50488
50494
50499
50512
50520
50525
50533
50538
50543
50547
50550
50552
50557
50559
50564
50566
50569
50571
50574
50580
50583
50587
50590
50593
50595
50598
50604
50612
50614
50622
50625
50627
50632
50636
50640
50645
50650
50655
50659
50667
50670
50674
50677
50684
50687
50691
50695
50701
50709
50712
50718
50720
50723
50725
50738
50746
50748
50758
50766
50770
50772
50775
50779
50782
50784
50786
50788
50790
50793
50795
50798
50804
50807
50815
50817
50819
50823
50830
50833
50841
50843
50848
50851
50857
50860
50867
50876
50879
50885
50888
50890
50892
50898
50900
50903
50907
50917
50921
50924
50929
50934
50939
50942
50947
50952
50954
50962
50969
50978
50984
50986
50988
50992
50996
50999
51005
51007
51010
51017
51020
51026
51028
51036
51041
51048
51050
51054
51056
51061
51066
51070
51072
51074
51079
51082
51088
51091
51095
51100
51102
51106
51108
51110
51112
51119
51123
51125
51132
51134
51141
51152
51154
51157
51159
51163
51165
51169
51171
51174
51176
51182
51186
51189
51192
51194
51201
51203
51218
51229
51233
51236
51242
51248
51261
51266
51268
51271
51275
51279
51283
51285
51288
51293
51304
51306
51316
51321
51324
51329
51331
51338
51341
51343
51346
51361
51364
51368
51370
51373
51375
51377
51380
51382
51387
51390
51394
51397
51405
51409
51413
51415
51418
51421
51426
51428
51434
51437
51439
51444
51449
51451
51455
51460
51462
51465
51468
51471
51478
51480
51487
51496
51502
51504
51506
51511
51515
51520
51529
51531
51534
51538
51542
51554
51557
51560
51562
51565
51571
51575
51580
51582
51585
51592
51597
51600
51602
51604
51609
51616
51620
51625
51632
51634
51637
51641
51645
51650
51652
51654
51656
51658
51661
51668
51671
51674
51677
51679
51682
51684
51686
51688
51690
51694
51697
51699
51703
51706
51712
51720
51724
51728
51730
51732
51736
51742
51750
51755
51759
51761
51766
51770
51777
51783
51786
51791
51794
51796
51800
51803
51812
51821
51824
51828
51833
51837
51840
51844
51848
51852
51856
51860
51866
51868
51872
51882
51884
51887
51898
51902
51904
51906
51912
51916
51919
51923
51927
51929
51933
51938
51943
51947
51952
51957
51963
51965
51971
51973
51983
51987
51989
51991
51995
52002
52005
52011
52016
52019
52026
52030
52033
52036
52040
52045
52047
52051
52055
52057
52060
52063
52066
52072
52074
52079
52086
52091
52096
52098
52105
52113
52117
52127
52129
52131
52138
52143
52150
52152
52154
52161
52163
52173
52177
52181
52188
52190
52192
52196
52200
52207
52214
52217
52223
52225
52231
52237
52241
52243
52245
52248
52251
52253
52257
52259
52263
52269
52280
52285
52287
52291
52293
52298
52301
52304
52307
52310
52317
52320
52325
52331
52333
52338
52343
52345
52354
52356
52362
52364
52367
52375
52378
52380
52382
52387
52390
52393
52402
52405
52408
52411
52415
52417
52420
52427
52434
52437
52441
52447
52450
52455
52457
52464
52470
52483
52485
52490
52492
52495
52501
52506
52509
52513
52515
52518
52524
52526
52529
52534
52541
52544
52546
52550
52556
52558
52565
52568
52571
52575
52582
52584
52593
52597
52601
52610
52613
52617
52621
52624
52628
52632
52635
52637
52640
52643
52646
52649
52657
52660
52662
52664
52670
52678
52683
52686
52690
52693
52700
52710
52718
52723
52726
52729
52737
52743
52757
52759
52766
52772
52775
52786
52790
52795
52797
52804
52812
52814
52827
52832
52841
52843
52846
52849
52851
52855
52861
52863
52868
52870
52878
52880
52886
52890
52893
52898
52909
52911
52920
52925
52933
52935
52940
52944
52947
52953
52957
52959
52968
52970
52976
52978
52980
52982
52990
52995
52997
53006
53009
53013
53017
53022
53024
53027
53031
53036
53040
53043
53046
53049
53051
53053
53062
53065
53067
53070
53073
53076
53084
53091
53102
53110
53112
53115
53117
53119
53126
53128
53137
53143
53152
53155
53157
53163
53167
53169
53176
53180
53183
53189
53191
53194
53200
53204
53207
53224
53228
53230
53232
53234
53240
53251
53257
53259
53261
53270
53274
53277
53282
53285
53288
53290
53297
53303
53307
53309
53318
53320
53326
53329
53336
53339
53342
53344
53346
53350
53354
53356
53360
53362
53364
53368
53371
53374
53378
53388
53393
53410
53416
53422
53426
53428
53435
53442
53451
53455
53459
53461
53463
53468
53470
53473
53485
53488
53491
53494
53497
53504
53507
53518
53527
53531
53533
53535
53540
53543
53546
53549
53553
53556
53562
53564
53570
53577
53580
53582
53586
53593
53601
53605
53613
53620
53624
53628
53630
53633
53635
53638
53642
53648
53660
53664
53670
53675
53685
53688
53693
53698
53701
53705
53707
53711
53725
53727
53730
53734
53737
53740
53743
53746
53749
53752
53754
53757
53762
53765
53773
53780
53783
53788
53793
53800
53804
53807
53813
53823
53825
53827
53831
53833
53836
53846
53850
53852
53854
53857
53859
53862
53865
53867
53869
53875
53878
53880
53884
53886
53889
53892
53897
53900
53902
53904
53909
53911
53914
53916
53922
53925
53930
53932
53934
53941
53944
53951
53958
53965
53972
53978
53988
53992
53998
54007
54013
54017
54020
54022
54028
54031
54034
54036
54040
54043
54046
54048
54050
54052
54055
54057
54061
54063
54066
54068
54071
54073
54076
54081
54084
54086
54090
54093
54099
54101
54106
54121
54128
54130
54135
54138
54140
54144
54161
54163
54166
54168
54170
54174
54178
54180
54184
54196
54200
54204
54207
54210
54212
54215
54222
54224
54228
54231
54236
54241
54245
54249
54253
54256
54263
54271
54275
54277
54283
54285
54295
54298
54300
54310
54313
54317
54320
54323
54330
54332
54337
54343
54346
54351
54355
54363
54365
54368
54373
54375
54381
54383
54386
54389
54392
54401
54404
54407
54415
54422
54427
54429
54431
54435
54440
54444
54448
54454
54458
54465
54469
54474
54476
54478
54480
54485
54487
54490
54495
54499
54501
54506
54511
54514
54516
54523
54526
54530
54532
54535
54537
54539
54548
54552
54559
54562
54569
54571
54573
54576
54579
54581
54585
54587
54589
54593
54595
54604
54606
54608
54611
54616
54620
54622
54625
54627
54629
54637
54639
54641
54649
54653
54657
54661
54669
54674
54676
54683
54686
54690
54694
54705
54710
54714
54717
54724
54728
54731
54736
54739
54742
54754
54756
54759
54762
54768
54775
54778
54785
54788
54792
54798
54800
54803
54806
54813
54816
54819
54823
54828
54830
54833
54836
54839
54845
54847
54849
54853
54856
54859
54864
54866
54869
54874
54877
54880
54888
54893
54897
54901
54904
54908
54913
54915
54917
54923
54926
54930
54936
54938
54941
54944
54948
54951
54954
54958
54960
54964
54968
54972
54980
54982
54986
54988
54996
55001
55005
55007
55015
55019
55025
55028
55034
55036
55040
55042
55047
55049
55054
55058
55061
55065
55085
55089
55091
55097
55100
55103
55109
55111
55115
55118
55121
55123
55126
55132
55136
55142
55149
55163
55168
55174
55177
55180
55188
55192
55198
55203
55205
55208
55211
55213
55216
55221
55225
55232
55234
55237
55239
55242
55244
55249
55253
55259
55271
55273
55279
55281
55285
55291
55294
55296
55299
55301
55305
55307
55312
55320
55323
55325
55328
55330
55334
55336
55341
55347
55350
55355
55360
55366
55369
55376
55380
55383
55387
55391
55395
55397
55405
55407
55409
55411
55414
55417
55419
55428
55431
55433
55436
55438
55440
55444
55450
55453
55461
55463
55466
55473
55477
55484
55488
55495
55500
55506
55509
55521
55527
55529
55532
55539
55542
55545
55548
55551
55558
55561
55567
55569
55572
55576
55588
55591
55598
55605
55608
55613
55616
55623
55630
55635
55645
55650
55652
55663
55667
55669
55671
55673
55676
55679
55682
55685
55690
55698
55700
55702
55710
55715
55720
55724
55731
55733
55738
55741
55745
55750
55757
55767
55769
55772
55776
55779
55783
55785
55789
55796
55799
55802
55806
55809
55815
55820
55825
55833
55835
55842
55850
55854
55857
55861
55866
55869
55872
55876
55879
55882
55888
55893
55896
55901
55906
55916
55920
55923
55928
55931
55938
55944
55952
55957
55962
55965
55969
55975
55982
55985
55988
55991
55997
56001
56006
56013
56016
56019
56022
56024
56029
56034
56036
56040
56044
56048
56057
56060
56062
56066
56068
56071
56079
56082
56088
56092
56094
56097
56101
56106
56111
56116
56121
56125
56127
56137
56151
56155
56157
56162
56167
56172
56175
56179
56181
56186
56188
56191
56193
56202
56204
56209
56213
56215
56217
56219
56223
56225
56232
56236
56242
56246
56248
56250
56252
56257
56262
56268
56272
56274
56277
56282
56284
56288
56290
56293
56295
56298
56300
56304
56309
56311
56323
56332
56339
56342
56345
56349
56354
56360
56364
56367
56371
56378
56380
56382
56385
56387
56391
56394
56396
56399
56406
56411
56417
56420
56423
56425
56431
56435
56438
56440
56444
56447
56453
56457
56460
56462
56467
56469
56471
56482
56487
56495
56497
56505
56510
56514
56521
56524
56528
56530
56534
56536
56538
56555
56559
56565
56572
56582
56587
56589
56594
56598
56606
56612
56615
56622
56626
56636
56646
56652
56655
56657
56660
56664
56666
56674
56678
56682
56689
56696
56698
56702
56705
56708
56710
56713
56716
56719
56723
56725
56727
56731
56734
56738
56740
56742
56746
56750
56753
56757
56760
56762
56765
56767
56769
56774
56781
56786
56788
56790
56795
56798
56800
56802
56804
56806
56809
56815
56825
56833
56835
56838
56845
56851
56853
56859
56861
56863
56866
56870
56873
56876
56887
56893
56897
56901
56903
56909
56914
56918
56922
56925
56933
56941
56945
56947
56951
56954
56956
56958
56963
56965
56970
56977
56979
56983
56986
56989
56995
56998
57005
57010
57016
57020
57025
57027
57030
57033
57038
57041
57048
57053
57063
57065
57070
57074
57081
57084
57089
57091
57093
57097
57101
57106
57109
57112
57114
57118
57121
57123
57126
57132
57135
57139
57142
57148
57150
57154
57160
57165
57167
57174
57176
57182
57187
57191
57200
57203
57206
57208
57211
57214
57220
57227
57231
57234
57237
57239
57241
57247
57250
57255
57261
57265
57267
57270
57272
57275
57277
57283
57292
57296
57302
57311
57315
57324
57329
57331
57334
57336
57339
57342
57348
57354
57356
57358
57362
57364
57367
57374
57378
57381
57388
57392
57394
57411
57416
57418
57425
57429
57432
57435
57438
57444
57452
57457
57460
57463
57466
57468
57472
57477
57484
57487
57490
57498
57500
57503
57507
57509
57513
57515
57522
57527
57530
57533
57536
57540
57542
57544
57546
57552
57555
57559
57567
57571
57575
57578
57583
57585
57590
57595
57599
57601
57603
57612
57616
57618
57620
57624
57626
57629
57634
57641
57645
57650
57658
57660
57664
57666
57671
57675
57678
57684
57688
57694
57697
57700
57708
57720
57723
57729
57732
57737
57739
57741
57743
57747
57751
57755
57758
57760
57774
57776
57783
57788
57791
57794
57796
57806
57809
57813
57815
57818
57822
57825
57830
57833
57836
57843
57852
57854
57857
57861
57866
57869
57872
57876
57880
57884
57889
57892
57898
57902
57904
57911
57913
57922
57924
57927
57931
57937
57940
57942
57951
57954
57958
57960
57963
57967
57974
57981
57985
57987
57989
57994
57998
58001
58008
58012
58016
58019
58022
58024
58027
58029
58031
58034
58036
58038
58041
58045
58047
58053
58056
58060
58071
58077
58080
58083
58087
58094
58097
58101
58103
58106
58108
58112
58114
58119
58123
58127
58129
58134
58136
58142
58146
58149
58154
58161
58164
58166
58168
58176
58178
58181
58186
58189
58193
58197
58199
58201
58205
58209
58212
58214
58217
58221
58223
58226
58230
58233
58236
58238
58241
58244
58248
58251
58254
58258
58261
58266
58269
58274
58281
58284
58293
58296
58298
58303
58305
58317
58320
58327
58329
58331
58338
58340
58344
58348
58352
58356
58361
58370
58375
58382
58386
58391
58395
58400
58403
58408
58411
58414
58418
58421
58426
58433
58435
58437
58442
58446
58453
58458
58461
58464
58466
58471
58476
58479
58481
58484
58487
58490
58496
58500
58502
58507
58509
58516
58519
58524
58526
58529
58536
58539
58545
58555
58565
58571
58573
58575
58580
58582
58589
58591
58599
58605
58608
58610
58612
58614
58621
58627
58631
58633
58637
58639
58644
58649
58655
58657
58662
58664
58667
58671
58674
58676
58678
58681
58685
58689
58693
58699
58703
58706
58712
58718
58725
58727
58730
58737
58740
58745
58751
58754
58756
58759
58764
58770
58773
58776
58780
58786
58791
58796
58798
58801
58805
58807
58811
58816
58819
58828
58834
58838
58857
58866
58872
58878
58882
58884
58886
58894
58903
58908
58910
58923
58925
58930
58934
58939
58944
58947
58950
58952
58955
58967
58970
58978
58983
58987
58992
58998
59001
59004
59008
59012
59019
59021
59027
59029
59031
59034
59042
59050
59054
59060
59071
59075
59080
59087
59091
59099
59104
59110
59118
59122
59132
59135
59140
59146
59148
59150
59155
59160
59163
59166
59179
59185
59190
59193
59198
59203
59206
59211
59217
59222
59225
59228
59235
59244
59248
59253
59256
59264
59266
59269
59275
59278
59281
59286
59289
59295
59300
59302
59306
59313
59320
59323
59329
59331
59338
59340
59343
59347
59349
59359
59364
59375
59381
59385
59392
59397
59400
59404
59408
59410
59413
59416
59420
59422
59425
59430
59442
59449
59451
59463
59465
59467
59472
59476
59482
59485
59489
59491
59496
59503
59505
59509
59514
59516
59518
59520
59523
59526
59531
59535
59539
59542
59548
59552
59561
59568
59572
59576
59582
59587
59593
59596
59601
59605
59608
59617
59621
59624
59626
59630
59632
59636
59646
59650
59652
59656
59669
59672
59675
59680
59683
59685
59688
59692
59694
59696
59699
59701
59706
59709
59713
59722
59725
59730
59734
59737
59743
59746
59750
59753
59762
59765
59768
59773
59776
59782
59784
59788
59790
59792
59794
59798
59802
59804
59819
59824
59827
59829
59832
59836
59840
59843
59853
59858
59861
59864
59869
59876
59881
59885
59891
59893
59903
59909
59913
59916
59918
59920
59924
59930
59932
59940
59943
59949
59957
59961
59963
59968
59972
59977
59979
59982
59985
59990
59993
59999
60001
60007
60009
60014
60016
60021
60024
60028
60033
60038
60040
60044
60047
60054
60056
60059
60065
60068
60070
60074
60079
60083
60086
60089
60094
60097
60100
60102
60110
60119
60121
60128
60131
60136
60142
60147
60149
60152
60156
60161
60168
60171
60174
60178
60188
60193
60201
60210
60213
60217
60219
60223
60226
60234
60237
60240
60245
60249
60257
60262
60269
60272
60275
60281
60283
60285
60289
60298
60304
60308
60312
60314
60321
60329
60332
60337
60339
60341
60343
60347
60351
60353
60355
60360
60366
60369
60371
60374
60382
60386
60388
60392
60399
60402
60406
60412
60416
60419
60423
60426
60433
60437
60443
60445
60447
60450
60453
60456
60461
60466
60469
60474
60480
60484
60489
60492
60500
60505
60509
60511
60513
60516
60521
60524
60528
60538
60543
60546
60552
60555
60562
60564
60567
60570
60574
60579
60583
60585
60587
60590
60597
60599
60603
60611
60614
60617
60625
60628
60631
60634
60636
60643
60649
60653
60656
60658
60663
60669
60674
60677
60679
60681
60689
60692
60696
60699
60702
60709
60712
60714
60716
60718
60723
60726
60731
60740
60745
60749
60755
60757
60767
60772
60775
60780
60782
60784
60786
60788
60792
60795
60802
60808
60816
60820
60824
60831
60839
60841
60844
60854
60857
60859
60862
60866
60869
60876
60885
60898
60900
60905
60912
60914
60916
60920
60925
60927
60931
60934
60936
60939
60946
60948
60951
60953
60958
60970
60972
60975
60979
60982
60985
60990
60992
60996
61001
61004
61007
61011
61013
61019
61022
61025
61030
61033
61037
61039
61042
61046
61049
61052
61056
61062
61068
61077
61079
61081
61087
61089
61098
61102
61106
61112
61115
61119
61124
61128
61131
61134
61136
61141
61144
61151
61154
61156
61159
61163
61166
61168
61174
61178
61181
61185
61190
61196
61198
61200
61207
61210
61215
61218
61226
61230
61233
61241
61245
61249
61251
61254
61256
61266
61271
61273
61281
61283
61293
61297
61299
61303
61305
61309
61311
61321
61328
61332
61338
61344
61348
61351
61353
61361
61365
61372
61374
61377
61379
61382
61388
61392
61394
61396
61398
61402
61407
61414
61416
61423
61427
61429
61432
61438
