35
64
91
121
149
181
209
241
268
300
339
372
412
441
459
490
522
551
579
611
645
684
710
744
780
810
844
870
902
930
963
999
1026
1068
1097
1126
1158
1196
1229
1263
1291
1322
1358
1387
1414
1451
1476
1512
1549
1577
1614
1650
1686
1717
1742
1764
1801
1831
1862
1886
1922
1966
1999
2033
2062
2098
2125
2153
2178
2211
2236
2270
2309
2342
2372
2402
2430
2462
2491
2523
2558
2584
2607
2631
2663
2690
2718
2751
2784
2820
2852
2879
2907
2936
2962
2995
3026
3057
3092
3122
3150
3178
3208
3235
3271
3293
3319
3352
3379
3409
3446
3478
3509
3540
3568
3607
3633
3663
3688
3708
3739
3775
3812
3840
3868
3896
3918
3952
3980
4007
4037
4067
4102
4138
4169
4194
4229
4257
4286
4318
4350
4378
4409
4435
4464
4495
4520
4558
4591
4623
4659
4684
4713
4748
4781
4816
4845
4867
4889
4919
4947
4986
5021
5051
5082
5122
5151
5178
5207
5236
5264
5289
5317
5347
5385
5417
5444
5464
5492
5525
5553
5582
5607
5637
5672
5709
5734
5772
5797
5825
5856
5883
5915
5946
5973
6001
6029
6053
6087
6113
6135
6164
6191
6224
6255
6282
6320
6355
6388
6418
6451
6478
6509
6539
6569
6597
6621
6654
6686
6718
6749
6780
6804
6832
6862
6893
6927
6959
6989
7024
7057
7086
7114
7151
7176
7200
7229
7266
7299
7330
7359
7391
7419
7448
7481
7501
7532
7562
7592
7622
7649
7678
7707
7733
7766
7793
7814
7845
7873
7901
7933
7958
7991
8024
8056
8088
8127
8163
8189
8223
8246
8276
8307
8341
8374
8403
8424
8451
8479
8512
8540
8571
8597
8631
8668
8696
8730
8763
8791
8823
8850
8881
8911
8941
8975
9004
9033
9070
9100
9128
9157
9180
9208
9238
9259
9292
9325
9354
9385
9416
9443
9467
9492
9528
9548
9573
9599
9623
9649
9678
9703
9730
9757
9796
9819
9845
9870
9899
9930
9958
9986
10013
10035
10067
10096
10129
10158
10188
10219
10250
10278
10307
10338
10366
10392
10420
10447
10485
10513
10542
10570
10593
10616
10648
10673
10699
10730
10759
10787
10820
10856
10879
10906
10937
10968
10994
11020
11050
11077
11104
11137
11165
11195
11228
11247
11276
11309
11341
11375
11406
11431
11460
11488
11514
11540
11573
11597
11621
11645
11677
11711
11741
11767
11794
11822
11849
11875
11898
11928
11954
11985
12011
12041
12065
12095
12128
12153
12180
12204
12230
12254
12292
12320
12356
12386
12413
12435
12462
12489
12519
12542
12571
12597
12629
12654
12680
12713
12743
12764
12799
12821
12843
12870
12896
12918
12944
12974
13003
13024
13051
13081
13105
13134
13161
13185
13214
13239
13268
13295
13322
13347
13376
13403
13428
13462
13495
13517
13552
13584
13617
13645
13671
13697
13723
13753
13789
13823
13857
13886
13912
13939
13969
13991
14014
14040
14058
14082
14104
14134
14159
14185
14212
14239
14262
14284
14311
14344
14378
14408
14437
14468
14495
14513
14539
14566
14586
14614
14637
14661
14684
14716
14741
14768
14798
14824
14846
14874
14899
14930
14957
14980
15013
15037
15062
15089
15113
15139
15168
15197
15222
15244
15265
15291
15318
15343
15371
15402
15428
15448
15468
15494
15520
15544
15572
15599
15628
15650
15675
15701
15726
15748
15774
15800
15828
15858
15883
15904
15936
15962
15986
16015
16038
16064
16087
16112
16134
16161
16189
16211
16235
16260
16288
16316
16348
16375
16397
16423
16450
16473
16501
16525
16546
16570
16594
16617
16640
16665
16687
16710
16735
16758
16787
16812
16835
16855
16883
16910
16936
16958
16984
17014
17038
17060
17086
17112
17138
17161
17192
17216
17237
17266
17284
17306
17330
17356
17377
17405
17429
17454
17478
17510
17536
17571
17595
17617
17641
17661
17684
17709
17731
17755
17783
17814
17841
17862
17892
17920
17948
17970
17996
18023
18052
18071
18098
18125
18151
18170
18197
18218
18239
18265
18293
18315
18338
18365
18385
18414
18443
18466
18484
18505
18529
18552
18576
18601
18629
18650
18669
18694
18717
18742
18767
18791
18817
18839
18865
18891
18918
18946
18969
18987
19015
19037
19068
19091
19113
19143
19165
19187
19209
19231
19255
19276
19298
19321
19345
19377
19396
19425
19445
19463
19489
19513
19536
19564
19583
19617
19645
19673
19697
19721
19744
19768
19796
19819
19840
19866
19892
19916
19942
19961
19987
20012
20041
20063
20084
20112
20143
20167
20191
20215
20238
20261
20286
20309
20334
20359
20385
20406
20429
20452
20479
20501
20527
20550
20577
20599
20631
20650
20682
20707
20734
20755
20781
20805
20832
20855
20878
20902
20926
20955
20975
21002
21029
21052
21080
21101
21131
21155
21178
21202
21221
21248
21275
21301
21329
21353
21385
21411
21436
21459
21483
21503
21527
21549
21568
21592
21616
21643
21672
21695
21721
21739
21764
21786
21812
21830
21854
21880
21904
21931
21956
21980
22007
22028
22048
22073
22099
22119
22142
22164
22186
22207
22236
22261
22283
22309
22335
22359
22387
22409
22429
22457
22485
22514
22537
22567
22587
22614
22639
22665
22685
22709
22730
22750
22782
22808
22830
22857
22888
22910
22928
22947
22967
22989
23010
23038
23060
23086
23107
23134
23159
23193
23222
23246
23263
23293
23317
23338
23360
23391
23414
23439
23464
23487
23513
23536
23563
23588
23608
23634
23657
23683
23707
23727
23749
23772
23792
23814
23842
23874
23895
23915
23943
23970
23992
24021
24040
24065
24093
24121
24145
24167
24192
24219
24241
24265
24286
24313
24334
24353
24375
24399
24419
24441
24461
24489
24510
24532
24559
24584
24606
24624
24647
24665
24686
24709
24728
24748
24773
24799
24821
24840
24865
24892
24917
24946
24971
24993
25018
25039
25058
25081
25103
25126
25155
25183
25208
25228
25255
25282
25304
25328
25350
25373
25397
25419
25442
25466
25487
25507
25532
25556
25577
25596
25618
25641
25660
25685
25708
25728
25754
25776
25799
25822
25844
25863
25884
25907
25929
25950
25976
25999
26025
26048
26071
26092
26113
26137
26160
26181
26207
26228
26252
26275
26298
26322
26349
26371
26396
26421
26444
26469
26492
26519
26538
26561
26585
26610
26630
26658
26677
26699
26718
26740
26759
26785
26811
26833
26863
26885
26906
26932
26959
26984
27002
27025
27048
27072
27091
27113
27135
27160
27189
27213
27239
27260
27283
27306
27329
27350
27373
27400
27423
27446
27467
27490
27513
27531
27555
27578
27600
27626
27647
27666
27687
27708
27735
27757
27777
27797
27819
27844
27865
27881
27901
27929
27946
27966
27988
28012
28036
28057
28079
28104
28127
28147
28167
28185
28208
28226
28251
28274
28301
28321
28342
28361
28384
28402
28427
28450
28472
28497
28526
28546
28570
28594
28615
28636
28661
28684
28707
28728
28750
28776
28798
28818
28840
28860
28884
28915
28934
28959
28977
29000
29021
29041
29064
29085
29115
29137
29160
29181
29202
29226
29251
29280
29307
29333
29357
29386
29407
29432
29459
29478
29495
29516
29537
29557
29579
29603
29625
29644
29670
29690
29710
29733
29757
29776
29793
29818
29838
29867
29894
29915
29936
29961
29986
30008
30030
30052
30074
30095
30122
30142
30165
30183
30209
30229
30248
30270
30289
30314
30330
30351
30373
30397
30415
30443
30471
30491
30514
30531
30555
30575
30594
30615
30635
30656
30677
30700
30720
30739
30759
30778
30801
30822
30846
30866
30887
30908
30929
30954
30975
30999
31019
31043
31070
31090
31114
31138
31159
31184
31204
31226
31248
31268
31287
31305
31325
31346
31367
31391
31408
31430
31450
31470
31493
31520
31540
31565
31584
31605
31626
31645
31663
31687
31704
31726
31746
31764
31785
31807
31827
31853
31874
31897
31917
31937
31957
31981
32000
32022
32041
32066
32088
32106
32132
32155
32175
32197
32223
32243
32266
32291
32317
32342
32361
32380
32399
32420
32440
32462
32478
32498
32523
32547
32563
32585
32610
32629
32649
32668
32694
32714
32735
32759
32782
32806
32829
32848
32868
32893
32912
32932
32956
32977
33003
33025
33048
33071
33094
33114
33132
33151
33174
33193
33218
33240
33260
33281
33305
33325
33344
33365
33388
33410
33428
33447
33466
33489
33512
33534
33556
33582
33606
33624
33644
33660
33683
33709
33734
33752
33774
33795
33811
33831
33851
33874
33894
33915
33934
33955
33972
33993
34011
34034
34053
34075
34094
34113
34133
34151
34172
34188
34210
34229
34249
34271
34294
34325
34349
34367
34386
34406
34426
34450
34472
34493
34513
34535
34555
34575
34593
34613
34632
34650
34670
34690
34708
34728
34747
34764
34785
34807
34827
34849
34876
34898
34917
34935
34955
34974
34994
35019
35038
35060
35081
35100
35123
35145
35167
35186
35212
35237
35259
35274
35294
35312
35329
35350
35371
35391
35410
35429
35452
35472
35493
35514
35540
35557
35577
35597
35618
35637
35655
35674
35692
35713
35738
35756
35775
35795
35818
35838
35859
35879
35903
35930
35951
35970
35990
36008
36031
36052
36074
36099
36117
36138
36159
36180
36204
36223
36241
36264
36280
36302
36320
36340
36360
36384
36402
36430
36450
36468
36489
36510
36530
36552
36570
36594
36612
36632
36651
36672
36696
36720
36740
36761
36781
36802
36824
36843
36865
36886
36908
36924
36949
36969
36988
37004
37022
37044
37066
37084
37103
37120
37141
37160
37178
37205
37223
37244
37265
37284
37303
37326
37345
37364
37387
37405
37428
37448
37466
37489
37510
37529
37549
37572
37593
37612
37636
37659
37680
37698
37722
37744
37762
37782
37801
37817
37839
37863
37881
37901
37921
37941
37961
37982
38000
38015
38033
38057
38074
38096
38121
38141
38159
38179
38199
38216
38234
38250
38269
38288
38307
38327
38346
38365
38384
38409
38428
38450
38467
38486
38505
38523
38540
38559
38577
38595
38619
38637
38659
38679
38698
38720
38738
38757
38773
38792
38813
38836
38851
38873
38894
38917
38935
38952
38971
38994
39012
39028
39045
39061
39079
39097
39116
39133
39150
39169
39188
39208
39228
39246
39266
39283
39304
39324
39343
39363
39385
39403
39423
39444
39467
39486
39504
39523
39545
39567
39588
39611
39630
39650
39669
39688
39710
39730
39751
39771
39787
39805
39826
39845
39866
39889
39908
39929
39947
39964
39982
40001
40022
40039
40058
40078
40097
40117
40135
40153
40174
40193
40213
40230
40250
40269
40291
40313
40329
40346
40365
40386
40405
40423
40440
40459
40479
40501
40518
40537
40557
40578
40598
40620
40639
40656
40675
40693
40712
40733
40750
40775
40796
40818
40840
40859
40879
40899
40918
40942
40963
40981
40997
41014
41034
41053
41075
41093
41113
41130
41148
41168
41188
41204
41222
41240
41259
41277
41296
41313
41331
41347
41368
41389
41406
41425
41442
41461
41478
41495
41514
41531
41549
41565
41583
41602
41619
41640
41658
41674
41691
41709
41727
41747
41764
41784
41807
41824
41845
41865
41882
41899
41919
41939
41955
41974
41996
42019
42040
42060
42078
42096
42115
42131
42152
42169
42185
42202
42221
42239
42257
42277
42294
42316
42340
42359
42377
42398
42418
42437
42459
42478
42496
42517
42536
42558
42576
42593
42609
42627
42644
42665
42684
42707
42724
42742
42766
42785
42802
42825
42846
42867
42888
42910
42928
42946
42967
42989
43006
43028
43045
43064
43084
43104
43123
43143
43163
43182
43201
43219
43234
43252
43269
43288
43303
43320
43341
43359
43380
43403
43422
43439
43462
43485
43503
43522
43541
43562
43584
43601
43622
43644
43664
43680
43698
43716
43731
43747
43764
43780
43798
43814
43836
43854
43873
43892
43909
43928
43948
43964
43984
44004
44020
44040
44060
44077
44100
44115
44135
44154
44172
44189
44208
44225
44248
44269
44287
44304
44321
44338
44355
44373
44393
44411
44427
44445
44462
44482
44501
44519
44535
44554
44570
44593
44613
44631
44651
44668
44688
44704
44722
44740
44755
44772
44793
44811
44829
44848
44866
44889
44907
44926
44945
44962
44982
45001
45018
45035
45050
45067
45084
45101
45117
45139
45156
45174
45192
45210
45226
45244
45263
45284
45302
45321
45340
45357
45376
45397
45413
45434
45450
45469
45490
45508
45529
45548
45565
45583
45605
45624
45641
45658
45677
45696
45713
45729
45746
45763
45780
45802
45822
45842
45860
45878
45899
45916
45932
45951
45968
45984
46004
46023
46045
46063
46085
46102
46121
46141
46161
46182
46202
46217
46235
46255
46272
46289
46306
46323
46340
46356
46377
46392
46410
46430
46446
46463
46480
46502
46519
46536
46556
46575
46590
46611
46627
46645
46663
46682
46698
46717
46734
46751
46770
46786
46808
46829
46846
46863
46881
46897
46919
46939
46960
46980
46997
47018
47034
47054
47073
47092
47111
47127
47144
47162
47177
47194
47212
47231
47250
47267
47284
47300
47317
47336
47359
47375
47393
47411
47429
47448
47467
47484
47501
47522
47539
47557
47573
47590
47611
47630
47646
47664
47683
47702
47721
47738
47754
47773
47792
47812
47831
47848
47867
47884
47901
47918
47934
47956
47974
47991
48008
48024
48042
48059
48077
48092
48110
48128
48145
48164
48181
48200
48219
48236
48255
48272
48288
48304
48326
48341
48362
48382
48400
48420
48437
48454
48475
48492
48509
48528
48549
48567
48583
48601
48618
48635
48652
48669
48690
48707
48724
48743
48759
48778
48795
48812
48830
48849
48865
48883
48902
48919
48936
48956
48977
48995
49012
49029
49045
49063
49081
49099
49119
49138
49154
49175
49190
49211
49228
49247
49265
49283
49301
49320
49339
49359
49378
49398
49415
49430
49446
49462
49477
49496
49512
49527
49546
49563
49582
49601
49620
49638
49654
49671
49688
49707
49723
49740
49757
49773
49790
49806
49821
49836
49855
49872
49889
49904
49922
49938
49957
49976
49991
50009
50026
50045
50067
50084
50099
50116
50135
50153
50169
50185
50200
50216
50233
50252
50271
50290
50308
50326
50341
50358
50374
50395
50411
50426
50441
50457
50472
50491
50510
50527
50545
50563
50582
50598
50614
50631
50650
50670
50687
50703
50723
50738
50753
50769
50785
50802
50818
50836
50851
50867
50883
50900
50916
50931
50948
50965
50984
51001
51020
51037
51053
51072
51089
51109
51127
51144
51160
51175
51193
51209
51225
51240
51259
51279
51295
51312
51328
51345
51364
51382
51399
51416
51434
51451
51471
51487
51504
51522
51538
51554
51572
51589
51608
51630
51646
51663
51679
51698
51714
51732
51749
51767
51784
51801
51816
51831
51849
51864
51880
51896
51913
51929
51948
51967
51984
52000
52017
52032
52048
52066
52085
52103
52119
52137
52152
52170
52189
52204
52225
52242
52262
52279
52295
52311
52328
52347
52363
52378
52394
52410
52425
52440
52457
52473
52489
52506
52523
52541
52559
52577
52593
52610
52627
52643
52661
52678
52696
52714
52732
52750
52770
52786
52802
52819
52837
52853
52868
52885
52902
52918
52936
52952
52969
52984
52999
53014
53032
53050
53067
53084
53100
53117
53134
53150
53168
53185
53203
53220
53236
53253
53270
53285
53302
53320
53335
53352
53369
53385
53400
53417
53434
53450
53467
53483
53498
53516
53531
53547
53564
53583
53600
53615
53631
53647
53664
53679
53696
53713
53728
53745
53761
53777
53792
53810
53825
53841
53858
53875
53891
53907
53925
53941
53957
53974
53991
54006
54023
54040
54056
54072
54088
54104
54125
54143
54158
54174
54190
54206
54221
54241
54257
54272
54287
54302
54319
54338
54355
54370
54389
54408
54426
54446
54463
54478
54494
54509
54524
54540
54555
54570
54589
54607
54623
54639
54656
54673
54690
54706
54723
54738
54758
54774
54793
54810
54827
54843
54858
54874
54891
54908
54925
54942
54957
54973
54988
55004
55023
55040
55058
55076
55095
55110
55126
55142
55159
55177
55193
55209
55225
55242
55257
55272
55289
55305
55322
55338
55356
55372
55392
55407
55423
55439
55455
55471
55486
55502
55517
55533
55550
55566
55585
55602
55617
55633
55652
55667
55684
55704
55721
55736
55752
55768
55785
55803
55818
55834
55853
55869
55884
55901
55916
55936
55953
55971
55987
56004
56020
56037
56056
56073
56090
56106
56123
56141
56158
56176
56191
56206
56221
56238
56255
56271
56287
56304
56321
56338
56353
56368
56383
56399
56415
56431
56446
56462
56477
56494
56511
56528
56543
56560
56577
56595
56616
56632
56647
56662
56678
56695
56710
56727
56742
56757
56772
56788
56803
56818
56833
56848
56865
56880
56899
56914
56929
56947
56963
56978
56997
57012
57028
57044
57059
57074
57091
57106
57122
57139
57156
57175
57193
57209
57225
57241
57257
57273
57290
57306
57323
57339
57356
57371
57389
57407
57423
57438
57454
57470
57485
57500
57515
57535
57552
57569
57586
57603
57620
57637
57654
57669
57685
57705
57722
57738
57756
57772
57788
57804
57820
57835
57851
57866
57881
57896
57911
57927
57943
57959
57978
57995
58012
58027
58042
58059
58074
58092
58107
58123
58140
58155
58170
58186
58202
58220
58236
58251
58267
58284
58300
58317
58334
58350
58365
58380
58395
58411
58426
58443
58459
58476
58492
58510
58525
58542
58558
58575
58591
58606
58622
58638
58654
58670
58687
58703
58720
58736
58751
58766
58783
58798
58814
58830
58845
58861
58877
58893
58908
58924
58941
58956
58972
58990
59005
59021
59038
59053
59068
59083
59100
59115
59130
59146
59162
59178
59193
59211
59226
59242
59259
59274
59289
59305
59321
59336
59352
59368
59385
59402
59419
59435
59450
59465
59481
59496
59511
59527
59544
59562
59579
59594
59610
59625
59640
59656
59671
59686
59701
59718
59734
59751
59767
59782
59798
59814
59831
59847
59864
59879
59895
59911
59926
59943
59959
59977
59993
60012
60027
60045
60061
60078
60095
60114
60132
60148
60163
60181
60199
60215
60232
60248
60265
60281
60297
60313
60331
60350
60369
60384
60402
60418
60434
60449
60464
60482
60497
60512
60527
60544
60559
60574
60591
60608
60624
60640
60656
60674
60689
60705
60721
60737
60754
60770
60786
60803
60821
60837
60853
60870
60886
60903
60921
60937
60952
60967
60982
60999
61014
61030
61045
61061
61077
61093
61108
61123
61140
61156
61171
61187
61203
61218
61233
61249
61266
61281
61298
61315
61331
61346
61361
61378
61393
61409
61425
61440
61460
61475
61492
61508
61524
61540
61557
61574
61590
61606
61621
61636
61653
61671
61687
61702
61718
61734
61752
61769
61784
61800
61815
61831
61847
61864
61879
61894
61910
61926
61941
61958
61973
61989
62006
62022
62040
62057
62073
62089
62105
62122
62139
62157
62173
62189
62204
62221
62236
62253
62269
62284
62299
62314
62331
62347
62365
62382
62401
62418
62434
62454
62469
62486
62501
62519
62538
62555
62571
62586
62602
62619
62634
62651
62667
62686
62701
62716
62731
62748
62765
62783
62798
62814
62829
62844
62862
62878
62895
62912
62928
62944
62962
62979
62996
63013
63030
63045
63061
63076
63092
63109
63127
63144
63159
63175
63192
63213
63229
63244
63261
63276
63291
63307
63322
63337
63354
63370
63386
63401
63416
63433
63451
63467
63482
63498
63513
63528
63546
63561
63576
63592
63607
63622
63638
63655
63672
63687
63704
63720
63737
63752
63768
63783
63799
63814
63829
63845
63860
63876
63892
63908
63924
63940
63956
63973
63989
64006
64021
64036
64051
64069
64084
64101
64117
64135
64151
64168
64183
64200
64216
64231
64248
64264
64281
64296
64312
64329
64344
64360
64375
64390
64407
64422
64438
64453
64469
64484
64501
64516
64534
64549
64566
64584
64599
64615
64630
64645
64663
64680
64696
64711
64726
64742
64760
64776
64793
64809
64825
64842
64857
64873
64888
64903
64918
64934
64950
64966
64981
64997
65013
65028
65044
65059
65074
65089
65105
65121
65137
65154
65170
65186
65201
65217
65232
65247
65263
65279
65295
65310
65325
65340
65357
65373
65388
65405
65420
65438
65454
65470
65487
65502
65517
65535
65550
65565
65580
65595
65610
65626
65642
65659
65674
65690
65707
65722
65737
65752
65767
65783
65800
65817
65833
65849
65866
65881
65896
65911
65927
65944
65960
65975
65991
66006
66022
66038
66054
66070
66085
66100
66117
66133
66149
66165
66181
66197
66214
66230
66247
66263
66278
66293
66308
66324
66339
66355
66370
66387
66403
66419
66435
66451
66466
66484
66499
66514
66530
66547
66562
66578
66594
66610
66627
66642
66659
66674
66689
66704
66720
66735
66750
66765
66781
66799
66816
66832
66848
66864
66879
66895
66912
66928
66945
66961
66977
66992
67008
67024
67040
67057
67072
67089
67104
67121
67138
67154
67169
67184
67200
67215
67231
67246
67262
67278
67293
67308
67324
67339
67354
67370
67386
67402
67420
67435
67451
67466
67483
67498
67513
67529
67544
67559
67576
67592
67608
67623
67638
67654
67669
67685
67702
67718
67734
67749
67764
67780
67797
67812
67827
67843
67859
67875
67890
67905
67924
67939
67957
67972
67990
68005
68020
68035
68050
68066
68082
68097
68115
68131
68147
68162
68178
68193
68208
68226
68241
68257
68274
68289
68304
68320
68336
68354
68369
68385
68400
68420
68435
68450
68466
68482
68497
68514
68530
68546
68564
68581
68598
68613
68628
68643
68659
68675
68693
68709
68725
68741
68758
68774
68789
68805
68821
68838
68855
68871
68888
68904
68919
68934
68950
68966
68983
68998
69016
69032
69047
69062
69077
69093
69109
69125
69141
69159
69177
69194
69210
69227
69242
69257
69272
69287
69304
69319
69335
69353
69369
69386
69402
69420
69436
69451
69468
69483
69500
69515
69531
69548
69564
69580
69595
69611
69626
69645
69660
69675
69690
69705
69722
69738
69754
69770
69785
69801
69816
69832
69850
69866
69883
69900
69916
69931
69949
69964
69979
69995
70011
70026
70041
70058
70073
70089
70104
70120
70137
70152
70168
70186
70201
70216
70231
70247
70264
70279
70294
70310
70326
70342
70358
70374
70389
70404
70420
70436
70452
70467
70484
70502
70518
70535
70550
70565
70580
70595
70611
70627
70642
70657
70675
70692
70708
70724
70739
70756
70772
70788
70803
70818
70833
70848
70864
70880
70897
70914
70929
70944
70960
70975
70994
71010
71025
71040
71057
71072
71087
71102
71117
71133
71148
71165
71181
71197
71213
71228
71244
71260
71275
71291
71307
71323
71338
71355
71370
71387
71403
71419
71434
71451
71466
71481
71497
71513
71531
71547
71563
71579
71594
71609
71624
71639
71654
71671
71689
71706
71722
71738
71755
71770
71785
71800
71816
71833
71850
71865
71880
71896
71911
71928
71943
71959
71975
71990
72005
72020
72036
72051
72066
72082
72097
72112
72127
72142
72157
72172
72190
72206
72221
72236
72253
72270
72286
72301
72318
72333
72349
72364
72379
72396
72413
72429
72444
72459
72475
72491
72506
72521
72537
72552
72567
72582
72598
72613
72628
72644
72660
72675
72693
72709
72724
72739
72754
72770
72788
72803
72818
72834
72849
72865
72881
72897
72913
72929
72944
72962
72978
72993
73008
73025
73040
73055
73070
73085
73100
73115
73131
73146
73162
73177
73193
73208
73223
73240
73256
73272
73288
73304
73319
73334
73349
73364
73380
73396
73411
73428
73445
73461
73478
73494
73510
73526
73543
73559
73575
73591
73606
73623
73638
73654
73669
73684
73699
73714
73729
73746
73761
73776
73792
73811
73827
73842
73857
73874
73890
73905
73920
73935
73950
73968
73984
73999
74014
74029
74046
74061
74077
74093
74108
74123
74139
74154
74170
74188
74203
74220
74235
74252
74268
74285
74301
74317
74333
74348
74365
74381
74397
74412
74427
74444
74460
74476
74491
74507
74523
74540
74557
74573
74589
74604
74619
74636
74651
74666
74683
74698
74713
74730
74747
74762
74778
74793
74809
74824
74841
74856
74873
74888
74905
74920
74936
74953
74968
74983
74998
75014
75029
75045
75062
75079
75095
75112
75129
75144
75159
75174
75190
75205
75220
75237
75252
75268
75283
75298
75313
75328
75343
75358
75374
75392
75408
75425
75440
75457
75472
75488
75503
75518
75534
75550
75567
75582
75597
75612
75627
75642
75658
75674
75690
75706
75722
75737
75754
75770
75785
75800
75816
75831
75846
75863
75881
75896
75912
75928
75944
75959
75975
75990
76005
76021
76036
76051
76067
76082
76097
76112
76127
76142
76157
76173
76191
76206
76222
76239
76256
76272
76290
76305
76320
76335
76351
76367
76382
76397
76413
76430
76445
76460
76475
76490
76505
76520
76535
76550
76565
76580
76595
76610
76627
76644
76660
76677
76694
76711
76728
76744
76759
76775
76791
76806
76821
76836
76851
76867
76883
76899
76915
76932
76950
76967
76983
76998
77014
77030
77046
77062
77080
77096
77111
77126
77143
77158
77174
77189
77204
77221
77237
77252
77267
77282
77297
77313
77329
77345
77361
77377
77394
77410
77426
77441
77458
77474
77489
77505
77520
77536
77552
77567
77585
77601
77616
77632
77647
77664
77680
77695
77711
77726
77741
77758
77773
77788
77804
77819
77835
77851
77866
77881
77897
77914
77929
77946
77961
77976
77992
78009
78025
78040
78056
78071
78087
78104
78119
78137
78152
78169
78186
78201
78216
78231
78246
78264
78279
78294
78309
78326
78342
78358
78375
78391
78407
78423
78439
78455
78472
78489
78505
78520
78536
78551
78566
78584
78599
78614
78630
78646
78661
78678
78694
78709
78724
78740
78757
78773
78788
78803
78818
78834
78850
78865
78880
78896
78912
78927
78943
78959
78975
78991
79007
79023
79039
79054
79072
79088
79104
79120
79135
79150
79167
79182
79197
79212
79228
79243
79258
79274
79290
79306
79324
79340
79355
79371
79388
79404
79419
79435
79450
79465
79480
79495
79510
79525
79540
79557
79573
79589
79604
79619
79634
79650
79667
79682
79699
79714
79730
79745
79760
79776
79793
79810
79825
79840
79856
79872
79887
79902
79919
79936
79951
79966
79982
79997
80013
80028
80044
80060
80077
80093
80108
80124
80139
80155
80171
80187
80202
80218
80235
80250
80266
80283
80299
80317
80333
80348
80365
80381
80396
80411
80426
80441
80458
80473
80490
80505
80520
80535
80551
80566
80582
80597
80613
80628
80643
80658
80674
80689
80705
80720
80735
80750
80765
80780
80796
80812
80828
80844
80860
80875
80890
80905
80920
80936
80951
80966
80982
80997
81014
81030
81046
81062
81078
81095
81110
81125
81141
81156
81171
81186
81201
81217
81233
81248
81264
81279
81295
81311
81326
81342
81357
81372
81387
81403
81418
81433
81448
81463
81480
81495
81510
81526
81541
81557
81572
81587
81602
81617
81633
81648
81663
81678
81693
81708
81724
81741
81757
81773
81789
81805
81820
81835
81850
81865
81882
81897
81913
81930
81946
81961
81977
81994
82009
82027
82042
82058
82074
82091
82106
82121
82137
82152
82167
82182
82197
82213
82228
82244
82259
82274
82291
82307
82322
82340
82356
82371
82386
82402
82418
82433
82448
82463
82478
82493
82508
82523
82538
82554
82570
82585
82601
82616
82631
82646
82662
82677
82692
82707
82723
82738
82753
82768
82783
82799
82814
82830
82845
82861
82876
82891
82907
82922
82937
82952
82968
82984
82999
83014
83029
83045
83060
83075
83090
83106
83122
83138
83154
83169
83184
83200
83215
83230
83246
83261
83277
83293
83308
83325
83340
83357
83372
83387
83403
83418
83433
83448
83464
83479
83495
83510
83526
83542
83557
83573
83589
83604
83620
83638
83653
83668
83685
83701
83716
83731
83749
83764
83779
83795
83810
83825
83840
83856
83871
83887
83902
83917
83932
83947
83962
83978
83993
84009
84025
84041
84056
84073
84089
84105
84120
84135
84151
84166
84182
84197
84214
84230
84246
84261
84277
84292
84307
84324
84339
84354
84369
84385
84401
84418
84433
84448
84463
84479
84494
84511
84526
84542
84558
84573
84592
84608
84624
84640
84655
84670
84686
84701
84717
84732
84747
84763
84779
84794
84809
84826
84843
84858
84876
84891
84907
84923
84938
84953
84970
84987
85003
85020
85035
85052
85067
85083
85098
85113
85129
85145
85161
85177
85192
85207
85224
85239
85255
85272
85288
85303
85319
85334
85349
85364
85379
85396
85411
85427
85444
85460
85477
85494
85510
85525
85542
85558
85573
85588
85604
85619
85634
85649
85666
85681
85696
85711
85726
85742
85757
85773
85788
85803
85819
85835
85850
85865
85880
85896
85911
85927
85943
85958
85973
85988
86004
86020
86036
86051
86066
86083
86098
86113
86128
86145
86162
86178
86193
86209
86224
86239
86255
86270
86285
86301
86316
86333
86351
86367
86382
86397
86412
86427
86442
86457
86473
86489
86504
86521
86536
86551
86567
86583
86599
86615
86631
86648
86663
86679
86695
86710
86726
86742
86761
86776
86791
86806
86822
86837
86854
86869
86884
86899
86914
86929
86944
86959
86975
86992
87007
87024
87039
87054
87069
87086
87101
87117
87132
87147
87164
87179
87195
87211
87227
87242
87257
87272
87287
87302
87317
87333
87348
87363
87378
87394
87410
87425
87440
87457
87472
87488
87503
87518
87534
87551
87568
87583
87598
87613
87628
87643
87659
87675
87692
87708
87724
87742
87758
87776
87792
87807
87822
87837
87853
87868
87884
87900
87915
87931
87946
87961
87976
87991
88006
88021
88038
88054
88069
88085
88103
88118
88135
88151
88167
88182
88197
88212
88227
88242
88257
88272
88288
88304
88319
88335
88350
88365
88380
88395
88410
88425
88440
88455
88470
88485
88502
88517
88533
88548
88563
88578
88593
88608
88623
88638
88654
88672
88688
88703
88722
88737
88754
88769
88784
88800
88815
88830
88845
88860
88876
88893
88908
88925
88940
88955
88972
88987
89002
89017
89032
89047
89064
89082
89098
89114
89129
89145
89160
89176
89191
89208
89223
89238
89253
89269
89284
89299
89315
89333
89348
89363
89378
89394
89410
89426
89442
89457
89473
89490
89506
89521
89538
89554
89569
89584
89599
89614
89630
89646
89662
89677
89692
89710
89725
89740
89755
89770
89785
89802
89819
89834
89849
89864
89881
89896
89911
89926
89941
89958
89975
89990
90006
90021
90036
90051
90066
90082
90099
90114
90129
90145
90162
90178
90194
90209
90224
90239
90254
90270
90286
90302
90317
90332
90347
90362
90377
90392
90407
90423
90439
90455
90470
90485
90500
90516
90534
90549
90564
90580
90596
90612
90627
90643
90659
90675
90690
90705
90722
90737
90754
90771
90787
90802
90818
90833
90848
90863
90880
90895
90911
90926
90942
90957
90972
90987
91004
91019
91035
91050
91065
91083
91098
91114
91130
91145
91160
91175
91190
91208
91223
91238
91253
91270
91287
91303
91319
91334
91349
91365
91381
91396
91411
91428
91444
91460
91475
91491
91507
91522
91538
91553
91569
91584
91600
91615
91631
91646
91663
91678
91694
91709
91724
91739
91755
91770
91785
91800
91815
91831
91846
91863
91878
91893
91911
91926
91942
91957
91973
91988
92003
92020
92035
92051
92066
92082
92099
92114
92129
92145
92162
92179
92195
92210
92225
92240
92255
92270
92286
92301
92317
92334
92349
92366
92382
92398
92413
92428
92443
92458
92474
92489
92505
92520
92535
92553
92569
92584
92600
92616
92632
92648
92663
92678
92694
92710
92725
92741
92756
92771
92786
92803
92818
92835
92851
92867
92883
92898
92913
92929
92944
92960
92975
92991
93006
93022
93037
93052
93070
93086
93101
93116
93132
93147
93162
93177
93192
93207
93222
93237
93256
93271
93286
93302
93317
93332
93347
93362
93379
93394
93409
93424
93439
93455
93471
93486
93501
93516
93531
93546
93562
93577
93592
93607
93622
93640
93655
93670
93686
93702
93718
93735
93750
93765
93780
93795
93812
93827
93842
93857
93873
93888
93903
93919
93934
93949
93965
93981
93997
94013
94028
94043
94058
94075
94092
94110
94125
94140
94155
94172
94187
94203
94218
94233
94248
94263
94278
94294
94309
94324
94339
94355
94370
94386
94401
94416
94431
94446
94462
94477
94494
94510
94526
94543
94558
94573
94589
94604
94619
94634
94649
94664
94680
94697
94712
94727
94742
94757
94772
94789
94805
94820
94836
94851
94867
94883
94899
94917
94932
94947
94962
94977
94993
95008
95023
95038
95053
95069
95084
95100
95115
95130
95145
95162
95180
95195
95210
95225
95241
95256
95271
95286
95302
95319
95334
95349
95365
95380
95395
95410
95425
95440
95456
95471
95486
95501
95518
95534
95549
95565
95580
95595
95611
95626
95641
95656
95672
95690
95705
95720
95735
95750
95765
95780
95797
95815
95830
95845
95860
95878
95893
95909
95924
95939
95954
95972
95987
96002
96017
96033
96049
96066
96081
96097
96112
96127
96144
96160
96175
96190
96206
96221
96236
96252
96268
96283
96299
96317
96332
96347
96363
96379
96394
96409
96425
96441
96459
96474
96489
96504
96520
96535
96550
96566
96581
96596
96612
96628
96643
96659
96675
96690
96706
96722
96738
96754
96769
96784
96799
96814
96829
96845
96861
96876
96891
96906
96922
96937
96952
96967
96982
96997
97013
97029
97044
97059
97074
97089
97105
97120
97135
97150
97165
97180
97196
97212
97227
97244
97261
97277
97292
97307
97322
97337
97352
97367
97382
97398
97413
97428
97444
97460
97475
97490
97505
97520
97535
97550
97567
97582
97598
97613
97628
97643
97658
97674
97691
97706
97721
97736
97751
97766
97781
97796
97813
97829
97844
97861
97876
97891
97907
97923
97938
97953
97969
97984
97999
98014
98029
98044
98059
98074
98089
98107
98122
98137
98152
98167
98182
98197
98212
98228
98244
98260
98275
98290
98306
98321
98336
98351
98366
98382
98397
98413
98431
98446
98461
98476
98491
98506
98522
98537
98553
98568
98583
98598
98614
98630
98645
98660
98677
98693
98708
98723
98738
98753
98769
98784
98799
98814
98829
98845
98860
98876
98891
98906
98921
98936
98951
98966
98981
98996
99011
99027
99044
99059
99074
99090
99106
99122
99138
99153
99169
99185
99200
99216
99231
99246
99261
99277
99292
99308
99323
99339
99354
99369
99385
99400
99415
99431
99446
99461
99476
99491
99506
99521
99537
99552
99567
99584
99601
99616
99632
99647
99662
99677
99693
99708
99723
99738
99755
99770
99785
99800
99815
99830
99845
99860
99875
99890
99905
99920
99935
99950
99965
99981
99996
100011
100027
100043
100058
100073
100088
100103
100118
100133
100148
100163
100178
100193
100209
100224
100239
100254
100269
100285
100300
100316
100331
100347
100362
100378
100395
100410
100426
100441
100456
100471
100486
100501
100518
100533
100548
100563
100578
100594
100610
100626
100641
100656
100671
100687
100702
100717
100732
100748
100763
100779
100795
100811
100826
100841
100856
100873
100888
100903
100918
100934
100949
100965
100980
100996
101011
101026
101041
101056
101072
101087
101102
101117
101132
101147
101162
101178
101194
101209
101225
101240
101255
101270
101285
101300
101315
101330
101346
101361
101376
101391
101408
101423
101438
101453
101469
101485
101501
101516
101531
101546
101561
101576
101591
101607
101622
101638
101653
101668
101684
101699
101714
101729
101745
101760
101775
101790
101806
101821
101836
101852
101867
101882
101898
101916
101932
101947
101962
101977
101992
102007
102023
102039
102054
102070
102085
102100
102117
102132
102147
102164
102179
102194
102209
102224
102240
102255
102270
102286
102301
102318
102334
102349
102365
102380
102396
102414
102429
102444
102460
102475
102490
102505
102520
102535
102552
102567
102584
102601
102616
102632
102647
102664
102680
102695
102710
102725
102740
102755
102770
102786
102802
102817
102832
102847
102862
102877
102892
102907
102922
102937
102952
102968
102983
102998
103013
103028
103043
103058
103073
103088
103103
103118
103133
103148
103163
103178
103193
103208
103223
103240
103256
103271
103286
103301
103318
103333
103348
103363
103379
103394
103410
103426
103441
103457
103473
103489
103505
103520
103536
103552
103567
103582
103598
103613
103628
103643
103658
103673
103688
103705
103721
103736
103751
103766
103781
103796
103811
103828
103844
103859
103874
103889
103904
103920
103935
103950
103965
103980
103995
104010
104025
104042
104058
104073
104088
104103
104118
104134
104149
104164
104180
104195
104210
104226
104242
104257
104273
104288
104303
104318
104334
104349
104364
104379
104394
104411
104426
104441
104458
104473
104488
104504
104520
104535
104550
104565
104580
104596
104612
104627
104642
104657
104673
104688
104704
104719
104735
104750
104766
104781
104796
104811
104826
104841
104856
104872
104887
104902
104918
104933
104949
104964
104979
104995
105012
105027
105042
105058
105073
105089
105104
105119
105135
105150
105165
105180
105195
105211
105226
105241
105256
105271
105287
105302
105317
105332
105348
105363
105378
105393
105409
105424
105439
105454
105469
105485
105500
105516
105532
105547
105562
105577
105592
105607
105623
105638
105653
105668
105684
105699
105714
105729
105744
105760
105777
105793
105809
105824
105840
105856
105872
105888
105903
105918
105935
105951
105966
105981
105996
106011
106026
106041
106056
106073
106089
106104
106119
106135
106150
106165
106180
106197
106213
106228
106243
106260
106275
106291
106306
106322
106337
106353
106369
106384
106400
106415
106430
106445
106460
106475
106491
106506
106521
106537
106553
106569
106584
106599
106614
106629
106644
106659
106676
106691
106706
106722
106737
106752
106767
106783
106800
106817
106832
106847
106862
106877
106892
106907
106923
106940
106955
106970
106986
107001
107016
107031
107046
107062
107077
107094
107109
107124
107139
107154
107169
107184
107199
107214
107230
107245
107260
107275
107290
107307
107322
107337
107353
107369
107384
107399
107415
107431
107447
107464
107479
107494
107509
107524
107539
107555
107571
107587
107602
107619
107634
107650
107665
107680
107695
107711
107726
107741
107756
107772
107787
107802
107817
107832
107847
107862
107877
107893
107908
107923
107938
107953
107968
107983
108000
108016
108032
108049
108064
108079
108094
108110
108125
108140
108155
108170
108186
108201
108216
108232
108247
108263
108278
108293
108309
108324
108339
108355
108371
108386
108401
108416
108431
108447
108462
108477
108492
108508
108524
108539
108554
108569
108585
108601
108616
108631
108646
108662
108679
108694
108709
108726
108741
108756
108772
108788
108804
108819
108834
108850
108867
108883
108898
108913
108928
108944
108959
108974
108991
109006
109021
109038
109053
109068
109083
109098
109113
109128
109143
109158
109174
109192
109207
109224
109239
109255
109270
109285
109300
109315
109330
109346
109362
109377
109393
109408
109423
109438
109453
109469
109485
109500
109515
109530
109545
109561
109576
109592
109607
109622
109637
109652
109667
109682
109699
109715
109731
109746
109761
109776
109791
109806
109821
109837
109852
109867
109882
109898
109913
109928
109944
109960
109976
109991
110007
110022
110037
110052
110068
110083
110098
110113
110128
110143
110159
110174
110189
110204
110219
110234
110250
110265
110280
110297
110312
110328
110343
110359
110374
110389
110406
110421
110437
110452
110467
110482
110497
110513
110532
110548
110563
110578
110593
110609
110624
110640
110655
110671
110686
110702
110717
110733
110749
110764
110781
110796
110812
110827
110842
110858
110873
110888
110903
110918
110935
110951
110967
110982
110997
111013
111028
111043
111058
111073
111089
111104
111119
111134
111149
111165
111181
111196
111211
111226
111241
111257
111272
111288
111304
111319
111334
111349
111365
111381
111398
111413
111428
111443
111458
111473
111489
111504
111520
111535
111550
111566
111582
111598
111613
111628
111643
111658
111673
111689
111704
111719
111734
111751
111768
111783
111798
111813
111829
111844
111860
111875
111890
111906
111921
111936
111951
111966
111981
111996
112011
112026
112041
112056
112072
112087
112102
112117
112132
112147
112162
112177
112193
112208
112224
112239
112254
112269
112284
112301
112316
112331
112347
112364
112379
112394
112409
112424
112439
112455
112470
112485
112500
112515
112530
112545
112560
112576
112591
112606
112622
112637
112653
112669
112684
112699
112714
112729
112745
112760
112775
112791
112806
112821
112836
112851
112867
112882
112897
112912
112927
112942
112957
112973
112989
113005
113020
113035
113050
113065
113080
113095
113110
113125
113140
113155
113171
113186
113201
113216
113231
113246
113262
113277
113294
113310
113325
113340
113355
113370
113386
113401
113416
113431
113448
113463
113478
113493
113508
113523
113538
113553
113568
113583
113598
113613
113628
113643
113658
113675
113690
113705
113721
113736
113751
113767
113782
113797
113812
113827
113842
113857
113872
113887
113902
113917
113932
113947
113962
113978
113994
114009
114024
114041
114056
114071
114087
114103
114118
114134
114150
114165
114182
114197
114212
114228
114243
114259
114274
114289
114305
114321
114336
114351
114366
114381
114396
114412
114429
114444
114459
114474
114489
114504
114519
114534
114550
114565
114581
114596
114611
114626
114641
114657
114672
114688
114704
114719
114734
114749
114765
114780
114795
114810
114827
114842
114857
114872
114887
114902
114917
114932
114947
114963
114979
114994
115009
115026
115041
115056
115071
115087
115103
115120
115135
115150
115166
115182
115197
115212
115228
115244
115259
115274
115289
115304
115320
115336
115352
115368
115383
115398
115413
115428
115445
115460
115475
115490
115505
115520
115535
115550
115565
115580
115595
115610
115625
115640
115655
115670
115686
115701
115718
115733
115748
115763
115778
115793
115808
115823
115838
115854
115869
115885
115900
115915
115930
115945
115961
115976
115991
116006
116021
116036
116051
116066
116081
116096
116111
116127
116142
116157
116172
116187
116202
116219
116234
116249
116265
116280
116295
116310
116325
116341
116357
116372
116387
116402
116417
116432
116447
116462
116477
116492
116507
116522
116537
116553
116568
116583
116598
116614
116629
116644
116659
116674
116689
116705
116720
116735
116750
116765
116780
116795
116810
116825
116841
116856
116871
116887
116904
116919
116934
116949
116965
116980
116996
117011
117026
117041
117056
117071
117086
117101
117117
117132
117148
117163
117178
117193
117209
117224
117241
117257
117272
117287
117302
117317
117332
117348
117363
117378
117395
117410
117425
117440
117455
117471
117486
117501
117517
117532
117547
117563
117578
117594
117610
117625
117640
117655
117671
117687
117704
117719
117734
117749
117765
117780
117795
117810
117825
117840
117856
117871
117886
117901
117916
117932
117948
117963
117978
117994
118009
118025
118040
118055
118070
118085
118100
118116
118132
118147
118162
118178
118193
118208
118223
118238
118253
118268
118283
118298
118313
118328
118345
118360
118375
118390
118406
118422
118438
118454
118469
118484
118499
118514
118529
118544
118560
118575
118590
118605
118620
118637
118653
118668
118683
118700
118715
118730
118745
118761
118777
118792
118807
118822
118838
118853
118868
118884
118900
118915
118930
118945
118961
118976
118992
119007
119022
119038
119054
119069
119084
119099
119114
119129
119145
119160
119175
119190
119205
119220
119235
119250
119265
119280
119296
119311
119326
119341
119356
119371
119386
119401
119417
119433
119448
119463
119478
119493
119508
119524
119541
119556
119571
119587
119602
119617
119633
119648
119663
119679
119694
119709
119724
119741
119757
119773
119788
119803
119818
119834
119850
119865
119880
119896
119911
119927
119942
119957
119972
119988
120003
120018
120033
120048
120065
120080
120095
120111
120126
120142
120157
120172
120187
120203
120220
120236
120251
120266
120281
120297
120312
120327
120342
120358
120373
120388
120403
120418
120433
120449
120464
120479
120494
120509
120525
120540
120555
120571
120586
120602
120617
120632
120647
120662
120677
120693
120708
120724
120739
120754
120769
120784
120799
120814
120829
120844
120860
120876
120891
120907
120922
120937
120952
120969
120984
121001
121016
121031
121048
121063
121078
121093
121108
121123
121139
121155
121170
121185
121201
121216
121232
121247
121262
121278
121293
121308
121323
121338
121353
121369
121384
121400
121415
121430
121445
121461
121477
121492
121508
121523
121538
121553
121568
121584
121599
121615
121630
121645
121661
121676
121692
121707
121722
121737
121752
121767
121782
121798
121813
121828
121843
121858
121873
121889
121904
121920
121937
121953
121968
121984
121999
122014
122029
122044
122060
122075
122091
122107
122123
122138
122153
122168
122184
122200
122215
122230
122245
122260
122275
122291
122306
122321
122337
122352
122368
122383
122398
122413
122428
122444
122459
122476
122492
122507
122522
122537
122552
122568
122583
122598
122613
122628
122644
122659
122675
122690
122705
122720
122735
122750
122765
122781
122796
122811
122829
122844
122859
122874
122889
122904
122919
122934
122949
122964
122979
122997
123012
123027
123043
123058
123073
123088
123104
123120
123136
123151
123167
123182
123197
123213
123228
123246
123261
123276
123291
123309
123325
123340
123355
123370
123385
123400
123415
123430
123445
123460
123475
123490
123505
123521
123536
123551
123566
123581
123596
123611
123626
123642
123658
123674
123689
123704
123719
123736
123752
123768
123784
123799
123814
123829
123844
123860
123875
123890
123905
123920
123936
123951
123966
123981
123997
124012
124027
124043
124058
124074
124089
124104
124120
124135
124150
124165
124180
124195
124211
124226
124241
124256
124271
124286
124301
124316
124331
124346
124361
124376
124392
124407
124423
124438
124453
124468
124484
124500
124515
124530
124545
124560
124575
124590
124606
124622
124637
124652
124667
124682
124699
124714
124729
124744
124759
124774
124790
124806
124821
124838
124853
124868
124883
124899
124914
124931
124947
124962
124978
124993
125008
125023
125038
125053
125068
125084
125099
125114
125129
125144
125160
125178
125194
125209
125224
125239
125255
125270
125285
125300
125315
125330
125346
125361
125376
125391
125408
125423
125438
125453
125468
125483
125499
125515
125530
125545
125560
125575
125590
125605
125620
125636
125651
125666
125681
125696
125711
125726
125741
125756
125771
125787
125804
125820
125835
125850
125865
125880
125895
125910
125925
125940
125955
125970
125985
126000
126015
126031
126046
126061
126077
126093
126108
126123
126138
126153
126168
126185
126200
126216
126231
126246
126262
126277
126293
126309
126324
126340
126355
126370
126385
126402
126417
126432
126447
126462
126477
126493
126508
126524
126539
126555
126570
126585
126600
126615
126632
126647
126662
126677
126693
126708
126723
126739
126754
126770
126785
126800
126815
126830
126847
126863
126879
126894
126909
126925
126941
126956
126971
126986
127001
127016
127031
127046
127061
127076
127091
127106
127121
127136
127151
127166
127181
127196
127212
127228
127244
127259
127274
127289
127305
127320
127336
127351
127366
127381
127396
127411
127426
127442
127457
127472
127488
127503
127518
127533
127548
127563
127578
127593
127608
127624
127639
127654
127670
127686
127702
127718
127733
127749
127766
127781
127796
127812
127827
127842
127857
127872
127887
127903
127918
127933
127948
127963
127978
127993
128008
128023
128039
128054
128069
128084
128099
128114
128129
128144
128159
128174
128189
128204
128221
128237
128252
128267
128282
128297
128312
128328
128343
128358
128373
128388
128403
128418
128434
128449
128464
128479
128495
128510
128526
128541
128556
128571
128586
128601
128616
128632
128647
128662
128678
128693
128708
128723
128738
128753
128768
128783
128800
128815
128830
128845
128860
128876
128891
128906
128921
128936
128951
128966
128981
128996
129012
129027
129042
129057
129072
129089
129104
129119
129134
129150
129165
129180
129195
129210
129225
129240
129255
129272
129287
129302
129317
129332
129347
129362
129377
129393
129408
129423
129438
129453
129469
129484
129499
129516
129531
129546
129562
129577
129592
129607
129622
129637
129653
129668
129683
129698
129713
129728
129743
129759
129774
129789
129804
129819
129835
129851
129866
129882
129897
129912
129927
129942
129959
129974
129990
130005
130020
130036
130051
130066
130081
130097
130112
130127
130142
130157
130172
130187
130202
130217
130232
130247
130262
130278
130295
130310
130327
130342
130359
130374
130389
130404
130419
130434
130449
130464
130479
130494
130509
130524
130539
130555
130571
130586
130601
130616
130631
130646
130661
130677
130692
130708
130724
130740
130755
130770
130786
130801
130816
130831
130847
130864
130879
130894
130909
130924
130939
130954
130970
130986
131001
131016
131031
131046
131061
131076
131092
131107
131122
131137
131152
131167
131183
131198
131213
131228
131243
131258
131273
131288
131303
131319
131334
131349
131364
131379
131394
131409
131424
131439
131454
131469
131484
131499
131514
131530
131545
131560
131575
131590
131605
131622
131637
131652
131667
131682
131697
131713
131730
131745
131762
131778
131793
131809
131824
131839
131855
131870
131885
131900
131915
131930
131945
131961
131976
131991
132006
132022
132037
132052
132069
132085
132100
132115
132130
132146
132161
132176
132191
132207
132222
132238
132253
132269
132284
132299
132315
132331
132346
132361
132376
132391
132406
132422
132437
132452
132467
132484
132499
132514
132529
132544
132559
132575
132590
132605
132621
132636
132651
132667
132682
132698
132713
132728
132743
132758
132774
132789
132805
132820
132835
132850
132865
132880
132895
132911
132926
132941
132956
132972
132987
133002
133018
133033
133050
133066
133081
133096
133112
133128
133145
133160
133175
133190
133206
133221
133236
133251
133266
133281
133296
133311
133328
133343
133358
133374
133389
133404
133419
133435
133452
133468
133485
133500
133515
133530
133546
133561
133577
133593
133608
133624
133639
133654
133669
133685
133702
133717
133732
133749
133764
133779
133795
133810
133825
133841
133857
133874
133889
133905
133920
133939
133955
133970
133985
134000
134016
134031
134046
134062
134077
134092
134108
134123
134139
134154
134169
134184
134199
134214
134229
134245
134260
134275
134290
134305
134320
134335
134350
134365
134380
134395
134411
134426
134442
134457
134472
134487
134502
134517
134532
134547
134562
134577
134592
134608
134623
134638
134653
134668
134683
134698
134714
134730
134745
134760
134775
134790
134805
134820
134835
134850
134866
134881
134896
134911
134926
134941
134956
134971
134986
135001
135016
135031
135046
135061
135076
135091
135106
135121
135136
135152
135167
135182
135198
135213
135230
135247
135262
135278
135294
135309
135324
135340
135356
135371
135386
135401
135417
135435
135450
135465
135481
135496
135512
135528
135543
135558
135573
135588
135603
135618
135633
135648
135663
135680
135695
135711
135726
135741
135756
135771
135786
135801
135817
135832
135848
135863
135879
135894
135909
135924
135939
135954
135970
135985
136000
136015
136030
136045
136060
136075
136090
136105
136120
136135
136151
136166
136181
136196
136211
136226
136242
136257
136272
136287
136303
136318
136335
136350
136366
136382
136398
136414
136430
136445
136461
136477
136493
136508
136523
136538
136553
136568
136583
136598
136613
136631
136646
136661
136677
136692
136708
136724
136741
136757
136773
136789
136805
136820
136835
136850
136865
136881
136896
136913
136928
136943
136958
136974
136990
137005
137020
137035
137050
137066
137081
137096
137111
137126
137141
137156
137171
137186
137201
137217
137232
137248
137263
137278
137293
137309
137324
137339
137354
137369
137385
137400
137416
137432
137449
137465
137480
137495
137511
137526
137542
137557
137573
137588
137603
137619
137634
137649
137664
137679
137694
137709
137724
137739
137754
137769
137786
137801
137817
137833
137848
137863
137878
137893
137908
137924
137939
137954
137969
137984
138000
138015
138030
138045
138063
138078
138095
138110
138125
138141
138156
138171
138186
138201
138217
138232
138247
138262
138278
138293
138308
138323
138338
138353
138368
138383
138398
138413
138428
138444
138459
138474
138489
138504
138521
138536
138551
138566
138581
138596
138611
138626
138641
138656
138671
138686
138701
138717
138732
138747
138762
138777
138792
138807
138822
138837
138852
138867
138882
138897
138912
138928
138943
138958
138973
138988
139003
139018
139033
139048
139063
139078
139093
139109
139127
139142
139157
139172
139187
139203
139218
139233
139248
139263
139279
139294
139310
139325
139340
139355
139370
139385
139400
139415
139430
139446
139461
139476
139491
139506
139522
139538
139553
139568
139583
139599
139614
139629
139644
139660
139675
139690
139705
139720
139737
139752
139767
139783
139798
139813
139829
139844
139860
139875
139890
139906
139921
139936
139952
139967
139983
139998
140013
140028
140044
140059
140074
140089
140104
140119
140134
140149
140164
140179
140194
140209
140224
140239
140256
140271
140287
140303
140318
140333
140348
140363
140379
140394
140411
140426
140441
140456
140472
140487
140502
140517
140532
140548
140563
140578
140594
140609
140625
140642
140657
140672
140687
140702
140718
140733
140749
140766
140782
140797
140812
140827
140842
140857
140873
140888
140903
140919
140934
140949
140964
140980
140995
141012
141027
141042
141058
141073
141088
141103
141118
141134
141149
141164
141179
141195
141210
141226
141241
141256
141271
141286
141302
141318
141333
141349
141367
141382
141397
141412
141427
141442
141457
141472
141487
141502
141517
141532
141547
141562
141577
141594
141610
141625
141640
141655
141670
141685
141700
141715
141730
141746
141761
141777
141793
141809
141824
141840
141855
141871
141887
141902
141918
141933
141948
141963
141979
141994
142009
142024
142039
142055
142070
142085
142100
142115
142130
142145
142160
142176
142191
142206
142222
142237
142252
142267
142282
142297
142312
142328
142343
142358
142373
142388
142403
142418
142433
142448
142463
142478
142493
142508
142523
142538
142553
142568
142583
142598
142613
142628
142643
142658
142673
142688
142703
142720
142735
142750
142765
142780
142797
142813
142828
142843
142858
142873
142888
142903
142918
142933
142948
142963
142978
142993
143009
143026
143041
143057
143072
143087
143102
143118
143133
143148
143163
143181
143196
143211
143226
143241
143256
143271
143286
143301
143316
143331
143347
143362
143378
143393
143409
143424
143439
143455
143470
143485
143500
143515
143531
143546
143561
143576
143593
143608
143623
143640
143655
143670
143685
143701
143716
143731
143746
143761
143776
143791
143807
143822
143837
143852
143867
143882
143897
143912
143928
143943
143958
143973
143988
144003
144018
144033
144048
144064
144079
144094
144109
144124
144139
144154
144169
144184
144199
144214
144229
144244
144259
144274
144289
144305
144320
144335
144350
144366
144382
144399
144414
144431
144447
144462
144477
144492
144507
144522
144537
144552
144567
144583
144599
144614
144629
144644
144659
144674
144690
144705
144720
144735
144750
144766
144782
144798
144813
144828
144843
144858
144874
144889
144904
144919
144934
144949
144964
144980
144995
145010
145025
145040
145055
145071
145086
145101
145116
145131
145148
145163
145178
145193
145209
145224
145239
145254
145269
145284
145299
145314
145329
145344
145359
145374
145389
145404
145419
145434
145449
145464
145479
145494
145509
145524
145539
145554
145569
145584
145599
145614
145630
145645
145660
145675
145690
145705
145721
145736
145751
145766
145781
145796
145812
145827
145842
145857
145872
145887
145902
145918
145933
145948
145963
145978
145993
146008
146026
146041
146056
146072
146087
146102
146117
146132
146147
146162
146177
146193
146208
146223
146238
146254
146270
146285
146300
146315
146330
146345
146361
146376
146391
146407
146422
146437
146454
146469
146485
146500
146515
146531
146546
146561
146576
146591
146606
146621
146636
146651
146667
146682
146697
146712
146728
146743
146758
146773
146788
146803
146818
146833
146848
146863
146878
146893
146908
146923
146940
146955
146970
146985
147000
147017
147032
147047
147062
147077
147093
147108
147123
147138
147153
147168
147184
147199
147215
147230
147245
147261
147276
147291
147306
147322
147337
147352
147367
147384
147400
147415
147431
147447
147462
147477
147492
147507
147522
147538
147553
147568
147583
147598
147613
147628
147643
147659
147674
147689
147704
147719
147734
147749
147764
147779
147794
147810
147825
147840
147855
147870
147885
147901
147916
147931
147946
147962
147977
147992
148007
148022
148038
148053
148069
148084
148099
148114
148130
148145
148160
148175
148191
148206
148221
148236
148251
148266
148281
148296
148311
148326
148341
148356
148371
148387
148402
148417
148433
148448
148463
148478
148494
148509
148526
148542
148557
148572
148588
148604
148619
148636
148651
148667
148682
148697
148712
148728
148745
148760
148775
148791
148806
148821
148837
148853
148868
148883
148900
148915
148930
148946
148961
148976
148991
149006
149021
149036
149051
149066
149081
149096
149111
149126
149141
149156
149172
149187
149203
149218
149233
149248
149263
149278
149294
149309
149324
149339
149354
149369
149384
149399
149414
149429
149444
149460
149475
149490
149506
149522
149537
149552
149567
149582
149597
149612
149627
149642
149657
149672
149687
149702
149717
149732
149747
149763
149778
149794
149810
149825
149840
149856
149871
149886
149901
149916
149931
149947
149962
149977
149992
150007
150022
150038
150053
150069
150084
150099
150114
150129
150144
150159
150174
150189
150204
150219
150234
150249
150264
150279
150294
150309
150324
150340
150355
150370
150386
150401
150416
150431
150446
150461
150477
150493
150508
150523
150538
150553
150568
150583
150598
150613
150629
150644
150659
150674
150690
150705
150720
150735
150750
150766
150782
150797
150814
150830
150845
150860
150875
150890
150906
150921
150937
150953
150968
150983
150998
151013
151028
151043
151058
151073
151088
151103
151118
151133
151148
151164
151179
151194
151209
151224
151239
151254
151269
151284
151301
151316
151331
151346
151361
151376
151391
151406
151421
151437
151452
151468
151484
151499
151514
151529
151544
151559
151574
151589
151606
151621
151636
151652
151667
151682
151698
151714
151729
151744
151759
151774
151789
151805
151820
151835
151850
151866
151882
151897
151912
151928
151944
151959
151974
151989
152005
152021
152036
152051
152066
152081
152096
152111
152126
152142
152157
152172
152187
152202
152217
152232
152249
152264
152279
152294
152309
152324
152340
152355
152371
152386
152401
152416
152431
152446
152461
152476
152492
152507
152523
152538
152553
152568
152583
152598
152613
152628
152645
152660
152675
152690
152705
152720
152735
152750
152766
152781
152796
152811
152826
152841
152857
152873
152888
152903
152918
152933
152948
152963
152978
152993
153009
153024
153039
153054
153069
153084
153099
153114
153130
153146
153161
153176
153192
153207
153222
153238
153253
153269
153284
153300
153315
153330
153345
153360
153375
153390
153405
153420
153435
153450
153465
153480
153497
153512
153527
153542
153557
153572
153588
153603
153618
153633
153648
153664
153679
153694
153709
153724
153739
153754
153769
153784
153799
153814
153829
153844
153860
153876
153891
153906
153921
153936
153951
153967
153982
153997
154014
154029
154044
154059
154074
154089
154105
154120
154136
154152
154167
154182
154197
154214
154230
154245
154261
154276
154291
154306
154322
154338
154353
154368
154383
154398
154413
154428
154443
154458
154474
154489
154504
154520
154536
154551
154566
154581
154596
154611
154627
154643
154658
154673
154688
154703
154718
154733
154749
154764
154779
154794
154809
154824
154839
154854
154869
154884
154899
154915
154932
154947
154962
154977
154992
155007
155022
155037
155052
155067
155084
155099
155114
155129
155145
155160
155175
155190
155205
155220
155235
155250
155266
155282
155297
155312
155327
155342
155358
155373
155388
155403
155418
155433
155448
155464
155479
155494
155509
155524
155539
155554
155569
155584
155599
155614
155629
155644
155660
155675
155691
155706
155722
155737
155752
155767
155782
155797
155812
155827
155842
155858
155873
155889
155904
155919
155934
155949
155964
155979
155994
156009
156024
156039
156054
156071
156086
156102
156117
156133
156148
156163
156179
156194
156209
156224
156239
156254
156269
156284
156299
156314
156329
156345
156360
156375
156390
156405
156421
156436
156451
156466
156481
156496
156511
156526
156541
156556
156571
156587
156602
156617
156632
156647
156662
156677
156692
156707
156723
156739
156754
156769
156784
156801
156818
156833
156848
156863
156878
156893
156908
156923
156938
156953
156968
156983
156998
157013
157028
157044
157060
157076
157091
157106
157121
157136
157151
157166
157181
157196
157211
157226
157241
157256
157271
157287
157302
157317
157332
157347
157362
157377
157392
157407
157422
157437
157452
157468
157483
157498
157516
157532
157547
157562
157578
157593
157608
157623
157638
157653
157668
157683
157699
157714
157729
157745
157760
157775
157790
157805
157820
157835
157850
157865
157880
157895
157910
157925
157941
157956
157971
157986
158001
158016
158032
158047
158062
158077
158092
158107
158122
158137
158152
158167
158182
158197
158212
158227
158242
158257
158272
158287
158302
158317
158332
158347
158362
158377
158392
158407
158422
158437
158453
158468
158483
158500
158515
158530
158545
158560
158575
158590
158605
158621
158636
158651
158666
158681
158696
158711
158726
158741
158756
158771
158786
158801
158816
158831
158846
158861
158876
158891
158906
158921
158936
158951
158966
158981
158996
159011
159026
159041
159056
159071
159086
159101
159116
159131
159146
159161
159176
159191
159206
159221
159236
159251
159268
159284
159299
159314
159329
159344
159359
159375
159391
159406
159421
159436
159451
159466
159481
159496
159512
159527
159542
159557
159572
159589
159604
159619
159634
159649
159664
159679
159694
159709
159724
159739
159754
159769
159784
159799
159814
159829
159844
159859
159874
159889
159904
159919
159934
159949
159964
159979
159994
160009
160024
160039
160054
160069
160085
160100
160115
160130
160146
160161
160176
160191
160206
160221
160236
160253
160268
160283
160298
160313
160328
160344
160360
160375
160390
160405
160420
160436
160451
160466
160481
160496
160511
160526
160541
160558
160573
160588
160603
160619
160634
160649
160664
160679
160695
160710
160726
160741
160756
160771
160786
160801
160816
160831
160846
160861
160876
160892
160907
160922
160937
160952
160968
160983
160998
161013
161028
161043
161058
161073
161090
161105
161120
161135
161150
161165
161180
161195
161211
161226
161242
161258
161273
161289
161304
161319
161335
161350
161365
161380
161395
161411
161426
161441
161456
161471
161486
161501
161516
161531
161546
161562
161577
161592
161607
161623
161638
161653
161668
161684
161699
161714
161730
161745
161760
161776
161791
161806
161822
161837
161853
161868
161884
161899
161915
161930
161945
161960
161975
161990
162006
162021
162036
162051
162066
162081
162096
162111
162127
162144
162159
162174
162189
162204
162219
162235
162250
162265
162280
162295
162310
162325
162341
162356
162371
162386
162401
162417
162432
162447
162462
162477
162492
162508
162523
162538
162553
162568
162583
162598
162614
162629
162644
162659
162674
162690
162705
162721
162736
162752
162767
162783
162799
162814
162829
162845
162860
162875
162890
162905
162920
162935
162951
162966
162981
162996
163011
163026
163041
163056
163072
163087
163104
163119
163135
163150
163165
163180
163196
163211
163226
163241
163256
163273
163288
163303
163318
163333
163348
163363
163378
163394
163409
163424
163439
163454
163469
163484
163499
163514
163529
163544
163559
163574
163589
163604
163619
163634
163649
163664
163679
163694
163710
163725
163740
163756
163771
163786
163801
163817
163832
163847
163862
163877
163892
163907
163922
163937
163952
163967
163982
163998
164014
164030
164045
164060
164075
164091
164106
164121
164136
164151
164166
164181
164196
164211
164227
164243
164258
164273
164289
164304
164320
164335
164350
164365
164381
164396
164412
164427
164443
164458
164473
164488
164503
164518
164534
164551
164566
164581
164597
164613
164628
164643
164658
164673
164688
164704
164720
164735
164750
164766
164781
164796
164811
164826
164841
164856
164871
164886
164901
164916
164933
164948
164963
164978
164993
165008
165023
165038
165053
165068
165083
165098
165114
165129
165144
165160
165175
165190
165205
165220
165236
165251
165266
165281
165296
165311
165326
165341
165356
165371
165386
165402
165417
165432
165447
165462
165477
165493
165508
165523
165539
165554
165570
165586
165602
165617
165633
165648
165663
165678
165693
165708
165723
165738
165754
165770
165787
165802
165817
165833
165848
165863
165878
165896
165911
165926
165941
165958
165973
165988
166005
166020
166035
166050
166065
166080
166095
166111
166126
166141
166156
166171
166187
166202
166217
166232
166247
166262
166277
166292
166307
166322
166337
166352
166367
166382
166398
166413
166428
166443
166459
166474
166490
166505
166520
166535
166550
166565
166580
166595
166610
166626
166642
166657
166673
166688
166703
166719
166734
166749
166764
166779
166794
166809
166824
166839
166854
166869
166885
166900
166916
166931
166947
166962
166977
166992
167007
167022
167037
167052
167067
167082
167098
167113
167128
167143
167158
167174
167189
167204
167220
167235
167250
167265
167280
167295
167310
167325
167340
167355
167370
167385
167400
167415
167431
167446
167462
167477
167492
167507
167522
167537
167553
167568
167583
167599
167616
167631
167646
167661
167676
167693
167708
167723
167738
167753
167768
167784
167800
167815
167830
167846
167861
167877
167892
167907
167922
167937
167952
167967
167982
167997
168012
168027
168043
168058
168073
168088
168104
168119
168134
168149
168164
168179
168194
168209
168224
168239
168254
168269
168285
168300
168315
168331
168346
168361
168376
168392
168408
168423
168438
168453
168468
168483
168498
168513
168528
168543
168558
168573
168588
168603
168618
168633
168648
168663
168678
168693
168709
168725
168740
168755
168771
168786
168801
168817
168832
168847
168863
168878
168894
168910
168925
168940
168955
168970
168985
169001
169016
169031
169046
169061
169076
169091
169106
169121
169136
169151
169166
169181
169196
169211
169226
169242
169257
169272
169287
169302
169317
169332
169347
169362
169377
169392
169407
169422
169437
169452
169467
169482
169497
169512
169527
169542
169557
169572
169587
169603
169618
169633
169648
169664
169679
169694
169709
169724
169739
169754
169769
169784
169799
169815
169830
169845
169861
169876
169892
169907
169922
169937
169952
169968
169983
169998
170013
170028
170043
170058
170073
170088
170103
170118
170134
170151
170167
170183
170198
170213
170230
170245
170260
170275
170290
170305
170320
170335
170350
170365
170380
170395
170411
170426
170441
170457
170472
170487
170502
170518
170535
170550
170565
170580
170595
170611
170626
170641
170656
170672
170687
170702
170718
170733
170749
170764
170780
170795
170810
170827
170842
170857
170872
170888
170904
170921
170936
170951
170966
170983
170998
171014
171030
171045
171060
171075
171091
171106
171123
171138
171153
171169
171184
171199
171214
171229
171244
171259
171274
171290
171305
171320
171335
171350
171365
171380
171395
171410
171425
171440
171455
171470
171486
171501
171516
171531
171546
171562
171577
171592
171607
171623
171638
171653
171669
171684
171700
171715
171730
171745
171761
171776
171791
171806
171821
171836
171851
171866
171881
171896
171912
171928
171943
171958
171975
171990
172005
172020
172035
172050
172065
172081
172096
172111
172126
172141
172156
172172
172188
172203
172219
172234
172249
172264
172279
172294
172309
172324
172339
172354
172370
172385
172400
172415
172430
172445
172460
172475
172490
172505
172522
172540
172555
172571
172586
172601
172616
172631
172646
172661
172676
172691
172706
172721
172736
172751
172766
172781
172796
172811
172826
172841
172857
172872
172887
172902
172917
172932
172947
172963
172978
172993
173008
173023
173038
173053
173068
173083
173099
173114
173129
173144
173159
173174
173189
173204
173219
173234
173249
173264
173279
173294
173309
173324
173340
173355
173370
173385
173400
173415
173430
173445
173460
173476
173491
173506
173521
173536
173551
173566
173581
173596
173611
173626
173641
173656
173671
173686
173701
173716
173731
173746
173762
173778
173793
173809
173824
173840
173855
173870
173885
173900
173915
173930
173945
173960
173975
173991
174006
174023
174038
174053
174069
174084
174099
174114
174129
174144
174159
174174
174190
174205
174220
174235
174250
174267
174282
174297
174312
174327
174342
174357
174372
174387
174402
174417
174432
174447
174462
174477
174492
174508
174523
174538
174553
174568
174583
174598
174613
174628
174643
174658
174673
174689
174704
174720
174735
174751
174767
174782
174797
174812
174827
174842
174858
174873
174889
174904
174919
174934
174949
174964
174980
174995
175010
175025
175040
175055
175070
175085
175100
175115
175131
175146
175162
175178
175193
175209
175224
175239
175254
175269
175284
175299
175314
175329
175344
175359
175374
175390
175405
175420
175435
175450
175465
175480
175495
175510
175526
175541
175556
175571
175586
175602
175617
175632
175647
175662
175677
175692
175707
175722
175737
175753
175768
175783
175798
175814
175829
175844
175859
175874
175889
175904
175919
175934
175949
175964
175979
175994
176010
176025
176041
176056
176071
176086
176101
176116
176132
176147
176162
176177
176192
176207
176222
176237
176252
176267
176282
176297
176312
176327
176343
176358
176373
176388
176404
176419
176434
176449
176465
176480
176495
176510
176525
176540
176555
176571
176586
176601
176616
176633
176648
176663
176678
176693
176708
176723
176738
176753
176768
176783
176798
176813
176828
176843
176858
176873
176888
176903
176918
176934
176949
176964
176979
176994
177009
177024
177039
177054
177069
177084
177099
177114
177129
177144
177160
177176
177191
177206
177221
177236
177251
177266
177281
177296
177311
177327
177342
177357
177372
177387
177402
177417
177432
177447
177462
177477
177492
177508
177523
177538
177553
177568
177583
177598
177613
177628
177643
177658
177673
177688
177703
177718
177733
177748
177764
177779
177795
177810
177825
177840
177855
177870
177886
177901
177917
177932
177947
177962
177978
177993
178008
178023
178038
178053
178069
178084
178100
178115
178130
178145
178160
178175
178191
178206
178222
178237
178252
178267
178282
178298
178313
178328
178344
178360
178375
178390
178405
178420
178435
178450
178466
178481
178497
178512
178527
178542
178557
178572
178587
178602
178617
178632
178647
178662
178677
178692
178707
178722
178737
178753
178768
178783
178799
178814
178829
178844
178859
178874
178890
178905
178920
178935
178951
178966
178981
178996
179011
179027
179043
179058
179073
179088
179103
179118
179133
179148
179164
179179
179194
179210
179225
179240
179255
179270
179285
179300
179315
179332
179347
179362
179377
179392
179407
179422
179437
179453
179468
179483
179498
179513
179528
179543
179558
179573
179589
179604
179619
179634
179649
179664
179679
179694
179709
179724
179739
179754
179769
179784
179799
179814
179830
179845
179860
179875
179890
179905
179921
179937
179953
179968
179983
179998
180013
180028
180045
180060
180076
180091
180106
180121
180137
180152
180167
180182
180197
180212
