0.21338814496994016
0.24999963364322528
-1.6265479407806538e-08
0.12499987055751735
0.12499988339028698
0.12499984109083703
0.0
0.018305812031030655
-3.194034850898368e-17
0.12499984353780745
0.42677634954452504
0.03661162033677101
0.03661159150121756
0.21338807791471476
0.12499984501015342
0.42677610367536534
0.07322322577238083
0.0
0.24999967962503433
0.21338817477226255
0.21338804236323833
0.24999970197677607
1.4901155864777135e-08
0.12499977648258206
0.21338798105716703
0.12499988079071042
0.06249989614382477
0.12499985098838803
0.312499426305294
0.728552609682083
-3.7252902935847538e-09
0.07322317361831665
0.10669405199587344
0.24999967217445368
0.010723290964961048
0.24999940436256257
0.03661160543560981
