0.7191708385944364
0.6859373152256011
0.851958245038986
0.797037601470947
0.7666743099689481
0.7852841913700103
0.771150380373001
0.8518634140491484
0.6854422986507414
0.7670046687126157
0.7954845130443573
0.7109058797359464
0.7739022374153136
0.7889854013919829
0.7948891520500182
0.6973588168621062
0.7496100664138793
0.7371634542942046
0.7814817428588866
0.7834210395812986
0.8363258242607114
0.8143630921840667
0.7445771098136901
0.7050021588802337
0.843856632709503
0.684259921312332
0.8245567977428435
0.7898005545139312
0.7895383834838866
0.7336650788784026
0.7066361904144286
0.7832637131214141
0.7080486118793488
0.7860640883445739
0.7479246854782102
0.7182223498821257
0.762339115142822
0.687469720840454
0.7796091139316558
0.7522344887256621
0.7975075840950012
0.8722704052925108
0.7191429138183593
0.6843579113483427
0.7602595984935758
0.771181285381317
0.8039077520370481
0.6835973262786864
0.7471188902854918
0.7546689510345457
0.7119175195693968
0.7793803215026853
0.8307938873767851
0.8297757804393767
0.7944250106811522
0.8454163074493406
0.6852855086326598
0.799256145954132
0.7868764102458953
0.7513092458248137
0.7180467844009398
0.6761063635349273
0.7419631779193877
0.8253486454486846
0.709988236427307
0.76367449760437
0.8408851623535155
0.813671976327896
0.7244220376014708
0.835667848587036
0.7248533368110655
0.7981101274490355
0.7726501226425169
0.6851730346679686
0.6724558770656585
0.7842538356781004
0.7183051109313964
0.8377813398838041
0.8470931351184844
0.764175772666931
0.7934380173683165
0.7463312149047852
0.7587679326534269
0.7703786492347716
0.8304873704910276
0.7847807705402374
0.7635017931461333
0.7910321056842804
0.7356154918670654
0.6622467339038848
0.6966379582881926
0.7983977794647216
0.7791773676872252
0.7656588852405547
0.740467220544815
0.7714825868606566
0.7708213329315186
0.6858356297016143
0.7634493112564085
0.8076834082603452
0.7668332755565641
0.8429829478263853
0.74714720249176
0.685883045196533
0.7227738201618193
0.774074852466583
0.6990365684032439
0.6959862709045409
0.733182281255722
0.8353997170925138
0.8041544556617737
0.8352586030960082
0.7592746019363402
0.7810854613780973
0.863191694021225
0.7670423388481138
0.772731453180313
0.7196226119995115
0.7741287648677825
0.6959862112998962
0.8266917467117308
0.6962445378303528
0.8245477080345153
0.7722106277942655
0.7538266777992249
0.793597877025604
0.8131527006626127
0.7282168567180632
0.802501708269119
0.7556882500648497
0.7881734669208524
0.7732036113739013
0.7990927398204802
0.6998496055603026
0.7467200458049772
0.6958772540092467
0.7428009212017059
0.6970896422863005
0.704947918653488
0.746639549732208
0.7524771392345426
0.7729053199291229
0.7638232707977294
0.7677043974399566
0.8071872889995575
0.7053694427013395
0.7441864013671874
0.7237346470355988
0.8411549627780913
0.7107559144496917
0.779905378818512
0.786497265100479
0.7183445394039153
0.7661702632904052
0.6964858472347258
0.7344585955142974
0.8185373246669767
0.7885808944702147
0.7554082870483396
0.7719411849975585
0.7101041078567504
0.7461990416049956
0.7719548940658569
0.7423069775104522
0.7589907348155974
0.793597877025604
0.85449543595314
0.7509039938449859
0.8055776953697203
0.7661516964435576
0.8521809577941892
0.663670092821121
0.6956706345081328
0.6993820071220397
0.797850579023361
0.8296808898448943
0.7337119281291961
0.7073968648910521
0.7887290716171264
0.8898672759532926
0.8523700237274168
0.7196224927902221
0.7186100482940673
0.7233123183250426
0.7689101397991179
0.8185137808322905
0.8411428630352019
0.7965537309646605
0.7481300234794614
0.8303340673446654
0.6877279877662658
0.7891321778297423
0.8521166443824766
0.6844124197959899
0.6836761236190795
0.6967468559741973
0.7544089853763579
0.6964462101459502
0.7477108240127562
0.7723832726478574
0.7772892117500304
0.7846701741218566
0.8188735842704773
0.7474099397659301
0.6965836286544799
0.7709305584430693
0.6946687698364257
0.7604709863662719
0.7509815096855162
0.9109058380126952
0.8126555085182188
0.8583354353904723
0.6854422092437743
0.7816243469715117
0.8019709289073942
0.7077395617961881
0.7927131950855254
0.7308137714862822
0.8142884969711303
0.6865457594394682
0.7974630296230315
0.6958230435848235
0.7793765068054198
0.7461940944194793
0.8366703689098356
0.7395144701004026
0.7062426805496215
0.7507627308368682
0.6504689753055571
0.7522127926349639
0.8296778202056884
0.7608942687511443
0.6946406960487365
0.7737372815608976
0.7057629525661467
0.7426107823848723
0.7728438973426818
0.7237601578235625
0.8302624225616454
0.7227275371551513
0.8159060776233672
0.674635887145996
0.7770975530147551
0.776279956102371
0.7510614097118375
0.8076303303241729
0.7508127391338347
0.7484859526157377
0.7249551713466643
0.7862781584262847
0.863876312971115
0.8078837096691129
0.872608035802841
0.7706398069858549
0.796234667301178
0.7509810328483579
0.7874224483966825
0.7638049125671386
0.709355741739273
0.8463957011699675
0.6752984225749968
0.7232138514518737
0.722601145505905
0.7957277894020078
0.7710414230823517
0.7854413092136382
0.8693964779376984
0.8581565618515014
0.7064729034900664
0.7286384999752044
0.7978546321392058
0.7195136547088621
0.7715169489383695
0.7737460434436797
0.7486618757247924
0.7819899916648864
0.7659211158752439
0.7783893644809723
0.8180693387985228
0.6725539863109588
0.8046944737434385
0.7321451604366301
0.748506188392639
0.7580311894416808
0.7513682842254636
0.6858830153942107
0.7310874462127684
0.7714918553829193
0.7061844170093535
0.8301012516021727
0.7819344401359556
0.8080008327960967
0.7921415865421293
0.7470698952674864
0.7177671194076537
0.8086755871772764
0.6956706643104551
0.8086155951023101
0.7171735465526579
0.9449385404586791
0.7592729032039641
0.7935395836830137
0.6714258491992949
0.7188618779182434
0.7223947644233703
0.8083983957767485
0.7436484694480894
0.7683305144309996
0.7922378182411193
0.7716536521911619
0.7987003326416012
0.7229922413825988
0.7188617885112761
0.6853363513946532
0.7756538093090055
0.8151605427265167
0.7801086008548735
0.7730904817581175
0.6959862411022185
0.8407561182975768
0.7641023695468901
0.6855946481227874
0.6741052567958831
0.7310875356197355
0.6615367531776427
0.6943522393703458
0.8372404277324675
0.8140211403369901
0.7059943377971648
0.8136076927185057
0.8280459344387052
0.7508143186569213
0.7474469542503356
0.8087577819824218
0.7175951004028319
0.7462308704853057
0.7395647764205932
0.7599297761917112
0.7655505836009978
0.7450712621212003
0.7470974028110503
0.7442332208156583
0.8030003309249877
0.8638888895511624
0.8251748979091643
0.7343974709510802
0.7308133840560912
0.7615450620651244
0.8129295706748961
0.7195718586444854
0.7926373183727263
0.7053695023059844
0.7508161067962645
0.7564975321292876
0.7370238602161406
0.7770254611968993
0.793597877025604
0.7748740911483764
0.8108697533607482
0.8087699413299559
0.7921428978443145
0.7317974269390105
0.7352240681648253
0.7617091238498687
0.7107557952404021
0.7473732531070709
0.7912961542606353
0.6950623095035552
0.7456477582454679
0.7433713972568511
0.7049479484558104
0.6621732711791991
0.6959017813205719
0.7975475192070005
0.8053155839443205
0.7416831851005552
0.7061845064163207
0.7433713674545287
0.6990859806537627
0.7770845890045164
0.7104223668575286
0.7569826543331145
0.8298858404159545
0.7509210705757141
0.722941219806671
0.6847795844078063
0.7278234362602232
0.8408687412738799
0.7837309241294859
0.8577800691127775
0.7515163421630858
0.7426264584064481
0.672634333372116
0.7232687175273893
0.717533081769943
0.7487610280513762
0.8187272548675536
0.813341200351715
0.8191767334938048
0.8356447517871854
0.7454126477241515
0.7233780026435851
0.7244161367416381
0.7409223616123198
0.7717061340808867
0.7577394545078275
0.8101359605789183
0.8407611846923826
0.8037407100200651
0.7225651741027831
0.7385843396186828
0.7706933617591857
0.7662728726863861
0.8016513884067534
0.7713967263698577
0.7727465629577634
0.7679315209388732
0.7231315672397611
0.7305727303028106
0.7819286882877349
0.8241980969905852
0.7773724496364592
0.8183770775794982
0.7972888350486753
0.7237049341201781
0.7109059095382689
0.7576080858707427
0.731772094964981
0.7948196232318877
0.74659064412117
0.7935174405574797
0.7666743099689481
0.7234080433845519
0.8304709792137144
0.7338576912879942
0.662956804037094
0.8231354057788848
0.8035395741462705
0.7935599684715269
0.6890296936035155
0.760471075773239
0.7438601255416868
0.7195136547088621
0.7613345384597776
0.7331483960151671
0.7483738660812377
0.8632478713989256
0.7467656135559082
0.7602475285530088
0.8277184963226318
0.7217653095722196
0.7453971505165099
0.7899437546730039
0.6833088397979735
0.8016661405563353
0.6721866726875304
0.7179886698722837
0.7363857626914976
0.7895721495151519
0.8378942906856536
0.7440700531005858
0.8034681379795073
0.7076551616191863
0.7711451947689055
0.8521506190299987
0.7722596824169158
0.6828874647617339
0.8322927355766295
0.7688373327255248
0.7439493536949155
0.6965836584568023
0.792739540338516
0.7841436266899108
0.7616107463836669
0.7468682527542112
0.7516367733478545
0.695429503917694
0.738192319869995
0.7025679051876067
0.7306622862815856
0.7292965352535247
0.7823222577571867
0.7461078464984893
0.7628799974918363
0.8211346864700317
0.6736100912094115
0.8041196167469024
0.6854422092437743
0.7855954766273497
0.7587587535381316
0.7474946975708007
0.7679049968719481
0.7971143126487731
0.747924506664276
0.7589365541934965
0.7862907350063323
0.7741841077804563
0.745296150445938
0.7786686420440673
0.771531969308853
0.6629095077514647
0.8007149398326872
0.74346187710762
0.8135065138339995
0.7301091253757475
0.7770115733146666
0.7065517902374265
0.8095772564411162
0.7646878957748411
0.8521500229835508
0.6964857876300811
0.7921175360679625
0.7810952365398406
0.7216732203960416
0.8243428766727445
0.7604718208312987
0.7433713674545287
0.7053693830966948
0.7841436266899108
0.8755346536636351
0.7286384403705596
0.8247059285640714
0.8578893542289733
0.7206129133701322
0.7371954917907714
0.718698501586914
0.7159912288188933
0.8023278713226317
0.7880636155605315
0.7803737223148345
0.7903054654598234
0.6958228647708892
0.7231881618499755
0.8267825543880462
0.7228839695453643
0.7224719226360319
0.6836515963077544
0.7349030673503875
0.7413017749786376
0.7611975669860839
0.8294229805469512
0.7060793340206145
0.8465997874736785
0.6747922897338866
0.6835972666740416
0.8080654144287107
0.74593186378479
0.7306940555572509
0.7352418005466459
0.723092883825302
0.7739022374153136
0.7116864323616027
0.6843580305576322
0.7678221762180327
0.863201856613159
0.7870647311210631
0.7588139772415161
0.7767511308193207
0.8299151957035062
0.7373220920562743
0.7411350607872008
0.6974568963050841
0.8029255568981171
0.6843580901622771
0.7365575432777404
0.7333583235740659
0.7319062352180479
0.8408344388008117
0.7586583495140075
0.7987920343875883
0.6942979991436002
0.7682664394378661
0.7087540924549102
0.7671657502651213
0.7262729108333588
0.7717155218124387
0.8435117900371548
0.7402822375297544
0.7714065611362456
0.7710154652595519
0.7355978786945342
0.7661044597625731
0.808354079723358
0.7101041376590728
0.7767342329025266
0.7731816470623014
0.6729474365711211
0.8579683005809782
0.7521955370903013
0.7764111757278442
0.6747921705245972
0.7481571733951567
0.8365958333015441
0.8087993562221525
0.7969963252544401
0.7765428721904752
0.8194344043731688
0.7442806065082549
0.797702670097351
0.8460961282253264
0.7197974920272826
0.7336110770702361
0.6852855682373046
0.8629797101020811
0.7923397123813627
0.7917474508285522
0.7347304522991179
0.7310875356197355
0.7610707879066465
0.7359305620193479
0.7349611520767212
0.8410206735134124
0.7087114453315733
0.7914217710494993
0.758650243282318
0.684259921312332
0.8175422549247741
0.851895362138748
0.7235374450683593
0.7773943841457365
0.7467573285102842
0.7956696748733519
0.7473935186862944
0.8246659040451049
0.7518289983272551
0.7557701766490935
0.7106725573539733
0.6851730048656463
0.8217603862285614
0.695901870727539
0.8461619913578031
0.747590661048889
0.753031015396118
0.8191555142402648
0.8083220720291137
0.7572432160377501
0.7453971505165099
0.7981961965560911
0.7238809764385222
0.8244008123874662
0.8096174001693724
0.7686968445777891
0.7724616825580596
0.8023101985454557
0.695935547351837
0.80852735042572
0.7794185280799865
0.7191429138183593
0.793508380651474
0.7977160811424254
0.8184817433357238
0.7978416383266448
0.8085986375808714
0.6852855682373046
0.6956706643104551
0.7811273932456969
0.7679980695247648
0.6972462534904479
0.7844249606132507
0.8240987360477448
0.7941882014274596
0.7409223020076751
0.7417665421962736
0.6852856576442717
0.7672475278377531
0.7872795164585112
0.6950623095035552
0.763301223516464
0.7073968052864072
0.7454391121864317
0.7983164489269255
0.685173064470291
0.7609985172748565
0.7562584877014158
0.6964856684207915
0.8253245651721951
0.8136799335479734
0.7772298157215116
0.8027889728546141
0.7823189198970795
0.8184475600719451
0.8080433607101438
0.7355978786945342
0.7068663835525512
0.759661316871643
0.765713185071945
0.7962621152400969
0.6835973560810089
0.818909704685211
0.7653273046016692
0.7196225225925444
0.710104167461395
0.881405621767044
0.7220913469791411
0.722020775079727
0.744314134120941
0.813963323831558
0.8082588613033294
0.8412969410419463
0.7453839480876921
0.8247742354869841
0.7109276056289671
0.8297818601131438
0.7814005315303801
0.767985552549362
0.7759977877140045
0.8461725115776061
0.7514459490776061
0.7504421472549437
0.7913627028465268
0.7346976101398467
0.8412086367607114
0.683597296476364
0.7849754393100736
0.8274489343166349
0.7686220705509185
0.8300159275531769
0.7746953070163726
0.7186985909938811
0.6844124197959899
0.7388997673988341
0.7230613529682157
0.7195717990398406
0.7739219665527344
0.7872827649116514
0.747727870941162
0.7501570284366608
0.6989992856979369
0.7460667192935941
0.6984470188617705
0.7319064438343047
0.7057085335254668
0.7213226556777952
0.8376056551933286
0.7512101531028746
0.8489933907985685
0.6859373152256011
0.7535935044288634
0.6965836286544799
0.7872171401977538
0.8241999447345731
0.8244079649448394
0.7061538994312285
0.7586944103240965
0.8094927370548248
0.7474976778030394
0.7530046701431273
0.7956984341144561
0.7840043604373932
0.808836907148361
0.825592517852783
0.7310874462127684
0.6844123005867003
0.8094381392002105
0.7093721628189086
0.770737290382385
0.7653879821300505
0.8527425527572631
0.7833558917045592
0.771309733390808
0.7801375091075896
0.7224991321563718
0.713395982980728
0.757424771785736
0.6959017813205719
0.830330044031143
0.7294574379920957
0.673368990421295
0.7930553853511809
0.7457748353481292
0.801932394504547
0.7684886753559111
0.8241998553276061
0.6747924089431762
0.7099778950214386
0.7750426828861237
0.7714859843254089
0.7867747247219085
0.7770637571811675
0.6935371756553649
0.7660765647888182
0.7599299252033234
0.7192290127277373
0.7421662509441376
0.6947197020053862
0.776812583208084
0.8304491937160491
0.829861432313919
0.7495118081569669
0.6954802274703977
0.7064729332923887
0.7343477904796599
0.784003734588623
0.8084415495395659
0.7188619375228881
0.8675684928894042
0.857766568660736
0.8112262189388274
0.6744723916053771
0.7615884840488433
0.7734591364860532
0.6728966534137725
0.7235209047794341
0.7979505956172941
0.6854421794414519
0.7514520287513731
0.8047048151493071
0.8020839691162108
0.717533081769943
0.7171735465526579
0.695429503917694
0.8025536239147185
0.6873729825019835
0.6986174285411834
0.7555778622627258
0.7641648054122923
0.7608075141906737
0.8297634422779082
0.7799754440784452
0.8246749043464658
0.7212296724319457
0.7353692948818206
0.683597296476364
0.7116589844226836
0.7520820498466491
0.6730017066001891
0.6975114941596984
0.7532660663127898
0.7550386488437651
0.7139419615268705
0.7391194999217985
0.7529714107513427
0.813963323831558
0.7613342702388763
0.744081377983093
0.7344843149185178
0.7982202768325805
0.7840688824653623
0.7742909789085386
0.7406939566135404
0.719120055437088
0.7346061468124389
0.7417021095752715
0.8107360899448393
0.7615948617458341
0.7442350983619689
0.751009941101074
0.8607009947299956
0.7227275669574736
0.7178834378719329
0.8521673083305356
0.8027571737766266
0.7470696866512297
0.7704483568668364
0.9323434829711912
0.7478263378143309
0.7514648735523222
0.6835973560810088
0.734458655118942
0.7114444971084593
0.7683805823326109
0.673657476902008
0.8181932270526885
0.8692137598991392
0.7366905212402342
0.7295857667922971
0.7352769672870635
0.6821265518665312
0.7784834206104277
0.7521835267543792
0.7706131935119628
0.7286967635154724
0.662956804037094
0.7965998351573943
0.6950622797012327
0.7860847413539884
0.7220084965229033
0.7391938269138335
0.6724558174610137
0.7237227559089658
0.7824442386627195
0.7218621671199797
0.7720575034618377
0.7630659043788908
0.660800665616989
0.7227379083633421
0.765610784292221
0.7774824500083922
0.7343477904796599
0.7765783369541166
0.760351538658142
0.7628851234912871
0.6621994078159331
0.7969693541526794
0.7475583255290983
0.7707244753837584
0.7613441944122312
0.7564375698566436
0.8102178275585173
0.7627845108509063
0.832096219062805
0.7539734542369841
0.6966963112354277
0.7203324735164641
0.8365677297115324
0.6842600405216216
0.6828872561454771
0.8466328978538512
0.6876730024814605
0.8024948239326475
0.6744724512100219
0.7351909279823301
0.7541810870170591
0.8639644384384154
0.8585299849510193
0.852996677160263
0.8077072799205778
0.7256385087966918
0.7209545373916625
0.7735557258129118
0.7516711652278898
0.794197529554367
0.6886762380599974
0.842566430568695
0.663670092821121
0.7117592096328734
0.7191502451896666
0.8152986466884612
0.8069557249546049
0.7196224927902221
0.7837771773338317
0.7266800701618193
0.6962953209877013
0.7433713674545287
0.8025746345520017
0.7389091551303861
0.7665261328220366
0.7518291175365447
0.7100812196731566
0.7844459116458892
0.7343475520610808
0.7504499554634093
0.8242024481296537
0.8253486454486846
0.8816755712032317
0.7929672598838804
0.8084971904754636
0.799569636583328
0.7675261199474335
0.8092268705368042
0.8263741433620451
0.7768729329109191
0.7228693068027495
0.7332522869110106
0.7728404998779296
0.7549313902854918
0.7229354977607726
0.7775567471981046
0.776548683643341
0.7407867610454557
0.7724355757236478
0.7319062352180479
0.8294427990913389
0.8518699705600736
0.6752984225749968
0.7688933610916137
0.7081612646579741
0.8607068955898283
0.8127452731132506
0.7359914779663084
0.7070812880992889
0.7772151529788969
0.7797970473766326
0.6942472755908965
0.742045611143112
0.8519604504108428
0.7596613764762878
0.8641868233680723
0.8341490328311918
0.7062426209449766
0.7664984166622161
0.7756158709526061
0.7705969810485838
0.7608263492584226
0.725472718477249
0.7439084649085999
0.6629095077514646
0.7868112921714782
0.7643079459667205
0.7719678580760954
0.7584518492221831
0.8689887523651121
0.7474976778030394
0.6844123005867003
0.7942330837249754
0.7968662083148954
0.7922308444976806
0.8247140944004057
0.7542787194252012
0.7829726934432982
0.7093447148799895
0.7343477904796599
0.7942088246345519
0.7567146420478819
0.8522132635116576
0.6836515963077544
0.7723234891891478
0.7500694990158079
0.7763985097408294
0.6966380178928373
0.6966961622238157
0.8152027428150177
0.7057629227638244
0.7310873568058013
0.7068663537502287
0.7348748147487638
0.790875971317291
0.753866672515869
0.7702342867851256
0.7471046745777129
0.8988132774829863
0.7362870573997495
0.747515559196472
0.8050646483898162
0.7372584044933318
0.7467406690120695
0.8839472234249112
0.761373072862625
0.7655242979526518
0.7196225225925444
0.7357419431209563
0.7660050690174101
0.7301055192947385
0.7669946551322936
0.8515312075614927
0.6527317464351652
0.8030281662940978
0.7609000802040099
0.8192039132118224
0.7465434670448302
0.7253009378910064
0.8993194401264188
0.7087539732456206
0.749235838651657
0.726017564535141
0.7232912480831144
0.7592784762382505
0.7299531698226928
0.8383970558643339
0.7492675483226775
0.7942461073398589
0.7856402695178984
0.7736790180206298
0.7310873568058013
0.7944979369640349
0.770414501428604
0.7590309977531432
0.7924656271934508
0.7640975117683411
0.7426103353500365
0.6622975766658782
0.9111875891685484
0.7188620269298552
0.7516994178295133
0.7444505691528319
0.7069452106952666
0.7402251660823821
0.7196224629878996
0.8931050300598145
0.8469563424587249
0.8410062789916991
0.7179885506629944
0.6850487887859343
0.7356978952884673
0.782677114009857
0.7791568338871001
0.7079932689666747
0.7216733098030088
0.7417370080947875
0.7648633122444152
0.7769222557544707
0.7588161826133727
0.7463326752185819
0.8580884337425231
0.7752741575241087
0.6867563426494596
0.8548400402069092
0.851882368326187
0.8161818683147429
0.7290057837963102
0.8040547370910643
0.8027376532554625
0.7950849533081052
0.6950623095035552
0.7629692554473876
0.7972208261489866
0.7715318202972411
0.7918523550033568
0.7792877554893494
0.694352328777313
0.7213517427444457
0.7690882980823517
0.7223946452140807
0.7740385532379149
0.7947500348091124
0.7887693345546722
0.7621720135211943
0.7471047639846802
0.7731504142284392
0.7529638409614562
0.6835973560810089
0.7164128124713895
0.729571610689163
0.7680881321430205
0.8751131296157836
0.7335377037525177
0.8243849575519561
0.8108576536178589
0.6714258790016173
0.8637251257896421
0.7599951624870298
0.7249753177165983
0.7104222774505614
0.7593866288661955
0.6736100316047667
0.766994535923004
0.6985071599483489
0.6958229839801787
0.7635107338428496
0.7121317982673645
0.7812888622283933
0.8899085819721221
0.8245178759098051
0.7682857513427732
0.760734975337982
0.7553911507129669
0.7711603939533234
0.7710833847522736
0.6622467339038848
0.7945930659770964
0.6946407854557036
0.792629688978195
0.7828121483325957
0.7236226797103881
0.7347303926944732
0.7348973751068114
0.7483545541763303
0.6959862112998961
0.8255390524864195
0.7409344911575315
0.7955831885337828
0.7778735160827636
0.8401057422161101
0.7585241496562957
0.8348627686500548
0.7767343521118162
0.7760081589221953
0.6965836584568023
0.7613441944122312
0.7717285752296447
0.7630909085273742
0.8632766306400298
0.7517518103122711
0.7520580291748046
0.7348111867904662
0.7459319233894347
0.7314547896385192
0.7928951680660246
0.7089817523956299
0.7074512243270873
0.7919193804264067
0.6950622797012327
0.8585982024669646
0.7117745578289031
0.8871144056320189
0.8459703922271726
0.785203158855438
0.8809300065040588
0.7344307005405424
0.7473770081996916
0.81318861246109
0.7968300879001616
0.7464045882225036
0.7899712324142454
0.7483546137809752
0.7714091241359708
0.8514328002929685
0.7478119432926177
0.7672547399997709
0.8357680439949035
0.767985552549362
0.8111367523670195
0.6958772540092467
0.7461121976375579
0.7820374965667723
0.6733689010143279
0.8122358918190001
0.8134139478206633
0.8460762798786161
0.7916991412639616
0.7476469874382018
0.6736100614070891
0.8076785206794737
0.776270419359207
0.7061844766139983
0.733493685722351
0.7413713335990905
0.721654713153839
0.7057628631591796
0.7666890323162078
0.7779174447059629
0.7466763854026794
0.7723280787467955
0.8103774785995481
0.8189898133277891
0.718206763267517
0.7417021691799163
0.7746345102787017
0.6821265816688536
0.8657190799713133
0.7545496523380278
0.8524144887924193
0.7973761558532715
0.7580891251564026
0.8298207521438596
0.7603544890880584
0.723782032728195
0.7081575691699981
0.8249031305313109
0.8186202049255369
0.7726912200450896
0.8138570487499235
0.7829044759273528
0.8432591855525968
0.7519876658916472
0.7061845064163207
0.8470753133296965
0.7709304690361021
0.7386620640754699
0.7978238761425017
0.7775700986385344
0.6733689308166503
0.695225566625595
0.7641955316066741
0.7521834373474121
0.6851730346679686
0.815435230731964
0.7220084965229033
0.7346318364143369
0.744952231645584
0.7416831851005552
0.6733688712120056
0.8077974319458007
0.6959017813205719
0.6842601001262664
0.7732612192630767
0.7820178568363189
0.8300718069076536
0.6733688712120056
0.7079933583736417
0.746593803167343
0.8189216256141661
0.806818902492523
0.7461989223957061
0.7722046673297881
0.7462751567363738
0.7975703179836273
0.7077396512031554
0.7467109858989714
0.6622468531131743
0.8134657144546507
0.7559421956539152
0.824673056602478
0.8354939222335814
0.7732910513877866
0.7061301171779631
0.8485723733901974
0.8695615231990813
0.7509647905826567
0.8519603610038755
0.6852855384349822
0.7406695187091826
0.8499247431755065
0.7979952394962309
0.7724904716014861
0.8073734939098357
0.7371097207069396
0.7534956932067871
0.7677570879459379
0.789943844079971
0.7111824750900267
0.8300966918468473
0.779970437288284
0.79339462518692
0.7871341109275818
0.776655614376068
0.6504689753055571
0.6958229541778563
0.7655073404312133
0.7079932987689971
0.721877485513687
0.7514934241771697
0.7071769535541533
0.7479245662689207
0.6836480200290679
0.7708197832107542
0.7057629823684691
0.7262849509716033
0.7231948673725127
0.7214061021804808
0.7927394211292266
0.7331823110580442
0.695901721715927
0.7248480916023253
0.7721569538116454
0.7170904874801635
0.8090929090976714
0.8468203246593473
0.7175949811935424
0.7914450168609619
0.7662598490715026
0.8747368454933164
0.6989368200302123
0.6851729452610015
0.6847006976604461
0.7096664905548095
0.8271309733390806
0.7075028121471403
0.820176064968109
0.7278845012187956
0.7924638390541076
0.725300997495651
0.8199538588523864
0.6746358275413512
0.8071776032447814
0.8244920670986173
0.8805033862590786
0.7417091131210325
0.6844123005867003
0.7230308353900908
0.7788792252540587
0.8526954650878903
0.7249119877815245
0.8068066537380217
0.8297179043292997
0.7060794830322265
0.6950623095035552
0.782661736011505
0.7171733379364013
0.7069452702999113
0.7365764677524567
0.7765463888645171
0.7079932689666747
0.6840695738792418
0.741737514734268
0.7308988869190215
0.7103995084762572
0.6851730048656463
0.7112075984477996
0.7723419964313506
0.8720722198486327
0.7663063704967498
0.8241128623485565
0.7759147584438323
0.813664376735687
0.8234317004680634
0.7491071522235869
0.8085016310214994
0.7928026318550109
0.7455528676509856
0.7061844766139984
0.7705966532230375
0.7415355145931243
0.7950280308723449
0.7105019092559813
0.7599950432777405
0.7917338907718657
0.7561246454715728
0.7278235554695129
0.7659210264682769
0.8291324973106383
0.6954295635223388
0.8294160962104795
0.765997380018234
0.7272508442401885
0.8602914810180662
0.7178835272789
0.7097369432449339
0.7989606261253355
0.729840964078903
0.6724558770656585
0.6970052421092986
0.6636701226234435
0.8257355988025663
0.7352269589900969
0.818909704685211
0.8581535220146177
0.775893837213516
0.7344841957092283
0.7680723965167998
0.7888934016227721
0.7694756686687468
0.7099779248237609
0.7714996933937072
0.8248751163482664
0.7727465629577634
0.7769937217235564
0.6858356297016143
0.7465524077415465
0.7460073232650756
0.7352263033390045
0.7978495657443999
0.7082118988037108
0.8190721273422239
0.869525074958801
0.7179886400699614
0.7220056653022765
0.7727872133255003
0.8296956717967986
0.7543606758117675
0.7530009746551511
0.8215234577655791
0.797421097755432
0.8081761002540588
0.7759954929351804
0.7195718586444853
0.6966961920261382
0.7768220603466032
0.7987761497497559
0.7549157738685606
0.8181657195091245
0.7088730931282043
0.6732166707515715
0.7753159403800963
0.7767628729343413
0.7518149316310881
0.7096662521362304
0.7304473817348479
0.732767790555954
0.7404515445232389
0.7987248599529264
0.6721867322921751
0.7376580238342284
0.8415240645408629
0.7433714866638182
0.6836761534214019
0.7235057651996611
0.8756920993328092
0.7484314441680907
0.696696251630783
0.7171735465526579
0.7583709955215453
0.8960422575473784
0.8296808600425718
0.771688163280487
0.7673062086105346
0.7981806695461271
0.7637584507465361
0.7231315076351164
0.7815385758876798
0.7073968052864075
0.7515157759189605
0.8051131665706632
0.7915607690811155
0.7672858536243438
0.7678915858268737
0.7720426023006438
0.7751015424728391
0.8095125257968901
0.7609703242778777
0.7364909052848815
0.6966380178928375
0.8238613009452818
0.8191533088684081
0.7913952469825742
0.8017122745513915
0.696637988090515
0.7534127831459044
0.8837715983390807
0.7547547817230223
0.6721867322921751
0.6622467935085296
0.7339909374713895
0.7070641517639159
0.7669514715671538
0.7817463874816892
0.7984063625335692
0.7203530967235564
0.8026436865329742
0.7753159105777739
0.797505497932434
0.8075432181358335
0.7492367029190061
0.7924639880657195
0.7976528108119965
0.7356856465339658
0.7484314441680907
0.713781028985977
0.8126830756664274
0.6844122707843779
0.7408641278743743
0.7970780432224271
0.8037399351596831
0.6977109313011168
0.6725539565086363
0.727238059043884
0.7220761477947233
0.74346187710762
0.8243353962898253
0.7615630626678465
0.7245358824729919
0.7288527488708495
0.6835973560810088
0.7196225821971892
0.7436484694480895
0.7734738886356352
0.6958230137825011
0.8527242243289946
0.8810458183288571
0.7471577823162077
0.7053957283496856
0.7813183367252348
0.769224315881729
0.8245934545993803
0.8901719450950621
0.7080486714839934
0.8026763200759885
0.7764720320701598
0.7663102149963378
0.7921511232852935
0.802952766418457
0.7594488263130187
0.8693703114986419
0.7716427147388457
0.7914247214794158
0.7735636532306669
0.6996656656265258
0.6992861628532409
0.8307622969150542
0.8277269899845123
0.7217890620231628
0.7976121306419373
0.6621994078159331
0.858047306537628
0.8075356185436248
0.6832299828529357
0.8527824282646178
0.7893941998481749
0.7112468779087066
0.8251349627971648
0.7225618064403533
0.746735483407974
0.663670092821121
0.872443377971649
0.796258509159088
0.8053206801414489
0.710865706205368
0.8236133158206939
0.8471131920814513
0.7878297865390776
0.6962445974349974
0.8240287601947783
0.8160208463668822
0.7937989532947538
0.7976499199867247
0.7111931443214415
0.9049594402313231
0.8900273740291593
0.6725538969039916
0.7308147251605986
0.7305308580398558
0.7539741694927214
0.7278234362602232
0.7767036557197569
0.7310875058174131
0.719010591506958
0.7417666316032409
0.7588297724723815
0.8051671981811522
0.7934360504150391
0.7613862752914428
0.7107667326927184
0.7453348338603972
0.7398251593112943
0.7927284538745879
0.7546785175800321
0.7212487757205963
0.8247121572494507
0.7731058299541471
0.765933185815811
0.8077769577503202
0.7355150878429411
0.8780678808689115
0.6946407854557036
0.8128067255020142
0.8175421357154845
0.7935083210468291
0.7180467844009398
0.7167801558971403
0.7418355345726011
0.695225566625595
0.8086968362331389
0.683651715517044
0.7719376683235167
0.7064729332923888
0.6855946481227874
0.8462786078453063
0.7220307588577269
0.8356882333755492
0.7305308580398558
0.7591124176979064
0.7739063799381255
0.8006812334060667
0.7683677673339842
0.8987959921360015
0.7220761477947233
0.8753815889358518
0.8248758316040037
0.7978875339031217
0.7918725609779356
0.771881729364395
0.7710308134555816
0.8028814792633053
0.7007601261138915
0.8270108699798581
0.723817080259323
0.7373344898223876
0.8077943325042723
0.8404725492000578
0.7680951654911039
0.797645330429077
0.7231566011905669
0.7434619069099425
0.6622467339038848
0.6858830153942107
0.7884401381015775
0.8078978955745695
0.6942980289459227
0.6944937705993651
0.7008110284805297
0.758656769990921
0.8410219252109525
0.7759478986263275
0.7664569318294524
0.7225827574729918
0.698934644460678
0.7558853030204772
0.7069451808929442
0.7659210264682769
0.6950623691082
0.7217091321945189
0.6998496949672698
0.8243937790393828
0.8466334342956541
0.8076987862586975
0.6855159401893615
0.6732902526855468
0.8030284047126769
0.74641814827919
0.7519784867763517
0.7728640437126159
0.8131748139858245
0.6987836360931395
0.7648866772651671
0.7974965572357178
0.7984691858291625
0.8016840815544126
0.8473769426345824
0.8325804769992826
0.7331714332103728
0.7542929351329802
0.7099255621433257
0.8186898231506344
0.6959017813205719
0.7402819395065307
0.7307591736316679
0.7989812493324278
0.7514009773731231
0.7379804849624633
0.7049478590488433
0.819278061389923
0.723092883825302
0.7517098784446714
0.6732166707515715
0.718861997127533
0.7176636457443236
0.740610212087631
0.7089219093322752
0.8364234268665314
0.7843662202358244
0.7973979711532593
0.6851223111152648
0.7191503345966338
0.8496017456054685
0.7929900586605072
0.74720823764801
0.6858830153942107
0.8022364675998687
0.7501132786273954
0.8241218924522399
0.6943521797657011
0.7235215604305266
0.881008744239807
0.8093844056129453
0.6851730048656463
0.8249144256114959
0.8250588774681089
0.7851825952529905
0.7461940348148344
0.7738379538059234
0.7590599060058593
0.7598670721054075
0.7110398411750791
0.8415052592754363
0.6958230435848235
0.8313996493816374
0.6844123601913451
0.7228809297084807
0.7463607490062711
0.7199424505233764
0.7295715808868407
0.6840450167655944
0.7977026998996735
0.7385844290256498
0.7713763415813445
0.8526002168655393
0.7000867724418639
0.7984970808029174
0.672849416732788
0.9051664769649503
0.682887315750122
0.7499155998229978
0.7724831402301787
0.7886600792407987
0.8081969022750853
0.792066842317581
0.813219755887985
0.8025324940681456
0.8208607137203215
0.710104167461395
0.7110398411750791
0.7341344952583313
0.706636220216751
0.7947429120540617
0.7321451604366301
0.7730920016765593
0.7739267945289611
0.7518352270126342
0.7812440395355223
0.671793222427368
0.7613997757434844
0.872112840414047
0.7235375344753264
0.7203530371189115
0.7773021161556244
0.7416829764842987
0.705762892961502
0.8209116756916044
0.7668724358081815
0.731375902891159
0.766090452671051
0.8080314099788665
0.7390194237232207
0.7508385479450225
0.6828366518020629
0.7227516472339629
0.7187773585319518
0.7363064289093016
0.8247724175453185
0.7397732138633727
0.7644241452217101
0.7208615243434904
0.7602272331714629
0.7537431120872495
0.7218775153160094
0.7896660864353179
0.7358297407627105
0.8078558146953582
0.7356914877891539
0.7630175650119781
0.7733757197856902
0.7723418176174162
0.6721867322921751
0.8145772516727446
0.779141306877136
0.7694515287876127
0.6892341971397399
0.6965836584568023
0.7469146549701688
0.8755389153957367
0.7064729034900665
0.8519731760025023
0.9080941975116729
0.8307232260704039
0.747734487056732
0.7188618183135985
0.7195136547088621
0.7595834434032438
0.8219165503978728
0.7654119729995726
0.6860463023185729
0.7205074429512023
0.7330051064491271
0.7808969318866728
0.732237935066223
0.818009853363037
0.7740865647792815
0.8362550139427184
0.7305727601051331
0.8530122637748716
0.7212826311588286
0.7824862003326416
0.7976700365543364
0.7774192988872526
0.7328385710716245
0.8527691960334777
0.773107439279556
0.7865423858165739
0.6943522691726683
0.7970589101314544
0.7320607900619506
0.8405651450157164
0.7966952621936796
0.7081575691699981
0.785486727952957
0.8003241419792174
0.8132619261741637
0.7776485085487364
0.6950623095035552
0.7129296958446502
0.722030848264694
0.741683095693588
0.721709072589874
0.7475408613681792
0.7328584492206571
0.6736100912094115
0.6877279877662658
0.7360585927963255
0.8137018084526061
0.746566742658615
0.7770541310310363
0.7736322879791259
0.7963517308235166
0.7411821782588958
0.7897102236747741
0.8308387100696563
0.6860463023185729
0.7584752142429351
0.7298206984996793
0.7958707809448241
0.7345018684864043
0.6858355998992918
0.8359882235527037
0.8523458540439605
0.8637946546077728
0.7686969339847564
0.8523018062114716
0.7944979071617125
0.6622468531131743
0.810142308473587
0.8192900419235228
0.8524550497531889
0.682887315750122
0.7644126415252684
0.7191429138183593
0.7216733098030088
0.7228808999061583
0.7600297033786774
0.663748949766159
0.7426107823848723
0.733775198459625
0.8381892442703245
0.7611663043498991
0.8413868844509123
0.7096520662307737
0.7180467247962949
0.7627553939819334
0.8354684710502623
0.7492403388023374
0.6962953209877013
0.682887315750122
0.8308159112930297
0.8357675671577453
0.7653108835220336
0.7587679326534269
0.7244162261486052
0.7117745578289031
0.7709306478500365
0.7843278050422668
0.8757006525993346
0.6990365087985991
0.8303642868995665
0.7917114198207854
0.6973589062690734
0.7641070783138274
0.7776840031147002
0.7870787978172301
0.8264969587326049
0.695062220096588
0.7722596824169158
0.6858830153942107
0.6607761085033416
0.7989700734615325
0.7442332804203032
0.7232751548290252
0.7968734204769132
0.7229419052600858
0.7171735167503357
0.701617509126663
0.7972331941127775
0.7195197939872742
0.7069452106952666
0.859738916158676
0.8194595873355863
0.742110639810562
0.6982926130294799
0.7688629925251006
0.8989103138446805
0.7381687462329865
0.7424154877662656
0.7306622862815856
0.711232155561447
0.6732166111469268
0.7459785938262938
0.7361074388027189
0.7644715011119841
0.7920821905136106
0.7413751482963561
0.7411906123161315
0.8252014219760894
0.7202017903327941
0.7684693932533263
0.7895448803901672
0.7171734869480132
0.859388381242752
0.8470242917537687
0.7763416469097136
0.7637780904769896
0.7816927134990691
0.8189046680927274
0.7346858978271483
0.8414655923843383
0.7665069997310637
0.7489933669567106
0.6877278983592986
0.7763870358467101
0.7842828929424285
0.7576911151409147
0.7282449305057525
0.6614386439323424
0.7719323635101316
0.8077518641948699
0.7727871537208556
0.7633313536643981
0.6974568963050841
0.7107667624950407
0.7064729034900664
0.8038590252399443
0.7737621068954466
0.7739565074443815
0.8130674064159392
0.6972744762897491
0.7684533298015593
0.8524987399578093
0.9017627835273739
0.852229982614517
0.8237965404987334
0.7943797111511229
0.6876969039440154
0.8059473633766172
0.6857813894748686
0.7068664431571959
0.8437298238277432
0.8238188624382017
0.7466703951358795
0.7664097547531127
0.742166370153427
0.7510108649730681
0.7559209465980529
0.8361198306083678
0.7073968052864072
0.6989366710186004
0.7164127826690673
0.7073968350887297
0.7293902933597562
0.7907653748989103
0.8298074007034301
0.8071871697902677
0.6938537061214446
0.7726342380046843
0.8017540276050567
0.7594971358776091
0.8071978986263274
0.6836480200290679
0.8575324714183805
0.803544908761978
0.7946473956108092
0.7489560842514036
0.7295115888118743
0.7114292383193968
0.809020698070526
0.6966961920261382
0.7227275073528289
0.7676924765110015
0.7310084402561187
0.7679855227470398
0.7416829764842987
0.7167801558971403
0.8252753913402556
0.7393903732299804
0.7766043841838837
0.6943522393703458
0.8517777919769286
0.7570965588092803
0.7627846300601958
0.7762271165847776
0.7480079233646393
0.672634333372116
0.7709304392337798
0.820817470550537
0.738702356815338
0.695901870727539
0.8190712630748747
0.7171735167503357
0.763621687889099
0.8195410966873168
0.7499002516269682
0.7135846316814421
0.8518825173377989
0.775470107793808
0.7359681129455565
0.7252263128757476
0.7339372336864469
0.9201971292495726
0.819230258464813
0.7545838654041289
0.7736852765083312
0.7967052459716796
0.7772074043750762
0.7256544232368467
0.7346860170364379
0.7974629700183866
0.6844123303890227
0.7724789083003997
0.7190367579460143
0.7194665372371671
0.7363370060920714
0.6848846673965452
0.8404094874858855
0.7444360852241515
0.672186642885208
0.7077396810054779
0.7056578695774077
0.7382000386714935
0.7718153297901151
0.6855946481227874
0.72061288356781
0.7470099031925199
0.6844123005867003
0.777631253004074
0.7970589101314544
0.7172017097473142
0.708161026239395
0.8720861375331876
0.7779370844364165
0.7469066977500914
0.7371052503585814
0.6844123005867003
0.7665716111660001
0.6714766919612883
0.8105801939964293
0.7484859526157377
0.7472976446151732
0.767285794019699
0.6836515367031095
0.7589292228221891
0.6732901632785796
0.8369141817092893
0.7768904268741605
0.7364841997623442
0.8184960484504699
0.8400667309761046
0.7240118086338041
0.8006106317043302
0.7389591336250304
0.7222464978694914
0.7670268714427946
0.7112317085266112
0.7768757641315458
0.7721571028232572
0.8032481968402861
0.746593803167343
0.6844123005867003
0.7979590296745299
0.7454217970371245
0.7225679457187651
0.7714994847774505
0.6733688712120056
0.7520580291748046
0.7914045155048368
0.7594971656799315
0.7920727431774137
0.6939588487148284
0.7662728726863861
0.6942472159862517
0.8566134870052337
0.7192290425300597
0.6965836286544799
0.7139419317245482
0.8187692761421204
0.6952770948410033
0.8358630239963529
0.7658025026321409
0.8523606956005094
0.704843521118164
0.9560238718986509
0.6963292062282561
0.7513683736324309
0.8297157585620878
0.8041771054267881
0.8420424461364745
0.6843581199645995
0.7545589804649352
0.7069452106952666
0.7594657838344572
0.7652189433574677
0.7458368241786956
0.7483846843242644
0.8083908259868621
0.8077071011066436
0.813986301422119
0.7854552268981932
0.813190460205078
0.673001766204834
0.7768223583698272
0.7944639027118682
0.6950623095035552
0.8693931996822356
0.7958707809448241
0.7327552139759062
0.7643249332904813
0.7363225519657133
0.76697301864624
0.8298654258251188
0.729840964078903
0.7218775153160094
0.7440700829029082
0.8085725903511046
0.7668650746345518
0.7661289274692535
0.794446051120758
0.7469607889652251
0.840569108724594
0.7347305119037627
0.7790256142616271
0.8300692439079282
0.8052635490894315
0.7751518785953521
0.8584989309310911
0.6942979395389556
0.7075028419494629
0.696638137102127
0.756503105163574
0.7541009187698363
0.7073968052864075
0.7810227572917937
0.8139406144618987
0.7987833619117737
0.6828873455524443
0.7372584044933318
0.6721867024898528
0.841198295354843
0.729457527399063
0.7582036852836607
0.7459320425987243
0.7916944622993469
0.7400489449501035
0.8241982161998745
0.77832892537117
0.7442937791347504
0.8517204523086547
0.786290794610977
0.7911159992218016
0.7679855227470398
0.6974568963050841
0.8189362883567809
0.7366023063659667
0.7462602555751798
0.7186983823776244
0.8304710686206815
0.7179885804653167
0.718698650598526
0.8957084119319914
0.7787407338619231
0.7539561688899993
0.708317846059799
0.7663365900516509
0.7196225821971892
0.6866936683654784
0.7199654281139372
0.7883332967758176
0.7026123404502868
0.8869173526763915
0.73010915517807
0.8576306998729705
0.6946406960487365
0.7763440012931824
0.7209259569644927
0.7234489619731903
0.7556559145450591
0.7290952503681181
0.8488313257694242
0.6959354281425475
0.7785502076148986
0.6725539565086363
0.7309391200542449
0.7290057539939879
0.7064729630947112
0.6725540161132811
0.7471048831939695
0.7950586974620817
0.8186268508434293
0.7057629823684691
0.7484404146671294
0.6964858472347258
0.7298206984996793
0.7081575095653534
0.662956804037094
0.7211344242095946
0.7594038248062133
0.7089219093322752
0.7474883496761321
0.8182404339313506
0.7761379182338713
0.7738257050514219
0.7316393852233886
0.6959862112998962
0.8871185183525085
0.7737738788127898
0.7973980009555814
0.7622277140617368
0.6721867024898528
0.7861526310443876
0.6832037866115569
0.7883534133434296
0.8035028576850889
0.7229161858558654
0.7221374809741973
0.7057629823684691
0.7089218497276305
0.8522434532642363
0.6973589062690734
0.694297969341278
0.6847796440124511
0.7534065842628477
0.7636439502239225
0.7671226561069486
0.7415045797824859
0.768258363008499
0.7974949181079862
0.6946406960487365
0.6732166409492492
0.710104167461395
0.8022142648696899
0.7739021182060241
0.6962953209877013
0.7679856121540068
0.7733027040958403
0.7256385087966918
0.674635887145996
0.6959354877471923
0.7754553854465482
0.7392144501209258
0.7759147584438323
0.7221620082855222
0.6943523585796354
0.7525498270988462
0.7716851234436034
0.6736100912094115
0.731844365596771
0.7461616694927214
0.7338548898696898
0.6621732711791991
0.8029544353485105
0.7097369134426116
0.7516146600246428
0.7066400349140166
0.6636701524257659
0.8407148420810698
0.7778470814228057
0.8369255959987638
0.8694397807121275
0.7140621840953826
0.8415094316005705
0.7072879970073699
0.7872238159179685
0.869228810071945
0.7930950820446012
0.7908776104450225
0.8301346600055695
0.7501510381698606
0.7235207557678222
0.7470409870147704
0.6964858472347258
0.7534908354282378
0.6866692304611205
0.7366671264171598
0.6842599809169768
0.7297109067440032
0.8041475415229796
0.7458906173706052
0.6970052123069762
0.7644380331039428
0.8054806888103484
0.7420068383216857
0.7579006850719451
0.7215842604637145
0.7065236270427702
0.7351907193660734
0.7187773585319518
0.8469295203685758
0.6983158886432647
0.7314547598361968
0.7262866497039794
0.7679318487644193
0.7734780311584472
0.7298208475112914
0.7064729183912276
0.7900377213954924
0.6964856088161467
0.7484404146671294
0.6942980587482451
0.759535253047943
0.7534127831459044
0.6970896422863005
0.7317975163459777
0.8300715088844298
0.664485216140747
0.7475437521934508
0.7243948280811308
0.7616867721080779
0.7900169491767882
0.724610388278961
0.7580311894416808
0.7186171412467955
0.8036241531372069
0.7797246575355528
0.813607722520828
0.7317974269390105
0.7547548711299895
0.7293991744518278
0.6958229541778563
0.6630618274211884
0.7118257880210875
0.7587679326534269
0.7642945945262908
0.7179342210292814
0.731087565422058
0.7917478084564208
0.8638027310371398
0.7189273834228515
0.7064729332923888
0.6515494287014006
0.7421498894691466
0.7564588785171508
0.824705809354782
0.7643080353736876
0.7178834378719329
0.8081792294979093
0.7910830378532409
0.8013726174831388
0.7286908924579619
0.7066361606121061
0.7726970911026
0.6854423284530639
0.8040546178817748
0.8493709266185758
0.7670353651046751
0.7457713186740874
0.8190430402755736
0.7202080190181731
0.7159912288188933
0.7975574135780332
0.852769136428833
0.6960923075675963
0.796995162963867
0.7349514365196226
0.725638449192047
0.696637988090515
0.8031120896339415
0.6956706643104551
0.7507609426975249
0.7351444959640502
0.788536548614502
0.798890948295593
0.7493846714496611
0.7069452106952666
0.7769512832164763
0.7977397441864013
0.7068662643432616
0.7423349916934965
0.7726086378097532
0.8295561671257017
0.803112208843231
0.683597296476364
0.6977107524871824
0.7467935681343076
0.763177990913391
0.7772737443447112
0.7668747007846831
0.8036199808120726
0.7454375326633451
0.7262050211429594
0.7299052476882932
0.722737967967987
0.7373221218585967
0.7454177737236021
0.6843580305576322
0.7884443104267118
0.7468086481094358
0.7767905294895171
0.7667430341243743
0.789262682199478
0.7020491063594817
0.7872083783149717
0.8089942038059234
0.6973588764667509
0.7217219173908233
0.866607755422592
0.8145857453346251
0.7568718791007993
0.7666317522525786
0.7921175658702848
0.783440202474594
0.7230614125728606
0.7077395617961881
0.6855159401893615
0.7973479330539702
0.7611101865768432
0.8238148093223571
0.8019277155399321
0.7765750586986541
0.7207727730274198
0.6877279877662658
0.7409224212169646
0.7582568526268004
0.7061844766139984
0.7390362620353698
0.6840450763702391
0.8464295864105223
0.7978080809116362
0.7101041376590728
0.8361588716506956
0.7638173103332518
0.814916133880615
0.7182066738605498
0.7197974622249602
0.7347215116024016
0.7171735465526579
0.7560501396656034
0.7777798771858214
0.7238902151584624
0.7823189198970795
0.6950622797012327
0.7972113788127897
0.7226476967334746
0.7187567651271819
0.763451814651489
0.7973140180110929
0.6942980587482451
0.708500266075134
0.7476162016391753
0.7468086183071135
0.6842600107192992
0.7328385710716245
0.750610202550888
0.7670541405677792
0.7751350998878478
0.75800022482872
0.6833088397979735
0.6943523287773131
0.6744724214076995
0.7093556821346282
0.7917703390121459
0.8179003894329071
0.7638456225395202
0.7066363692283629
0.7679453790187836
0.7230511605739591
0.8404853940010069
0.8101117908954619
0.724805861711502
0.7119216620922086
0.7076550722122191
0.7004851102828978
0.710104167461395
0.6950623393058776
0.6994433999061583
0.8030437231063842
0.7344835400581359
0.7400490641593931
0.7914518415927885
0.7588302195072173
0.7979590892791747
0.7186985909938811
0.7607439160346984
0.6736100614070891
0.7359744906425475
0.7985923886299131
0.760162055492401
0.7233288884162902
0.7222868502140045
0.7059329748153684
0.7468683123588561
0.6867561936378478
0.80249485373497
0.7633592188358305
0.7253780066967008
0.7471413016319274
0.7057085335254668
0.8211816251277922
0.8195337355136869
0.8298591077327727
0.7499915659427642
0.8470035195350645
0.7521297633647918
0.7419314086437224
0.7792569100856779
0.7224479317665098
0.7729054391384123
0.8351185619831084
0.7970972955226897
0.743379086256027
0.7105414867401122
0.6840450763702391
0.6844123303890227
0.8295523524284361
0.8354586362838744
0.7083179354667662
0.7812439799308776
0.8186489939689634
0.736254811286926
0.8376306295394895
0.7333649396896361
0.8518685698509215
0.7326707839965818
0.682887315750122
0.8190032243728637
0.7215703725814818
0.7843353152275084
0.7366848289966582
0.7554068267345427
0.7759764492511748
0.7794990539550779
0.7485034465789794
0.8298214077949522
0.7983350455760955
0.810957372188568
0.778249680995941
0.7662325501441954
0.8774031102657317
0.7839304804801939
0.7718501687049865
0.6943522989749906
0.7523554563522338
0.7377698421478271
0.7982064485549926
0.7679855227470397
0.6835973560810088
0.6729474365711211
0.7479548454284667
0.8196806907653807
0.7663394212722776
0.6858359277248381
0.8286617398262022
0.7477344572544097
0.6987600624561309
0.7748431265354156
0.8519985377788541
0.7518205046653746
0.8752287924289701
0.7373344004154203
0.7460003197193145
0.7282169461250304
0.7429193258285521
0.7211474180221557
0.7335228621959684
0.7225022017955779
0.7138905525207517
0.6732166707515714
0.772152155637741
0.7221117317676543
0.7341618239879606
0.7658683359622953
0.74761626124382
0.748020827770233
0.7178834378719329
0.7195278704166411
0.7917470335960387
0.7065780758857726
0.7812566161155698
0.7221620082855222
0.6974569261074065
0.7356251180171965
0.6721867024898528
0.7811124026775359
0.7657351195812225
0.6966962218284606
0.6966961920261382
0.7494714260101317
0.7926185429096221
0.7672835588455199
0.7967040538787841
0.7301091253757475
0.7474947571754456
0.7663435041904447
0.7512832283973693
0.7748580276966094
0.7918778955936431
0.7478046417236326
0.7238171696662902
0.6958229839801786
0.8491509556770325
0.8028523325920104
0.7215659320354461
0.7991186380386351
0.7743413448333738
0.7471026182174682
0.8250972926616668
0.8199335336685181
0.688766688108444
0.6844123005867003
0.7139419615268705
0.8006287217140196
0.7870779931545255
0.7796091139316558
0.7511011064052582
0.6828873455524443
0.7737933993339539
0.73506161570549
0.819171607494354
0.8408623635768889
0.7371950447559354
0.8040545284748075
0.7810429334640501
0.7475408315658568
0.710927516222
0.6965836584568023
0.7103616893291471
0.7544281482696531
0.7726866900920866
0.6958229839801786
0.7456041276454924
0.7774406969547271
0.6958771944046019
0.8163460493087767
0.7222374677658079
0.7509297430515288
0.8275114893913267
0.6958773434162139
0.7516340613365171
0.7532738745212554
0.8308525085449218
0.7555480897426604
0.6840451061725615
0.6935371756553649
0.6844123005867003
0.7764112353324889
0.6821266412734984
0.7979951202869414
0.8300913274288176
0.8076709508895872
0.7444359958171843
0.772318810224533
0.819035917520523
0.7638899981975554
0.7579115331172941
0.7939657568931577
0.8079072833061217
0.8812032938003539
0.8474060595035552
0.6942979991436002
0.748648941516876
0.7163583934307098
0.8245934247970579
0.8875852823257444
0.8031562268733977
0.8611617684364318
0.7066360414028167
0.6621732711791991
0.6851730048656463
0.8133230209350584
0.7073968052864075
0.8545665442943572
0.7643034458160398
0.7061301171779631
0.7877707481384276
0.7278234362602232
0.7666402459144591
0.7213108539581298
0.7712704837322233
0.6847795844078063
0.854862868785858
0.6852856278419494
0.7767888903617858
0.7405163049697874
0.6725538969039916
0.7073461115360259
0.7946050167083738
0.6966962218284606
0.7574439346790312
0.8295779526233673
0.7359681427478789
0.8470480740070342
0.6721867322921751
0.7347314357757567
0.7471577525138853
0.7103884220123289
0.7720342278480528
0.7196225821971891
0.7602648138999938
0.7099779248237609
0.6622467339038848
0.6946687102317809
0.7819718718528745
0.7332512140274046
0.8256604969501494
0.6958773434162139
0.7215476930141448
0.797058880329132
0.7296118438243865
0.6959355771541593
0.7197975218296049
0.7192290425300597
0.8266130387783048
0.7432689070701598
0.7329228818416595
0.7180467844009398
0.7594359517097472
0.7332512438297272
0.7772502005100248
0.701617509126663
0.6829417049884795
0.7085545063018798
0.7482874989509581
0.7188619077205656
0.7677861452102659
0.7209952175617217
0.6835973858833312
0.8811277151107787
0.7110655307769773
0.6835973262786864
0.7565388083457946
0.7726867198944091
0.793682962656021
0.6844123005867003
0.7588196992874144
0.663014382123947
0.7706132531166076
0.6840188801288604
0.6833088099956511
0.7069452702999113
0.6959862112998961
0.7706396877765654
0.7638660073280333
0.7857992649078367
0.8134060502052305
0.6855945289134978
0.7227739691734313
0.6964855790138242
0.6614387035369872
0.7960858941078184
0.8075464069843291
0.8701859414577483
0.7053695321083068
0.7164127826690673
0.7779996991157531
0.7066361904144286
0.7119216620922086
0.7516132891178129
0.7398251295089721
0.8017169833183286
0.7314699888229369
0.687469720840454
0.830352872610092
0.8234871625900267
0.8704940974712371
0.6622975766658782
0.6835972666740416
0.8141939342021942
0.7473770081996916
0.7081575095653534
0.7891315817832946
0.7528431713581085
0.6844123899936675
0.6959862411022185
0.6615367531776427
0.8120414316654204
0.7521078884601591
0.7314039468765258
0.7217344939708707
0.7481737434864043
0.8403832018375396
0.7911908626556395
0.695901870727539
0.6729474365711211
0.6970896422863005
0.7714065313339232
0.8193602859973905
0.8076289892196655
0.7702817916870115
0.8189097344875335
0.7545589804649352
0.758841037750244
0.6828873455524443
0.7839183211326598
0.7302723228931426
0.7286384999752044
0.7113757431507108
0.7466782629489898
0.7449546754360198
0.6515967845916747
0.8103911578655241
0.7518290281295775
0.7975390553474425
0.7969788312911985
0.7657218873500823
0.79764986038208
0.7759864926338194
0.7495220899581908
0.7485925853252409
0.8692263960838317
0.7670463323593139
0.699576824903488
0.6964858472347258
0.7314273118972777
0.7613441944122312
0.7470369637012481
0.7545940876007078
0.7817395627498624
0.803317755460739
0.757958561182022
0.7349090576171874
0.7336661517620086
0.6973479688167571
0.718529552221298
0.7652896940708158
0.7883826494216918
0.7636901736259459
0.7232138812541961
0.7462474107742307
0.7469878792762755
0.7347216606140134
0.7655833065509795
0.7416941821575164
0.6842599511146543
0.8519366085529325
0.7206657826900481
0.7302724421024321
0.7768934965133667
0.8605893254280089
0.673657476902008
0.8986814022064208
0.6845687329769133
0.7393601834774016
0.744081377983093
0.7677733600139618
0.7511247396469115
0.7327652871608732
0.7191503345966338
0.7064729034900664
0.7064729034900664
0.721708983182907
0.7862906157970427
0.8361883163452147
0.7533686757087705
0.7732114195823667
0.7644275724887846
0.7563389539718627
0.7064729034900663
0.7492634057998656
0.739193856716156
0.7413713335990905
0.7179342210292814
0.6950622797012328
0.7060794234275817
0.830426126718521
0.8057861924171447
0.7184101939201354
0.7677308917045592
0.7899712324142454
0.7855056524276732
0.7416831851005552
0.7519962191581724
0.7364908456802366
0.7053694128990172
0.7306351661682128
0.7128150165081022
0.7912781834602354
0.814138203859329
0.7245911955833434
0.7180467545986174
0.8308387100696563
0.6962445378303528
0.6855157613754271
0.7416831851005552
0.7129535675048827
0.7032760381698607
0.8268464505672454
0.7766697704792022
0.7264479398727416
0.8031837642192838
0.6954802274703978
0.798708140850067
0.6515967845916747
0.7263531088829039
0.7227516174316405
0.7507459223270415
0.7890954911708831
0.8031044304370879
0.7111484110355375
0.7123616635799407
0.6854422092437743
0.7303378582000731
0.7178834378719329
0.8298362791538236
0.7095301747322081
0.7364236712455747
0.8022364377975462
0.6998492181301116
0.7424154877662656
0.7845778763294219
0.7670423388481138
0.7467744648456571
0.781153231859207
0.7218775153160094
0.7644716799259184
0.7984634339809416
0.6835973858833312
0.7115646004676818
0.747886925935745
0.7474146783351896
0.7669221162796019
0.7802082002162933
0.7759954929351807
0.7186985909938811
0.7728690803050994
0.7509488463401793
0.7650816738605498
0.6958230137825011
0.723521739244461
0.6725538969039916
0.7186985611915587
0.7933849692344666
0.7859887480735778
0.722111791372299
0.6622467935085296
0.6931437253952025
0.8304607570171354
0.7239742577075958
0.7418236732482909
0.7298206984996793
0.6851730346679686
0.694247156381607
0.7985134720802306
0.6957878470420836
0.797055035829544
0.7649192214012145
0.7237346470355988
0.7227121591567991
0.7970376312732695
0.8300780057907103
0.8719591796398162
0.746593803167343
0.6733689308166503
0.7363971173763274
0.6725538969039916
0.7120819985866544
0.8522818684577941
0.7335378229618071
0.7290057837963102
0.7758207321166991
0.7262866497039794
0.7235054969787597
0.7913626730442046
0.694325953722
0.8348256349563599
0.7516132295131682
0.7219151258468627
0.7715252935886382
0.7762244045734406
0.7395146191120147
0.7672834694385527
0.7235054969787597
0.7302724421024321
0.6874698698520659
0.7970995306968688
0.6835973262786864
0.7061845660209655
0.6744724512100219
0.8418198227882384
0.7517278194427488
0.7872343361377715
0.6943522691726683
0.7404232919216155
0.723092883825302
0.7305608987808225
0.8641868233680723
0.707194298505783
0.8174176812171936
0.7188619077205656
0.7784833014011381
0.6857813298702238
0.6982212662696837
0.777348458766937
0.7467405498027802
0.7456781864166259
0.7462719678878782
0.8964316844940184
0.7087114453315733
0.7414491772651671
0.6959017813205719
0.7619572579860686
0.8720538318157194
0.7216888666152953
0.7528950572013854
0.7712070345878601
0.7299531698226928
0.7387159764766692
0.7098460197448729
0.7408851385116576
0.7436484694480895
0.7709086835384367
0.7064729630947112
0.688766688108444
0.7379961013793944
0.7482876777648925
0.7456510663032531
0.7914046347141265
0.783709555864334
0.7722327709197996
0.672849416732788
0.8407775461673735
0.7100893855094909
0.6744724214076995
0.730898767709732
0.7123993039131163
0.7780934274196624
0.7818235158920287
0.7171735465526579
0.7269806563854216
0.7878747284412383
0.6728492975234984
0.866330176591873
0.7172277569770812
0.7976571917533872
0.7921108305454253
0.8300953209400175
0.7650951445102692
0.7118914127349852
0.7509658634662627
0.7555474638938903
0.7119863927364348
0.7197351455688477
0.7225873470306395
0.7175951600074767
0.7859598100185392
0.729403406381607
0.7950446009635924
0.699999451637268
0.7981806695461271
0.8102287352085112
0.8872309625148772
0.7372390031814574
0.7738399803638457
0.7188618183135985
0.8097123205661773
0.8808598220348355
0.8293828666210172
0.7172015905380249
0.7867543399333953
0.8696225881576537
0.6615367531776427
0.8082455992698668
0.8514823615550993
0.7213107943534851
0.7433791756629943
0.7475408613681792
0.7476162910461424
0.795608192682266
0.7967051565647125
0.7308146357536315
0.6982720196247101
0.7465270757675169
0.7501510381698606
0.741737425327301
0.7461617588996885
0.721298724412918
0.7465756833553313
0.7342333197593687
0.6622468531131743
0.7994880974292753
0.8464591503143309
0.710104167461395
0.6974568963050841
0.6979095935821531
0.695901870727539
0.8661639392375945
0.8052351772785186
0.7466485500335693
0.7945867180824279
0.7372388839721679
0.7080487012863158
0.7554402053356168
0.7464804351329801
0.7875492572784423
0.7987489998340606
0.6950623095035552
0.6747925579547881
0.7479245662689209
0.6821266412734984
0.8344073295593262
0.8028903901576994
0.6836760640144347
0.8344962894916532
0.7354726791381835
0.7275167107582091
0.808841973543167
0.7708431482315062
0.7302725017070768
0.776340991258621
0.6942471861839293
0.7723859846591948
0.8321264386177061
0.7604333460330961
0.7236252725124359
0.7517395019531249
0.8090204596519469
0.7815901041030884
0.7432082295417785
0.7540834248065947
0.6847795844078063
0.7918778955936431
0.6970052421092986
0.7765324115753172
0.7341465950012207
0.6836516559123991
0.7789441049098967
0.6744723916053771
0.7227276563644408
0.741858035326004
0.770763725042343
0.7286384999752044
0.705369472503662
0.705369472503662
0.8609962463378905
0.7077396512031554
0.7864952981472014
0.695935547351837
0.738159507513046
0.7785892486572265
0.6615367531776427
0.6852856576442717
0.7934310734272002
0.8082889318466184
0.6607761085033416
0.7630532383918761
0.7478787004947661
0.7082118988037108
0.8126330971717833
0.7605166137218474
0.6959354877471923
0.7911905050277709
0.7175951004028319
0.8549389243125914
0.8523311913013456
0.7227653264999389
0.7188620269298552
0.7233122587203977
0.8309093415737151
0.6729474365711211
0.765888690948486
0.761236160993576
0.7610643208026884
0.7238547801971434
0.7163583934307098
0.717988610267639
0.7344008386135099
0.7608525156974792
0.6607761085033416
0.6744723916053771
0.7631963789463041
0.7980994582176206
0.7337772846221923
0.7240228056907652
0.682887315750122
0.7188617885112761
0.8303941786289213
0.7540293931961058
0.672849416732788
0.7843609452247619
0.746700882911682
0.7058173418045043
0.758681684732437
0.7589578926563261
0.775659590959549
0.813115507364273
0.6636701226234435
0.6946687102317809
0.8413385450839995
0.7867088615894315
0.7825841903686521
0.8080008327960967
0.6976862549781798
0.7195136547088621
0.7221375107765197
0.7057085931301116
0.8228186368942259
0.8352714180946348
0.7290058434009551
0.750663787126541
0.7587665915489196
0.7059329748153684
0.7923324406147002
0.7611300945281981
0.7499155700206755
0.6840188801288604
0.8220923244953156
0.6867561936378478
0.7087541520595548
0.7746725976467131
0.7184166014194487
0.9166785776615142
0.7595424354076383
0.7178835272789
0.7217978239059446
0.7854413092136382
0.7474753260612488
0.7503558099269866
0.8142453730106352
0.8031508624553679
0.7234489321708678
0.6828873753547666
0.7227653861045837
0.8380303680896758
0.7681609988212583
0.696583718061447
0.6843580305576322
0.751852512359619
0.8089971542358397
0.6835973262786864
0.6836761534214018
0.7951411902904508
0.7050022482872008
0.7366905212402342
0.7910932302474974
0.7344843745231627
0.7089219093322752
0.6877354979515075
0.7178835868835448
0.7358767986297605
0.7172277867794036
0.8292306959629058
0.7449286282062529
0.7298207581043242
0.7050021588802337
0.77152544260025
0.7353692650794981
0.7195718586444853
0.6858356297016143
0.7416831552982329
0.7605041265487669
0.7227275669574736
0.7972919046878814
0.7763725519180296
0.7976097762584684
0.7249119877815245
0.7976528108119965
0.763820856809616
0.8194344043731688
0.6737625300884246
0.7791644930839537
0.7320494353771207
0.6943523585796354
0.7538546323776243
0.8356428742408751
0.708921819925308
0.8133247196674346
0.7426103651523588
0.7104641199111937
0.7638487517833709
0.7896660566329955
0.6615367531776427
0.747835874557495
0.813488483428955
0.879897356033325
0.7256385087966918
0.7827601134777067
0.7102154791355131
0.6836480200290679
0.6847795844078062
0.695822924375534
0.6958230435848235
0.7736323177814481
0.7348111569881438
0.8028934597969054
0.7356911599636078
0.8347771167755126
0.7929366827011108
0.8296587169170379
0.8486536145210264
0.799757808446884
0.7455936074256895
0.6729474365711211
0.7774160504341123
0.8423027992248533
0.6835972666740416
0.7577364444732664
0.7589970231056212
0.7920042276382444
0.787678301334381
0.7322378456592558
0.824440151453018
0.8132254183292388
0.7179104983806608
0.8365334272384642
0.7714258134365081
0.7138905525207517
0.7568718791007993
0.7955626547336576
0.7473723292350767
0.6844123601913451
0.7811048924922941
0.719571828842163
0.8248594701290128
0.8240914940834044
0.771366000175476
0.6736573576927184
0.7993772923946378
0.7109552919864652
0.8096965849399566
0.7220056653022765
0.7068664431571959
0.8295719623565672
0.7692888379096984
0.7180468142032622
0.7443069815635679
0.8026988506317138
0.7375554740428923
0.7219912111759185
0.6938802301883696
0.6976862549781798
0.8403784930706022
0.7344843745231627
0.7554082870483396
0.661486119031906
0.7484859228134154
0.7062689661979674
0.8349440991878507
0.7333649396896361
0.741368383169174
0.8960422575473784
0.7785358130931852
0.7180467247962949
0.6621732115745543
0.7972093224525449
0.6850206851959227
0.7514827847480773
0.816038906574249
0.727237969636917
0.6981087028980254
0.7516994774341582
0.747886925935745
0.8531712293624877
0.7098460197448729
0.7723417878150938
0.6981087028980254
0.6646958887577056
0.7414170205593108
0.7362451553344725
0.7187605202198026
0.6847796440124511
0.7231881618499755
0.7537023127079008
0.7884401381015775
0.7329783439636229
0.7159912288188933
0.7306920886039732
0.7434619665145872
0.8873277902603147
0.7478263378143309
0.7821885645389555
0.7980786859989164
0.7775169312953947
0.6733689010143279
0.7983913123607634
0.70892196893692
0.7088730931282043
0.729403406381607
0.7057628631591796
0.7718815505504607
0.8495671451091764
0.8250956535339354
0.7511405944824218
0.6959862709045409
0.7180467844009398
0.6844123899936675
0.8083400130271909
0.7101041376590728
0.7408640682697295
0.8750104010105131
0.8454498648643491
0.8082888126373289
0.7602207660675048
0.6836761534214019
0.6847795546054839
0.7779996991157531
0.7898824512958526
0.75692343711853
0.7271091938018797
0.895834058523178
0.7290903329849241
0.6845755279064177
0.7986229956150054
0.8302504420280455
0.7755944430828092
0.7196225821971892
0.6828872859477996
0.6852856576442717
0.6828874051570891
0.7203530967235564
0.710104167461395
0.789387136697769
0.6954295635223388
0.7424154877662656
0.796809434890747
0.6836515963077544
0.705369472503662
0.7924323081970214
0.7465269863605498
0.6867563724517821
0.7385818362236022
0.6974569559097289
0.7471413016319274
0.6736574172973631
0.6866936683654784
0.7856333553791044
0.78222319483757
0.7064729332923888
0.7430615723133086
0.7825184762477875
0.7344045937061309
0.8098016977310178
0.8077034950256345
0.7407417893409727
0.8033669888973234
0.7420455813407897
0.7252136468887328
0.7339645326137542
0.8464883565902709
0.6943522393703458
0.7112548053264617
0.7474753260612488
0.7264842987060546
0.7108988165855408
0.710104167461395
0.72270792722702
0.7338717579841613
0.6828366219997405
0.6844123601913451
0.7848315834999083
0.7112317681312559
0.7247278690338133
0.7298208475112914
0.7632766366004943
0.7358888387680053
0.8041037917137145
0.695901870727539
0.6752875149250029
0.7096664309501646
0.8075564503669737
0.7742538154125213
0.7013712823390958
0.7711386382579802
0.8415852189064026
0.7455905675888062
0.7087540626525878
0.6958230435848235
0.7875846326351165
0.7776832878589629
0.7270408868789672
0.763628989458084
0.7291780710220336
0.7111585438251494
0.7229873836040496
0.7588113248348235
0.7355380356311796
0.792124271392822
0.755554288625717
0.7264457941055297
0.8304999172687529
0.7860727608203886
0.7268061637878417
0.7453971207141876
0.6515967845916747
0.7737116217613219
0.7339372336864469
0.6847795844078063
0.7573536038398742
0.8525581955909727
0.815726578235626
0.7195136249065398
0.7187773287296295
0.8035598397254944
0.7409224808216094
0.6973479986190795
0.6959862411022185
0.6621994078159331
0.8085907101631162
0.8519345521926879
0.7694322168827057
0.8238611817359923
0.6733689308166503
0.8300989568233489
0.6990859210491179
0.8160600960254667
0.7049478292465209
0.6950622797012328
0.7073969244956968
0.7416561543941497
0.7233568429946898
0.673001766204834
0.7049478590488433
0.75407674908638
0.7290057241916655
0.7774603962898252
0.7717333734035492
0.7172017097473142
0.7775613665580748
0.7823191881179808
0.6950622498989104
0.8242731988430021
0.7790624797344207
0.7427985072135924
0.693537265062332
0.8002114892005919
0.7123462855815886
0.7380551099777221
0.696696102619171
0.7662024497985839
0.7350540161132811
0.7368946969509124
0.7453909814357755
0.6515494287014006
0.6847797036170958
0.6974568963050841
0.8509298264980316
0.7196224629878997
0.7186985313892362
0.7163583934307098
0.7371954023838041
0.753175228834152
0.8250516057014464
0.8095150291919707
0.760748893022537
0.7302310168743132
0.8298073112964629
0.7456999719142913
0.6614387035369872
0.8775618672370908
0.705369472503662
0.7310084104537963
0.7111823856830596
0.803000271320343
0.7383269369602202
0.7286967635154724
0.7483127713203428
0.7445231676101683
0.6614860892295836
0.7618849277496337
0.694297969341278
0.7864971756935117
0.7770577073097227
0.7221531867980956
0.6959861814975737
0.7779369950294492
0.8469576835632323
0.7721835970878599
0.7289719879627226
0.7827955484390258
0.773349344730377
0.7237016558647154
0.7196225225925444
0.6874698698520659
0.6958230137825011
0.8812036216259002
0.80749836564064
0.7164128422737122
0.6844123005867003
0.7975903153419494
0.7232912480831144
0.7062689661979674
0.7942662537097929
0.7515163421630858
0.7163583934307098
0.7780236005783079
0.7295116782188414
0.759661316871643
0.663670092821121
0.7684189677238464
0.7220206558704375
0.7467404901981353
0.7831135690212249
0.7359306514263151
0.7074512541294096
0.7227276563644408
0.706184595823288
0.8075442016124725
0.783916503190994
0.758259743452072
0.8098316788673399
0.6515967845916747
0.7880561649799345
0.6855946481227874
0.8242996037006376
0.694297969341278
0.747722566127777
0.7332512736320494
0.8084976971149443
0.7302723228931426
0.6855945289134978
0.7806947827339171
0.7004226446151732
0.791480630636215
0.7848992645740509
0.7971866130828856
0.7171735167503357
0.6943522691726683
0.6965836584568023
0.7319063842296598
0.766340672969818
0.7481401860713958
0.7381021678447723
0.7087540626525878
0.6845756173133849
0.7980577647686004
0.8757296800613402
0.747118830680847
0.7581820189952848
0.7669887542724608
0.7122795581817626
0.6943259835243224
0.7337514460086823
0.6744724512100219
0.7637690007686614
0.7845330238342283
0.726502239704132
0.7475574910640717
0.8018926680088042
0.7518290281295775
0.8127869367599485
0.8382344245910642
0.7779054045677184
0.8076509833335875
0.747954934835434
0.673001766204834
0.7734858095645903
0.7705004215240479
0.7350119650363921
0.7391938865184783
0.698507249355316
0.7237253487110137
0.7928495109081267
0.6859373152256011
0.7616025805473327
0.7372777462005614
0.6876730024814605
0.7703419923782346
0.6966963112354277
0.6721867620944976
0.7598028779029845
0.6636701226234435
0.7516132295131682
0.7731831669807433
0.6844123601913451
0.8298636078834533
0.7980872094631195
0.8308214843273161
0.7093722522258756
0.7233121991157531
0.8086408674716948
0.672186642885208
0.7758545577526091
0.8183967769145963
0.6966380476951598
0.6836761534214019
0.6630617082118987
0.7256385087966918
0.8363814353942869
0.6725539565086363
0.787177175283432
0.7850561439990997
0.7455922961235045
0.6718195080757139
0.6515494287014006
0.6974570155143737
0.7727178037166594
0.7286384999752044
0.696583718061447
0.7395598590373992
0.7735694646835326
0.7637022733688353
0.7244957983493803
0.8182301521301268
0.7306941449642179
0.7590214312076567
0.6943522691726683
0.7445215284824369
0.8197153210639953
0.721812218427658
0.8034984469413757
0.7589224874973296
0.7960858941078184
0.7479759156703947
0.7981705665588378
0.7483145594596862
0.8520323634147643
0.7887784540653228
0.7179886698722837
0.704947918653488
0.7171735167503357
0.6733689308166503
0.673001766204834
0.8028275072574614
0.805367976427078
0.720866799354553
0.7630307376384733
0.69500795006752
0.8111301958560942
0.7673062086105346
0.7446970939636228
0.829131096601486
0.6958229839801787
0.7637458741664884
0.7229413092136381
0.7221620082855222
0.7660765349864957
0.7977028191089628
0.7298207879066466
0.8019025921821592
0.7709194123744963
0.6833088696002959
0.6966380178928374
0.7214061319828033
0.775328755378723
0.709805130958557
0.8401177823543546
0.7840573787689207
0.8023277223110197
0.7070641517639159
0.6943522691726683
0.7375464737415313
0.7416830658912656
0.7793034613132475
0.7586403191089628
0.7707794308662413
0.7576080262660978
0.7467407286167144
0.7321647107601165
0.8394230902194976
0.663748949766159
0.7364785075187682
0.7937607765197753
0.6847795546054839
0.8154698610305785
0.8044744133949278
0.8034257888793944
0.7981837689876554
0.7714921832084655
0.7420950233936308
0.7433713972568511
0.6876773536205291
0.705369472503662
0.7056577801704406
0.696696251630783
0.7106725573539733
0.8637189865112302
0.723092883825302
0.7077395319938659
0.7285840511322019
0.6959862112998962
0.6995999515056609
0.8407357335090636
0.7984066009521483
0.8032048940658568
0.7235056757926941
0.7377543449401854
0.7712072730064392
0.6515967845916747
0.722098708152771
0.7887621223926544
0.7665546238422392
0.7915256619453429
0.755889892578125
0.7558853626251221
0.694352328777313
0.7462473213672637
0.6858830153942107
0.7760439813137052
0.7412724792957305
0.663670092821121
0.7924973368644713
0.7080486416816709
0.8459420204162597
0.7345255315303801
0.7069452702999113
0.7831499874591827
0.7809432446956632
0.7403237521648406
0.727697193622589
0.7511247396469115
0.8348295092582702
0.7760015726089476
0.7102791070938109
0.6989993155002593
0.706945240497589
0.7724789381027221
0.7676309943199157
0.7869476079940794
0.8246860206127165
0.7464313805103302
0.7434882521629332
0.8380483984947203
0.737334370613098
0.7233266532421112
0.7837577164173124
0.7709256410598754
0.7951111793518065
0.8632461428642271
0.7822309434413909
0.8577452301979064
0.770865887403488
0.6621994078159331
0.735190689563751
0.7257600426673888
0.7853912115097044
0.8234239518642423
0.7408641278743743
0.6970052421092986
0.7649556100368499
0.8028494119644164
0.7680881917476652
0.7424980401992796
0.7915586531162261
0.7716802060604094
0.8756429255008695
0.7112319767475128
0.6828366219997405
0.6733689904212952
0.808353006839752
0.7719960212707518
0.6989345848560332
0.7526487410068511
0.6910370290279387
0.6834730505943297
0.6844123005867003
0.8046203851699827
0.7105121612548826
0.7834858894348145
0.673657476902008
0.848697781562805
0.685937464237213
0.7633027434349058
0.7180467844009398
0.6725538969039916
0.6952256262302398
0.6821004450321196
0.6504689753055571
0.7821428775787351
0.7709257602691649
0.6718194484710692
0.7939015030860899
0.7495118677616118
0.7932017147541044
0.7674035727977752
0.7123263776302337
0.7064729630947112
0.7023045122623442
0.7049478292465209
0.7301091253757475
0.8048975467681884
0.672849416732788
0.7424981296062467
0.802022248506546
0.7936194837093352
0.7514655292034148
0.6974568963050841
0.8660112023353574
0.8584449887275694
0.6840450465679168
0.764102429151535
0.6511560976505278
0.8034668266773222
0.710898697376251
0.6725539565086363
0.693904548883438
0.7981248199939727
0.7521795630455016
0.6725539565086363
0.7366910874843597
0.786965638399124
0.7073461115360259
0.7917540073394774
0.7376028299331663
0.6986174285411834
0.6990365087985991
0.7096451222896575
0.827359765768051
0.6942979395389556
0.7590309977531432
0.8043281435966491
0.7253777682781217
0.73010915517807
0.6950623095035552
0.7683158814907072
0.8018206655979154
0.753854602575302
0.6845754086971282
0.7467935979366301
0.7609985768795011
0.8188327550888059
0.758444309234619
0.6986174583435057
0.7787106335163115
0.685937464237213
0.6733690202236174
0.695225566625595
0.7356351315975187
0.7262849509716033
0.8024145960807799
0.776427835226059
0.709812045097351
0.6952255964279174
0.8351187407970426
0.7317974269390105
0.7761560082435607
0.7238170504570006
0.8071882128715514
0.780684471130371
0.723505526781082
0.8234935700893402
0.6844123005867003
0.7197974026203153
0.7705966532230376
0.6737623810768126
0.7399177253246306
0.7188617885112761
0.6828365027904509
0.8682702183723449
0.830949932336807
0.8874562382698059
0.7110397517681121
0.7057629525661467
0.7515157759189605
0.7372584044933318
0.777648240327835
0.7087540328502653
0.7189640402793884
0.696485549211502
0.697274476289749
0.7065516412258147
0.6958230435848235
0.7768123149871824
0.8407890796661374
0.7049479484558104
0.7930088639259338
0.7197351753711698
0.6737623810768126
0.7257120609283446
0.791444957256317
0.7409223914146421
0.7308138012886046
0.7316296696662902
0.7763236463069914
0.7391035258769988
0.8090548217296599
0.793110430240631
0.6867561936378478
0.75146484375
0.7908312082290648
0.6747921705245972
0.7195718884468078
0.6747925579547881
0.6844123005867003
0.7875688374042511
0.7326708734035491
0.7458906173706055
0.7237164974212646
0.8626396059989928
0.7477661371231078
0.7279542386531829
0.8146634101867676
0.7064729034900663
0.7187773585319518
0.7837022542953491
0.6972743868827819
0.7227121293544767
0.7506136298179625
0.7302724123001098
0.6859373152256011
0.8406193554401397
0.82356259226799
0.6836761534214019
0.7550154328346251
0.7265101075172422
0.687469720840454
0.6958230733871459
0.8492123782634733
0.6832038462162017
0.7841635048389433
0.7195718288421629
0.7388893961906431
0.7487610280513762
0.7278845012187956
0.708873152732849
0.7737953066825864
0.6981042027473449
0.6943522691726683
0.7343815565109251
0.7966329455375669
0.7826670110225676
0.8075398504734038
0.705369472503662
0.7713120579719542
0.7630856037139891
0.7377087175846098
0.7727467119693755
0.7109059095382689
0.7184683382511138
0.7711080610752105
0.7319063842296598
0.7787855267524718
0.672849416732788
0.7777139842510222
0.8301434218883512
0.709962487220764
0.8171329200267791
0.6958229541778563
0.6867563128471373
0.7544865906238555
0.759021371603012
0.6962446272373197
0.6973006129264829
0.8578781783580778
0.6636701226234435
0.6951130926609038
0.6836762130260466
0.7934073507785794
0.7973361611366271
0.6852856278419494
0.723622828722
0.8137656152248381
0.6873729825019835
0.6607761085033416
0.7279926836490629
0.7263234555721282
0.7087540328502653
0.7791568636894225
0.7791184186935425
0.6857813298702238
0.6836515367031095
0.7943372130393981
0.6828366219997405
0.7608244717121122
0.7196226119995116
0.6836761832237243
0.79948091506958
0.7061301171779631
0.7902392148971557
0.7823722660541532
0.7442333102226256
0.7784369587898253
0.682887315750122
0.7771925926208496
0.7944593429565429
0.7624104321002959
0.7966217994689941
0.7424462139606475
0.8189914226531981
0.7123265266418455
0.7433712184429166
0.7083177864551543
0.7894531190395354
0.8406789898872374
0.8023925721645353
0.6522594690322875
