0.026673541821495422
0.026673541821495422
0.026673541821495422
0.026673541821495422
0.026673541821495422
0.026673541821495422
0.026673541821495422
0.026673541821495422
0.026673541821495422
0.026673541821495422
0.026673541821495422
0.026673541821495422
0.026673541821495422
0.026673541821495422
0.026673541821495422
0.026673541821495422
0.026673541821495422
0.026673541821495422
0.026673541821495422
0.026673541821495422
0.026673541821495422
0.026673541821495422
0.026673541821495422
0.026673541821495422
0.026673541821495422
0.026673541821495422
0.026673541821495422
0.026673541821495422
0.026673541821495422
