24
52
78
105
133
162
189
220
246
270
297
317
356
389
419
449
471
498
528
559
586
613
646
674
708
737
761
790
824
849
873
903
930
964
991
1016
1037
1063
1093
1121
1148
1180
1210
1236
1262
1293
1318
1346
1373
1408
1443
1464
1492
1522
1551
1576
1607
1629
1662
1693
1716
1738
1767
1794
1822
1848
1877
1904
1930
1957
1990
2018
2051
2079
2105
2130
2156
2182
2209
2237
2264
2296
2327
2351
2376
2403
2432
2465
2495
2523
2548
2564
2586
2618
2642
2669
2693
2719
2749
2778
2805
2835
2856
2886
2916
2942
2959
2993
3018
3047
3074
3099
3129
3159
3188
3216
3245
3269
3302
3334
3364
3389
3411
3448
3466
3496
3521
3549
3578
3600
3633
3658
3686
3709
3739
3768
3799
3821
3852
3879
3913
3940
3964
3991
4024
4051
4083
4113
4136
4162
4189
4217
4242
4271
4296
4318
4347
4375
4401
4425
4455
4476
4501
4525
4551
4574
4599
4621
4649
4680
4710
4742
4766
4788
4821
4850
4877
4904
4926
4955
4976
5013
5035
5063
5094
5122
5144
5174
5203
5227
5255
5290
5317
5348
5377
5403
5432
5460
5494
5520
5548
5573
5598
5624
5655
5683
5706
5732
5761
5784
5813
5839
5861
5887
5922
5950
5982
6006
6031
6058
6080
6106
6139
6160
6188
6217
6244
6273
6298
6319
6347
6374
6400
6436
6459
6485
6512
6534
6563
6593
6615
6649
6674
6703
6737
6766
6794
6819
6843
6869
6900
6928
6959
6985
7009
7042
7073
7098
7122
7149
7169
7194
7223
7247
7277
7305
7335
7360
7389
7418
7439
7468
7491
7514
7547
7575
7601
7626
7659
7682
7703
7729
7756
7783
7816
7845
7871
7899
7924
7955
7983
8015
8038
8060
8092
8122
8151
8181
8208
8232
8262
8292
8317
8341
8369
8396
8424
8453
8480
8510
8533
8558
8589
8616
8639
8669
8692
8725
8758
8781
8810
8840
8870
8894
8926
8949
8975
9001
9026
9055
9084
9108
9127
9150
9181
9211
9244
9271
9296
9328
9358
9383
9405
9432
9458
9484
9515
9542
9573
9598
9629
9654
9675
9700
9719
9743
9767
9801
9825
9851
9879
9907
9933
9959
9986
10015
10045
10066
10090
10120
10146
10175
10212
10237
10264
10293
10324
10357
10376
10404
10427
10447
10470
10503
10525
10547
10572
10593
10618
10642
10674
10701
10727
10751
10774
10801
10834
10860
10889
10913
10936
10964
10987
11012
11036
11059
11084
11113
11142
11171
11201
11228
11252
11275
11298
11320
11345
11366
11390
11417
11440
11467
11490
11519
11536
11560
11585
11607
11630
11659
11688
11708
11733
11760
11781
11807
11829
11856
11884
11906
11934
11959
11989
12014
12041
12072
12093
12119
12139
12170
12198
12222
12243
12266
12292
12316
12339
12363
12387
12414
12438
12461
12482
12510
12531
12556
12585
12610
12635
12656
12680
12704
12727
12747
12775
12802
12825
12847
12865
12890
12922
12942
12965
12988
13012
13036
13065
13086
13108
13134
13154
13176
13197
13220
13241
13263
13290
13313
13336
13353
13376
13400
13426
13457
13479
13506
13529
13554
13579
13604
13628
13655
13679
13705
13725
13748
13774
13798
13822
13844
13867
13889
13910
13931
13955
13983
14010
14028
14053
14079
14103
14122
14148
14171
14195
14220
14242
14261
14286
14306
14333
14351
14371
14400
14421
14448
14469
14490
14512
14535
14556
14583
14602
14625
14646
14668
14689
14710
14733
14756
14781
14807
14829
14852
14873
14899
14923
14948
14971
14997
15018
15039
15067
15096
15118
15135
15163
15188
15207
15226
15248
15271
15290
15313
15333
15356
15375
15395
15424
15448
15470
15494
15520
15545
15570
15594
15623
15649
15674
15704
15733
15759
15786
15809
15825
15843
15862
15883
15904
15925
15960
15987
16009
16031
16049
16068
16094
16113
16143
16165
16192
16216
16233
16256
16281
16307
16330
16347
16367
16394
16417
16440
16460
16479
16499
16521
16540
16565
16585
16608
16632
16649
16669
16687
16705
16732
16756
16772
16793
16812
16834
16859
16881
16904
16923
16944
16965
16985
17006
17027
17050
17072
17090
17110
17132
17153
17175
17192
17214
17241
17262
17283
17304
17323
17345
17370
17388
17411
17433
17457
17477
17501
17524
17542
17565
17583
17606
17627
17644
17667
17690
17711
17732
17757
17779
17807
17826
17849
17871
17893
17918
17942
17964
17985
18012
18032
18052
18074
18092
18120
18144
18165
18186
18208
18231
18253
18280
18296
18320
18343
18363
18387
18409
18433
18457
18479
18504
18526
18546
18567
18588
18611
18630
18651
18669
18692
18715
18734
18759
18778
18800
18818
18842
18862
18884
18905
18928
18945
18964
18981
19001
19017
19033
19057
19075
19097
19115
19147
19169
19191
19208
19229
19252
19279
19299
19320
19343
19361
19378
19397
19420
19442
19466
19486
19511
19532
19553
19572
19592
19614
19634
19654
19677
19695
19721
19744
19764
19785
19812
19828
19847
19865
19888
19906
19929
19948
19967
19993
20012
20030
20054
20072
20091
20109
20132
20154
20174
20198
20217
20236
20260
20280
20302
20323
20345
20369
20391
20411
20431
20447
20465
20483
20505
20524
20546
20567
20591
20613
20634
20653
20675
20697
20717
20740
20765
20785
20805
20824
20843
20862
20879
20898
20918
20938
20959
20980
21003
21024
21046
21066
21086
21109
21133
21156
21179
21197
21217
21235
21257
21279
21299
21325
21344
21366
21386
21408
21430
21454
21474
21494
21514
21537
21556
21578
21595
21613
21633
21650
21672
21692
21709
21729
21747
21771
21791
21816
21835
21856
21875
21895
21917
21937
21954
21976
21994
22015
22034
22052
22071
22098
22120
22144
22161
22184
22205
22226
22247
22268
22299
22319
22338
22355
22378
22397
22419
22441
22461
22479
22501
22520
22540
22558
22579
22597
22619
22638
22656
22675
22693
22715
22735
22754
22775
22794
22812
22829
22856
22874
22896
22916
22938
22956
22976
22995
23015
23033
23050
23073
23094
23118
23138
23157
23177
23199
23217
23238
23257
23276
23293
23312
23333
23355
23374
23393
23413
23433
23452
23474
23494
23513
23537
23558
23576
23593
23610
23627
23645
23665
23683
23702
23723
23745
23765
23787
23809
23828
23846
23868
23886
23905
23923
23940
23962
23984
24004
24025
24050
24070
24087
24107
24129
24148
24164
24182
24199
24220
24240
24259
24278
24298
24319
24347
24366
24383
24401
24420
24445
24464
24483
24506
24527
24544
24565
24583
24602
24623
24642
24661
24679
24701
24721
24741
24762
24780
24797
24813
24830
24850
24871
24891
24913
24933
24951
24969
24986
25003
25022
25041
25061
25084
25104
25121
25137
25155
25172
25189
25208
25229
25248
25268
25290
25313
25333
25351
25369
25388
25406
25426
25447
25469
25487
25506
25524
25545
25562
25590
25606
25623
25641
25659
25682
25699
25718
25738
25760
25779
25799
25821
25839
25859
25876
25899
25917
25936
25955
25973
25990
26012
26034
26057
26076
26092
26109
26129
26150
26171
26193
26210
26230
26249
26269
26287
26305
26331
26352
26371
26389
26408
26424
26444
26465
26483
26502
26523
26546
26564
26584
26601
26621
26640
26662
26679
26696
26714
26733
26752
26774
26794
26813
26831
26850
26868
26887
26904
26924
26945
26968
26986
27004
27024
27042
27062
27081
27097
27117
27134
27158
27175
27196
27212
27235
27255
27274
27293
27311
27329
27352
27370
27388
27407
27429
27450
27468
27484
27502
27521
27542
27561
27584
27606
27624
27645
27661
27682
27700
27717
27739
27762
27785
27800
27822
27840
27857
27879
27898
27917
27934
27951
27967
27982
28002
28017
28033
28050
28069
28091
28110
28129
28150
28170
28186
28206
28225
28246
28265
28286
28304
28327
28347
28364
28384
28406
28425
28443
28462
28485
28506
28528
28548
28568
28587
28609
28630
28651
28671
28690
28708
28727
28745
28764
28783
28801
28821
28839
28858
28876
28897
28915
28934
28952
28971
28990
29009
29026
29046
29065
29088
29108
29127
29148
29163
29184
29199
29217
29233
29251
29269
29289
29309
29329
29346
29363
29382
29404
29424
29443
29462
29484
29504
29523
29539
29558
29580
29598
29615
29631
29651
29670
29688
29707
29727
29747
29769
29788
29806
29825
29843
29864
29881
29902
29921
29937
29958
29978
29998
30015
30031
30049
30066
30083
30102
30120
30138
30154
30176
30192
30208
30224
30243
30266
30284
30300
30317
30337
30357
30374
30391
30408
30425
30445
30466
30484
30500
30520
30538
30558
30580
30601
30619
30634
30655
30671
30689
30705
30724
30744
30762
30779
30798
30817
30833
30852
30869
30887
30903
30921
30938
30955
30972
30990
31008
31024
31040
31060
31079
31097
31119
31136
31156
31177
31196
31214
31232
31247
31263
31280
31296
31313
31332
31350
31368
31388
31408
31427
31446
31463
31479
31498
31514
31531
31548
31566
31587
31605
31625
31647
31663
31682
31700
31716
31732
31754
31771
31789
31809
31829
31847
31865
31881
31900
31918
31935
31952
31972
31992
32010
32029
32046
32063
32082
32099
32117
32132
32151
32168
32184
32203
32220
32240
32257
32278
32296
32314
32335
32351
32366
32382
32400
32418
32435
32453
32474
32494
32515
32535
32557
32577
32597
32614
32630
32646
32665
32684
32700
32721
32738
32757
32777
32794
32811
32828
32847
32864
32885
32906
32925
32940
32955
32974
32993
33012
33031
33050
33067
33087
33109
33128
33146
33166
33187
33206
33227
33249
33266
33286
33303
33324
33342
33360
33377
33393
33410
33427
33446
33470
33492
33509
33526
33544
33564
33581
33606
33623
33642
33658
33676
33698
33715
33734
33750
33765
33783
33800
33818
33841
33859
33875
33895
33912
33934
33953
33975
33994
34013
34032
34050
34068
34086
34105
34120
34141
34158
34178
34193
34219
34236
34253
34270
34288
34306
34327
34345
34366
34383
34406
34424
34441
34457
34476
34497
34519
34536
34554
34574
34590
34613
34633
34651
34669
34687
34704
34725
34742
34759
34777
34796
34816
34832
34853
34871
34891
34910
34928
34947
34965
34983
35003
35023
35044
35063
35082
35101
35119
35139
35156
35173
35190
35207
35225
35245
35263
35280
35299
35320
35340
35360
35380
35402
35426
35449
35464
35481
35498
35515
35531
35548
35565
35580
35597
35617
35636
35657
35676
35693
35711
35727
35746
35766
35783
35799
35816
35838
35857
35874
35891
35908
35923
35940
35958
35976
35996
36015
36032
36051
36070
36091
36109
36129
36149
36167
36184
36205
36224
36244
36261
36280
36298
36313
36329
36348
36366
36386
36407
36427
36444
36462
36479
36497
36515
36537
36553
36569
36588
36608
36630
36649
36669
36689
36706
36723
36744
36760
36779
36797
36816
36831
36850
36868
36884
36899
36918
36934
36952
36970
36987
37005
37023
37040
37055
37070
37089
37108
37130
37148
37165
37182
37200
37219
37236
37253
37273
37290
37307
37324
37342
37360
37375
37392
37410
37430
37447
37465
37480
37497
37518
37534
37552
37570
37585
37602
37617
37634
37651
37668
37683
37701
37716
37735
37751
37770
37787
37804
37825
37843
37859
37878
37898
37914
37932
37948
37963
37980
37996
38014
38031
38051
38066
38082
38100
38117
38133
38154
38171
38189
38206
38224
38241
38259
38276
38292
38309
38324
38342
38362
38380
38396
38416
38433
38448
38466
38483
38499
38516
38533
38549
38566
38583
38603
38621
38639
38656
38672
38692
38709
38725
38743
38759
38775
38791
38806
38826
38845
38862
38880
38897
38914
38934
38950
38965
38982
39000
39018
39033
39051
39070
39087
39103
39122
39139
39156
39174
39190
39207
39224
39242
39262
39279
39296
39312
39328
39349
39368
39384
39401
39422
39438
39454
39469
39486
39501
39518
39536
39552
39571
39589
39606
39622
39640
39656
39672
39690
39707
39726
39742
39757
39772
39791
39808
39825
39841
39857
39874
39892
39910
39926
39946
39963
39981
39998
40015
40033
40051
40068
40085
40100
40115
40134
40151
40171
40188
40207
40225
40242
40264
40283
40300
40319
40336
40351
40368
40386
40403
40419
40437
40454
40470
40485
40504
40523
40541
40561
40580
40600
40619
40637
40654
40671
40688
40705
40724
40739
40757
40775
40792
40808
40824
40843
40863
40881
40897
40914
40931
40949
40964
40979
40995
41011
41027
41044
41064
41082
41101
41119
41140
41157
41174
41190
41206
41224
41241
41258
41273
41289
41306
41321
41336
41351
41372
41388
41404
41421
41437
41453
41470
41485
41503
41519
41540
41557
41573
41591
41608
41625
41641
41657
41676
41691
41710
41725
41740
41760
41781
41797
41814
41831
41847
41867
41886
41902
41920
41937
41953
41971
41989
42007
42025
42041
42056
42077
42098
42113
42131
42148
42164
42182
42199
42216
42236
42252
42268
42283
42300
42315
42332
42352
42369
42387
42405
42423
42440
42457
42475
42491
42506
42522
42541
42557
42577
42595
42613
42630
42648
42667
42685
42702
42718
42735
42751
42767
42783
42801
42817
42835
42851
42869
42887
42907
42924
42942
42961
42980
42997
43013
43032
43051
43066
43082
43099
43115
43130
43147
43162
43178
43196
43213
43230
43249
43265
43282
43299
43316
43333
43353
43372
43387
43405
43422
43439
43455
43473
43491
43506
43522
43540
43561
43578
43595
43612
43627
43643
43659
43676
43691
43708
43725
43741
43761
43777
43796
43812
43828
43844
43860
43881
43897
43912
43929
43946
43962
43978
43996
44013
44029
44045
44061
44077
44093
44109
44125
44144
44164
44181
44196
44213
44230
44246
44264
44279
44297
44316
44332
44348
44364
44384
44400
44418
44436
44455
44472
44491
44507
44525
44540
44555
44571
44587
44608
44623
44640
44658
44676
44694
44713
44729
44745
44760
44777
44795
44814
44832
44848
44866
44883
44899
44916
44933
44952
44968
44987
45004
45020
45039
45056
45072
45088
45104
45121
45139
45155
45170
45188
45203
45218
45234
45249
45266
45284
45301
45320
45336
45355
45373
45389
45405
45421
45437
45455
45470
45486
45501
45517
45533
45549
45564
45580
45595
45611
45627
45643
45659
45674
45692
45708
45725
45741
45757
45773
45790
45805
45820
45835
45854
45869
45885
45900
45916
45931
45951
45967
45982
45998
46015
46032
46047
46063
46079
46096
46114
46130
46146
46161
46179
46196
46213
46231
46249
46266
46282
46298
46314
46333
46350
46366
46382
46398
46414
46431
46449
46464
46480
46496
46514
46532
46547
46562
46579
46596
46612
46628
46643
46659
46674
46691
46707
46723
46738
46755
46770
46786
46803
46820
46836
46851
46866
46884
46900
46915
46931
46948
46966
46982
46998
47017
47033
47048
47064
47081
47097
47113
47128
47145
47161
47177
47194
47209
47224
47240
47260
47275
47293
47308
47324
47340
47355
47372
47387
47406
47421
47439
47457
47472
47490
47506
47521
47538
47555
47570
47585
47600
47616
47631
47647
47662
47678
47693
47708
47725
47740
47756
47774
47789
47806
47822
47839
47859
47874
47891
47910
47925
47940
47956
47972
47987
48003
48019
48034
48050
48067
48083
48099
48114
48129
48148
48163
48183
48199
48216
48233
48251
48266
48281
48299
48316
48332
48350
48367
48383
48399
48414
48430
48446
48462
48477
48493
48509
48526
48543
48562
48579
48595
48611
48628
48644
48661
48677
48694
48709
48728
48744
48761
48776
48791
48806
48821
48839
48855
48871
48887
48904
48919
48934
48950
48967
48983
49000
49016
49031
49047
49062
49079
49096
49113
49128
49147
49162
49178
49194
49210
49227
49242
49260
49276
49293
49308
49323
49339
49355
49372
49388
49405
49422
49437
49452
49469
49486
49502
49517
49532
49548
49563
49580
49595
49612
49627
49642
49658
49674
49692
49708
49723
49739
49755
49771
49786
49802
49818
49834
49849
49865
49882
49898
49917
49935
49951
49971
49988
50004
50020
50035
50052
50068
50083
50100
50119
50135
50152
50167
50184
50200
50216
50234
50249
50264
50283
50302
50319
50334
50350
50368
50385
50400
50419
50436
50453
50469
50486
50504
50519
50534
50551
50566
50582
50599
50615
50632
50648
50664
50680
50696
50712
50729
50745
50761
50776
50792
50807
50823
50838
50853
50869
50885
50901
50918
50934
50950
50967
50984
50999
51017
51034
51051
51068
51083
51099
51115
51131
51146
51162
51177
51193
51210
51226
51241
51257
51273
51290
51305
51321
51338
51354
51371
51386
51404
51420
51436
51453
51470
51487
51505
51522
51540
51555
51572
51588
51604
51619
51635
51653
51670
51686
51702
51717
51732
51747
51765
51780
51799
51816
51832
51848
51867
51882
51899
51914
51931
51946
51961
51977
51992
52008
52023
52040
52056
52072
52089
52105
52120
52135
52151
52168
52184
52202
52219
52235
52254
52270
52286
52302
52318
52334
52349
52364
52379
52394
52412
52428
52444
52460
52475
52491
52507
52522
52539
52556
52573
52589
52607
52622
52639
52655
52673
52689
52704
52720
52736
52753
52769
52784
52799
52815
52832
52847
52866
52882
52899
52915
52930
52945
52960
52977
52993
53009
53025
53043
53058
53073
53089
53104
53121
53137
53152
53169
53184
53199
53216
53232
53249
53264
53279
53294
53310
53326
53341
53357
53372
53389
53406
53422
53438
53454
53472
53487
53503
53520
53538
53555
53572
53587
53602
53617
53633
53650
53666
53682
53697
53713
53730
53745
53763
53779
53795
53811
53826
53842
53858
53874
53889
53906
53923
53938
53953
53968
53983
53999
54016
54031
54046
54062
54080
54098
54115
54130
54146
54161
54178
54194
54211
54226
54241
54257
54273
54288
54304
54319
54336
54352
54371
54386
54401
54417
54433
54448
54464
54481
54497
54516
54532
54549
54564
54579
54594
54609
54625
54641
54656
54671
54688
54705
54720
54737
54753
54768
54783
54798
54813
54830
54849
54865
54882
54899
54915
54934
54950
54967
54984
55002
55018
55034
55050
55065
55083
55099
55115
55131
55146
55165
55180
55195
55211
55227
55242
55261
55277
55292
55307
55322
55337
55353
55368
55384
55399
55414
55429
55445
55460
55476
55492
55507
55523
55540
55555
55571
55587
55602
55617
55632
55647
55662
55678
55695
55712
55728
55743
55759
55774
55789
55804
55822
55837
55853
55870
55888
55903
55919
55934
55952
55968
55983
55998
56014
56030
56046
56062
56077
56092
56108
56124
56139
56154
56169
56185
56202
56217
56234
56249
56265
56281
56297
56313
56330
56346
56364
56379
56394
56410
56427
56443
56460
56476
56492
56507
56524
56539
56554
56569
56584
56600
56617
56633
56648
56664
56679
56694
56710
56725
56740
56755
56770
56785
56800
56816
56831
56846
56861
56878
56895
56912
56928
56945
56961
56977
56992
57007
57023
57038
57054
57070
57086
57103
57118
57134
57149
57165
57181
57198
57214
57232
57248
57264
57279
57294
57312
57330
57347
57362
57378
57393
57409
57425
57441
57456
57471
57487
57502
57517
57533
57549
57564
57580
57596
57612
57627
57643
57658
57674
57689
57704
57722
57739
57755
57772
57789
57804
57819
57834
57849
57864
57879
57894
57910
57925
57941
57957
57974
57992
58007
58022
58039
58056
58072
58087
58104
58119
58134
58150
58166
58181
58196
58213
58229
58246
58261
58276
58294
58311
58327
58342
58357
58372
58388
58405
58420
58435
58451
58468
58484
58501
58516
58531
58546
58562
58579
58594
58610
58626
58641
58656
58676
58692
58708
58723
58738
58754
58769
58786
58801
58817
58834
58850
58866
58882
58897
58912
58927
58942
58957
58973
58989
59006
59022
59037
59052
59068
59083
59099
59115
59130
59145
59160
59176
59191
59207
59225
59241
59256
59272
59287
59303
59318
59334
59350
59366
59381
59397
59413
59428
59444
59460
59475
59491
59506
59522
59537
59553
59568
59583
59599
59614
59630
59646
59661
59677
59695
59711
59727
59744
59761
59776
59791
59806
59823
59840
59856
59871
59887
59903
59918
59934
59949
59965
59980
59996
60012
60029
60044
60060
60077
60092
60107
60123
60138
60153
60171
60189
60205
60220
60235
60251
60266
60283
60299
60314
60329
60345
60360
60375
60390
60405
60420
60436
60451
60466
60482
60499
60514
60529
60544
60559
60574
60593
60609
60624
60639
60654
60670
60685
60700
60717
60732
60749
60764
60779
60795
60810
60825
60840
60856
60872
60887
60902
60919
60935
60951
60967
60982
60999
61014
61030
61047
61062
61077
61092
61109
61124
61139
61155
61171
61187
61203
61218
61234
61249
61264
61282
61300
61316
61331
61347
61363
61380
61396
61411
61427
