0.018305821344256398
0.12499998509883878
0.0
0.06249999254941939
0.0
0.0
0.12499998509883878
0.0
0.0
0.031249991618096815
0.24999997019767756
0.0
0.12499998509883878
0.06249999254941939
0.0
0.06249999254941939
0.0
0.0
0.12499998509883878
0.4999999403953551
0.12499998509883878
0.12499998509883878
0.1249999776482582
0.0
0.0624999888241291
0.0
0.12499997914838312
0.0
0.10669416189193724
0.0
0.06249999254941939
0.12499995529651639
0.0
0.0
0.0
0.12499998509883878
0.0
0.0
0.12499998509883878
0.06249999254941939
0.0
0.0
0.0
0.036611642688512795
0.0
0.10669416189193724
0.0
0.0
0.24999997019767756
0.0
0.06249999254941939
0.1066941563040018
0.1821383163332939
0.0
0.06249999254941939
0.0
0.0
0.0
0.018305817870273796
0.12499998509883878
0.0
0.0
0.0
0.0
0.24999998509883878
0.0
0.12499997019767758
0.0
0.0
0.0
0.0
0.0
0.0
0.06249999254941939
0.10669416189193724
0.0
0.24999997019767756
0.0
0.12499998509883878
0.0
0.0
0.12499998509883878
0.06249998509883879
0.0
0.0
0.24999997019767756
0.0
0.06249999254941939
0.06249999254941939
0.0
0.0
0.4999999999999999
0.12499998509883878
0.06249999254941939
0.0
0.0
0.0
0.12499998509883878
0.062499977648258195
0.0
0.0
0.0
0.0
0.10669415444135663
0.018305821344256398
0.06249998509883879
0.24999998509883878
0.12499998509883878
0.0
0.0
0.0
0.0
0.0
0.0
0.0
0.12499998509883878
0.0
0.0
0.06249999254941939
0.0624999888241291
0.018305821344256398
0.0
0.0624999888241291
0.06249998882412909
0.12499998509883878
0.12499998509883878
0.0
0.06249999254941939
0.12499998509883878
0.0
0.0
0.0
0.0
0.12499998509883878
0.0
0.0
0.06249999254941939
0.0
0.12499997019767758
0.062499973922967904
0.0
0.0
0.0
0.0
0.2133882492780685
0.0
0.0
0.10669415269169956
0.06249999254941939
0.0
0.0
0.12499998509883878
0.24999998509883878
0.0624999888241291
0.0
0.0
0.0
0.0
0.124999962747097
0.12499998509883878
0.06249999254941939
0.0
0.12499998509883878
0.0
0.12499998509883878
0.12499998509883878
0.0
0.0
0.12499998509883878
0.0
0.06249999254941939
0.0
0.0
0.0
0.0
0.06249999254941939
0.0
0.0
0.12499998509883878
0.12499994784593581
0.0
0.0
0.0
0.12499998509883878
0.0
0.0
0.1249999776482582
0.0366116464138031
0.06249999218512347
0.0
0.12499998509883878
0.06249999254941939
0.0183058250695467
0.0
-3.725290298491292e-09
0.0
0.0
0.0
0.12499998509883878
0.24999997019767756
0.0
0.0
0.06249999252794901
0.1249999776482582
0.06249999254941939
0.0
0.0
0.0
0.06249999254941939
0.06249999254941939
0.0
0.10669415444135663
0.0
0.0
0.06249999254941939
0.12499998509883878
0.18749995529651636
0.0
0.0
0.0
0.24999997019767756
0.24999997019767756
0.0624999813735485
0.0
0.0
0.0
0.0
0.0
0.12499998509883878
0.0
0.0
0.12499998509883878
0.0
0.1249999776482582
0.0
0.12499998509883878
0.12499998509883878
0.1249999776482582
0.12499998509883878
0.12499998509883878
0.0
0.0
0.0
0.24999997019767756
0.018305821344256398
0.12499998509883878
0.12499998509883878
0.0
0.0
0.06249999254941939
0.12499998509883878
0.0624999888241291
0.10669413954019544
0.0
0.0
0.0624999813735485
0.0
0.06249999254941939
0.12499998509883878
0.24999997019767756
0.0
0.24999998509883878
0.0624999813735485
0.24999997019767756
0.12499998509883878
0.0
0.12499998509883878
0.12499998509883878
0.06249999254941939
0.12499998509883878
0.0
0.036611646413803094
0.10669416189193724
0.12499998509883878
-1.3038516042266252e-08
0.0
0.0
0.0
0.06249999254941939
0.0
0.0
0.0
0.0
0.07322330027818678
0.12499998509883878
0.12499998509883878
0.0
0.0
0.0
0.0
0.0
0.0
0.24999997019767756
0.0
0.0
0.1249999776482582
0.018305818550288674
0.0
0.0
0.8535532951354979
0.1249999776482582
0.0
0.21338830888271326
0.4999999403953551
0.0
0.0
0.12499998509883878
0.24999997019767756
0.0
0.0
0.12499998509883878
0.0
0.12499998509883878
0.0
0.0
0.0
0.06249999254941939
0.0
0.0
0.0
0.0
0.0
0.0
0.0
0.0
0.0
0.24999997019767756
0.0
0.06249999254941939
0.0
0.0
0.0
0.0
0.853553235530853
0.0366116501390934
0.0
0.12499998509883878
0.0
0.24999998509883878
0.06249999254941939
0.0
0.0
0.0
0.0
0.0
0.0
0.0
0.12499997019767758
0.0
0.0
0.0
0.0
0.1249999776482582
0.0
0.0
0.06249999254941939
0.0
0.0
0.0
0.06249998509883879
0.0
0.12499998509883878
0.24999997019767756
0.24999998509883878
0.0
0.06249999254941939
0.06249999254941939
0.0
0.0
0.12499998509883878
0.0
0.12499998509883878
0.12499998509883878
0.0
0.24999998509883878
0.0
0.10669415444135663
0.036611646413803094
0.0
0.0
0.0
0.24999998509883878
0.24999997019767756
3.1797338095884693e-09
0.24999997019767756
0.0
0.0
0.24999998509883878
0.0
0.0
0.12499998509883878
0.12499998509883878
0.0
0.0
0.0
0.0
0.24999997011179606
0.0
0.1249999776482582
0.24999997019767756
0.06249999254941939
0.24999997019767756
0.0
0.24999997019767756
0.12499998509883878
0.0
0.0
0.12499998509883878
0.06249999254941939
0.0624999888241291
0.1249999776482582
0.0
0.12499998509883878
0.12499998509883878
0.06249999254941939
0.0
0.0
0.0
0.0
0.06249999254941939
0.06249999254941939
0.0
0.0
0.0
0.0
0.0
0.12499998509883878
0.12499998509883878
0.0
0.0
0.10669415444135666
0.0
0.06249999254941939
0.0
0.24999998509883878
0.0
0.0
0.0
0.4999999105930328
0.24999998509883878
0.09374998230487107
0.0
0.10669415444135666
0.0
0.0
0.06249999254941939
0.06249999254941939
0.0
0.0
0.036611646413803094
0.0
0.8535533100366591
0.12499998509883878
0.12499998509883878
0.0
0.0
0.12499998509883878
0.0
0.06249999254941939
0.0
0.0
0.0
0.0
0.0
0.0
0.0
0.24999997019767756
0.0
0.24999998509883878
0.0
0.0
0.0
0.24999994039535517
0.0
0.0
0.0
0.0
0.12499998509883878
0.0
0.0
0.0
0.0
0.0
0.0
0.0
0.0
0.24999997019767756
0.42677664756774897
0.0
0.24999998509883878
0.24999998509883878
0.21338832378387448
0.0
0.0
0.0
0.0
0.0
0.0
0.0
0.0
0.12499998509883878
0.0
0.06249999254941939
0.12499998509883878
0.4999999999999999
0.0
0.0
0.0
0.24999998509883878
0.036611646413803094
0.0
0.0
0.0
0.24999997019767756
0.24999998509883878
0.0
0.0
0.036611646413803094
0.10669416189193724
0.0
0.0
0.4999999999999999
0.0
0.12499998509883878
0.0
0.0
0.0
0.21338832378387448
0.06249999254941939
0.0
0.0
0.0
0.0
0.0
0.0
0.06249999254941939
0.0
0.0
0.0
0.24999998509883878
0.0
0.24999997019767756
0.0
0.06249999254941939
0.4999999403953551
0.12499998509883878
0.4999999999999999
0.0
0.0
0.0
0.12499998509883878
0.0
0.0
0.0
0.0
0.06249999254941939
0.24999998509883878
0.0
0.0
0.12499998509883878
0.0
0.12499998509883878
0.0
0.0
0.0
0.0
0.0
0.24999997019767756
0.12499998509883878
0.0
0.4999999999999999
0.0
0.0
0.0
0.24999998509883878
0.4999999999999999
0.0
0.036611646413803094
0.0
0.0
0.0
0.0
0.0
0.0
0.12499998509883878
0.0
0.12499998509883878
0.0
0.2499999552965164
0.0
0.24999998509883878
0.12499998509883878
0.0
0.12499998509883878
0.0
0.0
0.0
0.12499998509883878
0.0
0.24999997019767756
0.0
0.06249999254941939
0.0
0.0
0.4999999999999999
0.4999999999999999
0.0
0.036611649367560554
0.4999999999999999
0.4999999403953551
0.12499998509883878
0.12499998509883878
0.12499998509883878
0.0
0.0
0.0
0.0
0.24999998509883878
0.0
0.24999997019767756
0.07322329282760619
0.0
0.0
0.12499998505589803
0.0
0.0
0.0
0.24999998509883878
0.0
0.21338830888271332
0.24999998509883878
0.0
0.0
0.0
0.0
0.0
0.0
0.12499998509883878
0.0
0.0
0.0
0.12499998509883878
0.0
0.12499998509883878
0.0
0.0
0.0
0.0
0.0
0.0
0.0
0.0
0.1464466005563736
0.0
0.0
0.0
0.0
0.0
0.0
0.4999999999999999
0.0
0.0
0.0
0.0
0.12499998509883878
0.0
0.12499998509883878
0.0
0.0
0.01830582320690155
0.0
0.0
0.0
0.24999997019767756
0.12499998509883878
0.0
0.0
0.06249999254941939
0.4999999999999999
0.24999997019767756
0.24999998509883878
0.0
0.24999997019767756
0.0
0.12499998509883878
0.0
0.12499998509883878
0.0
0.0
0.0
0.0
0.4999999999999999
0.0
0.0
0.0
0.49999997019767756
0.0
0.0
0.0
0.0
0.4999999999999999
0.0
0.0
0.0
0.24999998509883878
0.0
0.24999998509883878
0.0
0.0
0.10669416189193724
0.0
0.0
0.12499998509883878
0.0
0.0
0.0
0.0
0.0
0.0
0.0
0.0
0.0
0.0
0.24999997019767756
0.0
0.24999997019767756
0.0
0.12499998509883878
0.0
0.24999998509883878
0.0
0.0
0.0
0.24999997019767756
0.0
0.0
0.12499998509883878
0.0
0.0
0.0
0.24999998509883878
0.0
0.0
0.0
0.0
0.24999998509883878
0.12499998509883878
0.0
0.12499998509883878
0.24999998509883878
0.24999997019767756
0.0
0.0
0.0
0.0
0.0
0.24999998509883878
0.12499998509883878
0.0
0.0
0.24999998509883878
0.0
0.12499998509883878
0.0
0.12499998509883878
0.24999997019767756
0.0
0.0
0.0
0.0
0.0
0.24999998509883878
0.24999997019767756
0.0
0.24999998509883878
0.0
0.12499998509883878
0.0
0.0
0.0
0.24999997019767756
0.0
0.0
0.0
0.0
0.12499998509883878
0.0
0.12499998509883878
0.12499998509883878
0.0
0.24999998509883878
0.0
0.0
0.0
0.0
0.0
0.0
0.12499998509883878
0.24999997019767756
0.0
0.0
0.0
0.0
0.0
0.12499998509883878
0.0
0.0
0.0
0.0
0.0
0.0
0.0
0.0
0.0
0.0
0.0
0.12499998509883878
0.24999998509883878
0.24999998509883878
0.0
0.4999999999999999
0.24999998509883878
0.0
0.0
0.0
0.24999998509883878
0.0
0.0
0.0
0.0
0.12499998509883878
0.0
0.24999997019767756
0.24999998509883878
0.0
0.0
0.24999998509883878
0.0
0.24999998509883878
0.24999997019767756
0.4999999999999999
0.0
0.0
0.0
0.0
0.0
0.0
0.0
0.0
0.12499998509883878
0.0
0.24999998509883878
0.24999997019767756
0.12499998509883878
0.0
0.0
0.0
0.0
0.12499998509883878
0.0
0.12499998509883878
0.0
0.24999998509883878
0.0
0.0
0.0
0.12499998509883878
0.0
0.0
0.24999998509883878
0.0
0.06249999254941939
0.0
0.0
0.24999998509883878
0.4999999999999999
0.0
0.24999998509883878
0.0
0.0
0.4999999999999999
0.24999998509883878
0.4999999999999999
0.24999998509883878
0.4999999403953551
0.06249999254941939
0.12499998509883878
0.12499998509883878
0.12499998509883878
0.0
0.0
0.0
0.0
0.4999999999999999
0.0
0.06249999254941939
0.0
0.0
0.0
0.24999997028355908
0.24999997019767756
0.0
0.4999999999999999
0.0
0.0
0.49999997019767756
0.0
0.12499998509883878
0.24999997019767756
0.12499998509883878
0.4999999999999999
0.0
0.0
0.0
0.0
0.0
0.24999998509883878
0.0
0.12499998509883878
0.0
0.0
0.4999999403953551
0.0
0.0
0.0
0.4999999999999999
0.0
0.24999998509883878
0.0
0.12499998509883878
0.0
0.12499998509883878
0.24999998509883878
0.0
0.0
0.0
0.24999997019767756
0.0
0.9999999403953551
0.0
0.12499998509883878
0.4999999999999999
0.4999999999999999
0.4999999999999999
0.24999998509883878
0.0
0.4999999999999999
0.0
0.0
0.0
0.0
0.4999999999999999
0.0
0.036611646413803094
0.0
0.9999999403953551
0.4999999999999999
0.4999999999999999
0.0
0.12499998509883878
0.4999999999999999
0.0
0.0
0.9999999403953551
0.0
0.49999997019767756
0.12499998509883878
0.0
0.0
0.0
0.24999998509883878
0.12499998509883878
0.0
0.0
0.0
0.4999999999999999
0.0
0.0
0.24999998509883878
0.06249999254941939
0.0
0.0
0.0
0.0
0.0
0.0
0.24999998509883878
0.0
0.0
0.0
0.0
0.0
0.0
0.0
0.0
0.0
0.0
0.0
0.4999999999999999
0.24999998509883878
0.12499998509883878
0.0
0.0
0.0
0.24999998509883878
0.12499998509883878
0.42677664756774897
0.24999998509883878
0.24999998509883878
0.0
0.0
0.0
0.24999998509883878
0.0
0.12499998509883878
0.0
0.24999998509883878
0.0
0.0
0.0
0.4999999999999999
0.0
0.4999999999999999
0.24999998509883878
0.24999998509883878
0.0
0.0
0.0
0.24999998509883878
0.0
0.0
0.0
0.0
0.0
0.0
0.4999999999999999
0.24999998509883878
0.0
0.0
0.4999999999999999
0.0
0.12499998514177954
0.0
0.24999998509883878
0.4999999999999999
0.4999999999999999
0.24999998509883878
0.0
0.24999998509883878
0.0
0.4999999999999999
0.0
0.0
0.0
0.4999999999999999
0.12499998509883878
0.24999998509883878
0.0
0.0
0.24999998509883878
0.24999998509883878
0.0
0.0
0.0
0.0
0.12499998509883878
0.4999999999999999
0.0
0.0
0.24999998509883878
0.0
0.0
0.24999998509883878
0.24999998509883878
0.0
0.018305823206901547
0.0
0.4999999999999999
0.0
0.0
0.24999998509883878
0.4999999999999999
0.0
0.0
0.0
0.4999999999999999
0.0
0.0
0.07322330772876738
0.0
0.24999998509883878
0.0
0.24999998509883878
0.0
0.0
0.24999998509883878
0.0
0.0
0.0
0.24999998509883878
0.4999999999999999
0.24999998509883878
0.0
0.4999999999999999
0.0
0.0
0.0
0.24999998509883878
0.4999999999999999
0.0
0.4999999999999999
0.0
0.0
0.24999998509883878
0.0
0.0
0.0
0.24999998509883878
0.0
0.0
0.24999998509883878
0.24999998509883878
0.0
0.12499998509883878
0.0
0.4999999999999999
0.0
0.4999999999999999
0.0
0.4999999999999999
0.0
0.4999999999999999
0.0
0.0
0.4999999999999999
0.0
0.0
0.24999998509883878
0.4999999999999999
0.4999999999999999
0.24999998509883878
0.24999998509883878
0.0
0.4999999999999999
0.0
0.0
0.0
0.0
0.4999999999999999
0.0
0.4999999999999999
0.0
0.24999997019767756
0.0
0.0
0.24999998509883878
0.1249999776482582
0.24999998509883878
0.4999999999999999
0.4999999999999999
0.0
0.24999998509883878
0.0
0.0
0.0
0.24999998509883878
0.0
0.0
0.0
0.0
0.0
0.0
0.0
0.24999998509883878
0.0
0.4999999999999999
0.0
0.0
0.0
0.0
0.4999999999999999
0.0
0.4999999999999999
0.0
0.4999999999999999
0.0
0.0
0.0
0.0
0.0
0.0
0.0
0.0
0.0
0.0
0.12499998509883878
0.0
0.24999998509883878
0.0
0.0
0.0
0.0
0.4999999999999999
0.0
0.0
0.12499998509883878
0.0
0.24999998509883878
0.0
0.12499998509883878
0.24999998509883878
0.4999999999999999
0.0
0.0
0.0
0.24999997019767756
0.4999999999999999
0.0
0.0
0.4999999999999999
0.24999998509883878
0.0
0.4999999999999999
0.4999999999999999
0.24999998509883878
0.0
0.0
0.0
0.0
0.0
0.0
0.0
0.0
0.0
0.24999998509883878
0.4999999999999999
0.0
0.0
0.4999999999999999
0.24999998509883878
0.0
0.24999998509883878
0.0
0.0
0.12499998509883878
0.0
0.12499998509883878
0.0
0.4999999403953551
0.0
0.24999998509883878
0.0
0.0
0.4999999999999999
0.0
0.0
0.0
0.0
0.0
0.0
0.0
0.12499998509883878
0.4999999999999999
0.24999998509883878
0.4999999999999999
0.0
0.4999999999999999
0.0
0.0
0.0
0.24999998509883878
0.4999999999999999
0.24999998509883878
0.0
0.0
0.0
0.0
0.4999999999999999
0.0
0.4999999999999999
0.4999999999999999
0.4999999999999999
0.0
0.0
0.0
0.4999999999999999
0.0
0.4999999403953551
0.0
0.24999998509883878
0.4999999999999999
0.0
0.0
0.0
0.4999999999999999
0.4999999999999999
0.0
0.0
0.0
0.4999999999999999
0.0
0.4999999999999999
0.0
0.0
0.4999999999999999
0.0
0.24999998509883878
0.0
0.4999999999999999
0.4999999999999999
0.0
0.4999999999999999
0.0
0.0
0.24999998509883878
0.0
0.4999999999999999
0.0
0.12499998509883878
0.0
0.24999998509883878
0.4999999999999999
0.0
0.06249999254941939
0.0
0.4999999999999999
0.4999999999999999
0.0
0.0
0.0
0.12499998509883878
0.12499998509883878
0.4999999999999999
0.0
0.0
0.4999999999999999
0.0
0.0
0.0
0.4999999999999999
0.0
0.4999999999999999
0.0
0.4999999999999999
0.0
0.0
0.0
0.4999999999999999
0.8535533100366591
0.0
0.4999999999999999
0.4999999999999999
0.4999999999999999
0.12499998509883878
0.0
0.4999999999999999
0.0
0.0
0.24999998509883878
0.4999999999999999
0.0
0.0
0.4999999999999999
0.0
0.0
0.0
0.0
0.4999999999999999
0.0
0.24999998509883878
0.4999999999999999
0.0
0.0
0.24999998509883878
0.4999999999999999
0.0
0.0
0.4999999999999999
0.24999998509883878
0.0
0.0
0.0
0.0
0.4999999999999999
0.0
0.24999998509883878
0.4999999999999999
0.0
0.24999998509883878
0.0
0.0
0.24999998509883878
0.0
0.4999999999999999
0.4999999999999999
0.0
0.4999999999999999
0.0
0.0
0.4999999999999999
0.4999999999999999
0.0
0.4999999999999999
0.0
0.24999998509883878
0.0
0.0
0.4999999999999999
0.0
0.0
0.0
0.0
0.4999999999999999
0.24999998509883878
0.0
0.4999999999999999
0.12499998509883878
0.24999998509883878
0.4999999999999999
0.4999999999999999
0.0
0.4999999999999999
0.4999999999999999
0.4999999999999999
0.24999998509883878
0.4999999999999999
0.0
0.4999999999999999
0.0
0.4999999999999999
0.12499998509883878
0.4999999999999999
0.12499998509883878
0.0
0.4999999999999999
0.4999999999999999
0.4999999999999999
0.4999999999999999
0.0
0.0
0.4999999999999999
0.0
0.0
0.0
0.24999998509883878
0.0
0.06249999254941939
0.0
0.0
0.4999999999999999
0.0
0.0
0.4999999999999999
0.4999999999999999
0.4999999999999999
0.0
0.0
0.0
0.4999999999999999
0.24999998509883878
0.0
0.0
0.4999999999999999
0.0
0.0
0.0
0.4999999999999999
0.24999998509883878
0.0
0.24999998509883878
0.4999999999999999
0.24999998509883878
0.4999999999999999
0.4999999999999999
0.4999999999999999
0.0
0.4999999999999999
0.24999997019767756
0.0
0.0
0.24999998509883878
0.4999999999999999
0.0
0.4999999999999999
0.0
0.24999998509883878
0.0
0.24999998509883878
0.0
0.24999998509883878
0.24999998509883878
0.0
0.0
0.4999999999999999
0.24999998509883878
0.0
0.4999999999999999
0.0
0.4999999999999999
0.0
0.0
0.0
0.4999999999999999
0.4999999999999999
0.0
0.24999998509883878
0.0
0.0
0.24999998509883878
0.12499998509883878
0.4999999999999999
0.4999999999999999
0.4999999999999999
0.24999998509883878
0.0
0.24999998509883878
0.0
0.4999999999999999
0.9999999403953551
0.0
0.0
0.24999998509883878
0.0
0.4999999999999999
0.0
0.0
0.4999999999999999
0.24999998509883878
0.24999998509883878
0.4999999999999999
0.4999999999999999
0.0
0.0
0.0
0.24999998509883878
0.24999998509883878
0.4999999999999999
0.4999999999999999
0.0
0.4999999999999999
0.0
0.0
0.0
0.4999999999999999
0.0
0.0
0.0
0.0
0.0
0.4999999999999999
0.0
0.0
0.0
0.49999997019767756
0.4999999999999999
0.24999998509883878
0.4999999999999999
0.0
0.0
0.0
0.24999998509883878
0.24999998509883878
0.0
0.0
0.0
0.24999998509883878
0.24999998509883878
0.4999999999999999
0.4999999999999999
0.24999998509883878
0.0
0.0
0.24999998509883878
0.4999999999999999
0.24999998509883878
0.4999999999999999
0.0
0.24999998509883878
0.0
0.0
0.4999999999999999
0.0
0.4999999999999999
0.0
0.24999998509883878
0.24999998509883878
0.24999998509883878
0.4999999999999999
0.4999999999999999
0.0
0.0
0.0
0.4999999999999999
0.0
0.24999998509883878
0.4999999999999999
0.24999998509883878
0.0
0.24999998509883878
0.12499998509883878
0.4999999999999999
0.4999999999999999
0.4999999999999999
0.4999999999999999
0.24999998509883878
0.24999998509883878
0.0
0.0
0.0
0.0
0.0
0.4999999999999999
0.0
0.24999998509883878
0.4999999999999999
0.4999999999999999
0.4999999999999999
0.4999999999999999
0.24999998509883878
0.4999999999999999
0.4999999999999999
0.24999998509883878
0.4999999999999999
0.0
0.0
0.4999999999999999
0.4999999999999999
0.4999999999999999
0.24999998509883878
0.0
0.0
0.4999999999999999
0.12499998509883878
0.0
0.0
0.4999999999999999
0.0
0.0
0.0
0.0
0.4999999999999999
0.0
0.4999999999999999
0.0
0.0
0.0
0.24999998509883878
0.4999999999999999
0.0
0.4999999999999999
0.0
0.4999999999999999
0.4999999403953551
0.4999999999999999
0.24999998509883878
0.24999998509883878
0.4999999999999999
0.4999999999999999
0.4999999999999999
0.0
0.4999999999999999
0.24999997019767756
0.0
0.24999998509883878
0.4999999999999999
0.4999999999999999
0.0
0.4999999999999999
0.4999999999999999
0.24999998509883878
0.0
0.4999999999999999
0.0
0.0
0.4999999999999999
0.4999999999999999
0.0
0.4999999999999999
0.4999999999999999
0.4999999999999999
0.24999998509883878
0.24999998509883878
0.24999998509883878
0.24999997019767756
0.4999999999999999
0.0
0.4999999999999999
0.4999999999999999
0.4999999999999999
0.4999999999999999
0.0
0.4999999999999999
0.4999999999999999
0.4999999999999999
0.4999999999999999
0.0
0.4999999999999999
0.4999999999999999
0.4999999999999999
0.4999999999999999
0.12499998509883878
0.24999998509883878
0.4999999999999999
0.0
0.24999998509883878
0.24999998509883878
0.4999999999999999
0.4999999999999999
0.4999999999999999
0.0
0.4999999999999999
0.0
0.0
0.24999998509883878
0.0
0.4999999999999999
0.4999999999999999
0.0
0.4999999999999999
0.4999999999999999
0.4999999999999999
0.4999999999999999
0.4999999999999999
0.4999999999999999
0.4999999999999999
0.0
0.4999999999999999
0.4999999999999999
0.24999998509883878
0.0
0.24999998509883878
0.4999999999999999
0.24999998509883878
0.4999999403953551
0.4999999999999999
0.0
0.0
0.4999999999999999
0.0
0.0
0.4999999999999999
0.4999999999999999
0.4999999999999999
0.0
0.4999999999999999
0.4999999999999999
0.4999999999999999
0.0
0.0
0.24999998509883878
0.0
0.0
0.0
0.4999999999999999
0.4999999999999999
0.4999999999999999
0.24999998509883878
0.0
0.24999998509883878
0.24999998509883878
0.4999999999999999
0.4999999999999999
0.4999999999999999
0.4999999999999999
0.0
0.4999999999999999
0.0
0.24999998509883878
0.4999999999999999
0.4999999999999999
0.4999999999999999
0.4999999999999999
0.4999999999999999
0.4999999999999999
0.4999999999999999
0.4999999999999999
0.0
0.0
0.24999998509883878
0.4999999999999999
0.4999999999999999
0.0
0.4999999999999999
0.4999999999999999
0.4999999999999999
0.0
0.4999999999999999
0.4999999999999999
0.4999999999999999
0.4999999999999999
0.0
0.0
0.12499998509883878
0.0
0.24999998509883878
0.24999998509883878
0.4999999999999999
0.0
0.4999999999999999
0.0
0.0
0.4999999999999999
0.4999999999999999
0.0
0.24999998509883878
0.4999999999999999
0.0
0.4999999999999999
0.0
0.4999999999999999
0.0
0.24999998509883878
0.4999999999999999
0.4999999999999999
0.4999999999999999
0.0
0.4999999999999999
0.0
0.4999999999999999
0.0
0.0
0.0
0.0
0.4999999999999999
0.0
0.4999999999999999
0.4999999403953551
0.24999998509883878
0.4999999999999999
0.4999999999999999
0.4999999999999999
0.24999998509883878
0.24999998509883878
0.4999999999999999
0.4999999999999999
0.0
0.4999999999999999
0.4999999999999999
0.24999998509883878
0.4999999999999999
0.0
0.0
0.0
0.4999999999999999
0.4999999999999999
0.4999999999999999
0.9999999403953551
0.4999999999999999
0.24999998509883878
0.24999998509883878
0.4999999999999999
0.4999999999999999
0.4999999999999999
0.0
0.0
0.24999998509883878
0.0
0.0
0.4999999999999999
0.4999999999999999
0.4999999999999999
0.24999998509883878
0.24999998509883878
0.4999999999999999
0.4999999999999999
0.4999999999999999
0.4999999999999999
0.4999999403953551
0.4999999999999999
0.24999998509883878
0.4999999999999999
0.4999999999999999
0.4999999999999999
0.0
0.24999998509883878
0.0
0.24999998509883878
0.24999998509883878
0.4999999999999999
0.4999999999999999
0.4999999999999999
0.4999999999999999
0.4999999999999999
0.24999998509883878
0.4999999999999999
0.4999999999999999
0.4999999999999999
0.4999999999999999
0.0
0.4999999999999999
0.4999999999999999
0.0
0.4999999999999999
0.0
0.0
0.0
0.24999998509883878
0.24999998509883878
0.4999999999999999
0.0
0.24999998509883878
0.4999999403953551
0.0
0.49999997019767756
0.4999999999999999
0.4999999999999999
0.0
0.0
0.0
0.4999999999999999
0.24999998509883878
0.0
0.0
0.0
0.4999999999999999
0.4999999999999999
0.24999998509883878
0.4999999999999999
0.4999999999999999
0.0
0.4999999999999999
0.4999999999999999
0.0
0.06249999254941939
0.4999999999999999
0.0
0.4999999999999999
0.4999999999999999
0.4999999999999999
0.0
0.24999998509883878
0.4999999999999999
0.4999999999999999
0.4999999999999999
0.4999999999999999
0.4999999999999999
0.4999999999999999
0.24999998509883878
0.24999998509883878
0.0
0.0
0.4999999999999999
0.24999998509883878
0.4999999999999999
0.4999999999999999
0.24999998509883878
0.4999999999999999
0.4999999999999999
0.12499998509883878
0.4999999999999999
0.4999999999999999
0.0
0.4999999999999999
0.4999999999999999
0.4999999999999999
0.0
0.4999999999999999
0.24999998509883878
0.4999999999999999
0.4999999999999999
0.24999998509883878
0.0
0.4999999999999999
0.4999999999999999
0.4999999999999999
0.0
0.0
0.0
0.4999999999999999
0.4999999999999999
0.4999999999999999
0.4999999999999999
0.0
0.4999999999999999
0.4999999999999999
0.0
0.0
0.0
0.4999999999999999
0.0
0.24999998509883878
0.12499998509883878
0.24999998509883878
0.4999999999999999
0.4999999999999999
0.24999998509883878
0.0
0.0
0.0
0.0
0.4999999999999999
0.4999999999999999
0.4999999999999999
0.0
0.4999999999999999
0.4999999999999999
0.24999998509883878
0.0
0.4999999999999999
0.9999999403953551
0.4999999999999999
0.4999999999999999
0.4999999999999999
0.4999999999999999
0.4999999999999999
0.0
0.0
0.0
0.0
0.24999998509883878
0.4999999999999999
0.0
0.4999999999999999
0.4999999999999999
0.24999998509883878
0.4999999999999999
0.4999999999999999
0.4999999999999999
0.4999999999999999
0.4999999999999999
0.4999999999999999
0.4999999999999999
0.0
0.0
0.4999999999999999
0.4999999999999999
0.0
0.4999999999999999
0.0
0.0
0.4999999999999999
0.4999999999999999
0.4999999999999999
0.0
0.0
0.4999999999999999
0.24999998509883878
0.4999999999999999
0.0
0.0
0.4999999999999999
0.24999998509883878
0.4999999999999999
0.0
0.4999999999999999
0.24999998509883878
0.4999999999999999
0.0
0.0
0.4999999999999999
0.4999999999999999
0.0
0.0
0.4999999999999999
0.4999999999999999
0.4999999999999999
0.4999999999999999
0.0
0.0
0.4999999999999999
0.9999999403953551
0.4999999999999999
0.4999999999999999
0.24999998509883878
0.4999999999999999
0.0
0.24999998509883878
0.24999998509883878
0.4999999999999999
0.4999999999999999
0.4999999999999999
0.4999999999999999
0.4999999999999999
0.4999999999999999
0.4999999999999999
0.0
0.4999999999999999
0.4999999999999999
0.0
0.4999999999999999
0.0
0.4999999999999999
0.4999999999999999
0.0
0.4999999999999999
0.4999999999999999
0.4999999999999999
0.4999999999999999
0.4999999999999999
0.4999999999999999
0.4999999999999999
0.4999999999999999
0.24999998509883878
0.4999999999999999
0.4999999999999999
0.4999999999999999
0.4999999999999999
0.4999999999999999
0.4999999999999999
0.4999999999999999
0.24999998509883878
0.4999999999999999
0.4999999999999999
0.4999999999999999
0.4999999999999999
0.4999999999999999
0.0
0.4999999999999999
0.4999999999999999
0.4999999999999999
0.0
0.4999999999999999
0.0
0.24999998509883878
0.4999999999999999
0.4999999999999999
0.4999999999999999
0.24999998509883878
0.4999999999999999
0.0
0.4999999999999999
0.4999999999999999
0.4999999999999999
0.4999999999999999
0.24999998509883878
0.4999999999999999
0.4999999999999999
0.4999999999999999
0.4999999999999999
0.0
0.4999999999999999
0.4999999999999999
0.0
0.0
0.4999999999999999
0.24999998509883878
0.0
0.0
0.0
0.0
0.4999999999999999
0.0
0.4999999999999999
0.0
0.24999998509883878
0.24999998509883878
0.24999998509883878
0.0
0.4999999999999999
0.4999999999999999
0.0
0.0
0.24999998509883878
0.4999999999999999
0.24999998509883878
0.24999998509883878
0.4999999999999999
0.4999999999999999
0.4999999999999999
0.4999999999999999
0.4999999999999999
0.24999998509883878
0.24999998509883878
0.4999999999999999
0.4999999999999999
0.4999999999999999
0.4999999999999999
0.0
0.4999999999999999
0.4999999999999999
0.0
0.4999999999999999
0.4999999999999999
0.0
0.4999999999999999
0.4999999999999999
0.9999999403953551
0.4999999999999999
0.4999999999999999
0.4999999999999999
0.4999999999999999
0.24999998509883878
0.4999999999999999
0.4999999999999999
0.4999999999999999
0.4999999999999999
0.4999999999999999
0.4999999999999999
0.4999999999999999
0.24999998509883878
0.4999999999999999
0.0
0.4999999999999999
0.24999998509883878
0.24999998509883878
0.4999999999999999
0.4999999999999999
0.0
0.4999999999999999
0.24999998509883878
0.24999998509883878
0.4999999999999999
0.4999999999999999
0.4999999999999999
0.4999999999999999
0.24999998509883878
0.4999999999999999
0.0
0.4999999999999999
0.4999999999999999
0.4999999999999999
0.0
0.4999999999999999
0.4999999999999999
0.4999999999999999
0.0
0.4999999999999999
0.4999999999999999
0.4999999999999999
0.4999999999999999
0.4999999999999999
0.4999999999999999
0.4999999999999999
0.0
0.24999998509883878
0.0
0.4999999999999999
0.4999999999999999
0.4999999999999999
0.4999999999999999
0.4999999999999999
0.4999999999999999
0.4999999999999999
0.4999999999999999
0.4999999999999999
0.4999999999999999
0.24999998509883878
0.0
0.4999999999999999
0.4999999999999999
0.4999999999999999
0.0
0.4999999999999999
0.4999999999999999
0.4999999999999999
0.0
0.4999999999999999
0.4999999999999999
0.0
0.4999999999999999
0.4999999999999999
0.4999999999999999
0.4999999999999999
0.24999998509883878
0.4999999999999999
0.4999999999999999
0.0
0.4999999999999999
0.4999999999999999
0.4999999999999999
0.4999999999999999
0.4999999999999999
0.4999999999999999
0.4999999999999999
0.24999998509883878
0.24999998509883878
0.4999999999999999
0.4999999999999999
0.4999999999999999
0.4999999999999999
0.24999998509883878
0.4999999999999999
0.0
0.4999999999999999
0.4999999999999999
0.4999999999999999
0.4999999999999999
0.4999999999999999
0.4999999999999999
0.4999999999999999
0.12499998509883878
0.4999999999999999
0.0
0.4999999999999999
0.4999999999999999
0.0
0.0
0.24999998509883878
0.4999999999999999
0.24999998509883878
0.24999998509883878
0.4999999999999999
0.0
0.4999999999999999
0.4999999999999999
0.4999999999999999
0.0
0.0
0.4999999999999999
0.4999999999999999
0.4999999999999999
0.0
0.0
0.4999999999999999
0.4999999999999999
0.4999999999999999
0.4999999999999999
0.4999999999999999
0.4999999999999999
0.4999999999999999
0.4999999999999999
0.4999999999999999
0.4999999999999999
0.4999999999999999
0.0
0.4999999999999999
0.4999999999999999
0.4999999999999999
0.0
0.0
0.4999999999999999
0.4999999999999999
0.24999998509883878
0.0
0.4999999999999999
0.4999999999999999
0.4999999999999999
0.0
0.4999999999999999
0.4999999999999999
0.4999999999999999
0.4999999999999999
0.4999999999999999
0.0
0.0
0.4999999999999999
0.0
0.0
0.4999999999999999
0.0
0.24999998509883878
0.4999999999999999
0.12499998509883878
0.0
0.24999998509883878
0.24999998509883878
0.4999999999999999
0.4999999999999999
0.0
0.4999999999999999
0.0
0.4999999999999999
0.0
0.4999999999999999
0.24999998509883878
0.4999999999999999
0.4999999999999999
0.4999999999999999
0.4999999999999999
0.4999999999999999
0.0
0.4999999999999999
0.4999999999999999
0.0
0.4999999999999999
0.0
0.0
0.4999999999999999
0.24999998509883878
0.4999999999999999
0.0
0.4999999999999999
0.24999997019767756
0.0
0.24999998509883878
0.4999999999999999
0.0
0.4999999999999999
0.4999999999999999
0.4999999999999999
0.4999999999999999
0.4999999999999999
0.4999999999999999
0.4999999999999999
0.4999999999999999
0.4999999999999999
0.0
0.4999999999999999
0.4999999999999999
0.4999999999999999
0.4999999999999999
0.4999999999999999
0.4999999999999999
0.4999999999999999
0.24999998509883878
0.24999998509883878
0.0
0.0
0.4999999999999999
0.4999999999999999
0.0
0.4999999999999999
0.4999999999999999
0.0
0.4999999999999999
0.4999999999999999
0.0
0.24999998509883878
0.0
0.4999999999999999
0.4999999999999999
0.4999999999999999
0.4999999999999999
0.4999999999999999
0.4999999999999999
0.4999999999999999
0.4999999999999999
0.4999999999999999
0.4999999999999999
0.4999999999999999
0.0
0.4999999999999999
0.4999999999999999
0.4999999999999999
0.4999999999999999
0.4999999999999999
0.4999999999999999
0.4999999999999999
0.4999999999999999
0.4999999999999999
0.4999999999999999
0.4999999999999999
0.4999999999999999
0.4999999999999999
0.4999999999999999
0.4999999999999999
0.4999999999999999
0.4999999999999999
0.4999999999999999
0.4999999999999999
0.24999998509883878
0.4999999999999999
0.0
0.4999999999999999
0.4999999999999999
0.4999999999999999
0.24999998509883878
0.4999999999999999
0.4999999999999999
0.0
0.4999999999999999
0.4999999999999999
0.9999999403953551
0.4999999999999999
0.24999998509883878
0.24999998509883878
0.24999998509883878
0.0
0.0
0.0
0.0
0.4999999999999999
0.4999999999999999
0.4999999999999999
0.4999999999999999
0.4999999999999999
0.4999999999999999
0.24999998509883878
0.4999999999999999
0.4999999999999999
0.24999998509883878
0.4999999999999999
0.0
0.4999999999999999
0.4999999999999999
0.4999999999999999
0.4999999999999999
0.4999999999999999
0.0
0.4999999999999999
0.4999999999999999
0.4999999999999999
0.4999999999999999
0.0
0.4999999999999999
0.0
0.4999999999999999
0.4999999999999999
0.4999999999999999
0.0
0.4999999999999999
0.0
0.4999999999999999
0.4999999999999999
0.4999999999999999
0.4999999999999999
0.4999999999999999
0.12499998509883878
0.0
0.4999999999999999
0.4999999999999999
0.4999999999999999
0.4999999999999999
0.4999999999999999
0.4999999999999999
0.4999999999999999
0.4999999999999999
0.12499998509883878
0.4999999999999999
0.4999999999999999
0.24999998509883878
0.4999999999999999
0.0
0.4999999999999999
0.0
0.4999999999999999
0.24999998509883878
0.4999999999999999
0.0
0.24999998509883878
0.0
0.12499998509883878
0.0
0.4999999999999999
0.4999999999999999
0.4999999999999999
0.24999998509883878
0.4999999999999999
0.4999999999999999
0.4999999999999999
0.4999999999999999
0.4999999999999999
0.4999999999999999
0.4999999999999999
0.4999999999999999
0.4999999999999999
0.4999999999999999
0.0
0.4999999999999999
0.4999999999999999
0.24999998509883878
0.4999999999999999
0.12499998509883878
0.4999999999999999
0.4999999999999999
0.0
0.4999999999999999
0.0
0.0
0.0
0.24999998509883878
0.4999999999999999
0.0
0.4999999999999999
0.4999999999999999
0.0
0.4999999999999999
0.4999999999999999
0.4999999999999999
0.4999999999999999
0.0
0.12499998509883878
0.4999999999999999
0.24999998509883878
0.4999999999999999
0.24999998509883878
0.0
0.4999999999999999
0.4999999999999999
0.4999999999999999
0.4999999999999999
0.4999999999999999
0.4999999999999999
0.0
0.24999998509883878
0.4999999999999999
0.4999999999999999
0.4999999999999999
0.0
0.4999999999999999
0.4999999999999999
0.4999999999999999
0.0
0.4999999999999999
0.0
0.4999999999999999
0.4999999999999999
0.4999999999999999
0.0
0.4999999999999999
0.24999998509883878
0.0
0.4999999999999999
0.0
0.0
0.4999999999999999
0.0
0.0
0.4999999999999999
0.4999999999999999
0.24999998509883878
0.0
0.0
0.24999998509883878
0.0
0.4999999999999999
0.24999998509883878
0.4999999999999999
0.4999999999999999
0.4999999999999999
0.4999999999999999
0.4999999999999999
0.0
0.4999999999999999
0.4999999999999999
0.4999999999999999
0.24999998509883878
0.24999998509883878
0.0
0.4999999999999999
0.0
0.4999999999999999
0.4999999999999999
0.0
0.4999999999999999
0.4999999999999999
0.4999999999999999
0.4999999999999999
0.4999999999999999
0.4999999999999999
0.0
0.4999999999999999
0.0
0.4999999999999999
0.4999999999999999
0.4999999999999999
0.4999999999999999
0.24999998509883878
0.4999999999999999
0.0
0.4999999999999999
0.4999999999999999
0.4999999999999999
0.4999999999999999
0.24999998509883878
0.4999999999999999
0.4999999999999999
0.4999999999999999
0.0
0.4999999999999999
0.4999999999999999
0.0
0.4999999999999999
0.4999999999999999
0.4999999999999999
0.0
0.4999999999999999
0.4999999999999999
0.24999998509883878
0.4999999999999999
0.4999999999999999
0.24999998509883878
0.4999999999999999
0.4999999999999999
0.12499998509883878
0.4999999999999999
0.24999998509883878
0.0
0.4999999999999999
0.4999999999999999
0.24999998509883878
0.4999999999999999
0.4999999999999999
0.4999999999999999
0.4999999999999999
0.4999999999999999
0.4999999999999999
0.4999999999999999
0.4999999999999999
0.4999999999999999
0.4999999999999999
0.4999999999999999
0.4999999999999999
0.4999999999999999
0.4999999999999999
0.4999999999999999
0.24999998509883878
0.4999999999999999
0.4999999999999999
0.4999999999999999
0.0
0.4999999999999999
0.24999998509883878
0.0
0.4999999999999999
0.4999999999999999
0.0
0.4999999999999999
0.4999999999999999
0.4999999999999999
0.4999999999999999
0.4999999999999999
0.0
0.0
0.0
0.4999999999999999
0.0
0.4999999999999999
0.0
0.0
0.4999999999999999
0.4999999999999999
0.4999999999999999
0.24999998509883878
0.0
0.4999999999999999
0.0
0.4999999999999999
0.4999999999999999
0.4999999999999999
0.4999999999999999
0.4999999999999999
0.4999999999999999
0.0
0.4999999999999999
0.4999999999999999
0.4999999999999999
0.4999999999999999
0.24999998509883878
0.4999999999999999
0.24999998509883878
0.4999999999999999
0.0
0.0
0.4999999999999999
0.0
0.4999999999999999
0.4999999999999999
0.0
0.4999999999999999
0.4999999999999999
0.4999999999999999
0.0
0.4999999999999999
0.24999998509883878
0.4999999999999999
0.4999999999999999
0.4999999999999999
0.4999999999999999
0.4999999999999999
0.4999999999999999
0.4999999999999999
0.4999999999999999
0.24999998509883878
0.4999999999999999
0.4999999999999999
0.4999999999999999
0.4999999999999999
0.0
0.4999999999999999
0.4999999999999999
0.4999999999999999
0.4999999999999999
0.0
0.4999999999999999
0.4999999999999999
0.4999999999999999
0.0
0.0
0.24999998509883878
0.24999998509883878
0.4999999999999999
0.4999999999999999
0.4999999999999999
0.4999999999999999
0.0
0.4999999999999999
0.4999999999999999
0.4999999999999999
0.4999999999999999
0.4999999999999999
0.4999999999999999
0.4999999999999999
0.4999999999999999
0.4999999999999999
0.4999999999999999
0.4999999999999999
0.4999999999999999
0.4999999999999999
0.4999999999999999
0.4999999999999999
0.4999999999999999
0.0
0.4999999999999999
0.4999999999999999
0.4999999999999999
0.4999999999999999
0.4999999999999999
0.4999999999999999
0.4999999999999999
0.24999998509883878
0.4999999999999999
0.4999999999999999
0.4999999999999999
0.4999999999999999
0.24999998509883878
0.4999999999999999
0.4999999999999999
0.4999999999999999
0.24999998509883878
0.4999999999999999
0.4999999999999999
0.4999999999999999
0.4999999999999999
0.4999999999999999
0.4999999999999999
0.0
0.9999999403953551
0.4999999999999999
0.0
0.24999998509883878
0.4999999999999999
0.4999999999999999
0.24999998509883878
0.4999999999999999
0.4999999999999999
0.4999999999999999
0.4999999999999999
0.0
0.4999999999999999
0.4999999999999999
0.24999998509883878
0.4999999999999999
0.4999999999999999
0.4999999999999999
0.24999998509883878
0.24999998509883878
0.4999999999999999
0.4999999999999999
0.4999999999999999
0.4999999999999999
0.4999999999999999
0.4999999999999999
0.4999999999999999
0.4999999999999999
0.24999998509883878
0.4999999999999999
0.4999999999999999
0.4999999999999999
0.0
0.0
0.4999999999999999
0.4999999999999999
0.4999999999999999
0.4999999999999999
0.0
0.0
0.0
0.4999999999999999
0.24999998509883878
0.4999999999999999
0.4999999999999999
0.4999999999999999
0.4999999999999999
0.4999999999999999
0.4999999999999999
0.4999999999999999
0.4999999999999999
0.24999998509883878
0.4999999999999999
0.24999998509883878
0.4999999999999999
0.4999999999999999
0.4999999999999999
0.4999999999999999
0.4999999999999999
0.4999999999999999
0.4999999999999999
0.4999999999999999
0.24999998509883878
0.4999999999999999
0.4999999999999999
0.24999998509883878
0.4999999999999999
0.4999999999999999
0.4999999999999999
0.4999999999999999
0.4999999999999999
0.24999998509883878
0.4999999999999999
0.4999999999999999
0.4999999999999999
0.24999998509883878
0.0
0.0
0.4999999999999999
0.4999999999999999
0.4999999999999999
0.4999999999999999
0.4999999999999999
0.4999999999999999
0.4999999999999999
0.4999999999999999
0.4999999999999999
0.4999999999999999
0.4999999999999999
0.4999999999999999
0.4999999999999999
0.24999998509883878
0.4999999999999999
0.4999999999999999
0.4999999999999999
0.4999999999999999
0.4999999999999999
0.24999998509883878
0.4999999999999999
0.24999998509883878
0.0
0.4999999999999999
0.4999999999999999
0.4999999999999999
0.4999999999999999
0.0
0.0
0.4999999999999999
0.24999998509883878
0.4999999999999999
0.4999999999999999
0.4999999999999999
0.4999999999999999
0.4999999999999999
0.4999999999999999
0.4999999999999999
0.4999999999999999
0.4999999999999999
0.0
0.4999999999999999
0.0
0.24999998509883878
0.0
0.0
0.24999998509883878
0.4999999999999999
0.4999999999999999
0.4999999999999999
0.4999999999999999
0.4999999999999999
0.4999999999999999
0.4999999999999999
0.4999999999999999
0.4999999999999999
0.4999999999999999
0.4999999999999999
0.4999999999999999
0.4999999999999999
0.4999999999999999
0.0
0.9999999403953551
0.24999998509883878
0.4999999999999999
0.4999999999999999
0.4999999999999999
0.4999999999999999
0.24999998509883878
0.4999999999999999
0.0
0.4999999999999999
0.4999999999999999
0.24999998509883878
0.4999999999999999
0.4999999999999999
0.4999999999999999
0.4999999999999999
0.12499998509883878
0.4999999999999999
0.4999999999999999
0.4999999999999999
0.4999999999999999
0.4999999999999999
0.0
0.4999999999999999
0.4999999999999999
0.4999999999999999
0.4999999999999999
0.24999998509883878
0.4999999999999999
0.0
0.24999998509883878
0.0
0.4999999999999999
0.4999999999999999
0.4999999999999999
0.4999999999999999
0.4999999999999999
0.4999999999999999
0.4999999999999999
0.4999999999999999
0.0
0.4999999999999999
0.0
0.4999999999999999
0.24999998509883878
0.4999999999999999
0.4999999999999999
0.0
0.24999998509883878
0.4999999999999999
0.0
0.4999999999999999
0.4999999999999999
0.4999999999999999
0.4999999999999999
0.4999999999999999
0.4999999999999999
0.4999999999999999
0.4999999999999999
0.4999999999999999
0.4999999999999999
0.0
0.0
0.0
0.4999999999999999
0.0
0.4999999999999999
0.4999999999999999
0.0
0.4999999999999999
0.4999999999999999
0.4999999999999999
0.4999999999999999
0.4999999999999999
0.4999999999999999
0.12499998509883878
0.24999998509883878
0.4999999999999999
0.4999999999999999
0.0
0.4999999999999999
0.4999999999999999
0.4999999999999999
0.4999999999999999
0.0
0.0
0.4999999999999999
0.0
0.4999999999999999
0.4999999999999999
0.4999999999999999
0.24999998509883878
0.4999999999999999
0.4999999999999999
0.0
0.4999999999999999
0.4999999999999999
0.4999999999999999
0.4999999999999999
0.4999999999999999
0.0
0.4999999999999999
0.4999999999999999
0.4999999999999999
0.4999999999999999
0.0
0.4999999999999999
0.24999998509883878
0.4999999999999999
0.24999998509883878
0.4999999999999999
0.4999999999999999
0.4999999999999999
0.4999999999999999
0.4999999999999999
0.0
0.4999999999999999
0.4999999999999999
0.4999999999999999
0.4999999999999999
0.0
0.4999999999999999
0.4999999999999999
0.4999999999999999
0.0
0.0
0.4999999999999999
0.4999999999999999
0.4999999999999999
0.4999999999999999
0.4999999999999999
0.4999999999999999
0.4999999999999999
0.0
0.4999999999999999
0.12499998509883878
0.4999999999999999
0.4999999999999999
0.4999999999999999
0.4999999999999999
0.0
0.4999999999999999
0.24999998509883878
0.4999999999999999
0.4999999999999999
0.4999999999999999
0.4999999999999999
0.4999999999999999
0.4999999999999999
0.4999999999999999
0.4999999999999999
0.4999999999999999
0.4999999999999999
0.4999999999999999
0.4999999999999999
0.0
0.4999999999999999
0.4999999999999999
0.4999999999999999
0.0
0.0
0.4999999999999999
0.0
0.4999999999999999
0.4999999999999999
0.4999999999999999
0.4999999999999999
0.0
0.4999999999999999
0.24999998509883878
0.0
0.4999999999999999
0.0
0.4999999999999999
0.4999999999999999
0.0
0.0
0.4999999999999999
0.4999999999999999
0.4999999999999999
0.4999999999999999
0.4999999999999999
0.4999999999999999
0.0
0.0
0.24999998509883878
0.0
0.4999999999999999
0.0
0.4999999999999999
0.4999999999999999
0.4999999999999999
0.4999999999999999
0.4999999999999999
0.24999998509883878
0.24999998509883878
0.0
0.4999999999999999
0.4999999999999999
0.4999999999999999
0.4999999999999999
0.4999999999999999
0.4999999999999999
0.4999999999999999
0.4999999999999999
0.4999999999999999
0.24999998509883878
0.4999999999999999
0.4999999999999999
0.4999999999999999
0.4999999999999999
0.4999999999999999
0.4999999999999999
0.4999999999999999
0.4999999999999999
0.0
