26
58
92
120
152
180
210
239
272
303
328
357
388
429
469
499
536
569
599
632
658
688
712
745
776
809
837
870
899
927
960
994
1014
1041
1075
1109
1142
1175
1201
1231
1260
1290
1320
1355
1385
1416
1453
1476
1512
1534
1560
1594
1628
1671
1700
1733
1762
1794
1826
1862
1891
1925
1963
1990
2018
2049
2082
2111
2136
2166
2198
2219
2243
2280
2311
2339
2371
2403
2436
2463
2494
2527
2555
2582
2609
2638
2665
2696
2719
2746
2778
2811
2847
2886
2913
2940
2973
2997
3040
3073
3102
3136
3163
3197
3221
3245
3280
3303
3331
3359
3394
3423
3457
3489
3511
3551
3578
3609
3635
3661
3688
3713
3754
3785
3806
3834
3862
3893
3920
3954
3988
4022
4051
4085
4115
4153
4182
4205
4233
4263
4291
4329
4359
4388
4422
4442
4473
4497
4521
4552
4585
4613
4634
4665
4690
4714
4742
4773
4806
4843
4868
4902
4931
4958
4983
5025
5057
5086
5115
5146
5174
5202
5236
5262
5289
5314
5347
5373
5404
5438
5472
5496
5526
5558
5586
5618
5642
5683
5716
5747
5774
5814
5848
5877
5915
5947
5978
6004
6035
6059
6088
6114
6142
6173
6199
6226
6255
6288
6316
6341
6363
6395
6422
6455
6481
6510
6548
6583
6614
6646
6674
6702
6728
6758
6787
6811
6837
6875
6915
6948
6981
7009
7048
7082
7115
7147
7186
7218
7245
7275
7301
7333
7363
7395
7427
7452
7483
7521
7547
7578
7607
7637
7666
7696
7726
7759
7782
7814
7843
7881
7914
7941
7984
8014
8045
8085
8113
8146
8174
8201
8229
8259
8289
8328
8357
8386
8418
8446
8478
8501
8530
8559
8588
8618
8648
8678
8707
8733
8760
8789
8818
8841
8866
8898
8920
8953
8979
9004
9036
9065
9087
9121
9149
9179
9219
9251
9277
9304
9328
9351
9375
9400
9424
9450
9482
9514
9542
9565
9590
9624
9652
9689
9715
9739
9772
9809
9838
9865
9889
9916
9942
9970
10000
10025
10051
10071
10101
10131
10162
10200
10228
10263
10290
10315
10346
10371
10400
10431
10457
10480
10505
10535
10564
10595
10619
10651
10680
10710
10735
10766
10787
10820
10847
10874
10904
10928
10963
10993
11020
11050
11079
11106
11134
11162
11196
11228
11251
11275
11304
11338
11375
11404
11436
11469
11497
11526
11551
11583
11611
11639
11667
11696
11720
11746
11779
11812
11838
11863
11888
11910
11942
11972
11996
12020
12052
12080
12115
12141
12168
12199
12227
12260
12289
12310
12347
12376
12405
12431
12462
12494
12516
12547
12576
12598
12618
12644
12667
12696
12722
12750
12780
12800
12826
12853
12875
12898
12925
12952
12975
13001
13030
13063
13098
13129
13155
13188
13217
13243
13267
13293
13321
13348
13374
13405
13433
13453
13478
13511
13540
13566
13595
13619
13649
13679
13705
13731
13759
13787
13816
13844
13878
13908
13935
13968
13990
14019
14048
14072
14100
14130
14159
14191
14219
14242
14263
14287
14315
14338
14363
14392
14424
14455
14483
14517
14545
14574
14604
14631
14659
14685
14711
14734
14755
14784
14811
14848
14879
14909
14941
14966
14986
15011
15032
15063
15095
15115
15144
15172
15196
15220
15243
15268
15294
15323
15356
15387
15417
15442
15466
15497
15521
15550
15573
15596
15625
15647
15679
15717
15744
15771
15801
15824
15854
15879
15909
15929
15956
15978
15999
16030
16054
16079
16100
16125
16154
16174
16200
16226
16253
16277
16300
16327
16356
16384
16414
16441
16460
16490
16521
16543
16567
16590
16623
16647
16676
16705
16724
16748
16770
16792
16820
16842
16869
16898
16922
16948
16974
17002
17029
17057
17085
17111
17131
17157
17190
17211
17234
17256
17287
17309
17335
17360
17388
17416
17439
17462
17489
17514
17543
17566
17590
17621
17645
17670
17690
17714
17737
17763
17783
17807
17836
17858
17875
17905
17934
17955
17979
18002
18027
18056
18078
18099
18133
18162
18189
18216
18242
18268
18294
18322
18345
18368
18395
18423
18445
18467
18490
18522
18549
18568
18592
18617
18644
18668
18692
18716
18737
18758
18784
18809
18833
18860
18888
18914
18940
18964
18989
19017
19038
19059
19082
19099
19120
19148
19174
19194
19221
19248
19276
19298
19327
19356
19380
19402
19427
19454
19479
19500
19528
19555
19580
19601
19632
19660
19689
19712
19738
19763
19786
19812
19832
19857
19882
19910
19932
19954
19979
20002
20023
20045
20067
20089
20108
20135
20157
20184
20212
20238
20261
20293
20314
20335
20353
20381
20404
20433
20458
20483
20507
20534
20561
20589
20612
20634
20652
20676
20704
20725
20749
20772
20795
20819
20842
20865
20883
20905
20929
20950
20975
20998
21026
21052
21076
21099
21125
21151
21178
21206
21228
21253
21280
21310
21335
21364
21387
21411
21432
21456
21479
21507
21535
21557
21578
21601
21620
21646
21672
21692
21715
21737
21762
21786
21810
21841
21868
21898
21924
21943
21971
22001
22029
22055
22078
22105
22123
22152
22174
22196
22222
22248
22268
22290
22317
22341
22362
22391
22416
22443
22469
22495
22519
22543
22567
22588
22610
22639
22662
22690
22714
22744
22769
22794
22820
22839
22863
22890
22915
22934
22950
22971
22999
23022
23045
23071
23100
23122
23146
23165
23190
23212
23234
23259
23286
23312
23332
23356
23384
23415
23437
23463
23490
23514
23540
23564
23589
23614
23639
23666
23686
23706
23728
23754
23784
23809
23833
23858
23884
23905
23935
23955
23980
24003
24027
24053
24078
24102
24131
24158
24180
24202
24222
24242
24271
24293
24314
24341
24364
24386
24409
24431
24452
24480
24505
24532
24553
24575
24600
24619
24641
24663
24688
24714
24740
24763
24785
24810
24829
24849
24871
24895
24916
24937
24960
24981
25006
25025
25048
25068
25089
25107
25128
25150
25174
25200
25219
25240
25269
25290
25314
25337
25359
25380
25403
25430
25451
25476
25496
25519
25543
25566
25597
25619
25638
25665
25688
25710
25732
25755
25776
25798
25820
25849
25877
25902
25928
25955
25974
25997
26019
26043
26063
26088
26112
26138
26162
26185
26208
26231
26254
26277
26302
26330
26360
26380
26404
26431
26451
26475
26493
26514
26540
26558
26583
26606
26631
26655
26680
26700
26727
26752
26775
26796
26819
26839
26860
26885
26907
26926
26953
26973
26994
27016
27040
27067
27087
27109
27130
27151
27181
27199
27224
27244
27266
27285
27308
27335
27357
27379
27401
27420
27444
27468
27488
27513
27538
27566
27583
27602
27623
27648
27671
27691
27709
27735
27759
27784
27807
27833
27860
27886
27911
27938
27960
27981
28001
28026
28047
28068
28093
28115
28140
28158
28178
28201
28226
28245
28268
28300
28324
28351
28373
28399
28422
28444
28465
28485
28513
28534
28561
28585
28607
28636
28659
28684
28707
28730
28753
28777
28798
28820
28844
28865
28893
28916
28936
28957
28975
28992
29013
29039
29063
29090
29113
29140
29159
29182
29206
29226
29244
29263
29291
29315
29342
29365
29390
29412
29432
29457
29475
29499
29519
29539
29558
29578
29605
29630
29651
29675
29700
29721
29740
29763
29785
29806
29831
29850
29876
29898
29926
29950
29977
29996
30016
30042
30059
30079
30100
30125
30152
30175
30196
30219
30238
30259
30276
30298
30322
30344
30362
30384
30409
30429
30452
30474
30496
30518
30542
30564
30585
30608
30632
30655
30676
30698
30721
30745
30768
30791
30810
30830
30851
30872
30895
30915
30938
30964
30987
31006
31025
31042
31061
31084
31112
31131
31154
31174
31200
31224
31241
31263
31289
31313
31335
31356
31380
31406
31429
31449
31473
31492
31513
31532
31552
31576
31598
31617
31641
31660
31688
31712
31731
31753
31774
31794
31812
31834
31853
31875
31900
31923
31947
31972
31991
32012
32037
32060
32083
32102
32121
32140
32160
32183
32206
32234
32258
32284
32309
32328
32347
32368
32388
32412
32436
32456
32479
32497
32522
32545
32568
32590
32610
32635
32658
32686
32707
32728
32750
32766
32785
32803
32823
32842
32865
32887
32915
32937
32961
32977
32995
33015
33039
33066
33083
33101
33125
33144
33167
33194
33217
33237
33267
33290
33313
33337
33358
33382
33401
33419
33439
33459
33479
33496
33514
33534
33558
33581
33605
33626
33649
33672
33698
33724
33747
33765
33785
33805
33827
33845
33864
33888
33910
33927
33944
33971
33992
34009
34027
34056
34078
34100
34123
34142
34168
34188
34214
34237
34258
34280
34301
34322
34345
34365
34388
34410
34435
34456
34476
34506
34525
34545
34567
34592
34615
34639
34659
34686
34702
34731
34754
34770
34792
34817
34834
34856
34878
34898
34920
34943
34962
34982
35006
35027
35050
35075
35094
35114
35141
35160
35182
35202
35224
35247
35272
35293
35312
35330
35351
35373
35390
35410
35428
35452
35469
35491
35510
35534
35553
35574
35600
35619
35639
35659
35681
35699
35717
35739
35762
35780
35803
35824
35847
35865
35889
35909
35929
35951
35973
35995
36018
36043
36065
36088
36108
36132
36155
36172
36194
36214
36237
36257
36282
36300
36318
36337
36356
36377
36399
36419
36437
36458
36483
36499
36523
36548
36569
36597
36619
36638
36658
36682
36702
36721
36741
36762
36786
36806
36834
36857
36877
36902
36922
36942
36961
36984
37003
37025
37050
37069
37091
37112
37134
37152
37174
37198
37220
37239
37259
37277
37297
37319
37341
37360
37383
37403
37424
37447
37467
37488
37509
37530
37549
37574
37597
37620
37641
37665
37686
37707
37728
37751
37773
37795
37820
37840
37862
37883
37902
37926
37948
37970
37990
38008
38029
38048
38068
38092
38117
38137
38158
38179
38196
38218
38238
38258
38280
38302
38325
38347
38372
38395
38415
38435
38453
38479
38502
38523
38544
38565
38589
38608
38631
38655
38676
38699
38723
38743
38767
38784
38804
38822
38845
38865
38883
38904
38926
38946
38967
38991
39013
39030
39049
39068
39088
39113
39140
39159
39178
39199
39222
39242
39265
39282
39305
39322
39341
39363
39385
39406
39426
39444
39464
39482
39506
39529
39546
39565
39587
39608
39628
39644
39660
39678
39700
39718
39736
39757
39777
39799
39821
39843
39863
39881
39902
39925
39949
39969
39991
40009
40029
40050
40074
40095
40116
40139
40157
40178
40201
40222
40239
40258
40278
40299
40319
40340
40360
40386
40409
40425
40449
40467
40485
40502
40525
40543
40562
40582
40609
40629
40649
40669
40692
40711
40732
40755
40775
40793
40815
40836
40856
40874
40894
40912
40933
40954
40974
40994
41014
41033
41056
41079
41096
41116
41137
41159
41177
41199
41218
41241
41262
41283
41307
41327
41347
41365
41386
41405
41426
41443
41463
41483
41502
41521
41540
41559
41576
41599
41623
41643
41665
41687
41711
41729
41748
41771
41789
41811
41832
41854
41871
41893
41914
41934
41954
41973
41990
42009
42033
42054
42075
42098
42119
42139
42159
42178
42199
42219
42244
42262
42284
42305
42324
42342
42362
42386
42408
42430
42449
42472
42492
42510
42535
42555
42575
42595
42619
42642
42660
42683
42702
42725
42745
42766
42788
42808
42825
42848
42870
42893
42908
42929
42949
42967
42985
43003
43023
43039
43055
43077
43103
43122
43141
43161
43184
43202
43219
43236
43256
43275
43297
43321
43338
43354
43371
43389
43408
43426
43443
43468
43489
43507
43527
43544
43564
43581
43603
43622
43639
43658
43677
43696
43716
43735
43756
43778
43799
43823
43843
43862
43882
43900
43919
43941
43960
43980
44003
44027
44050
44075
44092
44112
44134
44156
44175
44196
44216
44234
44254
44273
44293
44312
44328
44348
44366
44386
44405
44426
44449
44466
44483
44506
44526
44544
44564
44584
44601
44623
44641
44658
44678
44699
44719
44737
44764
44784
44800
44821
44840
44857
44879
44899
44916
44935
44955
44977
44994
45011
45033
45053
45073
45093
45113
45135
45156
45175
45196
45213
45231
45250
45266
45285
45305
45327
45348
45367
45387
45402
45419
45435
45454
45478
45497
45516
45533
45550
45567
45584
45603
45622
45646
45665
45685
45702
45724
45742
45764
45782
45802
45818
45835
45851
45870
45889
45910
45929
45947
45965
45985
46001
46018
46037
46060
46075
46093
46110
46127
46150
46168
46190
46212
46230
46248
46269
46289
46309
46325
46344
46364
46384
46401
46420
46442
46462
46480
46501
46521
46542
46559
46579
46598
46618
46638
46659
46679
46695
46715
46732
46750
46770
46790
46810
46834
46853
46875
46894
46909
46931
46951
46969
46991
47010
47028
47051
47069
47092
47114
47134
47152
47174
47193
47212
47231
47250
47266
47285
47305
47322
47338
47356
47378
47397
47418
47435
47457
47478
47497
47515
47533
47551
47571
47588
47604
47622
47641
47659
47679
47696
47715
47735
47759
47779
47802
47817
47832
47852
47871
47891
47908
47926
47948
47969
47987
48008
48027
48047
48064
48081
48099
48116
48139
48156
48175
48193
48212
48231
48251
48270
48292
48310
48329
48347
48363
48381
48398
48415
48438
48458
48476
48493
48511
48532
48550
48567
48585
48605
48623
48646
48664
48682
48701
48724
48743
48762
48781
48801
48818
48838
48857
48877
48897
48916
48935
48951
48969
48988
49005
49023
49040
49061
49082
49099
49119
49137
49159
49178
49193
49210
49227
49245
49261
49277
49299
49317
49338
49356
49376
49394
49418
49436
49457
49478
49495
49511
49530
49549
49570
49590
49609
49627
49644
49660
49679
49699
49721
49741
49763
49779
49797
49812
49834
49850
49865
49884
49899
49922
49940
49957
49974
49992
50011
50028
50044
50060
50076
50093
50111
50127
50145
50164
50181
50201
50218
50237
50253
50271
50290
50309
50333
50349
50366
50389
50410
50427
50448
50468
50485
50507
50524
50542
50559
50579
50596
50616
50636
50652
50673
50697
50713
50735
50757
50775
50792
50808
50828
50847
50865
50881
50899
50918
50936
50952
50969
50989
51008
51025
51043
51060
51076
51094
51112
51128
51148
51167
51188
51206
51225
51242
51257
51273
51289
51307
51328
51345
51362
51378
51394
51414
51434
51455
51472
51490
51511
51528
51546
51562
51578
51599
51619
51637
51656
51672
51689
51707
51723
51740
51756
51774
51790
51809
51826
51842
51860
51880
51897
51914
51932
51952
51973
51990
52008
52024
52040
52057
52077
52097
52117
52133
52150
52165
52180
52199
52218
52235
52252
52271
52289
52307
52324
52344
52362
52379
52397
52416
52436
52455
52472
52496
52513
52529
52546
52565
52584
52605
52626
52645
52662
52680
52701
52717
52735
52752
52770
52789
52805
52822
52838
52856
52872
52889
52908
52924
52946
52965
52985
53003
53022
53041
53060
53083
53104
53124
53142
53160
53181
53198
53215
53233
53252
53273
53292
53308
53324
53341
53357
53377
53394
53413
53428
53446
53464
53481
53498
53514
53533
53548
53563
53580
53597
53615
53633
53649
53665
53681
53697
53717
53737
53753
53770
53788
53807
53823
53840
53855
53875
53891
53907
53926
53944
53961
53978
53993
54010
54028
54044
54061
54078
54098
54121
54140
54157
54175
54193
54213
54231
54249
54265
54285
54304
54319
54337
54352
54369
54389
54405
54425
54443
54461
54480
54496
54512
54528
54546
54562
54581
54600
54616
54631
54647
54665
54681
54697
54714
54735
54752
54769
54786
54805
54821
54837
54854
54872
54890
54906
54921
54936
54954
54970
54988
55006
55024
55039
55057
55076
55095
55110
55128
55144
55161
55178
55197
55215
55232
55251
55267
55284
55303
55322
55338
55354
55372
55389
55407
55424
55439
55454
55471
55489
55506
55523
55542
55559
55575
55592
55610
55628
55647
55662
55680
55698
55715
55733
55752
55767
55784
55800
55820
55840
55856
55873
55890
55907
55927
55945
55961
55977
55994
56010
56029
56044
56064
56082
56100
56117
56133
56150
56168
56184
56202
56218
56233
56251
56266
56283
56303
56319
56334
56349
56365
56385
56405
56421
56441
56459
56475
56492
56512
56532
56550
56566
56583
56599
56615
56631
56649
56667
56684
56700
56719
56736
56752
56767
56783
56800
56817
56834
56849
56868
56884
56903
56918
56934
56952
56970
56988
57004
57021
57039
57057
57073
57089
57107
57125
57141
57156
57173
57190
57207
57224
57245
57260
57276
57295
57315
57330
57346
57365
57381
57398
57415
57433
57452
57467
57482
57500
57517
57534
57550
57567
57582
57597
57617
57632
57647
57664
57680
57696
57712
57728
57745
57764
57782
57801
57818
57838
57854
57871
57890
57908
57927
57946
57962
57977
57997
58014
58030
58045
58061
58077
58093
58112
58129
58146
58162
58179
58196
58211
58228
58244
58260
58275
58291
58309
58327
58346
58365
58382
58398
58414
58430
58447
58463
58479
58497
58516
58534
58552
58569
58585
58601
58618
58634
58650
58666
58684
58700
58715
58734
58750
58765
58781
58798
58813
58833
58849
58866
58885
58904
58921
58939
58955
58971
58988
59006
59023
59040
59056
59074
59091
59112
59128
59145
59160
59175
59190
59205
59222
59239
59256
59272
59288
59305
59324
59343
59362
59379
59395
59411
59428
59444
59459
59475
59491
59507
59526
59545
59560
59576
59593
59610
59625
59640
59655
59670
59685
59702
59717
59733
59750
59767
59784
59799
59816
59832
59851
59866
59882
59901
59916
59932
59947
59965
59981
59997
60014
60032
60048
60065
60080
60096
60112
60128
60143
60163
60178
60195
60210
60226
60244
60260
60277
60296
60313
60332
60349
60367
60383
60401
60416
60432
60448
60464
60479
60496
60513
60532
60548
60565
60582
60599
60616
60636
60654
60670
60689
60707
60724
60740
60757
60774
60792
60808
60823
60840
60856
60873
60888
60904
60919
60936
60953
60969
60987
61003
61021
61036
61051
61067
61083
61098
61113
61129
61148
61164
61179
61195
61214
61232
61249
61265
61281
61299
61315
61332
61349
61364
61379
61395
61412
61428
