33
60
90
121
147
178
199
233
262
285
307
330
358
388
423
452
483
511
533
571
600
628
653
688
711
746
774
801
838
867
892
916
948
977
1000
1023
1049
1085
1109
1135
1174
1209
1231
1263
1292
1319
1347
1376
1402
1434
1466
1493
1530
1566
1594
1618
1648
1682
1714
1753
1782
1800
1821
1853
1876
1904
1933
1958
1995
2023
2048
2079
2106
2132
2161
2187
2218
2248
2280
2314
2345
2374
2403
2432
2455
2483
2509
2544
2571
2604
2630
2662
2686
2713
2748
2789
2817
2843
2875
2902
2932
2967
2991
3018
3052
3085
3115
3135
3170
3189
3215
3246
3272
3303
3327
3354
3378
3403
3430
3458
3484
3506
3537
3563
3595
3624
3651
3684
3712
3744
3773
3800
3828
3861
3882
3915
3941
3976
4005
4033
4065
4088
4115
4145
4173
4197
4225
4250
4273
4297
4324
4351
4379
4405
4433
4456
4485
4510
4531
4560
4588
4613
4642
4667
4693
4716
4742
4773
4798
4823
4859
4886
4917
4942
4969
4994
5022
5055
5083
5113
5146
5177
5205
5231
5255
5281
5301
5328
5353
5390
5418
5447
5469
5491
5514
5545
5570
5595
5621
5659
5683
5709
5743
5773
5806
5834
5865
5891
5917
5941
5969
5995
6017
6045
6070
6096
6121
6143
6171
6199
6225
6256
6282
6306
6331
6363
6388
6412
6441
6466
6487
6512
6535
6556
6583
6603
6633
6656
6686
6707
6737
6762
6784
6815
6845
6876
6915
6937
6961
6990
7017
7041
7070
7100
7122
7151
7176
7203
7239
7269
7303
7338
7364
7393
7420
7444
7463
7490
7517
7551
7575
7603
7628
7660
7689
7724
7750
7783
7807
7835
7861
7890
7918
7945
7977
8012
8046
8072
8092
8124
8154
8184
8207
8231
8259
8288
8316
8344
8372
8397
8432
8461
8498
8521
8546
8580
8611
8640
8666
8687
8713
8737
8768
8796
8821
8841
8866
8887
8920
8950
8979
9005
9035
9059
9085
9121
9150
9178
9213
9242
9274
9301
9324
9348
9378
9406
9430
9456
9480
9507
9533
9564
9592
9622
9650
9680
9710
9733
9764
9788
9819
9849
9872
9900
9930
9961
9990
10019
10039
10057
10083
10111
10135
10165
10198
10224
10251
10274
10305
10333
10355
10387
10408
10437
10463
10486
10507
10534
10563
10589
10622
10647
10678
10709
10735
10764
10784
10813
10837
10865
10889
10920
10952
10986
11014
11043
11066
11095
11121
11157
11188
11216
11240
11267
11289
11319
11344
11373
11394
11417
11439
11463
11486
11509
11536
11557
11583
11606
11639
11664
11688
11713
11739
11762
11788
11809
11840
11868
11887
11916
11939
11964
11988
12017
12043
12072
12095
12120
12142
12170
12196
12226
12258
12282
12311
12334
12362
12385
12412
12437
12463
12491
12513
12534
12558
12584
12608
12633
12656
12688
12716
12743
12770
12798
12821
12844
12869
12897
12919
12945
12966
12992
13021
13050
13072
13102
13125
13153
13176
13203
13227
13249
13269
13292
13321
13349
13373
13407
13430
13458
13484
13511
13536
13562
13587
13605
13635
13667
13689
13715
13742
13769
13796
13823
13845
13868
13891
13911
13939
13965
13991
14013
14041
14069
14091
14117
14143
14166
14195
14221
14241
14268
14296
14321
14345
14371
14391
14414
14436
14455
14484
14507
14533
14554
14577
14600
14625
14652
14673
14697
14715
14743
14760
14785
14811
14837
14861
14883
14909
14934
14960
14986
15009
15036
15060
15084
15109
15130
15150
15170
15196
15220
15246
15272
15297
15320
15341
15364
15384
15418
15439
15459
15483
15509
15535
15558
15584
15608
15633
15657
15684
15706
15736
15755
15784
15806
15833
15855
15877
15900
15924
15946
15969
15996
16021
16046
16071
16096
16118
16138
16156
16183
16211
16235
16260
16283
16310
16342
16364
16389
16409
16433
16456
16482
16503
16531
16550
16572
16594
16618
16646
16671
16691
16710
16733
16755
16774
16795
16822
16842
16863
16888
16912
16941
16965
16987
17007
17036
17062
17082
17100
17121
17146
17168
17191
17219
17247
17273
17293
17318
17342
17358
17384
17403
17422
17446
17476
17496
17520
17547
17570
17591
17610
17641
17663
17684
17711
17734
17755
17781
17799
17823
17847
17871
17895
17916
17940
17967
17987
18008
18029
18052
18075
18104
18123
18146
18170
18192
18221
18241
18265
18290
18312
18335
18360
18383
18405
18428
18450
18473
18498
18522
18544
18562
18584
18605
18629
18653
18674
18697
18719
18747
18770
18792
18811
18840
18865
18886
18904
18928
18946
18969
18989
19010
19030
19053
19078
19105
19124
19147
19172
19198
19220
19246
19267
19283
19306
19326
19351
19369
19388
19412
19434
19460
19485
19505
19532
19556
19579
19604
19629
19652
19675
19695
19717
19743
19769
19794
19816
19837
19864
19891
19913
19938
19963
19982
20008
20030
20052
20080
20103
20135
20158
20177
20195
20214
20236
20261
20279
20300
20321
20343
20369
20390
20413
20436
20457
20481
20499
20519
20549
20570
20591
20607
20627
20647
20667
20686
20706
20727
20750
20772
20789
20811
20832
20849
20872
20897
20921
20942
20962
20982
21002
21018
21036
21056
21084
21104
21125
21143
21162
21181
21202
21227
21250
21269
21290
21315
21336
21357
21377
21401
21427
21448
21473
21493
21515
21534
21554
21574
21593
21614
21639
21660
21680
21700
21721
21746
21768
21785
21808
21827
21845
21867
21884
21908
21929
21956
21976
21995
22016
22035
22057
22075
22094
22113
22133
22154
22175
22194
22215
22232
22252
22276
22295
22320
22339
22361
22380
22405
22426
22446
22474
22494
22516
22535
22556
22583
22602
22625
22647
22666
22685
22706
22724
22745
22769
22788
22813
22835
22853
22873
22895
22918
22939
22965
22988
23007
23033
23052
23075
23096
23118
23138
23156
23175
23193
23212
23232
23253
23271
23288
23306
23332
23352
23371
23390
23409
23427
23447
23467
23483
23499
23517
23540
23565
23585
23603
23622
23638
23661
23680
23696
23714
23732
23753
23775
23794
23814
23831
23852
23872
23895
23913
23934
23959
23982
24009
24032
24051
24072
24097
24120
24142
24165
24184
24207
24227
24254
24271
24296
24320
24338
24357
24377
24398
24417
24440
24458
24476
24497
24515
24533
24553
24576
24598
24615
24633
24651
24669
24690
24709
24728
24746
24767
24784
24807
24827
24849
24871
24892
24912
24930
24951
24968
24988
25007
25025
25045
25066
25089
25111
25132
25149
25173
25198
25216
25234
25252
25270
25286
25307
25324
25345
25367
25390
25410
25428
25448
25472
25494
25515
25542
25564
25586
25606
25624
25642
25661
25679
25699
25717
25740
25761
25783
25800
25821
25838
25856
25873
25893
25912
25931
25947
25964
25986
26007
26031
26051
26073
26095
26116
26138
26157
26178
26196
26212
26229
26248
26269
26287
26307
26330
26349
26366
26385
26403
26427
26447
26463
26486
26504
26523
26542
26563
26586
26602
26621
26640
26658
26674
26690
26709
26726
26748
26765
26786
26806
26827
26846
26865
26880
26897
26916
26933
26948
26965
26986
27003
27021
27043
27061
27079
27096
27116
27132
27152
27171
27188
27205
27224
27243
27261
27278
27298
27316
27335
27354
27374
27397
27413
27433
27455
27473
27491
27508
27528
27546
27562
27580
27601
27619
27635
27656
27676
27696
27714
27729
27748
27768
27787
27806
27826
27844
27861
27887
27903
27918
27939
27955
27972
27989
28011
28031
28050
28065
28090
28110
28127
28144
28161
28180
28197
28214
28232
28251
28273
28294
28315
28331
28348
28368
28387
28406
28425
28444
28461
28480
28500
28519
28538
28558
28575
28597
28617
28634
28654
28674
28697
28714
28734
28751
28766
28784
28805
28824
28843
28862
28881
28898
28913
28930
28947
28972
28992
29013
29033
29052
29070
29091
29113
29133
29149
29169
29189
29207
29228
29250
29270
29288
29308
29325
29343
29360
29380
29396
29414
29433
29451
29472
29487
29504
29525
29545
29570
29586
29603
29624
29640
29662
29683
29706
29723
29742
29759
29774
29792
29811
29831
29849
29867
29884
29902
29922
29940
29958
29977
29993
30009
30025
30042
30062
30080
30098
30117
30138
30156
30174
30193
30212
30228
30248
30266
30283
30299
30318
30335
30353
30372
30393
30414
30433
30451
30469
30486
30505
30524
30541
30558
30578
30596
30617
30634
30653
30671
30689
30705
30723
30740
30757
30774
30793
30810
30828
30845
30866
30883
30903
30920
30942
30962
30978
30993
31008
31029
31049
31068
31087
31103
31120
31137
31153
31170
31188
31205
31221
31237
31254
31271
31288
31308
31326
31342
31357
31374
31392
31408
31424
31441
31458
31477
31496
31514
31531
31548
31565
31581
31602
31618
31636
31655
31672
31692
31707
31725
31744
31761
31781
31802
31820
31839
31855
31876
31896
31914
31933
31950
31967
31985
32003
32022
32045
32063
32079
32097
32118
32135
32153
32173
32190
32209
32227
32246
32262
32279
32298
32319
32336
32354
32374
32391
32407
32424
32443
32459
32477
32495
32513
32530
32550
32568
32586
32605
32622
32639
32654
32672
32691
32708
32724
32739
32758
32774
32792
32809
32827
32843
32858
32877
32897
32913
32929
32945
32962
32978
32997
33012
33028
33044
33059
33078
33097
33115
33132
33148
33163
33182
33200
33217
33237
33257
33273
33291
33307
33323
33341
33356
33372
33391
33408
33426
33444
33460
33478
33494
33509
33524
33541
33556
33572
33588
33603
33621
33638
33654
33671
33687
33705
33723
33739
33757
33775
33791
33810
33830
33847
33863
33880
33897
33913
33930
33946
33964
33980
33996
34014
34031
34047
34064
34082
34100
34117
34135
34152
34168
34186
34203
34222
34237
34254
34270
34288
34305
34322
34339
34360
34378
34394
34410
34429
34447
34464
34482
34498
34515
34533
34550
34567
34584
34603
34620
34638
34655
34672
34688
34706
34723
34739
34756
34774
34791
34808
34827
34843
34860
34879
34895
34910
34927
34943
34959
34976
34993
35010
35028
35043
35059
35077
35097
35114
35132
35149
35166
35186
35203
35223
35239
35255
35271
35288
35305
35320
35336
35354
35376
35395
35413
35432
35448
35463
35478
35495
35512
35528
35544
35561
35581
35598
35616
35633
35650
35670
35687
35704
35719
35742
35758
35774
35790
35808
35826
35841
35860
35875
35894
35910
35925
35942
35960
35977
35995
36012
36030
36046
36062
36081
36099
36119
36136
36151
36166
36182
36198
36216
36236
36253
36271
36288
36307
36325
36345
36362
36379
36396
36413
36431
36450
36465
36480
36497
36515
36532
36550
36566
36582
36598
36613
36630
36645
36660
36677
36696
36712
36731
36748
36767
36784
36800
36817
36833
36851
36868
36884
36900
36916
36932
36947
36964
36981
37000
37016
37031
37048
37070
37086
37106
37123
37140
37156
37174
37191
37209
37227
37244
37260
37277
37294
37312
37329
37348
37363
37380
37396
37416
37431
37448
37465
37481
37498
37517
37532
37547
37563
37581
37597
37613
37629
37645
37665
37681
37696
37711
37726
37745
37760
37778
37796
37812
37829
37846
37864
37881
37898
37914
37932
37949
37965
37983
37999
38015
38032
38047
38066
38082
38099
38118
38135
38152
38170
38189
38205
38221
38238
38253
38272
38289
38306
38323
38340
38356
38373
38389
38405
38423
38440
38456
38474
38491
38508
38524
38541
38556
38573
38592
38608
38623
38640
38658
38675
38691
38707
38727
38743
38759
38774
38791
38807
38827
38844
38862
38877
38893
38910
38926
38943
38960
38975
38992
39007
39022
39037
39054
39069
39086
39102
39118
39134
39151
39168
39184
39203
39221
39236
39253
39270
39287
39305
39326
39344
39360
39378
39395
39411
39427
39443
39461
39476
39493
39509
39525
39542
39559
39574
39592
39607
39622
39638
39654
39671
39687
39702
39717
39732
39747
39763
39780
39795
39811
39830
39846
39864
39879
39897
39914
39931
39948
39963
39978
39995
40011
40030
40048
40064
40082
40100
40117
40132
40147
40163
40179
40195
40210
40226
40241
40257
40272
40288
40303
40318
40333
40349
40364
40380
40396
40412
40429
40446
40462
40479
40495
40510
40528
40546
40566
40585
40602
40619
40634
40650
40666
40681
40697
40713
40731
40749
40765
40784
40799
40819
40836
40852
40869
40887
40904
40919
40938
40956
40973
40989
41004
41019
41036
41051
41069
41085
41100
41116
41133
41148
41163
41178
41194
41209
41226
41243
41259
41276
41292
41310
41326
41343
41361
41378
41394
41412
41429
41444
41459
41475
41490
41506
41522
41537
41554
41569
41586
41605
41622
41638
41655
41673
41689
41704
41722
41737
41755
41771
41787
41805
41823
41838
41855
41870
41885
41902
41918
41933
41949
41965
41984
42000
42016
42034
42053
42068
42083
42099
42117
42133
42149
42166
42182
42197
42213
42230
42246
42261
42279
42295
42312
42328
42343
42359
42374
42390
42405
42422
42439
42457
42474
42489
42505
42521
42537
42553
42568
42583
42599
42618
42633
42648
42666
42682
42697
42714
42733
42749
42764
42779
42795
42811
42826
42844
42859
42875
42890
42905
42921
42936
42952
42968
42983
42998
43014
43031
43047
43063
43078
43097
43114
43129
43145
43160
43177
43192
43209
43225
43240
43255
43270
43287
43303
43319
43335
43352
43368
43385
43401
43416
43432
43449
43465
43482
43500
43515
43530
43545
43561
43576
43592
43610
43626
43641
43656
43671
43687
43705
43722
43737
43752
43767
43782
43797
43814
43829
43844
43860
43875
43890
43905
43924
43940
43956
43973
43988
44003
44020
44037
44053
44069
44085
44103
44118
44134
44150
44165
44181
44197
44212
44228
44243
44259
44276
44294
44310
44326
44343
44359
44375
44391
44407
44425
44440
44455
44470
44486
44502
44518
44535
44551
44567
44584
44601
44619
44638
44655
44671
44687
44702
44718
44733
44748
44763
44781
44796
44813
44830
44847
44864
44879
44894
44909
44924
44940
44958
44974
44991
45006
45024
45040
45057
45073
45090
45106
45122
45137
45154
45172
45189
45204
45220
45235
45251
45267
45282
45298
45313
45328
45343
45358
45376
45392
45407
45426
45442
45458
45473
45492
45507
45523
45539
45556
45572
45587
45603
45618
45634
45651
45666
45682
45700
45717
45732
45747
45762
45779
45795
45811
45827
45843
45859
45874
45890
45905
45920
45937
45952
45968
45983
46000
46016
46033
46049
46066
46082
46097
46114
46129
46147
46163
46178
46194
46209
46225
46240
46257
46274
46290
46306
46322
46337
46355
46373
46390
46405
46421
46436
46452
46468
46486
46504
46520
46537
46552
46569
46586
46605
46621
46636
46651
46666
46684
46700
46716
46732
46748
46764
46782
46798
46815
46831
46846
46864
46879
46897
46912
46927
46942
46957
46973
46989
47005
47022
47038
47055
47071
47086
47103
47119
47134
47150
47167
47183
47200
47217
47232
47247
47264
47280
47295
47311
47326
47341
47357
47373
47389
47404
47419
47434
47449
47465
47480
47495
47510
47525
47541
47558
47574
47589
47604
47619
47634
47650
47665
47680
47697
47713
47729
47747
47762
47777
47792
47807
47824
47841
47857
47874
47889
47907
47922
47939
47955
47970
47986
48003
48018
48033
48049
48064
48080
48095
48110
48126
48141
48156
48173
48188
48203
48218
48237
48252
48267
48282
48297
48312
48327
48343
48360
48376
48391
48407
48423
48440
48455
48471
48486
48501
48517
48532
48550
48565
48580
48595
48611
48626
48644
48659
48675
48690
48707
48723
48738
48753
48768
48784
48800
48817
48834
48849
48864
48879
48896
48912
48928
48944
48959
48974
48990
49006
49022
49037
49055
49073
49090
49106
49121
49136
49151
49166
49181
49196
49211
49226
49242
49259
49274
49289
49306
49321
49338
49356
49371
49387
49403
49418
49433
49450
49466
49482
49497
49513
49529
49544
49559
49576
49591
49609
49624
49640
49655
49671
49686
49702
49717
49734
49749
49766
49782
49798
49814
49830
49845
49860
49875
49890
49905
49922
49937
49954
49969
49984
49999
50015
50030
50047
50063
50079
50094
50109
50125
50140
50157
50173
50189
50204
50219
50234
50249
50264
50279
50294
50309
50324
50340
50355
50370
50385
50401
50417
50434
50449
50466
50481
50496
50512
50528
50543
50558
50573
50589
50605
50622
50637
50654
50669
50684
50700
50716
50733
50748
50763
50781
50796
50811
50826
50843
50858
50873
50890
50905
50923
50938
50953
50968
50983
50999
51016
51031
51048
51064
51081
51096
51111
51126
51141
51157
51173
51188
51203
51219
51236
51253
51269
51286
51301
51318
51333
51348
51363
51378
51394
51410
51426
51443
51458
51476
51491
51506
51521
51536
51551
51567
51582
51597
51612
51628
51643
51658
51673
51688
51704
51722
51738
51753
51771
51787
51804
51821
51839
51855
51870
51887
51903
51918
51933
51948
51964
51979
51994
52009
52025
52041
52056
52072
52089
52105
52120
52136
52153
52169
52186
52201
52216
52231
52246
52261
52276
52291
52307
52322
52338
52355
52370
52386
52402
52419
52434
52449
52464
52479
52496
52511
52526
52541
52556
52572
52587
52602
52619
52634
52649
52664
52680
52696
52711
52728
52743
52758
52774
52792
52807
52823
52839
52854
52869
52885
52901
52917
52933
52949
52964
52979
52995
53011
53026
53042
53058
53075
53091
53109
53125
53141
53157
53173
53189
53205
53220
53235
53251
53268
53284
53299
53314
53331
53347
53362
53378
53393
53409
53424
53440
53456
53471
53486
53502
53517
53533
53548
53565
53580
53596
53611
53627
53643
53658
53674
53690
53705
53720
53736
53752
53767
53784
53799
53814
53829
53844
53859
53874
53889
53905
53920
53935
53950
53965
53980
53996
54011
54026
54041
54057
54072
54087
54102
54117
54135
54150
54166
54183
54199
54215
54231
54246
54261
54276
54291
54306
54321
54337
54353
54369
54384
54399
54414
54430
54445
54460
54475
54490
54505
54522
54538
54553
54568
54584
54599
54615
54630
54645
54660
54675
54690
54705
54720
54736
54752
54769
54784
54799
54815
54831
54847
54863
54878
54894
54909
54924
54939
54955
54970
54986
55002
55017
55033
55048
55064
55079
55095
55111
55126
55141
55158
55173
55188
55204
55219
55235
55252
55267
55282
55298
55313
55328
55343
55358
55374
55389
55404
55419
55435
55450
55465
55480
55495
55510
55525
55540
55555
55570
55586
55602
55617
55632
55647
55662
55679
55694
55712
55727
55742
55758
55774
55789
55805
55820
55836
55851
55866
55881
55898
55913
55929
55944
55959
55975
55991
56006
56023
56039
56055
56071
56086
56102
56119
56134
56150
56166
56181
56196
56212
56227
56242
56259
56275
56290
56305
56320
56335
56351
56366
56381
56397
56412
56427
56442
56458
56474
56489
56504
56521
56537
56552
56568
56583
56598
56613
56629
56644
56659
56674
56689
56705
56720
56735
56750
56765
56780
56795
56810
56825
56840
56855
56870
56886
56901
56916
56932
56948
56963
56979
56995
57010
57025
57041
57056
57072
57087
57103
57120
57135
57150
57165
57180
57195
57211
57226
57241
57257
57273
57288
57304
57319
57334
57350
57365
57382
57397
57412
57427
57445
57461
57476
57491
57507
57522
57537
57553
57568
57583
57599
57614
57629
57644
57659
57674
57691
57707
57722
57737
57752
57768
57783
57799
57814
57829
57844
57860
57875
57892
57908
57923
57939
57954
57970
57986
58002
58018
58033
58049
58065
58080
58096
58112
58127
58142
58157
58173
58189
58204
58220
58235
58250
58267
58282
58297
58312
58327
58342
58357
58372
58389
58406
58421
58436
58452
58467
58483
58501
58516
58531
58546
58561
58576
58591
58606
58622
58637
58652
58667
58682
58697
58713
58728
58743
58758
58773
58788
58803
58818
58833
58849
58865
58880
58895
58910
58925
58940
58955
58970
58985
59001
59016
59031
59046
59063
59080
59095
59110
59125
59141
59156
59171
59186
59202
59217
59232
59248
59263
59278
59293
59310
59325
59341
59357
59373
59388
59404
59419
59434
59449
59465
59480
59495
59510
59525
59540
59555
59570
59585
59600
59615
59630
59645
59662
59677
59694
59710
59725
59741
59757
59772
59790
59805
59820
59835
59851
59866
59881
59897
59913
59929
59944
59959
59975
59990
60007
60023
60039
60054
60069
60085
60100
60115
60130
60145
60160
60177
60193
60208
60223
60239
60255
60270
60285
60301
60316
60331
60346
60361
60376
60391
60407
60422
60437
60453
60468
60483
60498
60513
60529
60544
60559
60574
60589
60605
60620
60635
60650
60665
60681
60700
60717
60732
60747
60762
60778
60794
60810
60826
60842
60857
60872
60887
60902
60917
60932
60947
60963
60979
60994
61009
61024
61040
61055
61071
61087
61104
61119
61135
61150
61166
61181
61196
61212
61227
61242
61257
61272
61287
61302
61317
61332
61349
61365
61381
61396
61411
61426
