29
62
96
129
154
187
217
249
280
309
334
363
391
422
454
487
514
544
570
594
619
647
681
715
744
767
793
825
851
881
903
935
961
984
1003
1033
1058
1084
1110
1134
1167
1193
1224
1248
1283
1309
1339
1368
1397
1425
1451
1474
1503
1536
1571
1602
1631
1653
1676
1705
1734
1757
1787
1811
1853
1881
1910
1940
1972
1998
2023
2044
2073
2099
2128
2156
2177
2209
2239
2264
2293
2316
2344
2377
2403
2431
2454
2482
2508
2534
2563
2596
2621
2657
2684
2712
2735
2770
2794
2819
2844
2872
2895
2928
2959
2984
3013
3043
3070
3098
3126
3154
3188
3214
3236
3267
3302
3327
3352
3375
3404
3434
3457
3480
3508
3541
3567
3588
3617
3648
3676
3701
3734
3756
3789
3816
3842
3867
3889
3926
3949
3979
4009
4034
4058
4089
4114
4145
4175
4202
4218
4249
4277
4300
4324
4354
4383
4416
4444
4471
4494
4524
4554
4576
4601
4623
4649
4678
4704
4735
4769
4807
4828
4848
4885
4910
4934
4962
4994
5021
5051
5083
5116
5144
5174
5202
5226
5255
5283
5307
5335
5359
5384
5406
5434
5462
5487
5517
5544
5571
5603
5631
5665
5690
5726
5749
5777
5809
5832
5855
5881
5908
5937
5962
5990
6012
6037
6061
6096
6119
6142
6169
6198
6228
6257
6279
6303
6334
6365
6385
6407
6436
6462
6488
6518
6543
6570
6597
6626
6650
6673
6701
6722
6750
6774
6801
6838
6869
6896
6923
6950
6983
7012
7036
7057
7082
7113
7140
7165
7191
7218
7243
7274
7306
7330
7357
7385
7407
7430
7454
7483
7507
7537
7559
7580
7610
7634
7658
7681
7711
7740
7766
7792
7824
7855
7879
7904
7927
7955
7987
8016
8042
8069
8100
8125
8152
8181
8207
8229
8254
8284
8310
8333
8358
8386
8411
8437
8465
8497
8517
8550
8570
8595
8625
8650
8684
8708
8733
8758
8779
8805
8829
8853
8879
8910
8933
8963
8988
9010
9036
9066
9095
9115
9140
9167
9187
9212
9242
9277
9299
9323
9357
9382
9405
9433
9453
9482
9514
9544
9564
9589
9622
9653
9684
9719
9749
9788
9818
9840
9864
9895
9925
9949
9977
10001
10033
10056
10084
10112
10136
10167
10185
10215
10243
10268
10294
10325
10352
10379
10406
10432
10456
10479
10503
10526
10544
10569
10594
10621
10648
10674
10706
10726
10745
10769
10791
10817
10841
10870
10900
10922
10947
10972
10996
11016
11040
11062
11092
11122
11142
11168
11191
11217
11242
11268
11298
11322
11341
11369
11391
11413
11439
11465
11495
11519
11542
11573
11595
11626
11654
11677
11699
11731
11763
11787
11814
11838
11861
11892
11914
11939
11969
11995
12024
12050
12075
12100
12131
12155
12186
12208
12235
12268
12289
12311
12331
12358
12384
12408
12431
12456
12478
12500
12522
12545
12570
12586
12609
12631
12657
12681
12709
12735
12763
12794
12815
12836
12859
12889
12913
12942
12965
12985
13007
13029
13051
13073
13104
13131
13155
13180
13208
13234
13266
13293
13317
13341
13363
13386
13410
13434
13463
13490
13517
13538
13561
13585
13610
13633
13653
13673
13698
13719
13748
13771
13796
13821
13844
13870
13888
13915
13941
13968
13991
14015
14039
14064
14085
14111
14139
14162
14193
14215
14246
14269
14295
14317
14342
14362
14389
14411
14432
14455
14485
14511
14536
14562
14588
14611
14635
14658
14680
14705
14726
14748
14765
14790
14815
14842
14870
14897
14919
14941
14966
14992
15011
15032
15058
15078
15104
15131
15150
15170
15195
15217
15240
15271
15293
15321
15345
15370
15390
15415
15440
15469
15490
15516
15543
15570
15593
15619
15647
15668
15686
15710
15734
15757
15779
15807
15831
15856
15880
15904
15927
15949
15972
15992
16016
16041
16057
16075
16097
16120
16146
16170
16193
16216
16237
16264
16285
16305
16333
16355
16376
16397
16426
16445
16464
16485
16506
16525
16544
16563
16591
16620
16644
16673
16694
16715
16737
16764
16783
16806
16834
16862
16882
16909
16931
16956
16981
17004
17027
17049
17071
17092
17119
17146
17169
17194
17224
17254
17279
17301
17330
17350
17375
17395
17417
17442
17462
17481
17501
17529
17552
17571
17592
17612
17632
17657
17681
17701
17727
17756
17778
17801
17824
17849
17868
17890
17915
17941
17964
17984
18004
18034
18063
18085
18104
18133
18152
18169
18190
18214
18235
18254
18279
18302
18325
18347
18365
18389
18413
18430
18451
18472
18494
18516
18537
18560
18582
18604
18623
18648
18667
18691
18707
18728
18749
18773
18795
18814
18842
18863
18885
18910
18929
18950
18969
18988
19012
19031
19052
19076
19102
19127
19145
19169
19187
19212
19235
19255
19279
19298
19318
19338
19358
19379
19402
19423
19449
19471
19498
19522
19545
19564
19588
19607
19627
19651
19671
19692
19711
19728
19751
19771
19790
19815
19839
19860
19886
19902
19928
19949
19969
19989
20012
20030
20053
20076
20098
20121
20141
20162
20186
20215
20236
20254
20274
20298
20314
20334
20357
20383
20402
20427
20449
20473
20496
20522
20544
20565
20588
20609
20626
20645
20671
20695
20720
20740
20762
20782
20802
20821
20841
20864
20884
20902
20920
20946
20968
20993
21019
21040
21060
21080
21106
21128
21151
21173
21194
21213
21230
21254
21278
21300
21321
21344
21368
21391
21410
21431
21455
21474
21499
21518
21536
21559
21576
21598
21622
21641
21659
21678
21699
21724
21746
21780
21805
21828
21844
21862
21884
21908
21928
21954
21977
21999
22020
22042
22065
22086
22104
22125
22140
22165
22188
22207
22227
22254
22273
22294
22314
22338
22358
22381
22401
22424
22442
22465
22488
22506
22524
22545
22564
22583
22600
22623
22645
22667
22684
22710
22731
22752
22770
22791
22815
22837
22855
22879
22895
22920
22943
22964
22983
23001
23023
23049
23065
23087
23107
23129
23150
23172
23194
23216
23238
23261
23280
23300
23319
23344
23365
23383
23403
23424
23446
23469
23490
23510
23531
23554
23577
23597
23615
23634
23655
23675
23697
23716
23734
23756
23776
23797
23813
23836
23856
23875
23897
23921
23948
23971
23995
24016
24042
24063
24084
24108
24134
24158
24175
24201
24221
24244
24269
24291
24313
24332
24354
24375
24393
24412
24431
24450
24470
24490
24508
24526
24545
24565
24586
24605
24624
24645
24665
24684
24700
24721
24739
24762
24783
24801
24820
24840
24858
24876
24897
24918
24939
24956
24975
24993
25011
25030
25052
25069
25087
25108
25126
25144
25163
25182
25201
25222
25242
25265
25285
25305
25322
25344
25365
25386
25410
25430
25449
25466
25485
25508
25529
25553
25575
25593
25616
25635
25660
25683
25703
25720
25740
25757
25779
25802
25819
25839
25858
25880
25898
25918
25938
25963
25987
26010
26028
26049
26070
26089
26112
26133
26156
26179
26200
26219
26242
26261
26281
26304
26324
26346
26367
26389
26410
26431
26453
26474
26499
26523
26544
26564
26585
26605
26623
26643
26662
26683
26704
26721
26738
26756
26779
26798
26818
26838
26862
26881
26905
26927
26947
26964
26983
27002
27023
27042
27063
27081
27101
27128
27145
27163
27182
27202
27221
27243
27266
27284
27301
27318
27339
27360
27379
27399
27420
27441
27464
27482
27502
27519
27536
27561
27583
27603
27622
27641
27659
27678
27694
27715
27734
27759
27784
27802
27824
27841
27862
27880
27897
27914
27935
27951
27967
27991
28012
28035
28054
28076
28094
28117
28138
28156
28176
28194
28213
28236
28260
28277
28296
28318
28347
28369
28388
28404
28422
28440
28461
28478
28498
28520
28540
28556
28577
28596
28615
28633
28650
28667
28689
28705
28724
28743
28761
28779
28798
28823
28841
28860
28878
28896
28914
28932
28951
28971
28991
29009
29029
29049
29067
29089
29105
29125
29146
29165
29183
29206
29224
29247
29263
29283
29299
29320
29338
29353
29371
29386
29406
29427
29444
29462
29480
29500
29518
29537
29556
29574
29592
29610
29627
29646
29668
29684
29705
29726
29748
29766
29785
29805
29824
29846
29863
29881
29898
29919
29940
29962
29982
30000
30020
30039
30063
30086
30107
30126
30148
30168
30189
30206
30223
30240
30259
30276
30297
30317
30337
30358
30376
30396
30414
30434
30457
30479
30501
30525
30546
30564
30589
30605
30624
30648
30668
30689
30707
30726
30751
30770
30790
30807
30828
30850
30868
30884
30904
30922
30941
30958
30977
30996
31020
31040
31063
31082
31102
31122
31139
31159
31178
31195
31216
31233
31253
31271
31292
31313
31334
31352
31370
31386
31401
31419
31439
31459
31478
31496
31513
31531
31550
31570
31587
31609
31626
31644
31663
31681
31702
31722
31740
31760
31780
31802
31821
31839
31863
31884
31904
31925
31946
31963
31983
32001
32020
32039
32059
32081
32101
32120
32140
32156
32174
32195
32214
32231
32249
32267
32286
32308
32326
32346
32361
32383
32401
32421
32441
32458
32479
32498
32516
32536
32556
32579
32598
32616
32635
32654
32675
32693
32714
32732
32751
32768
32786
32804
32821
32839
32857
32877
32900
32922
32943
32960
32977
32996
33013
33032
33049
33070
33093
33114
33135
33150
33168
33184
33206
33222
33244
33266
33287
33307
33326
33347
33365
33384
33404
33422
33440
33460
33478
33500
33522
33540
33561
33582
33601
33623
33645
33666
33683
33704
33722
33740
33760
33778
33797
33814
33831
33849
33865
33888
33904
33923
33943
33964
33982
34002
34020
34040
34057
34076
34097
34115
34133
34152
34175
34193
34212
34233
34251
34275
34291
34310
34331
34350
34366
34382
34401
34422
34439
34455
34474
34494
34511
34528
34546
34565
34584
34602
34623
34643
34660
34678
34695
34718
34737
34756
34773
34791
34807
34826
34844
34863
34880
34898
34917
34938
34957
34977
34995
35013
35033
35052
35071
35089
35113
35133
35154
35173
35194
35212
35230
35251
35268
35287
35306
35326
35346
35361
35377
35396
35412
35429
35444
35462
35480
35502
35520
35536
35557
35574
35591
35609
35634
35655
35673
35691
35706
35722
35740
35760
35777
35798
35816
35834
35850
35869
35889
35907
35927
35946
35964
35982
36002
36021
36043
36061
36078
36097
36114
36135
36156
36178
36194
36213
36230
36246
36264
36280
36298
36317
36335
36355
36373
36394
36409
36428
36445
36463
36480
36498
36515
36534
36552
36568
36587
36606
36624
36644
36663
36680
36697
36714
36735
36751
36768
36787
36806
36826
36841
36860
36880
36895
36913
36929
36945
36962
36984
37004
37020
37038
37056
37073
37092
37111
37127
37148
37163
37183
37199
37218
37236
37253
37275
37293
37315
37330
37346
37362
37379
37398
37416
37432
37450
37466
37482
37499
37518
37536
37554
37574
37595
37612
37629
37644
37662
37681
37697
37714
37730
37747
37765
37782
37798
37819
37838
37854
37874
37890
37911
37929
37948
37967
37988
38003
38024
38041
38059
38077
38100
38117
38132
38148
38166
38182
38200
38216
38232
38250
38270
38291
38309
38326
38342
38359
38375
38392
38412
38433
38449
38465
38487
38506
38522
38540
38560
38578
38596
38611
38629
38646
38663
38682
38698
38715
38732
38750
38767
38784
38802
38817
38834
38851
38868
38885
38902
38921
38938
38955
38972
38991
39008
39024
39044
39061
39078
39093
39110
39127
39150
39167
39183
39202
39224
39245
39263
39282
39301
39322
39341
39357
39376
39394
39413
39430
39447
39465
39485
39504
39523
39540
39557
39574
39593
39611
39629
39646
39665
39684
39706
39723
39740
39765
39784
39802
39821
39842
39858
39877
39898
39917
39934
39950
39967
39985
40007
40023
40039
40057
40072
40091
40109
40125
40146
40165
40184
40204
40222
40238
40255
40273
40294
40312
40330
40350
40370
40386
40405
40422
40438
40454
40473
40492
40511
40526
40543
40559
40575
40592
40609
40629
40651
40667
40684
40701
40720
40735
40752
40768
40789
40805
40822
40838
40859
40874
40891
40908
40930
40946
40963
40983
41002
41023
41045
41060
41076
41096
41114
41132
41148
41166
41184
41203
41221
41237
41254
41271
41288
41307
41326
41345
41361
41377
41394
41413
41432
41449
41464
41481
41496
41512
41529
41547
41562
41579
41596
41615
41637
41654
41671
41688
41705
41720
41736
41753
41772
41789
41807
41825
41844
41861
41878
41894
41910
41927
41942
41957
41973
41991
42008
42025
42041
42059
42078
42095
42113
42129
42147
42164
42180
42196
42211
42227
42242
42259
42274
42294
42312
42328
42344
42364
42381
42397
42416
42434
42450
42467
42487
42504
42522
42541
42558
42574
42589
42607
42625
42643
42661
42679
42695
42717
42735
42751
42768
42785
42804
42821
42839
42855
42874
42891
42909
42929
42946
42964
42984
43001
43020
43039
43056
43072
43087
43104
43120
43138
43156
43172
43188
43206
43223
43238
43255
43271
43289
43305
43323
43342
43360
43375
43393
43410
43425
43442
43458
43477
43493
43509
43525
43545
43563
43582
43599
43614
43629
43648
43664
43680
43696
43712
43732
43747
43762
43781
43797
43815
43831
43848
43868
43886
43906
43924
43943
43959
43977
43992
44009
44025
44042
44057
44073
44091
44112
44130
44147
44164
44182
44198
44214
44230
44247
44266
44283
44303
44319
44336
44352
44372
44390
44410
44429
44447
44463
44482
44497
44515
44533
44550
44566
44585
44604
44624
44639
44657
44673
44691
44709
44725
44740
44757
44775
44794
44815
44831
44847
44868
44885
44900
44917
44934
44950
44967
44985
45001
45018
45036
45053
45069
45086
45104
45121
45139
45156
45171
45188
45204
45221
45237
45257
45276
45295
45313
45328
45343
45362
45380
45396
45411
45429
45444
45461
45477
45493
45512
45529
45544
45562
45579
45599
45617
45634
45650
45669
45687
45704
45722
45737
45752
45770
45787
45805
45822
45841
45856
45872
45891
45908
45927
45943
45963
45980
46000
46018
46035
46053
46071
46089
46106
46122
46140
46156
46172
46187
46207
46222
46239
46255
46274
46294
46311
46327
46342
46360
46377
46394
46412
46434
46452
46467
46483
46499
46516
46533
46552
46569
46584
46600
46617
46633
46651
46669
46685
46702
46721
46737
46755
46770
46785
46803
46820
46837
46852
46868
46886
46902
46917
46934
46952
46967
46984
47001
47019
47035
47050
47066
47082
47099
47117
47135
47151
47169
47189
47206
47221
47240
47256
47271
47286
47303
47321
47337
47354
47372
47389
47407
47425
47441
47457
47472
47490
47505
47521
47538
47553
47572
47589
47606
47624
47640
47655
47671
47690
47706
47722
47742
47760
47776
47791
47808
47824
47841
47857
47873
47889
47904
47921
47936
47951
47968
47983
47999
48015
48031
48048
48065
48083
48100
48118
48134
48151
48167
48182
48198
48214
48231
48246
48265
48280
48298
48313
48328
48346
48361
48377
48394
48410
48427
48445
48461
48477
48497
48518
48534
48550
48568
48584
48600
48618
48635
48652
48669
48685
48700
48717
48734
48751
48768
48783
48800
48816
48832
48849
48864
48880
48897
48913
48929
48947
48963
48979
48997
49014
49031
49052
49068
49087
49104
49122
49138
49157
49176
49192
49207
49224
49239
49255
49273
49288
49303
49320
49338
49356
49372
49390
49405
49422
49439
49454
49471
49486
49502
49517
49533
49549
49565
49582
49599
49615
49632
49650
49666
49682
49698
49715
49732
49750
49766
49781
49796
49812
49828
49846
49863
49879
49895
49910
49927
49945
49960
49977
49994
50010
50028
50044
50061
50076
50091
50108
50125
50140
50159
50174
50191
50206
50221
50237
50254
50271
50286
50301
50316
50331
50346
50362
50379
50394
50412
50430
50449
50464
50481
50496
50512
50527
50543
50559
50575
50591
50609
50625
50641
50660
50678
50695
50714
50730
50745
50762
50777
50794
50809
50825
50841
50858
50873
50889
50904
50921
50937
50953
50970
50985
51003
51020
51037
51052
51069
51084
51102
51117
51132
51148
51166
51181
51198
51213
51229
51244
51260
51278
51295
51310
51328
51343
51359
51375
51391
51407
51422
51438
51455
51472
51488
51504
51519
51535
51553
51569
51590
51605
51622
51638
51653
51668
51685
51701
51717
51733
51748
51763
51780
51797
51812
51831
51849
51867
51883
51898
51915
51933
51949
51965
51981
51997
52012
52028
52043
52058
52076
52095
52111
52127
52146
52162
52178
52195
52212
52227
52243
52260
52278
52294
52311
52328
52343
52361
52377
52394
52409
52424
52440
52457
52475
52491
52510
52527
52543
52560
52576
52592
52608
52624
52642
52659
52675
52693
52709
52728
52746
52762
52778
52795
52812
52827
52844
52861
52878
52897
52914
52931
52947
52963
52979
52996
53013
53030
53047
53063
53078
53093
53110
53125
53142
53157
53174
53189
53204
53220
53237
53253
53270
53286
53304
53322
53341
53356
53373
53388
53404
53419
53435
53453
53468
53485
53500
53518
53534
53550
53567
53582
53597
53613
53629
53644
53659
53675
53691
53708
53723
53740
53755
53771
53786
53801
53817
53832
53847
53863
53881
53896
53915
53932
53949
53967
53984
54001
54016
54031
54047
54062
54078
54094
54110
54125
54143
54161
54176
54192
54207
54224
54240
54256
54274
54290
54307
54322
54340
54355
54373
54388
54405
54420
54435
54451
54466
54482
54500
54517
54533
54548
54564
54579
54595
54612
54630
54648
54664
54679
54694
54710
54726
54743
54758
54776
54794
54811
54827
54844
54862
54880
54895
54910
54926
54943
54959
54974
54991
55009
55026
55043
55060
55076
55094
55110
55126
55141
55157
55172
55189
55206
55225
55240
55255
55271
55286
55301
55316
55333
55350
55365
55381
55396
55412
55428
55444
55459
55474
55490
55505
55521
55539
55554
55570
55586
55601
55617
55632
55650
55667
55682
55698
55713
55729
55745
55760
55776
55791
55810
55825
55841
55857
55873
55889
55904
55920
55935
55950
55967
55983
56000
56016
56035
56050
56067
56083
56102
56121
56140
56156
56171
56188
56204
56220
56237
56253
56270
56286
56304
56319
56335
56350
56367
56384
56399
56416
56431
56446
56465
56481
56497
56515
56530
56545
56561
56578
56594
56610
56625
56641
56657
56674
56691
56706
56721
56736
56753
56770
56785
56801
56818
56834
56850
56865
56883
56899
56915
56930
56946
56962
56978
56993
57009
57025
57042
57058
57073
57089
57105
57120
57135
57151
57166
57181
57197
57213
57228
57244
57260
57276
57291
57309
57324
57340
57358
57373
57388
57404
57420
57436
57451
57466
57483
57500
57515
57532
57551
57569
57584
57601
57620
57635
57650
57665
57681
57697
57714
57729
57744
57760
57776
57792
57808
57823
57840
57856
57871
57890
57906
57921
57936
57951
57967
57983
57999
58014
58031
58047
58063
58078
58094
58112
58129
58144
58160
58175
58190
58205
58221
58238
58257
58272
58289
58306
58321
58339
58356
58373
58389
58406
58421
58436
58452
58467
58483
58501
58518
58534
58549
58567
58582
58600
58615
58631
58648
58664
58681
58698
58714
58729
58745
58761
58776
58791
58806
58824
58840
58858
58873
58889
58905
58921
58937
58954
58970
58987
59003
59019
59035
59051
59067
59082
59098
59114
59130
59147
59164
59181
59200
59215
59231
59248
59263
59280
59296
59311
59327
59343
59359
59375
59391
59409
59426
59441
59456
59471
59488
59503
59519
59534
59549
59565
59581
59597
59613
59628
59646
59662
59681
59696
59712
59728
59743
59759
59776
59794
59810
59826
59841
59856
59872
59887
59903
59918
59933
59950
59970
59988
60004
60022
60038
60055
60072
60089
60106
60121
60137
60153
60168
60185
60200
60215
60231
60246
60265
60280
60296
60312
60328
60343
60360
60377
60393
60408
60424
60441
60458
60473
60488
60504
60521
60536
60551
60567
60584
60600
60616
60632
60647
60663
60679
60695
60710
60725
60743
60758
60774
60790
60806
60822
60837
60854
60872
60892
60907
60923
60938
60955
60971
60987
61003
61018
61035
61051
61066
61082
61101
61118
61133
61149
61164
61181
61200
61217
61233
61249
61264
61280
61298
61314
61330
61345
61362
61379
61396
61413
61430
61445
61462
61477
61492
61509
61524
61539
61555
61570
61585
61600
61615
61631
61646
61661
61677
61692
61707
61723
61738
61754
61769
61786
61802
61818
61833
61848
61865
61882
61898
61913
61929
61944
61961
61978
61993
62008
62025
62040
62056
62071
62086
62103
62118
62135
62150
62165
62181
62198
62215
62230
62246
62262
62278
62294
62314
62329
62345
62361
62376
62392
62407
62423
62438
62453
62468
62484
62499
62515
62530
62547
62562
62578
62593
62608
62625
62640
62656
62672
62687
62703
62718
62734
62750
62765
62781
62796
62811
62826
62842
62857
62875
62890
62906
62921
62937
62952
62968
62983
62998
63014
63030
63046
63061
63077
63093
63108
63125
63142
63157
63173
63188
63205
63222
63237
63253
63269
63284
63299
63316
63331
63348
63363
63378
63393
63410
63426
63442
63458
63476
63492
63508
63524
63540
63555
63572
63587
63604
63619
63635
63650
63665
63680
63695
63710
63726
63743
63759
63775
63791
63807
63823
63840
63856
63873
63890
63906
63922
63939
63955
63973
63988
64003
64018
64035
64052
64067
64082
64098
64113
64129
64145
64160
64176
64191
64207
64223
64238
64253
64268
64284
64300
64316
64331
64348
64363
64378
64399
64414
64429
64445
64462
64478
64493
64510
64528
64544
64561
64578
64593
64610
64625
64640
64655
64671
64688
64704
64720
64736
64753
64770
64786
64804
64821
64837
64852
64868
64884
64900
64916
64932
64948
64965
64981
64996
65011
65028
65044
65059
65074
65092
65108
65123
65139
65154
65170
65185
65200
65217
65234
65249
65264
65279
65295
65310
65326
65342
65358
65374
65391
65407
65423
65439
65454
65469
65484
65501
65516
65532
65547
65562
65578
65594
65609
65624
65641
65657
65673
65688
65703
65718
65733
65749
65764
65780
65796
65813
65828
65843
65859
65876
65891
65906
65921
65936
65951
65969
65985
66000
66015
66030
66047
66062
66077
66094
66109
66124
66139
66155
66172
66188
66203
66218
66234
66251
66267
66282
66298
66314
66329
66344
66361
66377
66392
66409
66424
66440
66456
66472
66488
66503
66519
66534
66549
66564
66579
66594
66609
66624
66641
66658
66674
66689
66704
66720
66735
66751
66766
66782
66798
66813
66828
66844
66859
66876
66891
66907
66923
66939
66955
66971
66988
67006
67023
67039
67056
67072
67087
67102
67119
67135
67151
67166
67181
67196
67211
67226
67241
67256
67272
67288
67303
67319
67335
67352
67367
67382
67398
67415
67432
67448
67464
67481
67498
67513
67529
67545
67561
67576
67591
67607
67622
67637
67652
67667
67683
67699
67715
67730
67745
67760
67775
67791
67806
67821
67837
67853
67868
67885
67901
67916
67932
67947
67963
67979
67995
68011
68026
68041
68056
68072
68087
68102
68117
68132
68147
68162
68177
68193
68208
68223
68239
68255
68271
68286
68301
68316
68331
68347
68362
68379
68394
68409
68426
68442
68458
68475
68491
68506
68521
68536
68551
68568
68584
68599
68617
68633
68648
68663
68679
68694
68710
68725
68740
68755
68771
68789
68805
68820
68836
68851
68868
68884
68899
68914
68929
68944
68959
68974
68989
69006
69021
69036
69051
69066
69081
69097
69112
69128
69143
69159
69175
69192
69208
69224
69241
69257
69272
69287
69302
69317
69332
69348
69363
69379
69395
69410
69427
69444
69460
69476
69491
69507
69522
69538
69553
69569
69584
69601
69616
69631
69646
69661
69677
69693
69710
69725
69741
69756
69771
69786
69803
69819
69834
69849
69865
69881
69896
69911
69927
69943
69958
69973
69990
70005
70020
70035
70050
70065
70080
70095
70110
70125
70140
70155
70171
70187
70202
70218
70233
70249
70264
70281
70296
70313
70329
70345
70361
70377
70392
70407
70422
70437
70452
70468
70483
70498
70513
70528
70543
70558
70574
70589
70606
70621
70636
70651
70667
70682
70698
70714
70730
70746
70762
70777
70792
70808
70823
70840
70856
70871
70886
70901
70917
70932
70947
70963
70978
70994
71009
71026
71042
71057
71072
71088
71103
71119
71134
71149
71165
71180
71197
71212
71228
71243
71259
71275
71290
71305
71322
71338
71353
71368
71383
71398
71413
71429
71444
71459
71474
71489
71504
71519
71535
71550
71565
71581
71596
71611
71627
71642
71658
71673
71689
71704
71719
71734
71749
71764
71780
71795
71811
71826
71841
71856
71871
71888
71903
71918
71933
71948
71964
71979
71994
72009
72025
72040
72055
72070
72085
72101
72117
72132
72147
72162
72177
72192
72207
72222
72237
72252
72267
72282
72298
72313
72328
72344
72360
72375
72390
72405
72420
72435
72450
72466
72481
72497
72512
72528
72544
72559
72574
72590
72605
72621
72637
72652
72668
72683
72698
72715
72731
72747
72762
72777
72793
72809
72824
72840
72855
72870
72887
72903
72918
72933
72949
72965
72982
72997
73014
73030
73045
73060
73075
73092
73108
73123
73141
73156
73173
73189
73204
73220
73235
73250
73266
73281
73297
73312
73328
73344
73359
73375
73391
73409
73426
73441
73456
73471
73486
73501
73516
73531
73546
73561
73578
73593
73608
73623
73638
73653
73668
73685
73700
73716
73731
73746
73761
73776
73792
73808
73823
73838
73854
73870
73886
73901
73916
73931
73946
73961
73976
73991
74007
74023
74038
74054
74069
74084
74099
74114
74129
74144
74159
74175
74190
74205
74221
74236
74251
74266
74281
74297
74312
74327
74343
74359
74376
74392
74407
74422
74437
74452
74467
74482
74498
74514
74530
74545
74560
74575
74590
74606
74621
74636
74652
74667
74682
74697
74713
74728
74743
74758
74773
74788
74803
74820
74835
74851
74866
74881
74896
74912
74928
74943
74958
74974
74989
75006
75021
75036
75052
75068
75083
75098
75113
75128
75143
75158
75174
75189
75204
75220
75235
75250
75265
75280
75295
75310
75326
75341
75356
75372
75387
75403
75418
75434
75451
75466
75482
75497
75514
75529
75545
75560
75575
75590
75605
75621
75636
75651
75667
75682
75699
75716
75732
75749
75764
75779
75796
75811
75828
75844
75859
75874
75889
75905
75920
75935
75950
75966
75981
75997
76012
76028
76044
76060
76075
76090
76105
76120
76135
76150
76165
76181
76196
76211
76226
76242
76258
76273
76289
76304
76319
76334
76349
76364
76379
76396
76412
76428
76443
76458
76473
76488
76504
76520
76535
76551
76567
76582
76598
76614
76629
76644
76659
76674
76690
76705
76722
76737
76753
76768
76785
76801
76816
76831
76846
76862
76879
76894
76909
76924
76940
76955
76970
76986
77001
77016
77031
77048
77063
77079
77096
77111
77126
77141
77157
77172
77188
77203
77218
77233
77249
77266
77281
77296
77312
77327
77342
77358
77374
77389
77404
77420
77435
77450
77465
77480
77495
77510
77525
77540
77556
77573
77588
77603
77618
77633
77648
77663
77678
77693
77708
77724
77739
77754
77770
77786
77801
77817
77833
77848
77864
77880
77895
77911
77927
77942
77958
77973
77988
78004
78022
78037
78052
78067
78082
78097
78113
78128
78143
78158
78173
78188
78203
78218
78234
78249
78264
78279
78295
78310
78327
78342
78357
78372
78387
78402
78417
78432
78448
78463
78478
78493
78508
78524
78539
78554
78569
78584
78600
78615
78630
78646
78661
78677
78692
78709
78724
78739
78755
78771
78786
78801
78816
78831
78847
78862
78877
78893
78908
78923
78939
78954
78970
78985
79000
79015
79031
79046
79064
79080
79095
79110
79126
79143
79159
79174
79189
79204
79219
79234
79250
79265
79282
79297
79312
79327
79342
79359
79375
79390
79405
79420
79435
79451
79466
79482
79498
79515
79530
79546
79561
79577
79592
79607
79622
79637
79653
79668
79683
79698
79713
79728
79743
79758
79774
79790
79805
79820
79837
79852
79867
79882
79897
79912
79928
79943
79958
79973
79988
80003
80020
80036
80051
80066
80081
80096
80111
80126
80141
80157
80172
80187
80203
80219
80235
80250
80266
80283
80298
80313
80328
80343
80358
80373
80389
80404
80419
80437
80453
80469
80484
80499
80514
80529
80544
80559
80575
80591
80606
80621
80636
80651
80666
80682
80699
80715
80730
80746
80761
80776
80791
80808
80827
80842
80857
80872
80887
80902
80919
80934
80949
80964
80981
80998
81013
81028
81044
81059
81074
81089
81104
81121
81136
81151
81167
81182
81197
81212
81228
81244
81259
81274
81289
81304
81319
81335
81351
81366
81381
81396
81411
81426
81441
81456
81471
81487
81502
81517
81533
81548
81564
81579
81595
81610
81625
81641
81656
81673
81688
81703
81718
81734
81749
81764
81779
81794
81810
81825
81840
81856
81871
81886
81903
81918
81933
81948
81963
81978
81993
82008
82023
82038
82053
82069
82085
82100
82115
82130
82146
82161
82176
82191
82206
82222
82237
82252
82267
82282
82297
82312
82328
82343
82358
82373
82389
82404
82419
82434
82450
82465
82480
82495
82511
82526
82541
82557
82572
82588
82604
82619
82634
82650
82665
82680
82695
82711
82726
82741
82756
82771
82787
82802
82817
82833
82848
82863
82878
82893
82909
82924
82940
82955
82970
82986
83002
83017
83032
83047
83062
83077
83092
83107
83122
83137
83152
83167
83182
83198
83214
83229
83244
83259
83274
83289
83304
83319
83334
83349
83364
83379
83394
83410
83425
83440
83455
83471
83486
83501
83516
83531
83546
83561
83576
83592
83607
83622
83637
83652
83667
83684
83699
83714
83730
83746
83762
83778
83793
83808
83823
83838
83853
83868
83884
83901
83917
83933
83948
83964
83980
83995
84010
84026
84041
84056
84072
84087
84103
84120
84136
84151
84166
84181
84197
84213
84229
84244
84261
84277
84292
84307
84322
84337
84352
84367
84382
84397
84412
84427
84443
84460
84476
84491
84506
84521
84536
84551
84566
84581
84596
84611
84627
84643
84658
84673
84688
84704
84719
84734
84750
84766
84782
84797
84812
84828
84843
84858
84873
84889
84904
84919
84934
84949
84964
84979
84994
85009
85024
85040
85055
85070
85086
85101
85116
85131
85146
85161
85176
85191
85207
85222
85237
85252
85267
85282
85297
85314
85329
85344
85359
85374
85390
85406
85422
85437
85452
85467
85482
85497
85512
85527
85542
85557
85572
85587
85603
85618
85633
85648
85663
85678
85693
85709
85724
85739
85754
85770
85785
85801
85817
85832
85847
85863
85878
85893
85909
85925
85940
85955
85972
85987
86002
86017
86034
86050
86065
86080
86095
86111
86127
86143
86160
86175
86190
86205
86220
86236
86252
86267
86283
86298
86313
86329
86344
86359
86376
86392
86407
86422
86439
86454
86469
86484
86501
86516
86531
86546
86563
86578
86593
86608
86624
86639
86654
86669
86684
86699
86714
86729
86744
86759
86774
86790
86807
86823
86838
86853
86869
86885
86900
86915
86931
86946
86962
86977
86993
87009
87024
87039
87054
87069
87084
87100
87115
87130
87145
87160
87175
87190
87206
87221
87238
87253
87269
87284
87299
87315
87330
87345
87360
87375
87390
87406
87422
87437
87453
87468
87483
87498
87513
87528
87543
87558
87573
87589
87605
87620
87635
87650
87665
87680
87695
87710
87725
87741
87757
87772
87787
87802
87817
87832
87847
87862
87877
87892
87907
87924
87939
87955
87970
87985
88000
88015
88032
88047
88062
88078
88093
88109
88124
88139
88155
88171
88186
88201
88216
88231
88247
88262
88277
88293
88308
88324
88339
88355
88370
88386
88401
88416
88432
88447
88462
88477
88492
88508
88523
88538
88553
88568
88583
88598
88614
88630
88645
88660
88676
88691
88706
88721
88736
88751
88766
88784
88801
88817
88832
88847
88862
88877
88892
88908
88923
88938
88953
88968
88983
89000
89015
89030
89045
89061
89076
89091
89106
89122
89137
89153
89169
89184
89199
89214
89229
89245
89260
89275
89290
89307
89322
89337
89352
89367
89383
89398
89413
89429
89444
89459
89476
89491
89506
89521
89538
89553
89568
89583
89598
89613
89629
89644
89660
89675
89691
89707
89722
89738
89754
89771
89786
89801
89817
89832
89848
89863
89878
89893
89908
89923
89938
89955
89970
89985
90000
90015
90030
90045
90061
90076
90092
90107
90122
90137
90152
90167
90182
90197
90213
90228
90244
90259
90274
90289
90304
90319
90334
90349
90364
90379
90394
90409
90424
90439
90454
90469
90484
90500
90515
90530
90545
90560
90575
90590
90605
90621
90636
90652
90668
90683
90698
90713
90728
90744
90759
90774
90789
90804
90819
90835
90850
90865
90880
90895
90910
90925
90940
90955
90970
90986
91001
91016
91031
91046
91062
91078
91093
91108
91123
91138
91154
91170
91186
91201
91216
91231
91249
91264
91279
91294
91309
91325
91340
91356
91371
91386
91401
91417
91432
91449
91465
91480
91495
91510
91525
91541
91556
91572
91589
91604
91619
91634
91649
91664
91679
91695
91710
91725
91740
91755
91771
91786
91801
91816
91832
91847
91862
91877
91892
91907
91922
91937
91952
91967
91984
91999
92014
92029
92044
92059
92074
92089
92104
92119
92134
92150
92165
92180
92196
92211
92226
92242
92257
92272
92287
92302
92318
92333
92348
92363
92378
92393
92408
92423
92438
92453
92468
92483
92498
92513
92528
92543
92558
92573
92588
92604
92619
92635
92650
92665
92680
92695
92710
92725
92740
92755
92771
92786
92801
92816
92831
92846
92861
92876
92891
92906
92921
92936
92952
92967
92982
92997
93014
93029
93044
93059
93074
93089
93104
93119
93134
93149
93164
93179
93195
93210
93225
93240
93255
93270
93286
93301
93316
93332
93347
93363
93378
93393
93408
93423
93438
93453
93469
93484
93499
93514
93529
93544
93559
93574
93589
93605
93620
93635
93650
93666
93681
93697
93712
93727
93742
93759
93774
93789
93804
93819
93834
93849
93864
93879
93894
93910
93925
93940
93955
93970
93985
94000
94015
94030
94045
94060
94075
94090
94105
94120
94136
94151
94166
94181
94197
94212
94227
94242
94257
94272
94287
94302
94318
94334
94350
94365
94381
94396
94411
94427
94442
94457
94472
94487
94502
94517
94532
94547
94562
94577
94592
94607
94622
94637
94653
94668
94683
94698
94713
94728
94743
94759
94775
94792
94807
94822
94837
94852
94867
94882
94897
94912
94927
94942
94957
94972
94988
95003
95018
95033
95049
95064
95079
95094
95109
95124
95139
95154
95169
95184
95199
95214
95230
95245
95260
95275
95292
95307
95322
95337
95352
95368
95383
95398
95413
95428
95443
95458
95473
95488
95504
95519
95534
95549
95564
95579
95594
95609
95624
95639
95654
95670
95685
95700
95716
95733
95748
95763
95778
95793
95808
95823
95838
95853
95868
95883
95899
95914
95929
95944
95959
95975
95990
96005
96020
96036
96051
96066
96082
96097
96112
96128
96145
96160
96175
96191
96206
96221
96236
96252
96267
96282
96298
96313
96328
96343
96358
96373
96390
96405
96420
96436
96451
96466
96481
96496
96512
96527
96542
96557
96572
96587
96603
96619
96635
96650
96665
96680
96695
96710
96725
96741
96756
96771
96786
96801
96816
96831
96846
96861
96876
96891
96906
96921
96936
96951
96967
96982
96997
97012
97027
97042
97057
97072
97087
97102
97117
97132
97147
97162
97177
97192
97208
97224
97239
97254
97269
97285
97300
97315
97330
97345
97360
97375
97390
97405
97420
97435
97450
97465
97480
97495
97510
97525
97541
97557
97572
97587
97602
97617
97632
97647
97662
97677
97692
97707
97722
97737
97753
97768
97783
97798
97814
97829
97845
97860
97875
97890
97906
97921
97936
97951
97966
97981
97996
98011
98026
98041
98056
98071
98087
98102
98118
98133
98148
98163
98178
98193
98208
98223
98238
98253
98268
98283
98298
98313
98328
98343
98358
98373
98388
98403
98418
98433
98450
98465
98480
98495
98510
98525
98540
98555
98571
98586
98601
98616
98631
98646
98662
98678
98693
98708
98724
98739
98754
98769
98784
98800
98815
98830
98846
98861
98876
98891
98906
98921
98936
98951
98966
98981
98996
99011
99026
99041
99056
99072
99087
99102
99117
99132
99149
99165
99180
99195
99210
99226
99241
99257
99272
99287
99302
99317
99332
99347
99362
99377
99392
99407
99422
99437
99452
99467
99482
99497
99512
99527
99542
99557
99572
99587
99602
99617
99632
99647
99662
99677
99692
99707
99722
99737
99753
99768
99783
99798
99813
99828
99843
99858
99873
99888
99903
99919
99934
99949
99964
99979
99994
100011
100026
100041
100056
100071
100086
100101
100116
100131
100147
100162
100178
100193
100208
100223
100238
100254
100269
100284
100299
100314
100329
100345
100360
100375
100391
100406
100421
100436
100452
100467
100482
100498
100513
100528
100543
100558
100573
100588
100603
100619
100634
100649
100664
100679
100694
100709
100724
100739
100754
100769
100785
100800
100815
100830
100845
100860
100875
100890
100905
100920
100935
100951
100966
100981
100996
101011
101026
101041
101056
101071
101086
101101
101116
101131
101146
101163
101178
101193
101208
101224
101239
101254
101269
101284
101299
101314
101329
101344
101359
101374
101389
101405
101420
101435
101451
101467
101482
101497
101512
101527
101542
101557
101572
101587
101602
101617
101632
101647
101662
101677
101693
101708
101723
101738
101753
101768
101783
101798
101813
101828
101843
101859
101874
101890
101905
101920
101935
101950
101965
101980
101995
102011
102026
102041
102056
102071
102086
102101
102116
102131
102146
102161
102176
102191
102207
102222
102237
102252
102268
102283
102298
102313
102328
102343
102358
102373
102388
102403
102418
102433
102448
102464
102479
102494
102509
102524
102539
102554
102569
102584
102599
102615
102631
102646
102661
102676
102691
102706
102721
102736
102751
102766
102781
102796
102811
102826
102841
102856
102871
102886
102902
102917
102932
102947
102962
102979
102994
103010
103025
103041
103056
103071
103087
103102
103117
103132
103148
103163
103178
103194
103209
103225
103240
103256
103271
103286
103301
103316
103331
103347
103362
103377
103392
103408
103423
103439
103454
103469
103485
103500
103515
103531
103547
103562
103577
103592
103607
103622
103637
103653
103669
103684
103699
103714
103729
103744
103759
103774
103789
103804
103819
103835
103850
103865
103881
103896
103911
103926
103941
103956
103971
103986
104001
104016
104031
104046
104061
104076
104091
104106
104121
104136
104151
104166
104181
104196
104211
104226
104241
104256
104271
104286
104301
104316
104332
104347
104363
104379
104394
104409
104424
104439
104454
104469
104484
104499
104514
104530
104546
104561
104576
104591
104606
104621
104636
104651
104666
104681
104696
104711
104726
104741
104756
104771
104786
104801
104817
104832
104847
104862
104877
104892
104907
104922
104937
104953
104968
104985
105000
105015
105030
105046
105061
105076
105091
105106
105121
105136
105151
105166
105181
105196
105211
105226
105241
105256
105272
105287
105302
105317
105332
105347
105362
105377
105392
105408
105423
105438
105453
105468
105484
105499
105514
105529
105544
105559
105574
105589
105604
105619
105636
105652
105667
105682
105697
105712
105727
105742
105757
105772
105787
105802
105817
105833
105848
105863
105879
105895
105910
105925
105940
105955
105970
105985
106000
106015
106030
106045
106061
106076
106092
106108
106123
106138
106153
106168
106183
106198
106213
106228
106243
106259
106274
106289
106304
106319
106334
106349
106366
106381
106396
106411
106426
106441
106456
106471
106486
106501
106516
106531
106546
106561
106576
106591
106606
106622
106637
106652
106667
106682
106697
106712
106727
106743
106758
106773
106788
106803
106818
106833
106848
106863
106878
106893
106908
106923
106938
106953
106968
106983
106998
107014
107029
107044
107059
107074
107089
107104
107119
107134
107149
107165
107180
107196
107211
107226
107241
107256
107271
107286
107302
107317
107332
107347
107362
107377
107392
107407
107422
107437
107452
107467
107482
107497
107512
107527
107543
107558
107574
107590
107605
107620
107635
107650
107665
107681
107696
107711
107726
107741
107756
107771
107786
107801
107816
107831
107846
107862
107878
107893
107908
107923
107939
107955
107970
107985
108000
108015
108030
108046
108061
108076
108091
108106
108121
108136
108151
108166
108181
108196
108211
108226
108241
108256
108271
108286
108301
108316
108331
108346
108361
108376
108392
108407
108422
108438
108453
108468
108483
108498
108513
108529
108544
108559
108574
108589
108604
108619
108634
108649
108664
108679
108694
108710
108725
108740
108755
108770
108786
108802
108817
108832
108847
108862
108877
108893
108908
108923
108938
108953
108968
108983
108998
109014
109029
109044
109059
109076
109092
109108
109124
109140
109155
109170
109185
109200
109215
109230
109245
109260
109275
109291
109306
109321
109336
109351
109366
109381
109396
109411
109426
109442
109457
109472
109487
109503
109518
109533
109548
109563
109579
109594
109609
109624
109639
109654
109669
109684
109700
109717
109732
109747
109762
109777
109793
109808
109823
109838
109853
109868
109883
109899
109915
109930
109945
109960
109975
109990
110005
110021
110036
110051
110066
110081
110096
110111
110126
110143
110158
110173
110188
110204
110220
110235
110250
110265
110280
110296
110311
110326
110341
110356
110372
110387
110402
110417
110433
110448
110463
110478
110493
110509
110524
110539
110555
110570
110585
110600
110615
110631
110646
110661
110676
110691
110706
110721
110736
110751
110766
110781
110796
110811
110826
110841
110856
110871
110886
110901
110916
110931
110946
110961
110976
110991
111006
111022
111038
111053
111068
111083
111098
111113
111128
111143
111158
111173
111188
111204
111219
111234
111250
111265
111280
111295
111310
111325
111340
111355
111370
111385
111400
111415
111430
111445
111461
111476
111491
111506
111521
111536
111551
111566
111581
111596
111611
111626
111642
111657
111672
111687
111702
111717
111732
111747
111762
111777
111792
111808
111823
111838
111853
111868
111883
111898
111913
111929
111945
111960
111975
111990
112005
112020
112035
112050
112065
112080
112095
112111
112126
112141
112157
112172
112187
112203
112218
112234
112250
112265
112280
112295
112310
112325
112340
112355
112370
112385
112401
112416
112431
112446
112461
112476
112491
112506
112521
112536
112551
112566
112581
112596
112611
112626
112641
112656
112671
112686
112702
112717
112732
112747
112762
112777
112792
112807
112822
112837
112852
112867
112882
112898
112913
112928
112943
112958
112973
112988
113003
113018
113034
113049
113064
113079
113094
113109
113124
113139
113154
113169
113185
113200
113215
113230
113245
113261
113276
113292
113307
113322
113338
113353
113368
113383
113398
113413
113428
113443
113458
113473
113488
113503
113518
113533
113548
113563
113578
113593
113608
113623
113638
113653
113668
113684
113699
113714
113730
113745
113760
113775
113790
113805
113820
113835
113850
113865
113880
113895
113910
113925
113940
113955
113970
113985
114001
114016
114031
114046
114061
114076
114092
114107
114122
114138
114153
114169
114184
114199
114214
114229
114244
114259
114274
114289
114304
114319
114334
114350
114365
114380
114395
114410
114425
114440
114455
114470
114486
114501
114516
114531
114546
114561
114577
114592
114607
114622
114637
114652
114667
114682
114697
114712
114727
114742
114758
114773
114789
114804
114819
114834
114849
114864
114879
114894
114909
114924
114939
114955
114970
114985
115000
115015
115030
115045
115060
115075
115090
115106
115121
115136
115151
115166
115181
115197
115212
115227
115242
115258
115273
115288
115303
115318
115333
115348
115363
115378
115393
115408
115423
115439
115454
115469
115484
115499
115514
115529
115544
115560
115575
115590
115605
115620
115635
115650
115665
115680
115695
115710
115725
115740
115755
115771
115786
115801
115816
115832
115847
115862
115877
115892
115908
115923
115939
115954
115969
115984
115999
116014
116029
116044
116059
116074
116089
116104
116120
116135
116150
116166
116181
116196
116211
116226
116241
116256
116271
116286
116301
116316
116331
116346
116361
116376
116391
116406
116421
116436
116451
116466
116481
116496
116511
116526
116541
116556
116572
116587
116602
116617
116633
116648
116663
116678
116693
116709
116724
116739
116754
116770
116785
116800
116815
116830
116845
116861
116877
116892
116908
116923
116938
116953
116968
116984
116999
117014
117029
117044
117059
117074
117089
117104
117119
117134
117149
117164
117179
117195
117210
117225
117240
117255
117271
117286
117301
117316
117331
117346
117361
117377
117392
117407
117422
117437
117452
117467
117482
117497
117513
117528
117543
117558
117573
117588
117603
117618
117633
117648
117665
117680
117695
117710
117725
117740
117755
117770
117786
117801
117816
117831
117846
117861
117876
117891
117906
117921
117937
117952
117967
117982
117997
118012
118027
118042
118057
118072
118087
118103
118119
118134
118149
118164
118179
118194
118209
118224
118239
118255
118270
118285
118300
118315
118330
118345
118360
118375
118390
118405
118420
118435
118450
118465
118480
118495
118510
118525
118540
118555
118570
118585
118600
118615
118630
118645
118660
118675
118691
118706
118721
118736
118751
118766
118781
118796
118811
118826
118841
118856
118871
118886
118901
118917
118932
118947
118962
118977
118992
119007
119022
119037
119052
119067
119082
119097
119112
119127
119142
119157
119172
119187
119202
119217
119232
119247
119262
119277
119292
119307
119322
119337
119352
119367
119382
119397
119412
119427
119443
119458
119473
119489
119504
119519
119534
119549
119564
119579
119594
119609
119624
119639
119654
119669
119684
119699
119714
119729
119744
119760
119775
119790
119805
119820
119835
119850
119865
119880
119896
119911
119926
119941
119956
119971
119986
120002
120017
120032
120047
120062
120077
120092
120107
120122
120137
120152
120167
120182
120197
120212
120227
120242
120257
120272
120287
120302
120317
120332
120347
120362
120377
120393
120408
120423
120438
120453
120468
120483
120498
120513
120528
120543
120558
120573
120588
120603
120618
120633
120648
120663
120678
120693
120708
120723
120738
120753
120768
120783
120798
120813
120828
