26
53
75
108
137
166
194
224
251
277
303
329
359
389
413
441
465
494
513
538
567
590
624
655
681
709
731
760
785
813
842
873
903
933
969
991
1023
1059
1092
1121
1152
1188
1215
1243
1278
1305
1341
1369
1396
1429
1460
1494
1522
1549
1580
1613
1643
1671
1701
1731
1759
1786
1810
1845
1877
1910
1938
1974
2007
2038
2066
2097
2130
2161
2194
2225
2258
2284
2318
2347
2380
2417
2441
2473
2512
2533
2559
2583
2608
2633
2663
2693
2725
2752
2777
2807
2836
2864
2887
2908
2937
2962
2985
3011
3032
3056
3083
3114
3142
3168
3192
3223
3253
3276
3303
3331
3361
3397
3426
3452
3474
3505
3532
3568
3596
3625
3654
3693
3720
3745
3768
3799
3829
3853
3882
3915
3949
3980
4010
4042
4068
4098
4121
4140
4170
4199
4223
4250
4273
4296
4327
4360
4390
4419
4446
4473
4504
4529
4558
4588
4620
4646
4670
4707
4735
4760
4791
4820
4850
4879
4910
4938
4966
4993
5023
5053
5082
5113
5137
5163
5188
5217
5248
5274
5304
5335
5372
5393
5427
5458
5480
5509
5537
5569
5602
5633
5660
5694
5723
5751
5782
5805
5831
5853
5884
5918
5943
5973
6006
6032
6063
6091
6115
6146
6176
6205
6233
6263
6291
6322
6356
6390
6424
6455
6481
6504
6529
6561
6592
6618
6647
6675
6708
6740
6764
6787
6814
6839
6865
6891
6913
6942
6969
6986
7021
7058
7086
7113
7144
7177
7203
7233
7270
7297
7334
7363
7389
7417
7439
7463
7490
7524
7557
7587
7612
7645
7670
7692
7723
7747
7774
7796
7819
7848
7870
7900
7934
7966
7997
8021
8044
8067
8093
8125
8149
8175
8204
8236
8258
8290
8321
8350
8377
8405
8434
8465
8492
8511
8532
8561
8588
8620
8648
8670
8694
8723
8747
8775
8804
8834
8860
8892
8925
8951
8978
9008
9035
9056
9083
9104
9133
9155
9183
9211
9232
9268
9294
9324
9352
9373
9406
9435
9466
9487
9513
9539
9563
9586
9621
9650
9675
9704
9729
9751
9777
9802
9831
9852
9881
9910
9937
9959
9987
10018
10051
10072
10102
10126
10154
10189
10214
10241
10266
10297
10328
10352
10378
10403
10424
10451
10480
10503
10530
10554
10580
10603
10624
10653
10682
10709
10742
10772
10797
10825
10850
10883
10917
10945
10978
11000
11031
11065
11096
11118
11143
11172
11194
11216
11238
11258
11280
11304
11329
11359
11388
11412
11437
11462
11484
11509
11534
11553
11576
11600
11626
11653
11679
11702
11728
11758
11781
11807
11838
11869
11889
11917
11948
11977
12005
12038
12064
12087
12110
12137
12168
12199
12222
12250
12284
12308
12331
12355
12390
12419
12448
12479
12507
12535
12560
12579
12609
12628
12658
12683
12704
12733
12760
12787
12817
12851
12873
12900
12922
12948
12975
12997
13025
13047
13077
13108
13138
13160
13185
13210
13236
13267
13293
13314
13340
13370
13399
13420
13450
13481
13503
13532
13555
13581
13613
13640
13659
13695
13721
13746
13770
13793
13816
13839
13863
13887
13913
13936
13957
13986
14012
14041
14069
14094
14113
14140
14171
14194
14220
14246
14274
14305
14336
14357
14376
14397
14422
14446
14474
14496
14523
14551
14576
14607
14638
14662
14687
14712
14740
14767
14791
14811
14835
14860
14884
14913
14941
14973
15005
15028
15051
15073
15108
15134
15159
15184
15210
15233
15257
15278
15303
15334
15363
15382
15404
15430
15458
15482
15511
15535
15556
15588
15611
15637
15663
15687
15719
15741
15769
15792
15825
15848
15874
15905
15936
15962
15981
16005
16030
16056
16083
16109
16138
16164
16191
16215
16238
16264
16287
16311
16337
16362
16384
16414
16439
16464
16483
16511
16536
16557
16588
16613
16635
16657
16680
16701
16728
16749
16771
16801
16817
16841
16866
16888
16912
16937
16961
16984
17013
17046
17074
17095
17122
17147
17171
17193
17217
17247
17268
17296
17318
17348
17374
17398
17425
17447
17472
17500
17520
17552
17576
17600
17627
17653
17678
17702
17731
17757
17781
17802
17824
17854
17877
17902
17924
17951
17981
18005
18029
18059
18078
18103
18125
18153
18178
18209
18231
18259
18286
18308
18330
18357
18379
18404
18426
18449
18483
18506
18524
18548
18573
18597
18625
18649
18674
18699
18720
18745
18769
18791
18816
18838
18864
18885
18910
18930
18953
18973
18993
19022
19043
19064
19086
19110
19131
19157
19182
19206
19224
19246
19276
19302
19335
19359
19389
19410
19441
19471
19496
19521
19544
19570
19595
19619
19647
19666
19688
19709
19731
19756
19780
19803
19826
19851
19872
19890
19919
19943
19967
19994
20018
20047
20073
20094
20121
20141
20165
20190
20214
20239
20264
20286
20311
20329
20355
20372
20396
20415
20445
20470
20493
20513
20536
20557
20577
20597
20622
20647
20673
20701
20733
20758
20777
20803
20822
20846
20868
20893
20915
20938
20957
20980
20999
21019
21041
21061
21079
21101
21127
21151
21179
21199
21216
21237
21260
21283
21307
21338
21360
21385
21413
21433
21457
21490
21516
21540
21566
21586
21606
21626
21650
21677
21695
21717
21736
21758
21784
21808
21826
21850
21872
21896
21921
21944
21971
21994
22021
22045
22072
22103
22127
22147
22170
22194
22218
22238
22258
22284
22315
22340
22360
22384
22402
22427
22449
22476
22499
22523
22544
22567
22590
22610
22630
22652
22674
22698
22719
22750
22773
22796
22818
22838
22857
22885
22903
22922
22944
22967
22988
23012
23034
23055
23076
23101
23126
23148
23168
23193
23219
23244
23267
23288
23318
23340
23364
23386
23406
23430
23451
23477
23498
23517
23540
23563
23583
23606
23627
23650
23677
23705
23730
23755
23781
23798
23832
23856
23878
23899
23919
23937
23956
23974
24000
24030
24050
24070
24095
24118
24140
24167
24191
24214
24234
24253
24276
24297
24318
24341
24373
24393
24414
24436
24467
24492
24514
24538
24566
24585
24609
24627
24649
24670
24693
24715
24738
24757
24782
24804
24824
24845
24868
24897
24924
24945
24962
24980
25001
25022
25039
25060
25081
25099
25124
25147
25168
25197
25221
25243
25266
25286
25310
25331
25352
25374
25403
25423
25444
25466
25490
25513
25533
25554
25573
25595
25617
25637
25666
25687
25714
25736
25764
25783
25800
25820
25838
25859
25883
25904
25926
25948
25972
25994
26015
26035
26055
26079
26103
26125
26145
26163
26188
26213
26236
26259
26283
26313
26335
26358
26382
26400
26424
26442
26465
26481
26503
26524
26549
26568
26591
26622
26640
26661
26682
26703
26726
26748
26769
26792
26813
26840
26859
26880
26902
26925
26946
26965
26984
27004
27025
27045
27065
27083
27104
27124
27141
27159
27182
27202
27227
27246
27270
27295
27313
27337
27358
27381
27402
27425
27448
27467
27488
27509
27529
27551
27569
27589
27607
27630
27648
27667
27684
27707
27728
27750
27770
27791
27814
27832
27857
27879
27898
27917
27935
27954
27977
27995
28011
28030
28049
28070
28089
28109
28131
28153
28171
28191
28212
28240
28260
28279
28300
28319
28341
28365
28390
28409
28431
28453
28475
28492
28511
28537
28560
28579
28600
28621
28644
28668
28691
28713
28733
28752
28769
28790
28811
28834
28859
28881
28900
28921
28944
28961
28983
29007
29029
29054
29074
29093
29115
29137
29157
29178
29199
29218
29237
29257
29277
29298
29318
29340
29362
29382
29403
29423
29444
29470
29493
29514
29533
29553
29575
29597
29615
29637
29660
29679
29697
29714
29732
29749
29768
29788
29809
29830
29848
29872
29896
29913
29931
29949
29971
29995
30017
30035
30058
30080
30103
30123
30144
30166
30189
30207
30225
30243
30265
30284
30301
30320
30341
30358
30377
30395
30416
30436
30455
30475
30492
30508
30531
30548
30567
30587
30607
30631
30653
30670
30689
30707
30728
30746
30764
30790
30811
30828
30844
30865
30884
30905
30924
30942
30962
30982
31005
31025
31046
31062
31083
31100
31126
31144
31161
31183
31205
31227
31243
31262
31282
31301
31321
31339
31359
31378
31399
31417
31436
31461
31485
31507
31525
31548
31566
31583
31605
31624
31644
31664
31681
31700
31726
31747
31766
31789
31808
31830
31852
31876
31896
31915
31935
31955
31978
31998
32014
32035
32056
32071
32094
32114
32133
32152
32171
32188
32210
32232
32255
32274
32294
32313
32332
32353
32378
32398
32420
32437
32458
32475
32493
32516
32534
32553
32573
32591
32610
32626
32644
32663
32683
32703
32725
32742
32766
32787
32805
32827
32847
32873
32895
32916
32935
32951
32969
32990
33007
33032
33050
33067
33086
33102
33122
33143
33162
33181
33199
33218
33238
33260
33278
33294
33311
33334
33351
33367
33387
33407
33425
33441
33464
33481
33498
33518
33536
33555
33578
33598
33615
33637
33658
33681
33700
33718
33737
33755
33775
33793
33812
33833
33855
33877
33898
33919
33937
33956
33976
33995
34015
34033
34054
34072
34090
34111
34127
34150
34167
34190
34207
34227
34247
34267
34286
34311
34328
34346
34369
34389
34408
34430
34448
34469
34489
34506
34526
34545
34566
34584
34602
34619
34637
34655
34678
34698
34720
34740
34759
34778
34801
34819
34836
34853
34872
34890
34907
34923
34946
34965
34983
35002
35018
35036
35053
35071
35095
35112
35130
35149
35166
35185
35203
35222
35241
35260
35278
35294
35312
35329
35349
35365
35380
35397
35415
35434
35454
35472
35491
35509
35524
35548
35567
35583
35600
35619
35637
35653
35671
35687
35707
35724
35741
35761
35778
35798
35817
35839
35858
35877
35895
35913
35930
35945
35961
35977
35995
36015
36030
36052
36070
36088
36107
36126
36145
36164
36182
36199
36216
36234
36253
36273
36289
36305
36322
36343
36360
36377
36395
36415
36435
36457
36478
36497
36516
36534
36553
36572
36592
36608
36626
36644
36663
36682
36703
36721
36737
36756
36773
36791
36809
36827
36844
36861
36889
36904
36922
36938
36956
36973
36989
37006
37023
37039
37060
37080
37101
37121
37142
37161
37179
37196
37217
37232
37249
37267
37284
37301
37317
37336
37352
37369
37388
37404
37420
37437
37458
37476
37494
37513
37530
37548
37568
37590
37609
37624
37641
37661
37680
37698
37715
37732
37749
37768
37786
37804
37822
37844
37861
37889
37917
37937
37955
37976
37992
38009
38027
38045
38065
38081
38097
38113
38132
38151
38169
38187
38207
38226
38245
38263
38282
38300
38321
38341
38363
38381
38399
38416
38436
38455
38476
38492
38510
38525
38546
38567
38584
38601
38616
38636
38658
38676
38691
38709
38725
38744
38762
38779
38795
38813
38831
38848
38865
38884
38901
38917
38936
38953
38971
38989
39004
39020
39042
39060
39077
39096
39111
39128
39146
39163
39180
39199
39217
39232
39250
39266
39288
39306
39329
39348
39366
39386
39403
39420
39438
39454
39472
39493
39512
39529
39545
39561
39581
39598
39617
39633
39652
39672
39689
39707
39725
39742
39760
39778
39794
39811
39829
39845
39862
39879
39899
39916
39934
39953
39970
39991
40008
40024
40042
40060
40075
40097
40116
40134
40152
40171
40187
40207
40222
40239
40255
40271
40287
40305
40325
40340
40355
40372
40391
40408
40424
40442
40459
40477
40496
40513
40530
40547
40565
40583
40601
40618
40642
40657
40674
40691
40713
40731
40751
40766
40782
40799
40814
40833
40850
40870
40886
40903
40919
40938
40956
40973
40990
41007
41026
41041
41061
41079
41096
41112
41133
41152
41170
41189
41212
41227
41244
41263
41282
41300
41317
41336
41352
41372
41393
41409
41430
41445
41461
41477
41498
41514
41533
41550
41565
41582
41599
41616
41632
41649
41667
41682
41698
41716
41731
41749
41768
41785
41800
41817
41833
41853
41869
41885
41902
41920
41936
41951
41969
41984
42000
42015
42038
42058
42077
42097
42118
42133
42150
42167
42188
42206
42223
42238
42257
42273
42292
42307
42325
42340
42358
42377
42393
42411
42429
42446
42468
42483
42500
42516
42533
42548
42563
42578
42595
42613
42634
42652
42672
42691
42706
42725
42743
42761
42781
42798
42815
42831
42850
42866
42884
42902
42921
42940
42956
42974
42991
43013
43030
43050
43065
43084
43099
43117
43135
43150
43166
43181
43199
43218
43235
43254
43270
43287
43305
43322
43338
43356
43372
43388
43405
43426
43444
43459
43474
43494
43515
43530
43545
43561
43577
43593
43609
43625
43640
43660
43676
43692
43707
43722
43740
43757
43774
43791
43810
43826
43844
43861
43878
43893
43912
43928
43945
43962
43978
43997
44018
44034
44053
44071
44095
44111
44128
44146
44162
44178
44194
44212
44228
44243
44258
44276
44293
44312
44328
44343
44361
44377
44392
44407
44426
44445
44462
44480
44497
44512
44529
44547
44566
44582
44600
44619
44635
44650
44666
44683
44699
44718
44736
44752
44768
44785
44803
44822
44841
44858
44875
44892
44908
44926
44943
44961
44978
44995
45013
45030
45047
45066
45081
45096
45114
45130
45148
45166
45184
45201
45219
45237
45254
45269
45286
45302
45321
45337
45355
45370
45386
45402
45422
45439
45456
45472
45487
45504
45521
45539
45555
45572
45587
45603
45619
45634
45650
45667
45687
45703
45720
45738
45753
45771
45787
45803
45820
45837
45853
45871
45889
45907
45924
45942
45960
45977
45992
46007
46024
46042
46058
46075
46091
46108
46124
46140
46158
46175
46191
46206
46223
46239
46257
46276
46291
46308
46324
46340
46357
46373
46390
46407
46427
46445
46460
46477
46495
46512
46527
46542
46558
46574
46591
46609
46625
46641
46660
46679
46695
46712
46728
46744
46761
46776
46791
46807
46826
46842
46858
46875
46890
46905
46922
46938
46954
46973
46991
47008
47026
47041
47056
47074
47091
47107
47125
47144
47159
47175
47191
47208
47224
47239
47256
47272
47288
47303
47319
47336
47352
47368
47383
47398
47416
47432
47447
47463
47479
47498
47516
47533
47549
47564
47581
47597
47616
47632
47648
47664
47681
47697
47713
47730
47745
47760
47778
47793
47810
47826
47842
47861
47878
47894
47911
47926
47942
47960
47976
47992
48007
48022
48042
48064
48081
48097
48113
48131
48148
48166
48181
48196
48214
48230
48247
48263
48280
48298
48314
48329
48347
48364
48379
48397
48414
48430
48445
48463
48479
48495
48511
48528
48544
48560
48575
48590
48606
48624
48640
48658
48674
48689
48705
48722
48738
48756
48772
48787
48806
48822
48839
48856
48872
48888
48903
48920
48936
48951
48968
48983
49001
49016
49036
49055
49072
49088
49106
49122
49139
49154
49169
49184
49200
49215
49231
49248
49264
49279
49296
49312
49328
49344
49361
49377
49393
49409
49429
49446
49463
49478
49493
49509
49527
49542
49558
49576
49591
49608
49623
49639
49655
49671
49688
49706
49722
49738
49754
49770
49788
49804
49820
49840
49857
49874
49889
49905
49922
49939
49958
49973
49991
50006
50021
50036
50052
50069
50085
50103
50120
50136
50152
50169
50186
50204
50219
50234
50251
50267
50282
50298
50315
50330
50346
50361
50379
50395
50410
50427
50444
50459
50474
50489
50506
50523
50540
50556
50571
50588
50605
50620
50636
50652
50670
50686
50702
50717
50734
50750
50765
50780
50796
50812
50827
50845
50862
50877
50893
50908
50923
50939
50954
50970
50985
51002
51021
51036
51053
51069
51085
51105
51121
51137
51152
51168
51186
51204
51221
51236
51251
51267
51283
51299
51315
51332
51348
51368
51384
51399
51415
51431
51449
51465
51482
51499
51514
51529
51546
51562
51578
51594
51610
51626
51643
51659
51674
51689
51704
51722
51738
51758
51775
51791
51809
51828
51849
51866
51882
51897
51913
51930
51946
51961
51977
51992
52007
52022
52040
52057
52072
52089
52105
52123
52141
52158
52174
52190
52207
52223
52238
52254
52272
52291
52306
52321
52336
52353
52370
52386
52401
52417
52432
52449
52467
52482
52498
52514
52532
52549
52566
52582
52597
52612
52629
52645
52663
52680
52696
52715
52731
52747
52764
52779
52795
52811
52826
52841
52856
52872
52889
52904
52921
52939
52956
52973
52989
53004
53020
53036
53051
53066
53082
53098
53114
53130
53146
53162
53180
53195
53210
53225
53242
53257
53273
53290
53306
53321
53338
53355
53370
53388
53403
53419
53437
53453
53471
53487
53503
53518
53533
53549
53568
53584
53600
53616
53631
53649
53666
53681
53697
53716
53731
53746
53764
53780
53797
53812
53827
53843
53860
53876
53892
53910
53926
53941
53959
53976
53991
54007
54025
54041
54059
54074
54091
54109
54125
54141
54157
54172
54187
54204
54221
54237
54253
54269
54285
54300
54315
54330
54346
54361
54376
54392
54407
54422
54438
54454
54471
54487
54502
54518
54533
54550
54567
54587
54605
54621
54636
54651
54666
54682
54700
54715
54730
54745
54760
54777
54794
54809
54825
54840
54856
54873
54889
54904
54922
54940
54955
54970
54985
55001
55017
55033
55049
55066
55083
55098
55115
55130
55146
55163
55182
55199
55217
55233
55248
55263
55280
55297
55312
55327
55342
55358
55376
55393
55408
55424
55440
55456
55471
55487
55505
55521
55536
55552
55568
55583
55599
55614
55631
55648
55666
55685
55701
55716
55732
55749
55766
55782
55797
55813
55828
55843
55858
55873
55888
55905
55920
55936
55952
55969
55987
56002
56018
56035
56051
56066
56081
56096
56114
56129
56144
56161
56178
56193
56209
56225
56241
56257
56272
56287
56302
56317
56333
56348
56363
56379
56394
56409
56424
56443
56459
56474
56489
56505
56520
56537
56553
56570
56587
56602
56618
56637
56654
56670
56685
56701
56717
56733
56748
56764
56780
56796
56812
56829
56844
56861
56877
56892
56908
56924
56939
56954
56970
56985
57002
57017
57032
57048
57063
57081
57097
57113
57129
57145
57161
57177
57192
57207
57223
57239
57255
57271
57286
57301
57318
57334
57351
57367
57382
57397
57413
57430
57448
57464
57479
57494
57511
57526
57543
57560
57575
57591
57606
57623
57638
57654
57670
57686
57702
57717
57732
57748
57764
57780
57795
57811
57827
57842
57858
57874
57889
57904
57921
57937
57954
57970
57986
58001
58017
58032
58047
58063
58078
58094
58109
58124
58139
58154
58172
58189
58206
58222
58239
58255
58274
58290
58305
58321
58337
58352
58371
58387
58403
58419
58434
58450
58465
58480
58497
58513
58530
58545
58560
58577
58592
58607
58623
58638
58654
58669
58686
58702
58718
58735
58750
58767
58783
58799
58814
58831
58848
58864
58880
58895
58911
58928
58943
58959
58974
58992
59007
59024
59039
59057
59072
59090
59106
59121
59139
59154
59170
59186
59205
59222
59237
59252
59268
59284
59300
59317
59332
59348
59364
59379
59394
59409
59429
59445
59461
59477
59492
59508
59526
59543
59560
59577
59592
59607
59622
59639
59657
59673
59688
59704
59722
59739
59755
59771
59788
59804
59819
59837
59853
59869
59884
59901
59917
59934
59950
59968
59983
60002
60019
60037
60052
60069
60084
60099
60114
60131
60146
60162
60177
60193
60209
60225
60241
60258
60273
60290
60306
60322
60339
60354
60371
60389
60405
60425
60442
60458
60475
60492
60507
60523
60539
60556
60572
60587
60603
60620
60635
60650
60666
60682
60697
60713
60729
60744
60760
60776
60795
60811
60828
60843
60859
60876
60894
60909
60924
60939
60955
60971
60987
61004
61020
61038
61054
61069
61084
61101
61117
61132
61148
61165
61182
61200
61217
61234
61250
61266
61283
61299
61314
61329
61344
61360
61375
61390
61409
61425
61440
