0.18213821947574613
0.21338816337041416
0.01830581203103066
0.2118851393461227
0.08002058323472738
0.24463808536529535
0.1874998342245817
0.07165281288325785
-9.31322574377496e-09
0.08995868265628813
0.2499998323619365
0.2316939942538738
0.015624984167516225
0.03124997857958077
0.32165274769067753
0.06518076360225676
0.06249995180119949
0.036611614296882415
0.027458724293025937
0.03393079619854688
0.14062488451600075
0.12499991475536153
0.06518075987696646
0.12499992176890368
0.356693860143423
0.0013404167257249373
0.2133881859481334
0.018305818550288677
0.18749991431832308
0.07322323508560656
0.09374993672603327
0.08002055017277597
0.19286149227991697
0.05334698129445313
0.020986624062061292
0.21338821388781068
0.13415272161364555
0.3642762321978807
0.21338815242052073
0.054917452856898294
0.03661163011565804
0.06249992746982681
0.1977631654590368
0.06249995809048324
0.036496616899967166
0.035826388746499994
0.1821381952613592
0.06786162406206131
0.027458711527287957
0.031249951571226106
0.0
0.05949386209249495
-1.21071934700967e-08
0.016965404152870178
0.03124996559755735
0.10669404082000254
0.21338817391872308
0.005361650139093399
0.17187485471367833
0.03393077477812767
0.10669407807290551
0.005361652933061124
0.18749993124334982
0.0026808232069015494
0.187499875202775
0.05563526134938
0.07165285840164869
0.053346997126936906
0.18063510145406078
0.036611635237932205
0.05491743236780166
0.0015703774988651284
0.015624972525984045
0.0026808232069015507
0.0937498932198437
0.18292335094884035
0.0
1.862645149245646e-09
-3.3585769276811555e-08
0.03661162219941616
0.0
0.03661163337528704
0.23169404268264768
0.13415271742269394
0.14480863837525249
0.1874998938292265
0.21338820720876236
0.21338817477226255
0.01830581575632095
-9.732937959543943e-18
0.018305814824998375
0.12499988451600072
0.10669406503438944
0.036611632460742165
0.06249991245567797
0.03661161195486784
0.036611609160900116
0.14330568909645078
0.10669407993555066
0.36427649855613703
-2.235174180076083e-08
0.07812490453943609
0.12499995730094701
0.10669409915911475
0.0624999813735485
0.10669410601258277
0.1433057315515225
0.21338809008838663
0.004576452542096376
0.03124996274709701
0.0522366091609001
0.15624982281588015
0.02745870128273963
0.21338819526135916
0.18213817849755282
0.033930799458175884
0.010723293546117256
0.06249996439122007
-1.8626451516989153e-09
0.015299737453460693
0.09374992549419402
0.11584698688238859
0.18749991160496468
0.41762322187423695
0.2316939175361767
0.21495859324932096
0.12499985680230007
0.10669401660561559
0.018305808305740353
0.03661160729825495
0.4348187744617462
0.03124997764825821
0.08002056926488874
0.426776348536469
0.12499991201037784
0.18749983236193654
0.06099688261747359
0.1366036385297775
0.018305802717804902
0.06249993667006491
0.21606897469609973
0.32008209824562067
0.06786158494651316
0.24542338773608202
-1.3038516044719523e-08
0.24999983143061394
0.0
0.03393077105283737
0.03661161781480931
0.2133882194757461
0.01830580178648233
0.12377442046999929
0.06249992176890372
0.18749983608722684
0.04687497578561305
0.2133882008492946
0.2446379996836185
0.02745871804654598
0.10669411136677763
0.05334704276174306
0.15624981932342047
0.06249997019767762
2.8512137095759722e-09
0.009152870625257492
0.09374990843709963
0.046874947845935815
0.04687495902180671
0.12499990314245221
0.07165284641087054
0.3200822189979761
0.06249992737261817
0.0624999296851456
0.09106914326548575
0.12499990500509736
0.2276726998388767
0.01830577672453026
0.09374991338700056
0.21338817358644505
0.3566939043812453
0.36963809281587595
0.09374993294477461
0.16004111431539056
0.06249990818457956
0.21338811516761777
0.10669409669935702
0.24006168544292444
0.18501519784331316
0.01987620629370212
0.11584694776684043
0.10669405572116375
0.05334711074829097
0.36450638622045506
0.4267762377858162
0.1678536059334874
0.06249991618096827
0.1600410461190865
0.12499989569187162
0.28101969510316843
0.4607071876525878
0.04001031164079904
0.03661160916090011
0.12499993294477461
0.12499988838307627
0.2149586323648691
0.2225410640239715
0.07835486502153798
0.031249983236193653
0.018305830657482144
0.21093727648258206
0.10669410601258277
0.046874976716935635
0.031249977648258223
0.374999739229679
0.21338808909058565
0.16004108451306817
0.13281232351437208
4.2098826855130323e-10
0.10669406224042174
0.062499964609742165
3.441718687285813e-09
0.3475408777594565
0.05736823100596666
0.006031841970980169
0.05491741374135017
0.1433057319372892
0.005361646879464387
0.010723296552896498
0.30981878936290735
0.18347856774926183
0.1341527551412582
0.09832645207643506
0.18213818315416572
-7.450580587169506e-09
0.12499989941716191
0.5464146733283995
0.18749989842078738
0.2133881766349077
0.026673528365790844
0.2133881364162988
0.14330572448670864
0.26830560714006424
0.1821381859481334
0.16004111059010026
0.0624999888241291
0.09374988358467816
0.0834865323267877
0.0899586472660303
0.1276807188987732
0.31226956844329823
0.03582642693072557
0.07812492828816175
0.01830580271780491
0.005361624062061306
0.18213815242052075
0.2133881077170372
0.1249999180436134
0.19286151509732002
0.10669406786292543
0.0937499552965164
-3.725290298491292e-09
0.07812494067892616
0.10669404268264768
0.13493801886215803
0.07322321087121962
0.10669409297406668
0.1554646138101816
0.009152902290225027
0.24463821202516556
0.06115957722067833
0.18749984679743645
0.14330568723380563
0.2133882828056812
0.018305804806426625
0.053347054868936525
0.0366116389632225
0.43592914193868626
0.24463812541216612
0.14330569794401524
0.09152902662754056
0.018305804114788767
0.041973266750574105
0.08995872316882013
0.05491743236780166
0.1066941050812602
0.14330575242638585
0.06249995902180669
0.2812497708946466
0.04497931897640227
0.09374991059303284
0.013729346916079525
0.04687496041879057
0.09374993667006491
0.09106909204274415
0.1341528201010078
0.12499990221112964
0.18213812261819837
0.036611624062061296
0.10669414047151801
6.329395644237809e-25
0.07322323694825171
0.36427634954452504
0.018305798992514603
0.1433057280833627
0.17991734435781834
0.1928614918142557
0.06249991700241169
0.12499995157122609
0.003140779561363159
0.3044572621583938
0.015624962747097019
0.07322326116263865
0.1249999366700636
0.015624983701854942
0.06786159612238407
0.06249995436519385
0.2316939420998096
0.18749985471367833
0.062499970197676946
0.05792349437251686
0.045764531008899205
0.20825653756037352
0.04118809849023818
0.07812494505196807
0.07322323508560656
0.21338823919330968
0.12578511136915815
0.018305808305740356
-2.980232238793034e-08
0.16004114691168067
0.06249998696148394
0.062499927356839166
0.2225410380792286
0.019090995192527774
0.0366116240620613
0.01340411929413676
0.1874998696148395
0.0732232704758644
0.21338820084929463
0.07299324125051496
0.28124972432851786
0.18749986495822688
0.06249992921948431
0.0624999590218067
0.21338821213815334
0.23169395746663207
0.2133882530033588
-6.379404563274938e-09
0.23169406396148237
0.18347859382629392
0.12499983215755248
0.02745871059596538
0.062499981373548494
0.018305804580450055
0.053347028791904456
0.08995861653238532
0.2499998807907104
0.062499941326677785
0.0366116315126419
0.02667351812124251
0.307138109114021
0.18213817942887542
0.03124996274709701
0.0
-1.3170892385070901e-09
0.10669409483671186
0.1874999105930328
0.010723311454057683
0.062499986256137945
0.06249997819978781
0.24999989755451676
0.1874998677521944
0.0007851917762309311
8.751925184569131e-09
0.3566938638687133
0.008042462170124056
0.01830582832917571
0.1249999776482582
0.009152904152870183
0.071652851998806
0.036611627787351615
0.12053837999701497
1.2758812673041572e-08
0.06249995157122611
0.07165284827351569
0.04576452635228633
0.05034098285250364
0.018305785022675988
0.18213817477226255
0.0937499077990651
0.03661163507814246
0.10669408570460769
0.2908427342772483
0.13572317361831662
0.06249996763654052
4.572073386555074e-09
0.01830583810806274
-6.516544526213861e-10
0.124999925494194
0.004576456267386673
0.12499995529651639
0.10669409856200217
0.12499991058135083
0.0107232928276062
0.005361650520000038
0.018305813893675797
0.19286151463165876
0.11584699153900144
0.0
0.010723287239670755
0.1821382120251655
0.05491744099575468
0.0366116277873516
0.5868174657225608
0.0
0.18213814124464983
0.06786159315508732
0.24463830515742296
0.23169403523206705
0.24999980628490445
0.2397364899516105
0.12499993108212946
0.0
0.184819002635777
0.010723307728767386
0.21338822550847242
0.24463805626146493
0.04687495762482284
0.24463806301355356
0.20279960148036474
0.21338808547978735
0.09453508444130419
0.12231911346316335
0.21338826790451998
0.21338818724363715
0.06249994039535521
0.005361638963222506
0.22901323437690732
0.1158469822257757
0.06249994740889786
0.18749985657632348
0.320082351565361
0.10669408738613127
0.2248292304575443
0.06249993286997724
0.1821382157504558
0.15356897842139003
0.1017923969775438
0.1928614825010299
0.1158469934016466
-6.7305507833737e-09
0.016965389251708977
0.2133882939815521
0.10669406503438948
0.26673521846532816
0.21338817477226255
0.15624982165172693
0.018305804580450055
0.30468716565519566
0.03393079678062349
0.12499987047997504
0.0678616166114807
0.18749983608722684
0.12499991059303281
0.010723287239670752
0.05334703568830515
-6.88343781973799e-09
0.0624999739229679
0.062499955296516405
0.18481898866593835
0.09643074125051496
0.28661140799522394
0.2732073366641998
0.010723297484219073
0.09074388816952703
0.395526498556137
0.1821381542831659
0.124999925494194
0.07165286689996714
0.0
0.062499929219484315
0.07322325860150157
0.010723297484219073
0.03124996460974216
0.17187482118606565
0.0
0.03661160741124308
0.073223277926445
0.0
0.1562498360872268
0.3642763793468475
0.06249998323619366
0.03661164162079577
0.11584699153900145
0.06249994995572299
0.031249976716935628
0.09374994039535522
0.3749997317790984
0.24999978905543682
0.005361646413803099
0.29877038858830923
0.06786161754280329
0.06249994784593582
0.06249997721122002
0.0366116128861904
0.031249968335032456
0.062499962747097
0.2133881869545044
0.018305808305740353
0.07322326675057408
0.062499996274709674
0.15624986402690408
0.12499988824129102
0.0209866464138031
0.036611625708121175
0.06328510399907826
0.16004107892513272
0.052236621035262935
0.10669408738613127
0.06249995948746799
0.016084948321804404
0.0937499110586941
0.12499994784593582
0.32008225843310345
0.03124999068677425
0.24463814103764392
0.031249967170879238
0.031249980442225926
-1.6763806343210813e-08
0.24463818501681084
5.587935450190207e-09
0.1718749068677425
0.0624999227002263
0.1562498826533556
0.004021241329610346
0.06518080551177262
0.0366116352379322
0.05759826861321925
0.18749987985938785
0.031249973922967897
0.12499991059303281
0.18213812727481124
0.0419732667505741
0.009152915328741072
0.010723307728767392
0.018305813893675804
0.05491749942302703
0.09374984726309774
0.0366116389632225
0.2499998472630977
0.0937499262042376
0.24999988451600094
0.1249998966231942
0.027458743192255494
0.3200822472572326
0.42677634209394444
0.06786157283931969
0.06289263255894184
0.062499970197677585
0.0
0.05334706604480742
0.019876197213307016
0.036611634113326456
0.09374988824129103
0.18749989499337968
0.0183058138936758
0.0678615942597389
0.05491741746664046
0.15624986402690405
0.054917447734624134
0.0366116352379322
0.09832636266946793
1.4901160305669235e-08
0.06249994326605622
0.187499925494194
0.06249992783284063
0.10669409311585218
0.062499958090484115
0.027458703254644494
0.18749980628490445
0.07165284547954796
0.0732232704758644
0.12499994412064551
0.09374990314245223
0.17076440108940003
0.17834692820906636
0.3071381337940692
0.3124997150152921
0.14330573138984812
0.016295194625854485
0.005361635237932209
0.3642763942480087
0.0183058176189661
0.004576444625854485
0.4267763942480086
0.01372934132814406
0.12499992844795124
0.05491746403276919
0.062499927356839166
0.2133882381021976
0.03661162803547623
0.18213827256113288
0.046874933876097195
0.06249994784593582
0.21338829025626177
0.022882236517034468
0.1874999478459358
0.2133882354032463
0.381241712719202
0.0366116240620613
0.1874998922137234
0.027458705008029934
0.1066941116005182
0.036611642688512795
0.320082189834812
0.01830581203103065
0.2133882157504558
0.0
0.12499992907769883
0.14330574870109555
0.0015703889075666662
0.0732232704758644
0.281249813735485
0.02745871525257825
0.08995868265628815
0.1433056369423866
0.37499979922009014
0.06249995506368577
0.06249993108212947
0.0624999701976776
0.0624999739229679
0.06249996833503245
0.07812492689117788
0.12499991173506507
0.062499935738742345
0.036611627787351594
0.03661164315417408
0.07622932270169257
0.05491744726896285
0.05491740256547928
0.04576456174254416
0.03124997299164533
0.0988815929740667
0.07322329282760619
0.03124997299164533
0.010723300278186796
0.06249996647238731
-2.5553460902827393e-08
0.018305806443095207
0.03661165850883274
0.062499977648258195
0.2667351625859737
0.0624999632127583
0.34754103049635887
0.21338827908039087
0.036611616611480706
0.001570388674736023
0.31249986030161375
0.062499967403709875
0.21338820457458493
0.3292350433766842
0.15624992409721014
0.18749987613409755
0.0366116315126419
0.18749986248383885
4.90653884941496e-18
0.18213827349245545
0.0366116352379322
0.42677641467430033
0.1249999527614438
0.013729332946240898
0.3642764836549758
0.43592914938926686
0.0
0.062499972991645336
0.010723295729127667
0.12499988441405606
-1.7946726847684054e-09
0.009152911603450773
0.03661163302130476
0.1464464962482452
0.09374990314245221
0.062499984167516225
0.01830581948161125
0.3200823068618774
0.3642765954136848
0.1874999105930328
0.15624984726309774
0.062499969266355024
0.14330572076141831
0.1874998289202172
0.06249996460974215
0.10669406875967977
0.045764534268528216
0.05334706604480742
0.0
0.0366116240620613
0.21338824555277824
0.32008238075594025
0.18749989569187162
0.062499966632176815
0.1249999664723873
0.073223277926445
0.001570391003042459
0.14330571517348287
0.03661163337528705
0.0624999813735485
1.490116119396517e-08
0.32008239626884455
0.062499975933239624
0.03661162778735161
0.0937499152496457
0.010723300278186796
0.12499995529651639
0.0937499549401147
0.18749980771498206
0.14330568537116048
0.1600410938262939
0.027458716183900826
0.018305815756320946
0.213388305157423
0.06249993853271006
0.05334705766290425
0.0366116315126419
0.10669409197381662
0.21338824555277822
0.0015703970566391936
0.018305809004232284
0.37499988451600064
0.18749977648258206
0.32008237764239306
0.3642764929682015
0.03661164082586764
6.88343870791641e-09
0.010723317973315712
0.01830579899251461
0.005361650604754686
0.249999925494194
0.054132252931594835
0.18749985485546403
0.1874999031424522
0.09374991152435538
0.03661164451337306
0.12499989662319419
0.24084688164293766
0.2133882452740663
0.027458709877321123
0.124999925494194
0.21338820154778654
0.23169395700097078
0.0
0.06249997485429048
0.24463818222284311
1.277980443692428e-09
0.10669411718845366
0.2133881896734237
0.03124999028729957
0.24999986397155316
0.2683057361282408
0.06249996647238731
0.07322329282760619
-4.0978193278497673e-08
0.031249981373548515
0.012226350605487822
0.18213822133839128
0.395526610314846
0.06249997633326741
0.187499925494194
0.24999985098838806
0.6218590140342711
0.0053616492077708236
0.06786156445741652
0.21338822778761202
0.39552627503871907
0.018305806443095207
0.03661162244655835
0.062499941387853745
0.32008235156536097
0.062499951105564826
0.21338827908039087
0.0366116240620613
0.010723311454057693
0.3642764240503311
0.0366116315126419
0.062499970197677605
0.3642764408141374
0.24463822878897185
2.8512137095759722e-09
0.3200822360813617
0.1223191041499376
0.12499996833503245
0.6218590140342711
0.08995870128273963
0.11584699363447724
0.073223277926445
0.124999925494194
0.021446623839437965
0.018305821344256398
0.06249996274709703
0.010723299812525513
0.07322325743734835
0.06249996274709701
0.12499988824129103
0.14330574870109555
0.4267764196858818
0.14330568350851533
0.12499994308529594
0.31092932075262064
0.34351950883865345
0.12499989646779197
0.2499998472630977
0.05491743084519185
0.2499999403953552
0.03661162855888416
0.2499998994171619
0.06249996647238733
0.124999962747097
0.0
0.12499997019767758
0.1821382455527782
0.1249999403953552
0.06786159332841633
0.2812498360872268
0.0366116315126419
0.22332621645182368
0.10669411625713107
0.12499996181577454
0.06249995343387126
0.036611635237932205
0.10669410973787306
0.12499995529651639
0.08917343802750109
0.32008229754865164
0.10669406689703462
0.017587953247129917
0.0
0.2316940706223249
0.41762349754571904
0.21338821295648808
0.24463822506368155
0.03582643531262874
0.036611646413803094
0.18749989010393617
0.106694046407938
0.08002056181430817
0.21338820457458493
0.03661165572702884
0.18749996024320592
0.0
0.24999989569187162
0.5464149080216884
-1.862645149245646e-09
0.2499998956918716
0.42677653580904
0.244638130068779
0.32008237950503815
0.1821382530033588
0.12499992812837132
0.09374994598329067
0.09374994412064551
0.03124998323619365
0.21338827908039087
0.0419732704758644
0.0
0.10669412650167942
0.12499991059303281
0.0
0.12499995226971804
0.134938015951775
0.10669413208961485
0.03661164641380309
0.07322327792644498
0.3642764687538146
0.010723318904638289
0.24999982072040433
0.06249996833503245
0.062499962747097
0.2499998398125171
0.2499998584389686
0.2499998267740011
0.0624999739229679
0.32008244097232813
0.03661163151264191
0.42677646875381464
0.07322326861321925
0.10669414326548575
0.32008242284016125
0.11584703996777533
0.14330570655874905
0.10669410089030862
0.18749994039535517
0.3642766177654266
0.18749988637864587
0.0366116389632225
0.2225411012768745
0.01830583252012729
0.42677646153221804
0.062499955296516405
0.10669410558722657
0.3124999279389157
0.21338823437690732
0.0366116315126419
0.0366116240620613
0.0732232518494129
0.10669408366084096
0.1707644425332546
0.036611620336771004
0.026348292361944907
0.0
0.036611633101189416
0.10669409669935702
0.21338821543087588
0.06786162964999674
0.249999925494194
0.0
0.36427667737007136
0.0
0.21338821870421304
0.031249975785613053
0.21338820457458493
0.05334707396104931
0.03661162802018358
0.0
0.36427660286426533
0.06249992921948432
0.10826449841260909
0.010723292827606198
0.3955265153199433
0.0732232555747032
0.14330577477812764
0.073223277926445
1.4901161174339012e-08
0.03661163616925477
0.11584703158587215
0.12499995902180669
0.01072330866008997
0.018305826746162875
0.32008235156536097
0.21338822506368155
0.24329775571823115
0.0624999701976776
0.03124995946363928
0.12499995529651639
0.03661163099332667
0.0
0.062499973922967904
0.036611638963222504
0.3200824856758117
0.2133882902562618
0.10068199038505553
0.0
0.12499989988282321
0.0937499403953552
0.07322325815599272
0.124999962747097
-4.90653884941496e-18
0.10669410508126018
0.05491744726896286
0.0624999739229679
0.0624999813735485
0.0366116315126419
0.0366116389632225
0.0624999850988388
0.18749995715916154
0.031249981373548497
0.0732232555747032
-5.104917981804218e-26
0.031249969948301533
0.0183058176189661
0.13036159612238404
0.15245860442519185
0.01830580486734334
0.36427654325962067
0.16004118323326108
0.18749995715916154
0.009152902290225029
0.03124999161809682
0.1874999403953552
0.1249999478459358
0.07322325743734835
0.01830581575632095
0.46338819712400425
0.12499992037191986
0.062499951571226106
0.3642765283584594
0.2316940687596798
0.06328516826033591
0.0
0.0
0.36427640542387957
0.1874999105930328
0.005361657589673994
0.1066941190510988
0.031249992549419396
0.062499977648258195
0.031249968335032456
0.21338823251426262
0.4267766177654265
0.031249979510903345
0.06249999254941939
0.018305804580450055
0.3200824055820703
0.06786161754280327
0.1874999478459358
0.10669413395225999
0.26830566674470896
0.4267766140401363
0.12499995780691317
0.1249999403953552
0.03661164548248052
0.01830581948161126
0.09374995250254867
-5.587935447736938e-09
0.062499970197677605
0.4999999403953551
0.06249993294477462
0.12499992440308039
0.09374993294477463
0.005361647345125674
0.053347057662904006
0.05413224548101424
0.06249998409078194
0.32008225098252296
0.249999850988388
0.10669413395225999
0.03661160543560981
0.0366116091609001
0.09374991641438139
0.2133882939815521
3.927992042980547e-18
0.073223277926445
0.054917436252882354
0.10669417679309842
0.03661163003576306
0.12499990265344717
0.24999986868983898
0.0
0.11584703810513017
0.21338827162981028
-3.725290293584753e-09
0.2133882120251655
0.18749987334012982
0.2133882492780685
0.0
0.143305713776499
0.0366116389632225
0.01072330307215452
0.10669408738613127
0.10669412836432456
0.18749989755451676
0.0
0.1066941414028406
0.03661163073583568
0.0
0.06786157283931969
0.12499995529651639
0.06249996833503245
0.30713813379406923
0.24463826417922968
0.1249999776482582
0.10669416747987269
0.21338818967342374
0.01830581575632095
0.2133881919721809
0.2133882455527782
0.5334707610309123
0.19286153465509412
0.4267766177654265
0.06249996274709703
0.0732232853770256
0.04687497392296792
0.3200823310762643
0.49999982118606556
0.0732232704758644
0.21338832378387448
0.018305820412933833
0.036611616611480706
0.010723303537815703
0.036611642688512795
0.18749994598329064
0.426776498556137
0.24999989569187162
0.10669413066400811
0.36427664756774897
0.05491746542975305
0.1250000037252903
0.18749988079071042
0.3124998304992914
0.00268080923706293
0.28124990314245224
0.4999999403953551
0.0716528771445155
0.06249998044222592
0.12499989592401033
0.31249985843896866
0.1066941618919372
0.10669413581490514
0.2133883107453584
0.10669414699077603
0.09374998431708015
0.124999962747097
0.2133882939815521
0.1249999366700649
0.018305813428014513
0.18213829770684242
0.3642766177654266
0.062499962747097
0.12499997019767758
-4.3781340774984284e-09
0.4267765879631042
0.4267764199327841
0.12499996679196722
0.1874998400949852
0.32008238136768336
0.062499977648258195
0.0366116315126419
0.01072328229089514
0.018305830657482144
0.1066941004246473
0.1646176083013415
0.06249999456356646
0.0
0.14330581575632093
3.725290298491292e-09
0.12499993294477461
0.062499977648258195
0.13036155235022304
0.15624993108212945
0.0624999813735485
0.4267765879631042
0.249999850988388
0.0678616128861904
0.004576454870402812
-3.725290293584753e-09
0.06786164455115792
0.1874999403953552
0.0624999701976776
0.07322328537702559
0.21338819898664946
0.21338821174159459
0.0624999590218067
0.1874998530838638
0.06249993667006491
0.0625
0.2499998956918717
0.3200823869556188
0.3749998874697581
0.036611640825867646
0.010723300278186796
3.725290298491292e-09
0.12499993294477461
0.062499965541064725
0.0937499776482582
5.43250339500228e-09
0.06786163523793219
0.2133882641792297
0.32008236646652216
0.036611640825867646
0.18749998361918388
0.12499995529651639
0.24463824555277822
0.0366116352379322
0.1874998770654201
0.03661163516703946
0.2133882492780685
0.018305838108062737
0.2499999552965164
0.0
0.010723305866122242
0.1249999403953552
0.11584699433296917
0.09374996367841958
0.4999997615814208
0.018305817618966103
-4.080709214981936e-09
0.24999989569187162
0.28504110872745514
0.12499995529651639
0.031249966472387307
0.0732232704758644
0.18749996460974214
0.01830581948161125
0.0
0.036611635237932205
0.0624999888241291
0.10669414699077605
0.1874999428035564
0.426776514591582
0.01830582320690156
0.06249997764825822
0.0
0.10669414326548574
0.031249998137354847
0.3642765879631042
0.2133882939815521
0.06249998416751622
0.1783470176160335
0.09374998323619364
0.0624999813735485
0.05334701016545294
0.01562498696148395
0.2133882343769073
0.12499998509883878
0.06249996554106474
0.12499996460974215
0.010723299346864222
0.1874999105930328
0.21338831819593904
0.010723304003477095
0.5334706380963324
0.06249999254941939
0.21338833868503565
0.7285531684756277
0.10669415816664694
0.32008241117000574
0.3200823999941349
0.18749997019767758
0.0
0.23169407621026034
0.2499999686546119
0.12499995157122522
0.3642765562981366
0.062499970197677626
0.36427664756774897
0.3642766177654265
0.18749994203202378
0.1874999031424522
0.07322327431861451
0.3642764165997504
0.23169406922534105
0.062499973922967904
0.2133882828056812
0.1874999403953552
0.268305666744709
0.2499999366700649
0.0624999664723873
0.417623534798622
0.10669413208961487
0.12499995902180669
0.2499999552965164
0.18749995157122612
0.036611642688512795
0.36427646130323404
0.2499999463028701
0.1874999217689037
0.018305824875139095
0.073223277926445
0.12499992678582439
0.06249997299164522
0.24463818967342374
0.12499998509883878
0.04576453380286693
0.0
-3.0861315725161367e-09
0.187499925494194
0.0
0.015624988779497665
0.1066940929740667
0.42677648365497584
0.07322330027818678
0.1874999441206455
0.124999925494194
0.3642765209078788
0.2499999552965164
0.06249998323619364
0.3200823869556188
0.1249999776482582
0.12499998509883878
0.7285532653331755
0.12499997951090333
0.12499991897493598
0.2133882194757461
0.2133882492780685
0.0
0.06786162219941615
0.06249998509883879
0.4267765991389751
-7.450580606795661e-09
0.21338827908039087
0.5464148521423339
0.01830581948161125
0.0
0.10983487032353875
0.2133882939815521
0.12499995529651639
0.062499977648258195
0.3642764165997504
0.07322329154703765
0.03661164125509852
0.34374989196658134
0.2133882194757461
0.10669415444135666
0.0
0.2133883228525519
-3.2266120886248464e-09
0.24999989569187162
0.21338833123445505
0.2133882939815521
0.0366116464138031
0.1066941451281309
0.24999997019767756
0.42677653580903996
0.1249999664723873
0.2316941213794052
0.21338831819593904
0.0624999590218067
0.0366116389632225
0.1433057799290247
0.0
0.213388180360198
0.0
0.21338827908039087
0.12499999441206452
0.23169410973787308
0.2133882939815521
0.009152904618531466
0.010723300278186795
0.18749990616925055
0.1433057840913534
0.06249996390439393
0.09374998509883879
0.0
0.1249999180436134
-1.1175870890567337e-08
0.12499995529651639
0.06249998509883879
0.0
0.0
0.4999999105930328
0.12499996976063875
0.0
0.0
0.32008239626884455
0.0
0.06250002048909663
0.21338824741542334
0.03661164641380309
0.06249998100947063
0.0
0.054917468689382076
0.3200822919607162
0.19286155141890046
0.3200824167579412
0.0
0.0
0.10669414885342118
0.06249998323619363
0.21338832378387448
0.01830580458045005
0.01072330353781581
0.036611642688512795
0.062499977648258195
0.036611646413803094
0.06249996460974215
0.0366116389632225
0.0
0.2133882343769073
0.3955266242846846
0.0
0.0
0.009152906481176615
0.06249996460974216
0.0
0.9999998807907102
0.15624990477226672
0.12499998509883878
0.0366116389632225
0.0
0.23169407248497007
0.24999995902180666
0.10669414326548574
0.01830582320690155
0.24999997019767756
0.24999997019767756
0.21338830888271326
0.21338833868503565
0.06250000558793545
0.01830581203103065
0.0
0.18749997019767775
0.3200823999941349
-1.8828832604178555e-08
0.03124998509883881
0.4267766773700713
0.0
0.0366116352379322
0.24999994039535517
0.2133882343769073
0.0
0.062499979510903345
0.0625000074505806
0.018305830657482147
0.49999979138374323
0.4267765879631042
0.2133882939815521
0.036611646413803094
0.2133882641792297
0.24999995157122606
0.12499994970858094
0.06249999036719477
0.4267765283584594
0.21338828466832635
0.0
0.49999982863664616
0.3642766419798135
0.21338833868503565
0.09374993108212946
0.6401649639010428
0.03661161847412584
0.06249999254941939
0.10669411905109881
0.36427664756774897
0.3200824139639734
0.1249999776482582
0.19776316732168192
0.036611646413803094
0.24999997019767756
1.8626451467923765e-09
0.06249999254941939
0.4267765879631042
0.1874999403953552
0.4267766773700713
0.036611620336771004
0.0
0.036611646413803094
0.06249996088445185
0.12499995529651639
0.06249997997656463
0.41762359812855715
0.12499997019767758
0.853553235530853
0.30713827675208444
0.12499998509883878
0.24999991586138878
0.0
0.1249999292194843
0.37499973922967905
0.053347073495388024
0.426776498556137
0.23169403895735735
0.4999999105930328
0.0
0.4267766773700712
0.12499998509883878
0.054917457377122135
0.42677655816078175
0.36427660286426533
0.21338825114071366
0.01072330307215452
0.4267766177654265
0.3749999403953554
0.0
0.07322329282760619
0.1066941693425178
0.3955265702679753
0.16429239884018892
0.21338833868503565
0.1249999701976776
0.24999990127980704
0.0
0.03661164268851279
0.073223277926445
0.12499993896974845
0.2133883088827133
0.21338832378387448
0.124999962747097
0.36427664756774897
0.3200824558734893
0.2133882641792297
0.124999962747097
0.2499999552965164
0.0
0.12499995529651639
0.4267765879631042
0.2133882939815521
0.36427652835845936
0.06249998509883879
0.005361654795706271
0.0
0.24999998137354845
0.06249998183920978
0.14330577431246636
0.4999999999999999
0.036611642688512795
0.0
0.2499999366700649
-1.2585866571157563e-08
0.2499999552965164
0.1249999776482582
0.21338833868503565
0.42677664756774897
0.07322330027818678
0.010723300278186796
0.0
0.1874999403953552
0.3642766177654266
0.10669412836432456
0.036611646413803094
0.4267766773700713
0.21338827908039087
0.36427667737007136
0.0
0.49999997019767756
0.49999997019767756
0.0624999888241291
0.0
0.42677639797329897
0.24999997019767756
0.062499983236193636
0.0
0.062499992549419396
0.0053616464138031
0.03661164175719023
0.062499979510903345
0.03661165479570627
0.07322328537702559
0.8535532951354979
0.036611642688512795
0.4999999105930328
0.036611642688512795
0.12499995529651639
0.0624999878928065
0.12499999999999994
0.0
0.21338823437690732
0.0
0.24999997019767756
0.0624999888241291
0.21338833868503565
0.0366116501390934
-1.490116119396517e-08
0.3642765283584594
0.2499998994171619
0.2866115346550941
0.062499989536932525
0.0
0.4267765432596206
0.5334707796573638
0.0
0.0
0.010723305866122244
0.12499995529651639
0.24999994039535517
0.018305823206901547
0.21338827908039087
0.21338830888271326
0.0
0.49999997019767756
0.03661164827644824
0.07322329282760619
0.010723321698606014
0.24999994039535517
0.0
0.05792349856346845
0.0
0.036611646413803094
0.4999999105930328
0.0624999888241291
0.4999999403953551
0.4267766773700713
0.0
0.0
0.18749995529651636
0.18749994598329064
0.06249998323619365
1.8053392893004178e-16
0.42677655816078175
0.18749993667006487
0.24999995529651636
0.10669415444135663
0.2499998845160007
0.062499973922967904
0.4267766773700713
0.0
0.24999997019767756
0.0
0.4999999105930328
0.4267766773700713
0.3955266401171684
0.4999999403953551
0.24999994039535517
0.06249996647238732
0.0
0.24999997019767756
0.4267766177654265
0.018305819481611252
0.32008242607116694
0.12499992018982951
0.0
0.06249999640088388
0.1821383386850357
0.21338827319136336
0.1874999655410647
0.054917450994253145
0.24999997019767756
0.0366116352379322
0.21338824927806851
0.06249998216308561
0.213388318195939
0.12499997578561292
0.12499998509883878
0.036611638963222504
0.32008245587348927
0.12499994697185854
0.3955266317352652
0.1249999403953552
7.450580606795661e-09
0.036611646413803094
0.053347032517194734
9.81307769882992e-18
0.1249999403953552
-3.441718909868995e-09
0.49999982118606556
0.4999999403953551
0.2133882641792297
0.0
0.2499999552965164
0.06249997633116932
0.4267766773700713
0.0
0.42677664756774897
0.3642765283584594
0.4267765879631042
0.07322330400347708
0.24999997019767756
0.1249999403953552
0.42677664756774897
0.18749997764825818
0.4999999105930328
0.3642766028642654
0.0
0.1874999795109033
0.0
-9.219623287037846e-09
0.0624999813735485
0.49999997019767756
0.06249999254941939
0.12499997019767758
0.0
0.0366116315126419
-3.441719353958205e-09
0.06249998323619363
0.42677666991949076
0.1249999512070454
0.12499996189250505
0.4999999403953551
0.07322330400347708
0.24999998509883878
0.0015703961253166199
0.0
0.3642766401171683
0.0
0.1249999403953552
0.06249998509883879
0.0624999701976776
0.24999994039535517
0.036611642688512795
0.1249999776482582
0.0366116464138031
0.4633881980553269
0.0
0.0
0.4267766177654265
0.12499996833503245
0.2499999403953552
0.07322328537702559
0.036611642688512795
0.36427664756774897
0.42677664104849095
0.4267766773700713
0.07322329282760619
0.24999986588954923
0.06249998509883879
0.1249999776482582
0.1249999776482582
0.42677664756774897
0.07322329282760619
0.01830582832917571
0.3124999143183231
0.10669415630400178
0.06249998509883879
0.4267766773700713
0.07322330027818678
0.24999998509883878
0.06249999254941939
0.28504110220819706
0.2133882939815521
0.06249999254941939
0.12499995701737607
0.009152914630249143
0.1249999776482582
0.4267766177654265
0.21338830888271326
0.4999999403953551
0.124999962747097
0.12499997206032273
0.06249996754410602
0.12499997019767758
0.49999988079071034
0.49999997019767756
0.0
0.0
0.42677664756774897
0.06249999254941939
0.4999999403953551
0.3642765851691365
0.0
0.4999999403953551
0.06249998050841298
0.036611642688512795
0.4999999403953551
0.1464465707540512
0.4267766177654265
0.24999998509883878
0.24999997019767756
0.2499998807907104
0.4267766773700713
0.0
0.0366116352379322
0.010723305866122268
0.21338829211890695
0.036611638963222504
0.0366116315126419
0.0366116389632225
0.036611640825867646
0.24999998509883878
0.4267766773700713
0.24999997019767756
0.42677655816078175
0.0
0.07322328165173529
0.42677655816078175
0.0
0.36427664756774897
0.07322329282760619
0.07322330027818678
0.42677655816078175
0.07322330027818678
0.4999999084108081
0.24999997019767756
0.3642766177654266
0.37499987334012974
0.21338831260800356
0.036611633375287056
0.24999997019767756
0.24999998509883878
0.010723304003477095
0.01072330307215452
0.07322328817099331
0.21338832378387448
0.2499999183728857
0.07322329282760619
0.10669412091374395
0.0
0.036611642688512795
0.0
-1.1947913214349622e-09
0.06249999254941939
0.4267766177654265
0.21338830888271326
0.2667352575808763
0.18749987892806527
0.12499998509883878
0.07322328910231589
0.03661165013909339
0.062499977239842894
0.0
0.24999989569187162
0.24999998509883878
0.0366116389632225
0.9999999403953551
0.21338832378387448
0.10669414140284059
0.24999991059303278
0.18749996088445184
0.07322330027818678
0.07322328537702559
-3.725290293584753e-09
0.06249999161809681
0.21338833868503565
0.21338831819593904
0.062499996274709695
0.07322331145405767
0.03661163896322249
0.4999999999999999
0.0
0.0624999906867743
0.24999997019767756
0.0
0.2499999487772584
0.0732232630252838
0.12499999999999997
0.018305823206901547
0.06249997136183082
0.24999998509883878
0.8535533547401426
0.24999991059303278
0.05491745844483375
0.06249996460974215
0.4267765879631042
0.2499999366700649
0.4999999478459359
0.2732073608785867
0.621858850121498
0.07322327792644501
0.0
0.21338830888271326
0.24999997019767756
0.4999999403953551
0.036611645948141806
0.49999997019767756
0.36427664756774897
0.12499998432730595
0.49999997019767756
0.4999999105930328
0.14644658565521237
0.4999999403953551
0.1249999776482582
0.0
0.0
0.49999997019767756
0.37499993294477457
0.12499999254941926
0.24999997019767756
0.062499999999999986
0.06249997951090336
0.4999999105930328
0.1874999478459358
0.4267766177654265
0.010723304003477095
0.23169410787522787
1.8626451516989153e-09
0.21338832378387448
0.0
0.21338826604187486
0.0
0.4999999776482581
0.2133883163332939
0.036611646413803094
0.24999998509883878
0.12499998509883878
0.06249998082799235
0.10669414699077603
0.49999988079071034
0.24999997019767756
0.21338827908039087
0.24999998509883878
0.4267766773700713
0.4267766773700713
0.320082445628941
0.4999999403953551
0.12499997019767758
0.4999999105930327
0.01072330307215452
0.062499996274709695
0.1874999571591615
0.21338833868503565
0.24999998509883878
0.062499996274709695
0.2499999869614839
0.062499977648258195
0.42677664756774897
0.36427667737007136
0.06249999123233041
0.24999994039535517
0.0
0.0
0.1249999776482582
0.2133882939815521
0.24999997019767756
0.24999997019767756
0.49999997019767756
0.4999999403953551
0.12499996210793805
0.0
0.036611642688512795
0.062499977648258195
0.21338829025626177
0.4999999180436133
0.4267766177654265
0.42677656561136235
0.0366116464138031
0.49999983608722676
0.21338830888271326
0.4267766773700713
0.1874999552965164
0.24999997019767756
0.2133883163332939
0.12499998509883878
0.3749999105930328
0.06249998975545168
0.06249997019767761
0.36427664756774897
0.2499999552965164
0.0
0.4999999105930328
0.12499997578561303
0.0
0.21338828653097147
0.06249998509883879
0.12499996102623731
0.4999999403953551
0.0
0.24999994011178422
0.4267766773700713
0.24999997019767756
0.24999998509883878
0.21338830888271326
0.0
0.0
0.21338833868503565
0.364276673644781
0.42677664756774897
0.24999997019767756
0.24999998882412905
0.0
0.2133882939815521
0.0
0.07322329282760619
0.0
0.06249999254941939
0.4267766326665878
0.036611646413803094
0.49999997019767756
0.2866115473740311
0.24999994412064547
0.4999999999999999
0.49999997019767756
0.0
0.4267766773700713
0.4999999403953551
0.21338832378387448
0.0
0.4999999999999999
0.0
0.0
0.0
0.2499999552965164
0.4999999999999999
0.0
0.36427664756774897
0.06249998509883879
0.12499998509883878
0.03661163710057735
0.12499998509883878
0.3955266382545232
0.062499999999999986
0.49999997019767756
0.03661164734512567
0.04197329364251345
0.0
-6.851118911186073e-26
0.24999997019767756
0.06249998509883879
0.4999999403953551
0.3200823944061976
0.0
0.12499998509883878
0.4267766739283516
0.062499979510903345
0.12499998509883878
0.06249999254941939
0.4999999403953551
0.24999998509883878
0.42677661031484604
0.0
0.0
0.14330582320690152
0.03661164082586764
0.49999997019767756
0.36427667737007136
0.4267765879631042
0.4999998062849044
0.12499998509883878
0.4999999999999999
0.0732233077287674
0.49999988079071034
0.4999999999999999
0.4999999999999999
0.2499999552965164
0.24999994039535517
0.0
0.21338832378387448
0.4267766140401362
0.49999997019767756
0.4999999403953551
0.0624999888241291
0.4999999105930328
0.2499999552965164
0.32008241862058634
0.12499997764825815
0.07322330027818678
0.4267766177654265
0.12499999254941938
0.12499998509883878
0.018305823672562834
0.46338821481913317
0.0
0.853553235530853
0.24999997019767756
0.1249999776482582
0.36427664756774897
0.07322329282760619
0.4267766028642654
0.07322330027818678
0.4267766773700713
0.036611646413803094
0.21338833868503565
0.1249999776482582
0.07322329282760619
0.0
0.036611638963222504
0.4267766773700713
0.23169409111142159
0.21338833495974538
0.07322329282760617
0.124999962747097
0.06249999254941939
0.24999997019767756
0.21338830888271326
0.0624999888241291
0.12499998509883878
0.0
0.3642766326665878
0.4999999105930328
0.07322328537702559
0.0
0.24999997019767756
0.24999997019767756
0.0
0.0
0.4267766177654265
0.0
0.018305823672562834
0.0
0.2499999552965164
0.0
0.124999962747097
0.9999998807907102
0.0
0.4999999403953551
0.4999999403953551
0.24999997019767756
0.24999997019767756
0.06249999254941939
0.24999997019767756
0.2499999552965164
0.4999999999999999
0.07322328537702559
0.24999997019767756
0.24999998509883878
0.4999999776482581
0.07322329282760619
0.062499996274709695
0.7499999105930327
0.10669417679309844
0.0
0.4999999403953551
0.062499999999999986
0.49999997019767756
0.49999997019767756
0.07322329282760619
0.37499990314245224
0.0
0.24999997019767756
0.21338828466832635
0.0
0.4999999403953551
0.07322328910231587
0.36427667737007136
0.06250000931322573
0.4999999999999999
0.24999998509883878
0.4267765879631042
0.0
0.4999999403953551
0.24999994039535517
0.4999999217689036
0.0
0.036611647228710346
0.21338833868503565
0.24999997019767756
0.0624999875070401
0.46338827069848765
0.12499998509883878
0.24999995902180666
0.24999997019767756
0.2133882939815521
0.23169408738613123
0.0
0.2499999552965164
0.073223277926445
0.8535531908273696
0.21338830888271326
0.24999997019767756
0.21338833682239053
0.0
0.06249997880555745
0.12499997578561303
0.0
0.2499999552965164
0.18749993667006487
0.03661165013909339
0.07322329282760619
0.24999998509883878
0.0
0.49999997019767756
0.24999997019767756
0.0
0.4999999403953551
0.37499995529651636
0.0
0.21338828094303608
0.9999998807907102
0.0624999888241291
0.0
0.4267766242846846
0.1249999776482582
0.36427667737007136
0.49999997019767756
0.2499999552965164
0.12499991990625856
0.0
0.4267765879631042
0.2133882939815521
0.49999997019767756
0.4999999999999999
0.42677667364478106
0.062499996274709695
0.0
0.2133882939815521
0.4999999403953551
0.21338833868503565
0.2499999068677425
0.49999997019767756
0.4267766773700713
0.24999993294477457
0.42677664756774897
0.24999997019767756
0.24999997019767756
0.36427667737007136
0.07322330027818678
0.49999997019767756
0.1249999776482582
0.4267766177654265
0.49999996331423885
0.4999999403953551
0.49999997019767756
0.0
0.4999998537823557
0.24999997019767756
0.06249999254941939
0.062499996274709695
0.24999998509883878
0.07322330027818678
0.21338830888271326
0.4999999999999999
0.4267766773700713
0.2499999552965164
0.49999997019767756
0.42677667364478106
0.2499999552965164
0.0
0.1249999776482582
0.0
0.2499999552965164
0.4999999999999999
0.2499999552965164
0.1249999776482582
0.4267766177654265
0.0
0.49999997019767756
0.49999994039535517
0.49999988079071034
0.4267766773700713
0.49999997019767756
0.2499999552965164
0.4999999999999999
0.24999998509883878
0.0
0.4999999999999999
0.21338830888271326
0.4267766773700713
0.4267766177654265
0.12499997951090333
0.12499996460974215
0.4267766773700713
0.21338833868503565
0.24999998882412905
0.24999997019767756
0.21338830888271326
0.07322329282760619
0.24999998509883878
0.0
0.49999997019767756
0.018305834382772442
7.484434405569116e-09
0.07322330027818678
0.4999999403953551
0.24999997019767756
0.12499998277053234
0.24999997019767756
0.0
0.49999997019767756
0.4999999999999999
0.4267766177654265
0.4999999403953551
0.062499982770532356
0.49999997019767756
0.49999984353780735
0.0
0.24999997019767756
0.24999998509883878
0.12499998509883878
0.24999997019767756
0.4999999403953551
0.42677664756774897
0.1249999776482582
0.4267766773700713
0.49999997019767756
0.42677664756774897
0.24999998882412905
0.49999988079071034
0.21338832378387448
0.0
0.2133882939815521
0.4267766177654265
0.4999999999999999
0.42677655816078175
0.07322330027818678
0.2499999552965164
0.24999998509883878
0.12499997578561303
0.4999999403953551
0.4267766773700713
0.0
0.4267766773700713
0.12499998509883878
0.062499973922967904
0.8535533323884008
0.4999999999999999
0.07322328537702559
0.06786164338700472
0.2133882939815521
0.192861620336771
0.0
0.12499998509883878
0.21338830888271326
0.0
0.4999999403953551
0.4999999776482581
0.49999997019767756
0.4267766773700713
0.42677664011716837
0.49999997019767756
0.07322329282760619
0.0
0.24999997019767756
0.06249998509883879
0.2133882939815521
0.036611642688512795
0.4267766773700713
0.4999999999999999
0.42677664756774897
0.4999999403953551
0.49999997019767756
0.4999999701976775
0.07322328165173528
0.010723301675170657
0.4999999999999999
0.4267766773700713
0.4267765879631042
0.07322330027818678
0.24999997019767756
0.4999999105930328
0.21338830888271326
0.0624999888241291
0.07322328537702559
0.2866116119548678
0.3566941022872924
0.4999999105930328
0.2499999552965164
0.0
0.24999998509883878
0.0
0.2133882641792297
0.24999995902180666
0.4267766773700713
0.010723304003477095
0.4999999999999999
0.24999997019767756
0.4999999999999999
0.249999925494194
0.21338830888271326
0.49999997019767756
0.2499999552965164
0.37499993294477457
0.49999997019767756
0.2499999552965164
0.21338830888271326
0.24999997019767756
0.0
0.2499999552965164
0.21338833868503565
0.4267766177654265
0.7499999105930327
0.06249998909690712
0.24999998509883878
0.24999997019767756
0.213388318195939
0.42677664756774897
0.21338830888271326
0.4267766773700713
0.12499994225800035
0.07322330027818678
0.4999999999999999
0.4999999999999999
0.12499998509883878
0.21338830888271326
0.4267766773700713
0.24999997019767756
0.14644660055637357
0.4999999776482581
0.24999997019767756
0.0
0.0
0.0
0.42677664756774897
0.24999998509883878
0.1874999850988388
0.24999998509883878
0.24999997019767756
0.49999997019767756
0.21338832005858419
0.4999999999999999
0.49999997019767756
0.4999999999999999
0.1249999776482582
0.4999999403953551
0.4999999999999999
0.0
0.24999997019767756
0.49999997019767756
0.4999999999999999
0.4999999999999999
0.07322329282760619
0.0
0.4999999105930328
0.0
0.4267766773700713
0.07322329282760619
0.24999997392296788
0.49999997019767756
0.49999997019767756
0.0
0.0
0.0
0.24999997019767756
-3.4417191319136005e-09
0.21338830888271326
0.49999997019767756
0.24999998509883878
0.0
0.0624999888241291
0.12499998509883878
0.12499998509883878
0.036611646413803094
0.24999997019767756
0.4999999999999999
0.4267766177654265
0.49999988079071034
0.24999998509883878
0.036611642688512795
0.49999997019767756
0.21338830888271326
0.4999999776482581
0.4999999403953551
0.12499997019767758
0.24999998509883878
0.4999999403953551
0.49999997019767756
0.21338833868503565
0.036611642688512795
0.21338833868503565
0.4999999403953551
0.6401649564504622
0.24999998509883878
0.24999994039535517
0.124999962747097
0.0
0.42677664756774897
0.12499998509883878
0.21338833868503565
0.4999999403953551
0.0
0.0
0.12499997019767758
0.0
0.12499996274709699
0.07322327792644501
0.12499998509883878
0.24999998509883878
0.24999998509883878
0.21338830888271326
0.24999997019767756
0.062499999999999986
0.24999997112900013
0.4999999999999999
0.24999998509883878
0.37499991059303284
0.4267766773700713
0.2499999552965164
0.4999999999999999
0.07322330027818678
0.4999999999999999
0.2499999552965164
0.4999999999999999
0.4999999403953551
0.36427667737007136
0.4999999999999999
0.12499998509883878
0.25000001490116114
0.24999991059303278
0.24999997019767756
0.24999998509883878
0.03661164455115794
0.24999994505196807
0.21338827008674507
0.49999997019767756
0.0
0.4999999999999999
0.03661165013909339
0.0
0.2499999552965164
0.4999999999999999
0.24999997019767756
0.49999997019767756
0.0
0.0
0.24999997019767756
0.24999997019767756
0.24999998509883878
0.2499999552965164
0.24999997019767756
0.2499999552965164
0.0732232704758644
0.12499998509883878
0.24999998509883878
0.2499999552965164
0.36427664756774897
0.12499998509883878
0.4999999999999999
0.0
0.21338833868503565
0.0
0.49999997019767756
0.49999997019767756
0.24999997019767756
0.4267766177654265
0.24999998882412905
0.1249999776482582
0.4999999403953551
0.1874999604187905
0.0
0.24999998509883878
0.24999997019767756
0.4267766773700713
0.0624999962747097
0.24999998509883878
0.2499999552965164
0.12499998509883878
0.21338830888271326
0.24999998509883878
0.4999999999999999
0.49999997019767756
0.2499999552965164
0.24999997019767756
0.1249999776482582
0.0
0.24999998509883878
0.03661164209800697
0.036611646413803094
0.4267766773700713
0.24999991059303278
0.4267766773700713
0.4999999403953551
0.2499999552965164
0.42677664756774897
0.4999999999999999
0.24999998509883878
0.4999999105930328
0.036611646413803094
0.4999999999999999
0.0
0.0
0.0
0.21338830888271326
0.42677664756774897
0.4999999999999999
0.24999997019767756
0.21338830888271326
0.4999999999999999
0.24999997019767756
0.07322329282760619
0.07322330027818678
0.4267766773700713
0.07322328537702559
0.24999997019767756
0.4999999403953551
0.4267766773700713
0.21338832378387448
0.21338830888271326
0.4999999999999999
0.0
0.0
0.24999998509883878
0.8535532355308533
0.4999999999999999
0.9999999403953551
0.06249999254941939
0.1249999776482582
0.12499998509883878
0.42677664756774897
0.24999998509883878
0.21338830888271326
0.42677666991949076
0.4999999403953551
0.06249998509883879
0.07322330027818678
0.0
0.4999999999999999
0.24999998509883878
0.0
0.49999988079071034
0.0
0.0
0.07322330027818678
0.49999997019767756
0.4267766773700713
0.4999999999999999
0.0
0.49999997019767756
0.124999962747097
0.4999999999999999
0.0
0.24999997019767756
0.24999998509883878
0.21338832378387448
0.49999997019767756
0.4267766326665878
0.07322330027818678
0.0
0.0
0.0
0.21338830888271326
0.4999999999999999
0.4999999999999999
0.0
0.24999998509883878
0.21338830888271326
0.24999997019767756
0.0
0.4999999403953551
0.21338830888271326
0.4999999999999999
0.07322329282760619
0.01830582320690155
0.24999998509883878
0.4999999403953551
0.24999997019767756
0.07322330027818678
0.4267766773700713
0.49999988079071034
0.21338830888271326
0.07322329282760622
0.21338832378387448
0.4999999999999999
0.0
0.4999999999999999
0.4999999403953551
0.4999999999999999
0.24999997019767756
0.4999999999999999
0.49999997019767756
0.4267766773700713
0.49999997019767756
0.1249999776482582
0.0
0.07322329655289649
0.24999998509883878
0.4267766773700713
0.24999997019767756
0.036611646413803094
0.49999997019767756
0.4267766773700713
0.31249997019767756
0.12499998509883878
0.23169410182163117
0.24999997019767756
0.24999998509883878
0.24999998509883878
0.4999999999999999
0.42677664756774897
0.12499998509883878
0.49999997019767756
0.24999998509883878
0.24999998509883878
0.49999997019767756
0.49999997019767756
0.4267766177654265
0.4267766773700713
0.49999997019767756
0.4999999999999999
0.42677664756774897
0.24999999999999994
0.07322330027818678
0.4999999999999999
0.12499997764825818
0.4267766177654265
0.06249999254941939
0.42677664756774897
0.4999999999999999
0.49999997019767756
0.21338832378387448
0.1249999776482582
0.0
0.07322330027818678
0.4267766177654265
0.4999999403953551
0.12499998509883878
0.24999998509883878
0.2499999552965164
0.12499998509883878
0.24999995529651636
0.0
0.42677660286426544
0.07322330027818678
0.4267766773700713
0.24999998509883878
0.07322328351438044
0.12499998509883878
0.4999999999999999
0.0
0.49999997019767756
0.42677664756774897
0.0
0.1249999776482582
0.49999997019767756
0.24999997019767756
0.49999997019767756
0.12499998509883878
0.24999998509883878
0.07322330027818678
0.07322330027818678
0.4999999999999999
0.4999999999999999
0.0
0.4999999999999999
0.07322330027818678
0.07322330027818678
0.9999999403953551
0.4999999403953551
0.36427667737007136
0.24999998137354845
0.3642766475677489
0.21338833868503565
0.4267766773700713
0.49999997019767756
0.0
0.23169413721188897
0.12499998509883878
0.49999997019767756
0.24999997019767756
0.4999999999999999
0.4999999999999999
0.24999997019767756
0.4267766773700713
0.0
0.21338832378387448
0.24999998509883878
0.24999997392296788
0.49999997019767756
0.49999997019767756
0.054917461937293396
0.49999997019767756
0.4999999999999999
0.49999997019767756
0.062499996274709695
0.4999999999999999
0.07322330027818678
0.4267766773700713
0.3642765879631042
0.03661165013909339
0.4999999999999999
0.4267766177654265
0.12499999627470967
0.4999999999999999
0.49999997019767756
0.4267766773700713
0.07322330027818678
0.21338830888271326
0.24999998509883878
0.4999999999999999
0.06249999254941939
0.07322330027818678
0.49999997019767756
0.42677664756774897
0.24999998509883878
0.4267766773700713
0.0
0.9999999403953551
0.24999998509883878
0.24999997019767756
0.9999999403953551
0.49999997019767756
0.4999999999999999
0.49999994784593565
0.4999999999999999
0.49999997019767756
0.4999999999999999
0.4267766177654265
0.07322330027818678
0.0
0.4999999999999999
0.07322330027818678
0.42677664756774897
0.4999999403953551
0.4999999999999999
0.9999998211860656
0.0
0.49999997019767756
0.24999997019767756
0.49999997019767756
0.4999999403953551
0.2499999552965164
0.42677666991949076
0.12499998509883878
0.49999997019767756
0.2499999552965164
0.42677664756774897
0.9999999403953551
0.4267766773700713
0.4999999403953551
0.4999999999999999
0.24999997019767756
0.49999997019767756
0.24999997019767756
0.07322329282760619
0.24999998509883878
0.24999997019767756
0.4999999999999999
0.49999997019767756
0.24999997019767756
0.0
0.24999998509883878
0.4267766736447812
0.24999997019767756
0.4267766773700713
0.0
0.24999998509883878
0.21338832378387448
0.07322329282760619
0.4999999403953551
0.24999997019767756
0.4267766773700713
0.4999999999999999
0.49999997019767756
0.0
0.24999998509883878
0.07322329282760619
0.4267766177654265
0.4999999999999999
0.24999997019767756
0.21338830888271326
0.4999999403953551
0.0
0.21338830888271326
0.07322330027818678
0.4267766773700713
0.49999997019767756
0.42677664756774897
0.036611646413803094
0.2499999552965164
0.4267766773700713
0.49999997019767756
0.49999997019767756
0.4999999105930328
0.0
0.0
0.0
0.24999998509883878
0.21338830888271326
0.07322330027818678
0.24999997019767756
0.49999997019767756
0.24999997019767756
0.21338832378387448
0.24999998509883878
0.49999997019767756
0.24999997019767756
0.4267766773700713
0.2499999552965164
0.036611646413803094
0.07322329282760619
0.49999997019767756
0.07322330027818678
0.0
0.03661165013909339
0.0
0.0
0.4999999999999999
0.4999999999999999
0.49999997019767756
0.42677664756774897
0.24999998509883878
0.4999999999999999
0.49999997019767756
0.0
0.4999999999999999
0.0
0.0
0.426776573061943
0.0
0.03661165013909339
0.0
0.01830582180991769
0.21338832378387448
0.24999997019767756
0.0
0.4267766773700713
0.9999999403953551
0.24999997019767756
0.4267766773700713
0.062499980513118655
0.49999997019767756
0.2499999552965164
0.24999997019767756
0.24999998509883878
0.24999997019767756
0.4999999403953551
0.49999997019767756
0.0
0.24999998323619363
0.0366116389632225
0.4999999999999999
0.49999997019767756
0.4267766773700713
0.49999997019767756
0.4999999999999999
0.24999997019767756
0.49999997019767756
0.4267766252160072
0.4999999999999999
0.24999997019767756
0.12499998509883878
0.0
0.036611642688512795
0.21338832378387448
0.4267766773700713
0.03661165013909339
0.24999997019767756
0.4267766773700713
0.24999997019767756
0.0
0.4999999403953551
0.24999998882412905
0.4999999999999999
0.0
0.4999999403953551
0.12499998509883878
0.4999999999999999
0.4999999999999999
0.07322327792644501
0.4267766773700713
0.24999997019767756
0.24999998509883878
0.2499999552965164
0.4999999999999999
0.03661164408549665
0.24999998509883878
0.42677664756774897
0.1249999776482582
0.24999997019767756
0.0
0.24999997019767756
0.7285532504320144
0.07322329282760619
0.9999998807907102
0.49999997019767756
0.4999999105930328
0.24999998509883878
0.4267766773700713
0.24999998882412905
0.4999999999999999
0.4267766773700713
0.49999997019767756
0.4267766773700713
0.24999998509883878
0.0
0.2499999552965164
0.49999997019767756
0.4999999999999999
0.0
0.49999997019767756
0.24999997019767756
0.4999999105930328
0.1249999776482582
0.24999997019767756
0.24999997019767756
0.4999999999999999
0.21338832378387448
0.49999997019767756
0.24999997019767756
0.018305821344256398
0.0
0.12499998509883878
0.4999999999999999
0.0
0.4999999105930328
0.12499998509883878
0.49999997019767756
0.24999997019767756
0.49999997019767756
0.12499998509883878
0.07322328537702559
0.12499998509883878
0.24999997019767756
0.24999997019767756
0.4999999403953551
0.24999997019767756
0.249999925494194
0.24999998509883878
0.2499999552965164
0.4999999403953551
0.2499999552965164
0.1874999403953552
0.24999997019767756
0.07322330027818678
0.36427667737007136
0.9999999403953551
0.4999999999999999
0.4999999999999999
0.4999999105930328
0.24999997019767756
0.24999998509883878
0.4999999999999999
0.07322330027818678
0.4999999999999999
0.4999999403953551
0.42677666991949076
0.21338830888271326
0.0
0.0
0.12499997764825818
0.42677664756774897
0.9999998807907102
0.4999999999999999
0.8535532802343367
0.062499996274709695
0.24999998509883878
0.06249998509883879
0.4999999403953551
0.42677664756774897
0.4267766773700713
0.4999999403953551
0.4999999999999999
0.0
0.49999997019767756
0.24999997019767756
0.36427667737007136
0.4999999999999999
0.24999997019767756
0.2499999552965164
0.9999999403953551
0.9999998807907102
0.24999998509883878
0.21338833868503565
0.4999999999999999
0.9999998807907102
0.4999999403953551
0.21338833868503565
0.0
0.0
0.24999995902180666
0.49999997019767756
0.0
0.12499998509883878
0.12499998509883878
0.24999997019767756
0.4999999403953551
0.49999997019767756
0.12499998509883878
0.07322330027818678
0.24999998882412905
0.24999998509883878
0.4999999403953551
0.0
0.9999999403953551
0.0624999813735485
0.03661165013909339
0.24999997019767756
0.4999999999999999
0.12499999441206452
0.49999997019767756
0.4999999999999999
0.12499997764825818
0.24999997019767756
0.24999998509883878
0.4999999403953551
0.24999997019767756
0.49999997019767756
0.42677664756774897
0.24999997019767756
0.0
0.24999998509883878
0.24999998882412905
0.4999999403953551
0.07322330027818678
0.24999997019767756
0.4999999999999999
0.49999997019767756
0.0
0.4999999999999999
0.24999998509883878
