0.7315192520618437
0.772703319787979
0.7641773819923401
0.6625666618347168
0.7563953995704649
0.6625666320323943
0.8408316671848296
0.7718816995620726
0.8402937650680541
0.7843682467937468
0.6947195827960967
0.7416832149028778
0.7709974050521851
0.6954802274703977
0.713795244693756
0.7637965381145476
0.7984514236450195
0.6844122409820556
0.6935370564460753
0.8025700449943541
0.6729474067687987
0.7459231913089751
0.7438552081584928
0.7590309679508208
0.7428185641765592
0.7970551550388335
0.7471245825290679
0.688904047012329
0.8414667248725889
0.7217377722263335
0.7716113328933714
0.7729718983173368
0.887155771255493
0.6993475854396819
0.7660997509956359
0.6959355175495147
0.7102535367012023
0.8352016508579253
0.8285380899906156
0.721488445997238
0.7654868066310881
0.8752219676971436
0.7597165405750272
0.7831870913505553
0.8238613605499266
0.8248755931854246
0.7558697164058684
0.6607760787010192
0.7590311169624328
0.8752811551094054
0.8527617156505582
0.7591857612133024
0.7341012358665465
0.7532547712326048
0.7910146117210386
0.6832300722599028
0.7098982036113738
0.7179885804653167
0.9019848108291624
0.8067876398563384
0.7142741680145261
0.8813676834106443
0.7263531386852264
0.7000354528427123
0.7851892709732053
0.7620991468429563
0.8928638398647307
0.7836780250072478
0.802182763814926
0.7408180832862853
0.7695576846599579
0.6618060171604155
0.6993821263313292
0.8185788989067077
0.8575085401535033
0.7065236568450927
0.7595570385456083
0.7002693712711333
0.7187568247318266
0.8086646199226376
0.7748429775238037
0.663748949766159
0.8355085551738738
0.8577784001827238
0.7889313101768494
0.6837022900581358
0.7372301816940305
0.7186985909938811
0.7707374095916748
0.7489305138587952
0.7513888180255888
0.8131047785282134
0.8360786139965055
0.8738765716552731
0.7109244465827941
0.7508202493190764
0.7666361927986144
0.7815094292163848
0.7176795601844786
0.7608245611190794
0.8751815557479856
0.7721246182918549
0.7180468440055847
0.7971919178962706
0.7341371178627012
0.7261786460876465
0.8201615512371062
0.713795244693756
0.8581468164920807
0.7588423788547515
0.7809035480022429
0.7664118409156798
0.8810700774192808
0.6721867024898528
0.7061845064163207
0.7808649241924286
0.6721867620944976
0.6653584241867064
0.8127228021621703
0.8083696961402892
0.7341775000095366
0.8582005202770233
0.8695502579212188
0.7795611619949341
0.8345918953418732
0.8192061781883238
0.738386958837509
0.7326879501342772
0.7499973773956298
0.7561894953250883
0.6615366339683532
0.7298209369182584
0.6880154311656951
0.7784136533737182
0.7917012572288512
0.7846037745475767
0.7473230361938477
0.6835972666740416
0.7398550510406493
0.7925228476524352
0.771185666322708
0.8523935675621032
0.8014527261257169
0.7467406690120695
0.7704651057720183
0.8130537569522855
0.6714766025543212
0.8756906986236571
0.7485722303390502
0.7548701167106627
0.8071803748607634
0.8025514483451842
0.7066360414028167
0.7556540966033934
0.726480960845947
0.7204956710338591
0.8812726736068723
0.7760148644447326
0.7303849458694457
0.7354581952095031
0.7921428978443145
0.7973477840423582
0.8416423797607421
0.7057630121707915
0.8299916386604308
0.6843582093715667
0.672186642885208
0.7470743656158446
0.8100860416889188
0.7168063223361967
0.7319296300411222
0.8461243510246275
0.741737425327301
0.7232617437839506
0.8361660242080687
0.7706646621227263
0.7643077969551085
0.770555555820465
0.7244537472724912
0.7903879880905151
0.7915416061878203
0.7684655785560607
0.771014094352722
0.7983761131763456
0.8235139250755309
0.7220339775085448
0.6951130926609038
0.7171734571456908
0.7928650081157682
0.6931437849998473
0.7377064824104308
0.7365374863147733
0.6621994078159331
0.7175950109958648
0.8986485898494718
0.7425040900707243
0.881050646305084
0.70172181725502
0.8309466540813445
0.875265747308731
0.8081364929676054
0.7510435879230498
0.7450973391532896
0.7510121762752532
0.7404673099517821
0.7816589772701261
0.7656084299087523
0.8088725805282589
0.6718440353870391
0.8628131449222564
0.7631770074367522
0.7597610354423521
0.7982390820980071
0.7496072649955747
0.7697632908821104
0.7453095912933347
0.7914204597473142
0.7611129581928252
0.8026593029499052
0.8699587881565093
0.6753456592559813
0.827009081840515
0.8051869571208953
0.671083241701126
0.7114461958408355
0.7347180843353269
0.7404270470142363
0.7918854653835296
0.8135642707347869
0.6943523585796355
0.7923101186752318
0.8635739386081694
0.745836853981018
0.8289197087287902
0.7654409706592558
0.8633982241153716
0.7455905973911284
0.8073499202728269
0.819691389799118
0.7713067233562467
0.8217597305774688
0.7654945254325864
0.7492402791976928
0.6718438565731046
0.7563656866550444
0.8086919486522673
0.7456633150577544
0.8265306651592254
0.7658813893795012
0.77065771818161
0.74784117937088
0.818310111761093
0.8265637457370757
0.7875151634216306
0.705762892961502
0.6958772540092467
0.7407140731811521
0.7825847566127776
0.7638173699378967
0.8411951065063474
0.7220648527145385
0.8073526024818418
0.8127627670764922
0.7663675844669341
0.8520902097225186
0.8066380918025969
0.6835973560810089
0.7904580831527709
0.7092308700084686
0.7302724719047546
0.7187567055225372
0.8870315849781035
0.7596901059150694
0.8513333797454832
0.7374800443649291
0.7538265883922576
0.8140847384929656
0.7908480465412138
0.7852032780647276
0.7477529644966123
0.8128203451633452
0.7197351455688475
0.7891358733177183
0.8081011474132536
0.6993471384048461
0.7112623155117033
0.6959862411022185
0.760778874158859
0.7123807966709135
0.8628789484500884
0.7084701657295227
0.7092551887035368
0.7434336841106414
0.6954558193683623
0.7208386659622191
0.8087025880813598
0.6890359818935393
0.7861913144588469
0.8985285162925718
0.7823348641395569
0.7887103259563446
0.7559962272644042
0.9200087189674375
0.7707070112228392
0.8123765885829924
0.6943261325359343
0.8351649045944212
0.6874696016311644
0.674105107784271
0.7763295471668242
0.8865706920623777
0.6959355175495147
0.7548701167106627
0.7654047012329102
0.771710157394409
0.717988610267639
0.7590308785438536
0.7991835176944732
0.766276568174362
0.7571597099304199
0.8072692751884459
0.7737827301025388
0.8308132886886596
0.817121624946594
0.766157567501068
0.6721867024898528
0.8353108167648314
0.8020888566970824
0.7188617885112761
0.7172016203403472
0.7366666495800018
0.729118376970291
0.8469187319278715
0.7408641278743743
0.8099306821823119
0.6996292173862455
0.7455906271934508
0.8348256051540373
0.8233618140220641
0.8288891017436981
0.8046472966670989
0.8272445797920226
0.764733701944351
0.8581766188144683
0.791079670190811
0.8132459521293639
0.8303580880165098
0.7618849277496337
0.7064729332923887
0.7065517306327819
0.8044274449348449
0.7053954005241393
0.8354817628860471
0.7964258491992948
0.776988536119461
0.7651285529136655
0.8155164718627927
0.6959019005298615
0.6833089888095855
0.6996898651123046
0.808078736066818
0.7426771521568296
0.7613866329193114
0.7714169323444364
0.6991091668605803
0.7478434443473815
0.7968477904796599
0.8017619550228117
0.8097316920757293
0.7895868420600891
0.8775910735130309
0.829714000225067
0.7228807806968688
0.705369472503662
0.7073968946933745
0.8462000489234923
0.7328362762928007
0.7093448936939237
0.7175951600074767
0.7299052476882932
0.7204956710338591
0.7375129461288451
0.7762268483638763
0.7915278375148772
0.8094465136528013
0.7510613501071929
0.7330872416496276
0.8629446923732756
0.8300787210464476
0.8181315064430237
0.6729473769664763
0.7590309679508208
0.7538823187351225
0.7188619375228881
0.725912272930145
0.7454324662685393
0.7821072340011594
0.6963290572166442
0.7510088980197904
0.7228808104991912
0.77098673582077
0.6952256262302399
0.7179886400699614
0.8024223148822782
0.7463039457798003
0.8400841057300567
0.7779600918292998
0.7768029272556304
0.7219719290733335
0.7965425550937651
0.7325535416603087
0.8812960982322692
0.7364356517791746
0.7423733472824096
0.755151480436325
0.7476073205471038
0.9052020013332367
0.7166519463062286
0.7942376434803007
0.693958818912506
0.8287017047405241
0.6943524479866027
0.7104751765727996
0.7966221868991851
0.7061844468116758
0.7710138559341428
0.8462938964366912
0.7198725342750548
0.830003350973129
0.7187774479389191
0.7227038145065307
0.7366494834423063
0.8193023800849912
0.8301185071468351
0.8297721445560453
0.8030344247817991
0.7077397406101226
0.7659630179405211
0.875305950641632
0.7961999773979186
0.8744575977325438
0.7565524280071257
0.6939850747585296
0.8808041810989379
0.7809304893016814
0.6718194186687468
0.8052878081798552
0.696583718061447
0.7433716058731078
0.7659669220447538
0.791928321123123
0.6630144119262694
0.8079420328140258
0.8578212857246398
0.756207227706909
0.7875036597251891
0.805216997861862
0.6875712275505065
0.864068955183029
0.789020448923111
0.745651215314865
0.7981806695461272
0.6844123303890227
0.7585116922855376
0.7294273376464842
0.8575184345245359
0.8132459819316863
0.6847795248031615
0.7356685400009154
0.693958818912506
0.7229160070419309
0.7308987677097318
0.8516872823238371
0.7882505357265471
0.6939587891101836
0.7423070967197417
0.750903934240341
0.7947655022144317
0.6942472457885741
0.7754930555820464
0.8355070650577543
0.7622618377208709
0.751792937517166
0.8693505823612211
0.8193951249122619
0.7237919270992278
0.8407633900642394
0.776432603597641
0.7065780162811278
0.9049772918224334
0.8342972695827483
0.7400491833686826
0.8088156282901763
0.8457938730716704
0.7216951251029967
0.7868357002735137
0.7749924063682556
0.8127228915691376
0.7236344218254088
0.788798004388809
0.793817102909088
0.6976093351840972
0.69500795006752
0.7906771302223203
0.6947195827960967
0.8076924681663512
0.7436786890029907
0.8956547379493712
0.7665077745914458
0.8140597343444824
0.7459475398063659
0.7118356525897979
0.8526112735271453
0.787428706884384
0.74492871761322
0.7077395915985106
0.7215126454830169
0.8052231073379514
0.812945246696472
0.7673700749874113
0.7467573285102842
0.8303579688072202
0.7857025861740111
0.7450973689556121
0.7221117615699766
0.8240014314651488
0.7665089964866638
0.7172279059886931
0.8010535240173338
0.7057629525661467
0.8413409292697906
0.8151545822620391
0.7417374551296233
0.7302725613117217
0.8035693168640134
0.8205213546752929
0.6947195827960967
0.7116922140121459
0.6990247666835784
0.7233281731605529
0.6836517453193663
0.7761934399604796
0.7706646323204038
0.7455907464027404
0.846236765384674
0.740232229232788
0.796470284461975
0.7271034717559813
0.7737494409084319
0.7257469296455382
0.8209946751594542
0.791417896747589
0.7530752718448637
0.8157033026218413
0.8396720588207244
0.7762806713581083
0.8233228921890257
0.8299473822116851
0.6733689904212952
0.741795688867569
0.7367862462997435
0.7308409512042997
0.7423338294029235
0.7108122110366819
0.8719897270202636
0.7228308916091918
0.7314040064811704
0.8121551871299741
0.7706399559974668
0.8188944458961486
0.7686563730239867
0.7217347621917722
0.8196559846401213
0.7420665621757506
0.717046558856964
0.7266053557395934
0.8697800934314727
0.8184979557991027
0.7922924458980558
0.737952947616577
0.9170171320438383
0.7069450914859771
0.7676528990268705
0.7752133309841154
0.7098981738090513
0.7641461193561553
0.8516028523445127
0.801742374897003
0.7629007697105405
0.8522779941558837
0.7661044299602507
0.7765583395957945
0.747462898492813
0.663748949766159
0.6975369453430175
0.6909338533878325
0.7335224449634551
0.788364291191101
0.8109422028064728
0.7404706478118895
0.746277391910553
0.7547549307346342
0.7912829816341398
0.7939650714397429
0.8125443458557128
0.7353253066539763
0.7871435880661009
0.8873506486415862
0.8745485246181487
0.794017732143402
0.7756840884685515
0.7284797430038451
0.730515956878662
0.7974753081798553
0.7563450932502745
0.7178835272789
0.6970897614955901
0.7978483736515044
0.6870663762092588
0.766701728105545
0.7564198374748229
0.8134346306324004
0.7743900418281553
0.6979199647903441
0.7930535376071929
0.8079752326011655
0.7601794898509977
0.8123000562191008
0.8112497627735137
0.7409223914146421
0.766608417034149
0.7065235972404479
0.829754501581192
0.7710896134376524
0.7842040061950682
0.7168343961238859
0.776035040616989
0.892722815275192
0.7688032388687133
0.6943260729312896
0.799226939678192
0.7759031057357787
0.7719731926918029
0.7658100128173826
0.6847795546054839
0.7759030163288114
0.765868306159973
0.8870368301868439
0.693537265062332
0.7405981719493865
0.8063772618770598
0.7339645922183989
0.7107557654380797
0.8575813770294188
0.8411521017551421
0.8491534590721128
0.7817852199077604
0.7453807890415189
0.7459545433521271
0.7671034038066862
0.6946688592433928
0.7565387785434721
0.795730799436569
0.7964683473110198
0.7662913203239439
0.7219808697700499
0.8021037280559538
0.7646878659725188
0.7654944062232971
0.6629568338394164
0.7874761819839476
0.7811881601810453
0.8128518760204314
0.8101735413074492
0.7835828959941863
0.8632908463478086
0.8521533608436582
0.7473317086696624
0.8490946888923643
0.7883877754211425
0.7412014007568358
0.8068973422050474
0.6519167125225066
0.8515540361404417
0.6740789711475371
0.7504892945289611
0.7880638241767882
0.7867389023303984
0.7703002989292144
0.8036051094532012
0.8144032359123229
0.7657380402088164
0.7914518415927885
0.7195137441158294
0.8019363582134246
0.7585242092609404
0.8249336481094358
0.7642507553100584
0.840940088033676
0.8189882636070249
0.8460398018360136
0.7982908487319944
0.7413982152938842
0.841852158308029
0.81375652551651
0.8685236573219297
0.8636723756790159
0.8135318756103515
0.7445488274097442
0.7128982245922089
0.7454265952110289
0.8697099089622496
0.7416831254959105
0.7076551020145415
0.7375389933586118
0.6836762726306915
0.7542173266410827
0.7644216418266295
0.8033188879489898
0.7421889901161193
0.7355621159076691
0.731797605752945
0.794011741876602
0.66290944814682
0.765997380018234
0.6714767217636107
0.6951129734516143
0.7391232550144194
0.8633295893669126
0.7735513150691985
0.7227863967418668
0.803291320800781
0.6851223111152648
0.7938825488090513
0.7775385379791259
0.729905217885971
0.7073968648910521
0.7189261913299559
0.7276870310306548
0.7183051109313964
0.7419923245906829
0.7671732008457183
0.8715868890285491
0.7335227131843566
0.7802731096744535
0.7196225821971891
0.8870761990547178
0.787279725074768
0.8350177109241484
0.7975424528121947
0.7209125459194182
0.8081794083118438
0.8361232280731201
0.766915827989578
0.8517559766769408
0.814587265253067
0.790596157312393
0.803020805120468
0.6958229839801786
0.8514173924922942
0.7459351122379303
0.6726590692996978
0.7074313163757323
0.8138006329536437
0.7512804865837096
0.7230378389358518
0.7680277526378629
0.7612861692905424
0.7471826076507567
0.7837470471858977
0.7188618481159208
0.7711502015590666
0.756164401769638
0.8153354227542876
0.7315192222595213
0.7414889335632324
0.7350478470325468
0.8578138351440429
0.7164128720760344
0.7417375445365906
0.7611521184444426
0.7448477745056151
0.6824938654899596
0.7049478292465209
0.7298208177089689
0.7392145693302153
0.7326964735984801
0.7454265058040617
0.7986810505390167
0.7076551020145415
0.7298207283020017
0.7358887493610381
0.8071872889995575
0.8242024481296537
0.7171735465526579
0.705002188682556
0.792540282011032
0.7409224212169646
0.8136618137359619
0.7970024049282073
0.7302725315093993
0.7231694757938384
0.7197976112365722
0.7583402693271635
0.7603163123130796
0.7391426265239714
0.7780631184577941
0.7175275683403015
0.7715073227882385
0.7667285203933715
0.7714233398437499
0.7449286282062529
0.7066361606121062
0.6983158588409423
0.78110533952713
0.788062274456024
0.8122591376304626
0.8577213287353513
0.7624091804027555
0.7761017084121703
0.776502192020416
0.8013417422771453
0.8143236339092254
0.7619571983814238
0.7081068754196166
0.8409662842750547
0.770017772912979
0.7665261924266814
0.7717873156070708
0.8811286985874175
0.7224314510822295
0.7437337040901182
0.7805619835853574
0.744986742734909
0.7728395760059356
0.8077565431594848
0.7356182038784026
0.7418581545352935
0.7457745969295501
0.7988233566284179
0.7558854520320891
0.7407172024250028
0.8402722775936124
0.6962445378303528
0.8351356089115143
0.8464426696300505
0.7310875356197356
0.8171876966953275
0.8263797163963317
0.671793222427368
0.7920065522193908
0.6935372948646544
0.8178881406784057
0.8138676285743712
0.7409223318099974
0.815915673971176
0.8070425689220426
0.7844690084457396
0.7409965097904205
0.9088411331176756
0.8316702544689177
0.7405282855033872
0.7480749487876892
0.7604409158229826
0.7471245825290679
0.8298507332801818
0.7293383181095122
0.8290241062641143
0.6604333221912383
0.7164129316806791
0.7191707491874694
0.7756980955600736
0.8691643178462982
0.7817691564559934
0.7426731288433074
0.6931437849998473
0.8085127174854276
0.7178834974765775
0.7188469171524046
0.8072268664836881
0.717679589986801
0.7426731586456298
0.7660323083400726
0.7726576030254363
0.814012050628662
0.6968012452125548
0.7751519083976746
0.8306173384189605
0.7657608687877654
0.7547549009323119
0.7171735763549804
0.7696850597858428
0.8900134861469268
0.8019826710224149
0.7934749424457549
0.8466209471225736
0.742104798555374
0.8752546012401579
0.7971111536026
0.7770105898380277
0.7286385297775267
0.8136024177074431
0.717679589986801
0.746154487133026
0.6955345273017882
0.8285762071609497
0.8065975606441497
0.6740788519382476
0.7458907067775726
0.6942979693412779
0.8185447752475736
0.8986387848854064
0.7432045340538024
0.6958231925964354
0.802466183900833
0.6837023198604583
0.7177225947380065
0.857247620820999
0.7331483662128446
0.6845756471157073
0.8196422159671783
0.755897432565689
0.7766500413417815
0.7306941151618958
0.7409225702285765
0.7669413983821868
0.8370514810085294
0.8024122714996336
0.9107398986816405
0.6939588189125059
0.7507106661796569
0.7660908102989195
0.8027082383632658
0.8620453774929046
0.6630144119262694
0.7926943898200988
0.7979835271835326
0.7816766202449797
0.8025763630867003
0.6637488901615142
0.7109245657920836
0.7635261714458463
0.8146049380302428
0.8196559846401213
0.6983816027641295
0.7528055012226103
0.7761017084121701
0.7301899492740629
0.8038617968559264
0.8870887756347656
0.7238547503948211
0.6852856278419494
0.7719972431659698
0.7473935782909391
0.7057629525661467
0.791573405265808
0.7756706476211546
0.7414169907569884
0.8460496366024015
0.6998105347156524
0.7644845247268675
0.7417715489864348
0.7484387755393981
0.7758675217628477
0.8186661303043363
0.7655753791332245
0.8068708479404448
0.8404568433761594
0.8193652927875517
0.7562694549560546
0.7286385893821716
0.6947195827960967
0.8141392469406126
0.7355379462242125
0.7630492746829985
0.7923229336738585
0.7319410145282743
0.7565457820892332
0.7999490201473235
0.7434620261192321
0.8527427911758422
0.8526256680488583
0.6943522989749906
0.7383515536785125
0.7507251203060148
0.732687920331955
0.7211987674236295
0.8086364269256591
0.7867683470249174
0.8305340111255644
0.7462720274925231
0.7222519516944885
0.7551209628581999
0.7018651068210601
0.8239298164844512
0.6943523585796355
0.8412823975086212
0.76968315243721
0.7604604065418242
0.6840695738792418
0.7060512602329253
0.7588112950325011
0.8575230538845061
0.7662433683872221
0.8722755908966062
0.8633556365966797
0.7164129316806791
0.8578934073448181
0.7817935347557067
0.683597296476364
0.807429015636444
0.754303306341171
0.8635696768760679
0.7638448178768156
0.6844123899936675
0.7435571253299712
0.782707005739212
0.7518502771854398
0.7977412641048429
0.8124878108501433
0.7317164838314055
0.695062220096588
0.7804680764675138
0.6959018111228942
0.7716956138610838
0.8354623913764953
0.6877497732639312
0.8349357843399047
0.7655850648880005
0.7918557226657866
0.7508065104484557
0.8182738125324248
0.7107552886009215
0.776585280895233
0.7156258523464201
0.7936370074748992
0.8258727192878721
0.7477653026580808
0.720608592033386
0.7172279059886931
0.797182559967041
0.734611451625824
0.7049477994441985
0.8809306621551511
0.7330872118473051
0.7607742547988889
0.6836762726306915
0.6966962814331054
0.7451190650463103
0.8142883479595182
0.7537475228309629
0.792712718248367
0.6718439161777495
0.7580325305461881
0.7994681894779204
0.8176866769790647
0.797209560871124
0.7665527164936065
0.7306114733219146
0.7220944762229918
0.6946687102317809
0.8247208297252654
0.8252928853034972
0.8293997049331664
0.725484251976013
0.6847795844078063
0.7770077884197233
0.7475321292877196
0.7053956687450408
0.6718440353870391
0.8240648210048673
0.6828874051570891
0.8409715294837949
0.8126394450664519
0.8811062574386593
0.6615367829799651
0.768941432237625
0.7601138055324553
0.7057629227638244
0.7624423503875731
0.7096020877361296
0.7811474800109861
0.6821265518665312
0.7192290127277373
0.8266931772232055
0.6863890290260313
0.7155978977680205
0.7927125692367553
0.7624855637550352
0.8408711552619932
0.7049759626388549
0.7462812960147857
0.7316297888755797
0.6939586997032163
0.735174924135208
0.7400491535663604
0.7412897944450377
0.7762099206447599
0.8516344428062438
0.7721813619136809
0.7653020322322844
0.8523359894752502
0.7920814752578733
0.7084703445434569
0.8581320047378539
0.7530002295970917
0.7979160845279691
0.7662217319011687
0.7190367579460143
0.7304472923278807
0.6954557895660399
0.8187911510467528
0.7750628292560577
0.6729475259780883
0.7388581931591034
0.8050598204135894
0.7975502610206603
0.7679754793643949
0.7188618779182434
0.775833338499069
0.717286169528961
0.706269085407257
0.7813914716243743
0.8074150681495665
0.8086917102336882
0.8370640575885773
0.8020603954792023
0.787279725074768
0.7662518322467803
0.7005893886089324
0.7686886787414549
0.831218749284744
0.8526671528816221
0.7613691389560697
0.7324582338333129
0.663429021835327
0.7196225821971892
0.732250779867172
0.8414012491703031
0.6836516559123991
0.73661208152771
0.741858035326004
0.8520699143409728
0.872218608856201
0.6966381967067717
0.8049964308738707
0.7214693725109098
0.783538669347763
0.7520619928836821
0.7918824553489684
0.7205073833465574
0.8189513683319091
0.7511460483074187
0.754647523164749
0.7326707541942595
0.7581761479377745
0.6844124495983123
0.7462473511695861
0.7715074717998502
0.8536508381366729
0.7489704489707946
0.8516625463962554
0.7714021503925323
0.6824938356876372
0.8128586709499358
0.8029818832874297
0.7917575538158415
0.8033852279186247
0.8023861646652221
0.7420114576816557
0.7788510024547575
0.7220760583877561
0.7173733711242675
0.7479760646820067
0.8694255352020261
0.8548123836517332
0.7630023956298827
0.6416095197200774
0.6943522691726683
0.8287822008132933
0.7405283451080321
0.8631274700164792
0.8082120120525359
0.7391706705093383
0.7226509749889374
0.7978856861591338
0.8569519519805908
0.8090548217296599
0.7833116948604583
0.6947194337844848
0.7697468400001525
0.7729535996913909
0.7460185587406158
0.8184378445148466
0.7426732778549193
0.8458816111087799
0.7966778874397277
0.776184320449829
0.8699416816234589
0.8032290637493131
0.792004346847534
0.6995219886302947
0.8577241003513334
0.9292663037776945
0.7319064438343047
0.6992997229099273
0.6501261889934539
0.7415466010570524
0.7682748138904569
0.7502982020378112
0.6935373246669768
0.7106696367263794
0.8023391366004942
0.7883623242378233
0.7064729630947112
0.7172857820987699
0.7077395617961881
0.7702566981315612
0.7683305740356443
0.700734794139862
0.67184379696846
0.7717004716396331
0.8584364354610441
0.7316793799400328
0.6997824907302854
0.6721865832805632
0.7904671430587769
0.8032298982143402
0.7811951339244841
0.8417103886604308
0.8404647111892698
0.8231756091117858
0.738772451877594
0.8070742785930632
0.7370951771736144
0.7922205924987791
0.7814508676528928
0.7655833065509795
0.7947928607463836
0.7612723410129546
0.6968012452125548
0.8402822911739348
0.7708256244659423
0.6615367531776427
0.7720282077789306
0.8634357452392576
0.772062063217163
0.7867385149002073
0.7261040210723875
0.803081691265106
0.8458977639675139
0.6835974752902985
0.8063647747039794
0.8024643957614898
0.8637907803058622
0.740049213171005
0.7188618779182434
0.7061299979686736
0.7868026793003081
0.7095065116882323
0.7973600924015043
0.8242386579513548
0.7416830360889434
0.7502785623073577
0.7905713021755217
0.8014590740203855
0.6729473471641539
0.7256385684013366
0.747976005077362
0.7551041841506957
0.7464488446712493
0.7197976112365722
0.7474155128002166
0.8153577744960784
0.729457527399063
0.7460010349750518
0.7713862061500547
0.8759829401969909
0.7818152606487273
0.6434545516967772
0.7286385297775267
0.7192290127277373
0.7171736061573027
0.7916065156459805
0.7628125846385954
0.7808262109756469
0.7873682379722594
0.7075668275356292
0.8408283293247223
0.8161296248435973
0.6845757067203521
0.8517418503761292
0.6954558193683623
0.6840189099311828
0.6942472159862517
0.8780371248722074
0.7877017259597776
0.7551041841506957
0.7104639708995818
0.7981963753700254
0.7545093894004821
0.862499803304672
0.7629637420177457
0.7547971010208129
0.8637153804302214
0.7195718586444853
0.7714242935180663
0.7641536295413969
0.792375326156616
0.8580273091793058
0.7607733011245726
0.7772997617721557
0.8080382347106932
0.846236765384674
0.7361737191677092
0.7437617480754851
0.7509205639362334
0.8192557394504545
0.7069527208805083
0.7812183797359464
0.6721867620944976
0.7697633206844329
0.7332935929298399
0.8378571271896361
0.7220615446567533
0.8086798191070556
0.7106259763240812
0.7167800962924956
0.7297795712947843
0.7594571709632871
0.7654235661029815
0.7460667192935942
0.7242628335952758
0.7476655840873717
0.8073498010635376
0.8751505613327025
0.7544288933277129
0.7212718725204467
0.8241386413574217
0.7317939400672911
0.6607761085033416
0.7222586870193481
0.7364907562732695
0.805635243654251
0.7244538962841033
0.7598368227481842
0.7181012034416197
0.7556807696819303
0.7222587466239928
0.7345254719257355
0.6970897912979125
0.7803549170494078
0.7222477495670317
0.8586870133876799
0.7684884667396544
0.6947196125984191
0.743461936712265
0.898604243993759
0.8245650529861448
0.7112596929073333
0.7167801558971403
0.7603679299354551
0.7078183591365814
0.7494801580905914
0.7502055764198303
0.7719729840755463
0.6541517376899718
0.7072880268096922
0.7100622057914732
0.7325871884822843
0.7479760646820067
0.6867091953754424
0.6965837478637694
0.8179146349430083
0.7708040475845336
0.8521692752838135
0.6741051673889159
0.778766244649887
0.8687195181846618
0.7556541562080382
0.7996921837329862
0.7247544229030608
0.695113033056259
0.7543118596076964
0.7941190004348754
0.7171735167503355
0.7057629823684691
0.6835974156856536
0.6939850449562072
0.6707160174846648
0.685835838317871
0.7163585126399994
0.8245812654495238
0.717227816581726
0.6954294741153716
0.8240877985954282
0.7686960101127625
0.7909318804740904
0.7965351939201354
0.7948190867900846
0.8085666894912718
0.7544838488101958
0.7133499085903167
0.740049213171005
0.7332935035228728
0.7935018837451933
0.6927766799926757
0.781184524297714
0.6843580305576322
0.8686804473400114
0.6990858316421508
0.841241121292114
0.7595241963863371
0.7045805454254149
0.8456671833992002
0.738559693098068
0.6840696334838867
0.739660859107971
0.7107712626457213
0.806822210550308
0.7966853380203246
0.7217587828636168
0.717988610267639
0.8300424814224242
0.7995210886001585
0.8190974295139312
0.8401180505752562
0.7471301853656767
0.7433715760707854
0.7745236754417418
0.7300319373607634
0.7466703653335571
0.7697220146656035
0.7762801349163054
0.7652662396430967
0.7219809293746946
0.7769580483436584
0.8120018243789672
0.7919193506240843
0.7707792520523069
0.7816366851329802
0.7331281602382659
0.8525151014328
0.7187773883342742
0.7355622053146361
0.7179886996746062
0.8037993907928465
0.7965818941593169
0.7383269071578977
0.7650393545627593
0.8990382254123686
0.8347390890121459
0.7923843562602995
0.7175951004028318
0.7977420389652252
0.7352231144905089
0.7921598851680756
0.7660515904426572
0.8690622746944425
0.7437022328376769
0.818347543478012
0.7079934477806089
0.7544456720352172
0.8299404084682463
0.7172278463840482
0.7974950671195981
0.804904669523239
0.745492488145828
0.8240287899971008
0.7955394983291625
0.7231316864490508
0.7663095295429229
0.7062427401542661
0.7778127789497373
0.8083274960517882
0.8184037208557127
0.7513397336006163
0.7965184450149535
0.7754954993724822
0.8181749880313872
0.6843581199645995
0.7158064842224119
0.7324065268039702
0.7499093413352965
0.8286705017089843
0.7492633759975432
0.875103324651718
0.7985800504684447
0.7728396952152251
0.7178834974765775
0.7806715071201323
0.7315914630889891
0.6942978799343108
0.7470743358135221
0.7653449475765227
0.8302475214004517
0.7461849451065062
0.6828871965408324
0.6844123899936675
0.8180835247039793
0.7457745373249052
0.74312025308609
0.8403076529502866
0.6892667412757872
0.7985534965991973
0.6732903122901914
0.8405769169330595
0.8266029357910156
0.7049478888511655
0.7045806050300597
0.7448337674140929
0.7813364565372467
0.7641561031341552
0.6939587295055388
0.6832301020622252
0.840886980295181
0.6931700706481931
0.8296808302402495
0.8018326461315153
0.7171735167503355
0.8135035037994385
0.8235090672969816
0.7995405495166777
0.6955928504467009
0.6975112259387969
0.7912870049476622
0.8195125460624694
0.7532043159008025
0.7418582141399381
0.7668038904666898
0.7606715261936186
0.7984355092048644
0.7726497352123259
0.8396695852279662
0.7190367579460143
0.8066758513450621
0.8037971258163451
0.7864326834678649
0.7666890919208526
0.7454265654087066
0.7353691160678862
0.7271060645580291
0.7323513329029082
0.8347112238407133
0.8249700665473937
0.8148012161254881
0.725985914468765
0.8100765049457549
0.6860463619232177
0.7821638882160185
0.7656818032264708
0.7721257805824279
0.7163585126399994
0.8019692897796629
0.759880870580673
0.7750333249568937
0.660776138305664
0.7852000296115875
0.6939851045608519
0.7407297790050504
0.7078182995319365
0.7607176005840299
0.7924707531929014
0.70935583114624
0.7417955994606017
0.8743804097175596
0.8494163453578947
0.8037518560886383
0.7708102762699126
0.7925429344177245
0.7546267807483672
0.8721016347408294
0.7060794830322265
0.805030971765518
0.8523420691490172
0.7102982699871062
0.7120356559753417
0.7926464676856995
0.6966380178928375
0.7339910566806793
0.7879222035408019
0.776018887758255
0.7883324027061461
0.6950622797012327
0.8298816382884978
0.8032921254634856
0.7855926156044005
0.7972039282321928
0.8027476966381071
0.7976493835449218
0.6868821382522582
0.863603204488754
0.7049759924411773
0.8135065436363218
0.7745138704776763
0.711671471595764
0.8034246265888213
0.7228808701038358
0.7424921989440917
0.6836762130260466
0.7415348887443541
0.7533327937126159
0.7769262790679929
0.775695502758026
0.7945290505886077
0.7894202470779418
0.6821003258228301
0.8021357059478758
0.7874429523944854
0.7330872118473052
0.7961488962173461
0.808702528476715
0.7207726836204527
0.7426730394363402
0.8346120715141295
0.7881495654582976
0.824213534593582
0.7806228101253507
0.8573686480522155
0.7467475831508635
0.7930533289909362
0.6501262485980986
0.8405877351760863
0.7587644159793853
0.7131178677082061
0.7876016795635222
0.8079263865947721
0.6637717783451079
0.7618330419063566
0.7976495027542112
0.683597296476364
0.8243146836757659
0.7249553799629211
0.8403259813785551
0.7464762926101683
0.7659209668636321
0.6843580305576323
0.7316590845584867
0.7164128124713895
0.7213226556777952
0.7503025531768798
0.7970128357410428
0.740692764520645
0.705762892961502
0.6895506381988524
0.7325535416603087
0.6622467041015624
0.7464405298233031
0.7238807976245879
0.7476515471935271
0.7235796749591825
0.7518412768840788
0.800432115793228
0.6729474663734435
0.725970447063446
0.7072336375713347
0.7469523847103118
0.7857472300529479
0.8576921820640564
0.7196224331855772
0.7613222897052764
0.8247324526309966
0.7370035350322722
0.7426493465900419
0.7382153570652007
0.6935372054576873
0.8138463497161864
0.7544145584106445
0.8814940750598906
0.8409479558467863
0.8057079911231992
0.7311307489871978
0.8466434776782988
0.786890685558319
0.6721867322921752
0.7750997245311736
0.771393299102783
0.7557937502861023
0.6931438148021697
0.6718193590641021
0.7711103856563566
0.7180467844009398
0.8575918972492216
0.8000919222831724
0.7761538326740263
0.7518353462219237
0.6728492975234984
0.796993851661682
0.8207250535488126
0.732587158679962
0.760958969593048
0.7401072680950163
0.7597403526306151
0.6541517376899718
0.8756083548068998
0.7188618779182434
0.7235001027584075
0.6607760787010192
0.7705552875995635
0.717988759279251
0.6973435580730437
0.813855081796646
0.7219809293746946
0.7927126586437223
0.7663811147212981
0.7616279721260071
0.7193308472633361
0.7219891846179961
0.819587081670761
0.7295485138893126
0.7235618531703948
0.7820177674293518
0.8416597247123716
0.7343157529830932
0.7160193920135497
0.7918552458286284
0.7458907961845397
0.7049478292465209
0.8192986845970153
0.6954803764820098
0.7431852519512175
0.838885724544525
0.7916347980499266
0.8188449144363402
0.7735580801963806
0.8187558948993682
0.7373220324516296
0.6718439757823943
0.7656818330287932
0.696407616138458
0.8577251136302945
0.7075140476226806
0.7616097927093505
0.7179886400699614
0.7591319084167478
0.7053694427013396
0.6664642989635465
0.7171735763549804
0.7375514507293699
0.6963291764259336
0.7912634313106535
0.7766683697700499
0.7761720418930051
0.7102297842502593
0.7703424990177153
0.7192290425300597
0.7497862875461577
0.8184046745300291
0.7464078366756438
0.8523652255535124
0.6959862411022185
0.7958354651927947
0.7437338829040526
0.7142189443111419
0.6963536441326139
0.7213121652603148
0.6622467637062072
0.7592066824436187
0.6604333221912383
0.7129749357700347
0.8136641979217529
0.7607187330722808
0.7196224927902221
0.741653025150299
0.7970890402793882
0.6637489199638366
0.7215048074722288
0.7248072028160094
0.7548689544200897
0.9169145226478576
0.7186986207962035
0.7188617289066312
0.6980629563331603
0.7979135215282439
0.8294212222099304
0.7650999426841735
0.6977023780345915
0.8576396107673644
0.7184944748878478
0.740922451019287
0.7227738201618193
0.8459731042385099
0.7166775465011596
0.7653207480907438
0.6982720792293547
0.7315915822982787
0.7316297590732573
0.7610702514648436
0.7750627994537352
0.7471578717231748
0.765550523996353
0.742104798555374
0.7823872566223142
0.6939585804939269
0.7406838238239287
0.7453643679618833
0.8036707043647765
0.7582959532737731
0.8406444489955901
0.8025707006454467
0.6947196424007414
0.781327813863754
0.7470233142375944
0.6840189099311828
0.7057629525661467
0.7171735465526579
0.6844121813774108
0.7893506586551665
0.7885652482509612
0.852168023586273
0.805050879716873
0.7179886400699614
0.6518661379814148
0.9019258320331573
0.741653025150299
0.7155604660511016
0.7818581759929656
0.7871153354644774
0.7758738100528716
0.8407948613166808
0.7057629823684691
0.7670461237430571
0.6744724214076995
0.7611727714538573
0.7711781859397886
0.8924184143543242
0.7803897857666013
0.7866326868534088
0.7456213533878325
0.7662022113800048
0.7864326834678649
0.9048970341682433
0.8189360201358794
0.7476437389850614
0.6946687996387481
0.7552900314331052
0.8518846929073334
0.6863890290260313
0.7215355336666105
0.8458507359027861
0.7520230412483214
0.8159651160240173
0.7467572093009949
0.8296117186546325
0.716806411743164
0.7232911586761472
0.7702567875385283
0.7453510165214537
0.7353610098361968
0.7306114733219146
0.7611460387706755
0.6947196125984191
0.7758105397224426
0.7656799852848052
0.7819480597972869
0.682126611471176
0.7445487380027769
0.7635740637779234
0.770543873310089
0.7181011140346526
0.7317720651626586
0.8190959990024566
0.7959828674793241
0.7915482521057128
0.7352220714092254
0.813714325428009
0.7420732676982879
0.7979174852371214
0.7763918042182921
0.8036375939846037
0.8296698033809661
0.7656496763229369
0.8582344949245451
0.7749776840209959
0.8155858516693114
0.7604019045829772
0.730814605951309
0.7939146161079406
0.7559540569782256
0.7860851883888244
0.7753086686134336
0.8347429037094115
0.7378522455692289
0.7859857976436615
0.7639186978340147
0.7673470377922057
0.7708332538604735
0.673762410879135
0.6618796288967131
0.7807500958442685
0.7927783429622649
0.7339417636394499
0.7755244970321654
0.7946803569793699
0.834902763366699
0.7917703092098234
0.7421048283576964
0.823715716600418
0.8137034475803374
0.7079884707927703
0.8452788591384885
0.7082503139972686
0.7416832149028778
0.7192290127277373
0.7354609966278076
0.7920020520687102
0.7210946083068847
0.7872826159000395
0.8121551871299741
0.7722426056861875
0.721566081047058
0.7705814242362974
0.7510111331939695
0.8019026219844817
0.7204512059688567
0.6858830153942107
0.7480081319808959
0.8356170952320098
0.7288620769977568
0.7482995986938474
0.7558975219726561
0.7405700087547301
0.7246316373348235
0.7613569498062133
0.7829268872737883
0.7650108039379119
0.8573133647441863
0.7338342964649199
0.7977648973464965
0.7653736770153045
0.7215977311134337
0.7635949552059172
0.6836479306221007
0.7117255330085753
0.7378545999526976
0.7094640433788298
0.8348374962806699
0.8862685859203336
0.7066362798213958
0.7788043618202207
0.8095674514770507
0.8696267306804655
0.7760215103626251
0.7601138055324553
0.7061302065849303
0.7677043974399566
0.8580890595912932
0.7813081443309782
0.773315280675888
0.8237292170524595
0.7943304777145386
0.717988610267639
0.8597485423088073
0.7732208669185636
0.7468812167644499
0.7203868031501769
0.8139838278293609
0.7082758247852324
0.7724832594394683
0.7061844766139983
0.6959862411022185
0.6943523287773131
0.6615367531776427
0.7522257268428801
0.7500762939453124
0.8463854193687437
0.8401117622852323
0.7300155758857725
0.8344073891639708
0.7356355190277097
0.6824938356876372
0.817733108997345
0.8052037954330444
0.7784780263900756
0.8133588731288908
0.7910931110382079
0.8076505362987517
0.7851988971233367
0.7078416049480438
0.8433312773704527
0.7438553869724273
0.8320809602737427
0.7309941947460172
0.7106913924217223
0.7400490641593931
0.7478786408901212
0.710245370864868
0.7402716279029845
0.6730017066001891
0.7187773883342742
0.8132686614990233
0.8007741570472715
0.8337216079235076
0.6717932820320128
0.7770862579345701
0.7057630121707915
0.7355622947216033
0.6828873455524443
0.8462047278881072
0.7285980582237244
0.8181911110877989
0.7909487485885618
0.786548763513565
0.8188664615154265
0.8456287086009977
0.673657476902008
0.8236564099788664
0.76097172498703
0.7328914701938628
0.7215355336666105
0.7164129316806791
0.8060300350189208
0.7164128422737119
0.7600449323654175
0.663748949766159
0.8094914853572844
0.7657803297042844
0.7968301773071287
0.782156616449356
0.7709570229053496
0.7456837296485899
0.7216549813747404
0.7669413387775419
0.7225522100925444
0.7919075787067413
0.687161087989807
0.809089332818985
0.7604333758354185
0.7207083106040953
0.6828871965408324
0.7136834263801574
0.6954804360866546
0.6992487609386443
0.7712706625461577
0.7310875356197356
0.7328542470932006
0.7180467247962949
0.6943523287773131
0.7464367151260375
0.7565387785434721
0.8032562732696532
0.8752218186855314
0.859885513782501
0.7195717394351958
0.7302724421024321
0.7963633835315703
0.8286111652851104
0.7164127826690673
0.7841547429561615
0.7759435474872588
0.839803248643875
0.7195717692375182
0.7969892323017119
0.8159784376621246
0.7656462788581847
0.7164128124713895
0.7597895860671995
0.6984002590179442
0.7197975218296049
0.7986810505390167
0.6935373246669768
0.8083530366420745
0.7599923312664031
0.7455181181430814
0.7622837126255033
0.7180534601211546
0.765868306159973
0.8516284227371215
0.7876182496547699
0.6625666320323943
0.6740789413452147
0.8131383657455442
0.7509658932685851
0.7225216031074523
0.7676545381546018
0.8810108602046964
0.7278235554695129
0.7879181206226348
0.6721866726875304
0.7859598696231841
0.6714768111705779
0.7970685064792632
0.6872285902500151
0.8580522537231444
0.7606469988822936
0.694352239370346
0.7510616779327391
0.7366672158241271
0.706268936395645
0.8295487463474273
0.7216733694076536
0.6843582689762113
0.7221874594688413
0.7065780460834502
0.7835923135280608
0.747643619775772
0.7465109527111052
0.745519548654556
0.7339909970760344
0.6729476153850554
0.8292135298252103
0.8141490221023558
0.6730017364025115
0.7293991744518278
0.8026745617389677
0.6733690500259398
0.7341046333312988
0.7880104780197142
0.7454263269901275
0.828417181968689
0.7724676728248595
0.7446994483470916
0.7357363402843474
0.6943523287773131
0.7649434208869933
0.6434545516967772
0.8666386902332305
0.7982978224754331
0.9018237590789795
0.7657474875450133
0.7169454693794249
0.6718438863754271
0.8295810222625731
0.74508199095726
0.7073968648910521
0.7866889238357544
0.7630564272403717
0.6858830153942107
0.7659781873226164
0.8410745561122892
0.7451047003269194
0.7723348140716553
0.7224159836769103
0.777273267507553
0.6618794500827788
0.7478111684322356
0.8138830959796904
0.887035697698593
0.6997301578521727
0.7278235554695129
0.7805027961730954
0.7738988399505614
0.6935372948646543
0.7698590159416198
0.684412360191345
0.7206084430217742
0.7260621190071105
0.7539633810520171
0.7977359294891355
0.8246493935585021
0.8040029108524321
0.7589952349662779
0.7077395617961881
0.7939329743385314
0.7574877440929412
0.7006323635578154
0.7654943466186521
0.7172278761863706
0.8197337090969083
0.7633623480796814
0.7656496763229369
0.7598969042301177
0.8160904049873351
0.6838665604591369
0.6997301578521727
0.8081476390361786
0.6942979991436005
0.7410047948360441
0.7242106497287748
0.6512033045291901
0.746444284915924
0.7423219382762907
0.8083299398422239
0.8293674886226652
0.729457527399063
0.8243539035320282
0.8124838173389434
0.7870779931545255
0.8348591327667234
0.838189125061035
0.6852856278419494
0.8184493482112882
0.8077674508094786
0.7655059099197388
0.7663675546646117
0.8071919977664946
0.8405873179435728
0.7202553749084472
0.7684963345527647
0.7538266777992246
0.7247001826763151
0.7815141081809996
0.7868705093860624
0.7384739220142363
0.7919689416885375
0.7925113141536712
0.7745139598846434
0.8185094296932219
0.7372170984745023
0.874692380428314
0.7980636358261107
0.8345702886581419
0.7220914065837858
0.7416832447052001
0.6853363811969756
0.7179886400699614
0.7225691378116607
0.7818880975246428
0.8717789351940154
0.7192149162292478
0.8515724837779998
0.7341012358665465
0.7320982217788695
0.7972634732723235
0.8087664246559142
0.66290944814682
0.8232828378677366
0.7115331590175628
0.7598869204521178
0.731087565422058
0.7806296348571775
0.7453970313072203
0.7871251702308653
0.7588681280612944
0.8075987100601195
0.793691337108612
0.6974568665027616
0.7315152585506438
0.7501513063907622
0.8412404358386992
0.8807296156883238
0.7609809339046477
0.6512296497821807
0.8300853371620177
0.7245661914348601
0.8542741537094115
0.6515968739986417
0.6707160770893097
0.7455883622169494
0.7435711324214934
0.7567473649978637
0.8408865630626677
0.7655758857727049
0.8555556535720823
0.7103192806243895
0.7910207211971281
0.7851343750953673
0.8265709578990935
0.6416095495223998
0.7697466909885406
0.776517629623413
0.7179885804653166
0.8035599589347837
0.6756546795368193
0.887000799179077
0.7250194549560546
0.6714767515659331
0.7188618481159208
0.7079716026782988
0.7175950109958648
0.8354668915271758
0.6850748956203458
0.8463411629199982
0.8045120239257811
0.8129345774650574
0.7921878695487975
0.7225691974163053
0.7672423422336576
0.725912272930145
0.7463039457798003
0.7610708177089689
0.8543722331523895
0.7719482779502868
0.774532914161682
0.7357691824436187
0.6951671540737151
0.7140431702136991
0.7999229431152343
0.7204659581184386
0.7489595413208006
0.7846214473247526
0.7496161758899688
0.6508361995220184
0.7434998452663419
0.721812218427658
0.7053694128990172
0.7217943966388701
0.9047035872936249
0.7406270503997802
0.8519343137741088
0.7187567949295042
0.7375537753105162
0.7462257146835326
0.7452896833419798
0.7417957186698911
0.7865736186504363
0.7098574638366697
0.8105079829692838
0.8455073237419128
0.741737514734268
0.7417479753494263
0.7432081401348113
0.7755503356456754
0.7304475009441375
0.7425240874290465
0.7552029192447661
0.7334174811840056
0.6718194782733916
0.6618796288967131
0.744986742734909
0.8408635854721068
0.7956499457359313
0.6851729452610014
0.7768842875957487
0.7600212395191192
0.8517906665802
0.7844626903533934
0.7456633150577544
0.6416095495223998
0.8178292512893677
0.7905638813972472
0.7667838633060453
0.7122795283794401
0.8235229551792143
0.8362302184104917
0.7433713078498838
0.706945240497589
0.7103192806243895
0.8074054419994352
0.8019070625305175
0.6717931926250457
0.8372179269790649
0.8401271104812621
0.7781385183334348
0.7695322036743163
0.8076638579368589
0.8182939589023589
0.6946407854557036
0.7156258523464201
0.8017406463623045
0.7476073205471038
0.7965705990791319
0.7649880945682523
0.7726911604404448
0.695592701435089
0.7745550274848937
0.750688850879669
0.6979199349880217
0.7413825094699859
0.8186155855655669
0.7765592932701109
0.7303954362869262
0.7236624360084531
0.7302725613117217
0.684412360191345
0.7631665468215941
0.7422582209110259
0.6947195827960967
0.7721956074237823
0.7671201527118681
0.7172279059886931
0.7759346663951874
0.7878942787647246
0.7216547429561615
0.7188616693019866
0.6832037568092344
0.696637988090515
0.7078183889389037
0.770810455083847
0.7469424903392792
0.8460848331451415
0.83505442738533
0.8297488093376159
0.7090967297554015
0.7212805151939391
0.7358768582344053
0.6946407556533812
0.817544251680374
0.6714766919612883
0.887154459953308
0.8518719077110289
0.7605034708976744
0.8632855117321013
0.7847507596015929
0.7806034088134765
0.6947196424007415
0.6726590692996978
0.8542900681495664
0.781203269958496
0.7479108273983001
0.6519167125225066
0.8004322648048399
0.7254413664340972
0.8050977885723112
0.9049583375453948
0.7454220652580259
0.7073460221290587
0.7408641576766967
0.7964605689048766
0.7300725877285003
0.6963290572166442
0.7413682937622069
0.7440478205680847
0.6956706643104552
0.7818580865859984
0.7669906020164489
0.8187077343463898
0.7758787870407103
0.8080437481403349
0.6515968441963195
0.7531327903270719
0.6764661073684692
0.7849374711513518
0.6946407556533812
0.792187839746475
0.7405197620391845
0.7026924192905425
0.7314758002758025
0.812594711780548
0.7182066738605498
0.6935373246669768
0.7564612329006193
0.8011545240879058
0.8697758018970487
0.7718812823295593
0.663670241832733
0.7304885685443876
0.7821936905384062
0.7554327547550199
0.7301091849803922
0.8661455512046813
0.6732167601585387
0.7965070307254789
0.7471432983875274
0.8192663788795469
0.7371635735034942
0.7245280742645261
0.7191053330898285
0.7297796607017516
0.6966380774974822
0.7723390161991117
0.7188619077205656
0.7020491063594817
0.7922910153865812
0.7232913374900817
0.7693908810615538
0.7910557091236113
0.742985039949417
0.7146312594413756
0.7968205809593198
0.8239148259162902
0.790858745574951
0.7193326652050017
0.7499003410339354
0.6844122409820556
0.7254842221736907
0.7417376339435577
0.7754462063312529
0.8405398726463317
0.7757707238197327
0.7975056171417233
0.7617830634117125
0.7179886400699614
0.8492127954959868
0.6833088696002959
0.7928732335567472
0.7767649590969083
0.7367653250694275
0.8060883581638335
0.7942692935466764
0.6739775240421294
0.6996316611766814
0.721091479063034
0.6989992856979369
0.7647551596164702
0.6844124495983123
0.8246776461601256
0.6954801976680755
0.755577892065048
0.8572241365909575
0.7057628631591796
0.8513897359371183
0.7497976422309874
0.6717932820320128
0.753905028104782
0.7294405698776243
0.7981099784374235
0.8138998448848724
0.8055495023727416
0.7630000710487364
0.642319619655609
0.7188619375228881
0.8986886441707609
0.7855279147624967
0.7768674492835997
0.7109274864196777
0.6718439161777495
0.7617632746696471
0.7362872064113617
0.7001913487911223
0.7049759626388549
0.7933425009250639
0.6947195529937743
0.7207725644111633
0.7968225777149198
0.7308989167213439
0.6947195827960967
0.8349856734275817
0.8021711707115172
0.7496765851974485
0.7763870358467101
0.7317938208580016
0.7293991744518278
0.7965308129787444
0.8231990337371824
0.7802966833114622
0.7307839691638947
0.7294574677944182
0.6729474663734435
0.7126898169517515
0.7970891892910003
0.7416831552982329
0.6954558193683623
0.7343158721923827
0.7655833959579466
0.6733689904212952
0.6844124794006347
0.7339909970760344
0.6947195231914519
0.7617985308170317
0.6836480796337127
0.7117860317230222
0.7853214740753173
0.7106314897537229
0.7417374849319457
0.7254415154457091
0.8240515291690825
0.7112321257591246
0.7388026416301726
0.663429021835327
0.781150847673416
0.7911930382251737
0.7368672192096709
0.8289463222026823
0.7653137147426604
0.7108125090599059
0.6942979693412779
0.6990720033645629
0.7167800664901732
0.7672859430313109
0.6416095495223998
0.6843580305576323
0.6726590096950529
0.7747520208358762
0.711400419473648
0.765891373157501
0.7653020322322844
0.741795688867569
0.6837023198604583
0.7443070411682128
0.7310511469841001
0.6615366935729979
0.7605699002742766
0.6718438863754271
0.809334248304367
0.792481243610382
0.741694152355194
0.6851731538772582
0.6828873455524443
0.7562624514102934
0.6966962218284605
0.7310511171817778
0.8287717401981353
0.7988479137420653
0.7716038227081298
0.8083696961402892
0.7242628335952758
0.7217586636543273
0.8520596921443937
0.7885486185550689
0.7607448399066924
0.7974742054939269
0.7867393791675564
0.7487876117229461
0.8181919455528257
0.6733689308166503
0.8812452256679533
0.9077304303646085
0.7310875356197356
0.7222424447536467
0.7812753021717072
0.7062333226203917
0.6615368425846099
0.7919566631317138
0.8579107522964476
0.813103914260864
0.808647871017456
0.7980079054832458
0.662297487258911
0.753148019313812
0.7552437186241149
0.7382497787475585
0.6721867024898528
0.7507172524929046
0.7812546193599698
0.8699817061424254
0.690994769334793
0.8307200968265532
0.8057255148887633
0.6950623691082
0.6951130628585814
0.8192957341670988
0.7707552015781401
0.8079263865947721
0.8457604646682737
0.6927762925624846
0.6855946183204651
0.7766683101654052
0.818144232034683
0.8206216394901275
0.7547547817230223
0.7728883624076842
0.7304505705833435
0.6947196125984191
0.7771596312522886
0.6515968739986417
0.7613469064235685
0.7508352398872374
0.7282168567180632
0.803474187850952
0.840663820505142
0.7752206921577451
0.7671658098697661
0.7376029789447783
0.7810737192630766
0.6959860324859618
0.6730017066001891
0.7003255188465117
0.8195819854736327
0.7811881005764005
0.7604396343231199
0.7539561986923218
0.7732037007808683
0.696260780096054
0.7920392751693723
0.7622988522052763
0.6955344676971434
0.7155977487564086
0.8634139001369474
0.7661805152893064
0.8125725686550139
0.745124280452728
0.7761189341545104
0.7918258607387542
0.723571091890335
0.73661208152771
0.8573490381240844
0.7021434009075164
0.8075464069843291
0.7810384035110473
0.7408591508865355
0.8635416626930235
0.753918021917343
0.6840188801288603
0.7619572579860686
0.7064729332923888
0.7671691775321959
0.7061845064163207
0.8026149272918699
0.8403276503086088
0.723241478204727
0.8462925255298613
0.8170505464076995
0.7286385595798491
0.8119414150714873
0.8304033279418943
0.7215048968791961
0.7463295757770536
0.7726911604404448
0.7320609092712401
0.7535541355609893
0.778369516134262
0.754061758518219
0.6991093158721923
0.7602232992649077
0.7382256984710691
0.7366119921207427
0.7223767638206481
0.8290964066982268
0.7668296992778776
0.7709534168243406
0.8036262989044188
0.7172016203403472
0.7193308472633361
0.7276136577129363
0.7434618771076201
0.6545452773571013
0.7216636240482328
0.6618532836437224
0.7354992628097532
0.7462257146835326
0.8032410144805906
0.6844124794006347
0.7505597472190855
0.6637489199638366
0.7469564974308013
0.7462812960147857
0.8077111840248106
0.7394292652606964
0.7454541325569152
0.7912851870059966
0.7216547429561615
0.7164129316806791
0.7592073380947111
0.7271769046783447
0.7056578695774078
0.7378770411014556
0.6541517376899718
0.6986000835895537
0.735975384712219
0.7103110849857328
0.8257628977298735
0.762073665857315
0.6931437849998473
0.8136936128139495
0.7215659916400907
0.6740789413452147
0.7844481766223906
0.7927323877811429
0.7409225404262542
0.7339909970760344
0.7974473834037779
0.7235821783542632
0.7242450118064879
0.7178836464881895
0.7405601441860198
0.7654731571674346
0.8416001200675963
0.6873252093791961
0.7855880856513976
0.7352265715599058
0.6935372948646543
0.6847796142101287
0.6844123899936675
0.7319335937499998
0.7111823856830596
0.7375129461288451
0.76687353849411
0.7109244465827941
0.8129687905311582
0.8091485798358917
0.7459473609924314
0.779476523399353
0.7668342590332029
0.738737404346466
0.7171735763549804
0.8464665412902831
0.7418582737445831
0.7860135436058043
0.7964850068092344
0.6927766203880309
0.7909741401672362
0.7323550581932067
0.7116715013980863
0.8187479376792908
0.7207728326320647
0.7077826857566832
0.7677042484283446
0.6959862112998961
0.7183050513267517
0.7972290217876433
0.7704485058784483
0.6729474663734435
0.6629568338394164
0.8300033211708068
0.7505524456501007
0.779008001089096
0.7268531322479247
0.792383223772049
0.7453972697257994
0.745257943868637
0.6979485452175139
0.6718438863754271
0.6960923075675963
0.7409222424030303
0.717227816581726
0.6978555619716643
0.7399754226207733
0.7360153496265409
0.7522571086883544
0.7453972995281218
0.7061844170093535
0.7025465667247771
0.7305608391761779
0.6618532538414
0.7069450020790099
0.8354668915271758
0.7573193609714507
0.771491914987564
0.7411418557167051
0.8022415339946746
0.759887009859085
0.818211108446121
0.6866980493068694
0.7675905227661133
0.7529279589653013
0.7710896134376524
0.7707216739654539
0.7325066626071929
0.7792403995990752
0.7081576883792876
0.8081593811511992
0.7204956412315366
0.6959862112998962
0.6942979991436005
0.7909581065177915
0.7386785149574279
0.7471803128719328
0.7217655479907987
0.6983158290386199
0.8130009472370147
0.677073448896408
0.8251082003116607
0.7985387146472929
0.7731327414512633
0.7508656978607177
0.8351344466209409
0.7101424336433408
0.707739621400833
0.840728998184204
0.7907824218273163
0.6991091668605803
0.7598870396614074
0.6958231925964354
0.803779363632202
0.745668202638626
0.6935371458530425
0.7188618481159208
0.8864247202873228
0.7637028992176055
0.7501191496849058
0.7015905082225798
0.8523082733154295
0.7416831254959105
0.7316296994686127
0.6979199349880217
0.7877396047115326
0.7169342935085296
0.8036942780017853
0.7176797091960906
0.8128823041915892
0.8291465342044829
0.8455679118633269
0.7602369785308836
0.6714767813682556
0.6725540459156035
0.642319619655609
0.7818520367145536
0.7220914065837858
0.7977400422096251
0.7945143878459929
0.7284756302833556
0.7225692272186278
0.759114235639572
0.7232912480831144
0.8091657757759093
0.740470767021179
0.8809199929237365
0.7073969542980193
0.7995963394641876
0.7316465377807616
0.755717635154724
0.7918562889099119
0.7528680860996245
0.7095021903514861
0.694247245788574
0.6935372948646544
0.6962445676326751
0.754303216934204
0.7467354834079742
0.7208384573459624
0.7457713186740874
0.7317163944244385
0.7490321397781371
0.7701608836650847
0.7483145296573638
0.7987273037433623
0.7798759937286375
0.663429021835327
0.6833088994026183
0.6757390499114989
0.8287441134452818
0.7214652895927428
0.756545603275299
0.6710832715034483
0.8546207249164581
0.722105413675308
0.695113033056259
0.852180927991867
0.7616278529167175
0.7305314540863036
0.7361563444137571
0.6946406960487365
0.7710139751434325
0.7244210839271543
0.68249374628067
0.721488445997238
0.7416529357433318
0.7766461968421935
0.7497232258319854
0.6640917062759398
0.7711595892906188
0.7639598548412321
0.7217346429824828
0.757694214582443
0.7469117939472196
0.7321110963821409
0.7548109591007232
0.7405700087547301
0.7689216434955596
0.6939588785171508
0.8579377532005309
0.7909332215785979
0.7609986066818236
0.8416597247123716
0.8406155705451964
0.7726913094520568
0.740049123764038
0.7814538180828093
0.7815118730068206
0.77002876996994
0.7094641029834745
0.7302725613117217
0.7545976936817169
0.743733763694763
0.7965783476829528
0.7081068754196166
0.7250848114490508
0.8186730742454527
0.745775371789932
0.7455109059810636
0.7164127230644226
0.9110509455204009
0.6982557177543638
0.7356156110763548
0.8515321910381316
0.7809600532054899
0.8144073486328124
0.764528602361679
0.8243381679058074
0.7323317527770996
0.8527732193469999
0.6867090463638305
0.7733526825904844
0.7725861966609953
0.7171735465526579
0.7480256855487823
0.8292055726051328
0.792843848466873
0.7654731571674347
0.71706023812294
0.6943521499633788
0.6545452773571013
0.6980959177017211
0.7229259312152861
0.7441864609718323
0.7869518995285033
0.6959860324859618
0.8635277748107908
0.776413857936859
0.7357440590858458
0.7582958638668059
0.8192135095596312
0.8023123741149901
0.79287913441658
0.7254842221736907
0.8137691318988798
0.6504933238029479
0.726909428834915
0.67071595788002
0.8236562013626096
0.7113347947597503
0.7417374253273008
0.7769222259521482
0.7102299332618712
0.7809560596942902
0.711199402809143
0.7081069350242614
0.7087394297122954
0.6515494883060454
0.70769464969635
0.6963290572166442
0.841857314109802
0.7168063223361967
0.8242447674274443
0.8462796807289122
0.6828873455524443
0.7881328761577604
0.7305375933647155
0.7661805152893064
0.6959863007068633
0.7190947234630584
0.8400789201259611
0.6622467339038848
0.8303642570972442
0.8929871618747709
0.7816181182861327
0.7624855637550352
0.6729474663734435
0.8296827375888823
0.8190844953060149
0.7769105732440946
0.7453096508979796
0.7218756377696989
0.6625667512416837
0.8245243728160856
0.6935370564460753
0.695062220096588
0.7768843173980711
0.7167801558971403
0.7673063278198241
0.8812852799892423
0.7463327944278717
0.8451482057571408
0.8188136219978331
0.7918640971183776
0.7611300945281981
0.8023366630077361
0.7762195765972135
0.8020821213722228
0.7069450914859771
0.7581045925617217
0.7527777552604674
0.7412647008895873
0.6836480796337125
0.717201679944992
0.7112572193145751
0.765389025211334
0.7923229336738585
0.6951129734516143
0.80745792388916
0.7810655832290648
0.706945240497589
0.7466210722923278
0.695062220096588
0.683597445487976
0.7971441745758056
0.7768240272998806
0.7552272081375122
0.7085286080837249
0.694247245788574
0.804904669523239
0.7101041376590728
0.7721363902091978
0.6653583347797393
0.7162148058414458
0.6515968739986417
0.8517722487449644
0.8317722082138059
0.7461609542369841
0.7820149064064026
0.7155978381633757
0.7961084842681884
0.6950623393058776
0.7860619127750396
0.653074562549591
0.7670090794563292
0.7305158376693724
0.7442593276500701
0.7080486416816709
0.8291882574558257
0.6851224601268766
0.7311517894268034
0.7375802993774413
0.6979096233844756
0.7773312628269193
0.775691509246826
0.7774775028228759
0.8466191589832304
0.7607957124710082
0.6847796440124511
0.7657795548439025
0.7707347571849821
0.7207726836204527
0.8297779858112333
0.7412897944450377
0.771491914987564
0.8347291946411131
0.7464761734008788
0.8357113897800443
0.7709922492504118
0.7756762802600858
0.7073968350887296
0.7771759927272796
0.7857459187507628
0.8075463771820066
0.7419314086437224
0.7768884897232053
0.6863891482353208
0.7812061607837675
0.7512595653533934
0.7629007697105405
0.7967695593833923
0.8189792633056638
0.770554095506668
0.7997848987579343
0.8432516455650327
0.7180467545986174
0.6852274239063262
0.8143260776996613
0.7921878695487975
0.8988115787506101
0.7172016501426696
0.7414728999137877
0.791021078824997
0.8293619453907012
0.7400771379470823
0.8175373971462248
0.8414036631584166
0.7164128720760344
0.7538266777992246
0.8952933251857756
0.8273267745971679
0.7923493087291715
0.6966961920261382
0.7403131723403928
0.804958313703537
0.6954801976680755
0.8575935065746306
0.788475066423416
0.8021520078182218
0.7484859228134154
0.7250252664089203
0.7859598398208617
0.7074512541294096
0.8171726167201995
0.740872263908386
0.671083241701126
0.7602965533733366
0.7345938086509702
0.695592701435089
0.7061844766139984
0.7772353589534757
0.7404672801494596
0.8303626477718351
0.6729474961757659
0.7497405111789701
0.7570106387138364
0.7172016203403471
0.7729718387126921
0.6416095197200774
0.8578409850597379
0.6958229839801786
0.7079884707927703
0.7257573604583738
0.7205526828765868
0.7345255017280578
0.7314229011535643
0.7463324069976807
0.722076117992401
0.730384975671768
0.7073968648910521
0.74215230345726
0.7922323644161223
0.7466337978839874
0.7863766252994536
0.8018120825290679
0.7915603816509245
0.6959355175495147
0.693537265062332
0.8230933248996734
0.696696251630783
0.7609984278678893
0.744669646024704
0.801832765340805
0.7629714012145996
0.7167800962924956
0.7355623841285703
0.6956189572811126
0.7212717831134795
0.8150676190853117
0.7184683382511138
0.7925183475017546
0.7967346012592313
0.6794355511665343
0.7188618481159208
0.7190105319023131
0.7164126336574553
0.7970468103885648
0.6877498626708983
0.6847795248031615
0.6844124794006347
0.7411602139472961
0.7371807396411895
0.7081576883792876
0.6714767217636107
0.7421621680259703
0.8017492592334746
0.6732901334762572
0.7275979816913605
0.7435784637928008
0.7903879880905151
0.8084170520305632
0.7474629282951354
0.729718267917633
0.7681504189968108
0.7605236470699309
0.741623282432556
0.6950079202651976
0.7459320425987243
0.7434619069099425
0.7238548398017882
0.7968262434005736
0.7916547656059263
0.8296827375888823
0.7192290127277373
0.6951130628585814
0.6851730346679686
0.7294574677944182
0.8297181725502014
0.7181012332439421
0.7572050988674163
0.7222016751766204
0.8130947053432463
0.7416830658912656
0.759923756122589
0.8039433360099791
0.6993475854396819
0.6630617678165435
0.736659288406372
0.7409707605838773
0.7205863296985625
0.6726343631744384
0.8001978695392605
0.7706904113292692
0.7983349561691282
0.7474629282951354
0.7188617885112761
0.7751955687999723
0.7599829137325287
0.813259869813919
0.7440476715564726
0.741737425327301
0.6615366935729979
0.7196227014064787
0.7312758564949035
0.8248057663440703
0.8294509351253508
0.8071661591529844
0.7776792347431182
0.787282645702362
0.8059948086738585
0.8928666412830351
0.7862727940082548
0.7035238742828367
0.7843674719333648
0.8239822089672088
0.7295117378234862
0.7754653394222258
0.7860728800296783
0.6942980289459227
0.7974232137203215
0.7814480960369109
0.7155977487564086
0.6722374558448789
0.813963323831558
0.6729474663734435
0.6852275729179381
0.7400491833686826
0.693958818912506
0.6828872561454772
0.7762690186500548
0.8636722862720488
0.8246739804744719
0.8524548709392546
0.6935372948646544
0.7769014239311216
0.7115314304828642
0.8056168854236602
0.7172016501426696
0.7212487757205963
0.6625666320323943
0.7449979186058043
0.7053694128990172
0.7833628952503202
0.8294704854488373
0.8419317603111266
0.7408642172813413
0.8081290423870086
0.7710850536823273
0.6625666320323943
0.8576735258102416
0.7413619458675383
0.7457776963710784
0.6508361995220184
0.7164129316806791
0.7203326523303983
0.7505806088447569
0.7822074890136717
0.7263319194316863
0.7699227333068845
0.6935370564460753
0.6717931926250457
0.7228848040103911
0.6836761236190795
0.7238808274269102
0.7383665144443511
0.7916065156459805
0.8236024379730223
0.6931700110435485
0.6966381967067717
0.8181799054145812
0.7723447084426879
0.7561386823654174
0.807186722755432
0.7971560060977934
0.7164128720760344
0.7352264523506163
0.8414155542850493
0.7463074922561646
0.7172279059886931
0.7372758388519286
0.7218527495861053
0.693537265062332
0.7564588785171508
0.7178835272789
0.8483884036540984
0.7708958089351652
0.7468721568584441
0.8377092480659484
0.742618829011917
0.7347306609153748
0.7069450318813323
0.8117405176162716
0.8185777366161346
0.8806004226207732
0.7422715723514555
0.6729474663734435
0.68435800075531
0.7451749145984647
0.6714260578155516
0.6638225317001342
0.760914146900177
0.7609743177890776
0.6862571239471434
0.6954802572727202
0.7915278077125548
0.7470233142375944
0.8479464948177337
0.696637988090515
0.7882476150989531
0.7642777860164641
0.7711966037750242
0.7715139985084533
0.8695427477359771
0.6832546889781951
0.7766740918159484
0.8183344602584838
0.6821004450321196
0.7817327380180357
0.7223993539810178
0.7304474413394926
0.7456509768962859
0.7764685750007628
0.9138892889022825
0.7478786408901212
0.8401176631450653
0.729756861925125
0.7815783619880674
0.6714766919612883
0.7005890905857085
0.7716571390628815
0.7812068462371825
0.7880636751651762
0.8133378922939298
0.6978096663951873
0.7556385993957518
0.7463326454162597
0.7360993027687072
0.8134877383708953
0.7402715384960172
0.8051609694957732
0.7416831254959105
0.7605837583541868
0.8075157403945922
0.7163602113723754
0.684627205133438
0.6935371458530425
0.7887439131736753
0.8898287117481231
0.7057630121707915
0.8288930952548978
0.7474375367164611
0.7911865115165709
0.7460614144802091
0.7210786640644072
0.7641328275203703
0.7899816930294035
0.7704069912433622
0.7708103060722351
0.7210257351398467
0.7764017283916472
0.7870089411735534
0.7049477994441985
0.7604844868183135
0.7545828521251677
0.8107899725437163
0.8184900283813475
0.6722373068332671
0.7563114166259765
0.716834396123886
0.7713311314582824
0.7832288146018981
0.7171735763549804
0.7785007655620573
0.7207212150096891
0.7411515712738037
0.7516762018203734
0.6600660979747771
0.8247946500778198
0.8190696537494658
0.7465110421180724
0.7457211315631865
0.7997548282146453
0.8190962970256803
0.7314777970314025
0.7850559651851653
0.7743801176548002
0.7454538643360136
0.6416095197200774
0.7912212908267974
0.7155978083610535
0.693904548883438
0.7130585312843322
0.7887529134750365
0.7493101358413695
0.7471309304237365
0.7406384348869323
0.6955346167087554
0.7302723824977874
0.7536059021949766
0.7827626466751096
0.6968529820442199
0.7031830251216886
0.6927762925624846
0.8080433607101439
0.8581258058547974
0.7655759453773497
0.674129694700241
0.7403987050056456
0.7416831552982329
0.6416095495223998
0.7580395638942715
0.8013540804386138
0.7677536308765409
0.7353863418102263
0.7568716406822202
0.7002863287925719
0.8024474084377287
0.8027329742908477
0.7050023972988128
0.7755500972270963
0.7707276940345762
0.8100355565547943
0.7539827227592468
0.7434603869915006
0.6726590096950529
0.84656885266304
0.7580324113368988
0.7122685313224791
0.8079302310943604
0.6832301020622252
0.6946406960487365
0.7188617885112761
0.7581790983676908
0.8129638731479643
0.7458973228931425
0.6732900738716124
0.7345683574676513
0.7691747248172759
0.7543303668498991
0.6946406364440917
0.812749296426773
0.743728458881378
0.8177229464054107
0.6958773434162139
0.7882944047451017
0.717286020517349
0.7018798291683196
0.7069525718688964
0.8051978647708891
0.7551763653755187
0.7744227349758147
0.7447760105133057
0.7645555436611174
0.7355621159076688
0.7187774479389191
0.7534404397010801
0.7367080450057982
0.8075435757637024
0.6828872859477996
0.6847795546054839
0.6883997321128845
0.7217345237731931
0.7505725622177122
0.6725540161132811
0.7356412708759308
0.7136109471321105
0.8186006247997283
0.6899500489234923
0.7184682488441465
0.8186135590076445
0.7301055192947385
0.7192611694335936
0.7418394684791565
0.653020292520523
0.791882425546646
0.7425523996353148
0.7995405495166777
0.7662785053253174
0.7719732522964475
0.7353948950767516
0.7218756079673766
0.813352644443512
0.8012472689151762
0.699300318956375
0.7924474775791166
0.7664317190647124
0.6985020339488982
0.6721867024898528
0.6981966495513915
0.6626402139663695
0.6946406960487365
0.642319619655609
0.7744849622249602
0.7973482608795165
0.7882581949234007
0.6832301020622252
0.8302902579307555
0.674129694700241
0.7560399174690245
0.7172277867794036
0.7069451510906218
0.67071595788002
0.7370035648345946
0.7626439034938811
0.7346273362636565
0.7365065813064574
0.7453435361385343
0.7644258439540862
0.7356911301612853
0.7241055667400358
0.7859492897987365
0.7516402602195739
0.720772624015808
0.782877206802368
0.8232708573341367
0.7418581545352935
0.7171735763549804
0.744559198617935
0.696637988090515
0.7807815074920653
0.77062252163887
0.7908940017223357
0.7969027161598204
0.803119570016861
0.8377488851547239
0.6960923075675963
0.73971089720726
0.7399435937404631
0.7167520225048064
0.6982557773590087
0.6844123601913451
0.7989903390407561
0.6956191360950469
0.7760483324527739
0.8043219149112699
0.858188360929489
0.771740436553955
0.791839927434921
0.7112951576709745
0.7749648392200468
0.6718194782733916
0.7749926149845122
0.7378785908222197
0.6619040369987486
0.7220914363861083
0.6942472159862517
0.7632820308208463
0.7262338399887084
0.7565748393535613
0.819397062063217
0.707739621400833
0.8142211437225342
0.7649194598197936
0.755628079175949
0.7635458409786222
0.7670171260833738
0.721544861793518
0.6740789413452147
0.6821265220642089
0.7434717714786528
0.7458907961845397
0.7715417742729185
0.7364486455917356
0.7992126047611237
0.7470099031925201
0.7670077979564667
0.7771594822406768
0.7378855049610137
0.6729475557804105
0.7080486416816709
0.6935372948646544
0.7129817008972166
0.6943523287773131
0.74252912402153
0.7432767450809478
0.7921175360679625
0.8635734021663664
0.8525023460388181
0.6747925281524657
0.7172279059886931
0.7564986050128936
0.7472065687179563
0.8179073631763456
0.7709974050521851
0.7293081283569334
0.7610518932342528
0.8188104629516599
0.802358031272888
0.7448337674140929
0.7537906169891355
0.7931417524814603
0.7749924659729003
0.7711673080921172
0.7509130239486693
0.7074512541294096
0.840849995613098
0.7871435880661009
0.6729473769664763
0.8014976382255553
0.7907285094261168
0.7606545388698577
0.7620991766452788
0.7758380770683287
0.6858357489109038
0.66290944814682
0.7616939246654508
0.6966379582881926
0.7922377884387968
0.7551209628581999
0.6729474663734435
0.6611939966678618
0.716780126094818
0.6994997859001159
0.8637201488018035
0.7057627737522124
0.7065235972404479
0.7911930382251737
0.7417373359203338
0.8360571563243866
0.7886126041412352
0.6875437796115874
0.8178291916847227
0.7721571922302245
0.716019481420517
0.7776281833648682
0.7164129316806791
0.8082617223262785
0.7510390877723692
0.7565826773643493
0.7713449001312254
0.6733689606189727
0.7224037647247313
0.745257943868637
0.8237355053424834
0.7614714801311492
0.6504933238029479
0.7221486270427703
0.7765913605690001
0.7290056049823759
0.7061844766139983
0.7659667134284972
0.8471862673759459
0.6986450552940368
0.8269081115722655
0.7311290204524992
0.7506889402866361
0.7761811912059783
0.7868336439132689
0.7126896977424622
0.7456213533878325
0.7449868917465209
0.753124713897705
0.808550328016281
0.6950623691082
0.7805982530117034
0.6722373664379119
0.7674593925476073
0.7614067494869231
0.7196225821971892
0.7418448328971862
0.8179220855236051
0.7586075663566588
0.6837023496627807
0.7460832893848418
0.8125447034835813
0.7506180107593535
0.7152413725852964
0.8029050529003141
0.868888586759567
0.7916092574596404
0.7549600005149841
0.8455496430397031
0.8142182826995847
0.6842599809169768
0.6986258327960967
0.7979693412780761
0.6939043998718261
0.7120288908481596
0.6637717783451079
0.7409224212169646
0.756164401769638
0.8626213073730467
0.8081049323081969
0.6959863007068633
0.8235338628292084
0.7704108953475951
0.8292058110237119
0.7754872441291807
0.7341370284557343
0.7077395915985106
0.7537616491317748
0.8292930126190183
0.6714766323566435
0.8368608951568601
0.7873418927192687
0.7432593405246734
0.712138921022415
0.7999159395694732
0.716780126094818
0.7600068449974059
0.8186408281326292
0.7776806652545928
0.7519582211971281
0.7393732964992521
0.7057085037231444
0.6960502564907074
0.7666800916194915
0.8142222166061399
0.6998182237148283
0.70892196893692
0.728244960308075
0.6950623393058776
0.9107019007205962
0.7471048831939695
0.7654944062232971
0.6927765607833861
0.7832021117210387
0.7316389679908751
0.6880343258380889
0.7357582449913024
0.7662674486637114
0.7257086336612699
0.7131067812442777
0.6416095197200774
0.7581295967102049
0.6880154311656951
0.8047902584075927
0.7085282206535339
0.747232437133789
0.8295056223869323
0.7786892056465147
0.8521009683609008
0.673762559890747
0.8241644501686094
0.7983320057392119
0.7706398069858549
0.6989961862564086
0.7195717990398406
0.7320495545864103
0.6975112259387969
0.8233855068683622
0.6721867322921752
0.6638225317001342
0.7529133856296538
0.7471824288368224
0.7187773585319518
0.7358255684375762
0.7535020112991332
0.7433335781097411
0.8048805594444274
0.6948583126068114
0.6844124495983123
0.8580502569675443
0.7771725058555602
0.8085706532001493
0.7518812417984008
0.6994435489177703
0.6508361995220184
0.7822131812572478
0.7921877205371857
0.8180413544178007
0.8176464736461638
0.6515494883060454
0.8141362369060514
0.7164129018783568
0.6954558193683623
0.7977817356586454
0.6637488901615142
0.797173649072647
0.68294158577919
0.7072336375713347
0.7176794409751891
0.6729473471641539
0.7666450142860413
0.7967507541179656
0.802523285150528
0.7815600037574766
0.76718270778656
0.6851731240749358
0.6714766919612883
0.6962446570396422
0.7765257060527802
0.6954803466796873
0.8465137183666228
0.7002892196178435
0.74092236161232
0.7656351327896116
0.7614420354366301
0.7075155675411223
0.7506670057773589
0.8193047940731047
0.748915612697601
0.7713716030120848
0.7065236270427702
0.7748512625694273
0.7164127826690673
0.7873211503028869
0.7359305024147033
0.6995959281921386
0.7065517306327819
0.694668799638748
0.7359584867954252
0.8576316237449644
0.8244520723819732
0.8643743693828582
0.80680713057518
0.7172015607357024
0.7404706478118895
0.7176794707775115
0.7078184485435485
0.6522595584392546
0.8131396174430846
0.6942979693412779
0.7326879501342772
0.759429633617401
0.6836479306221007
0.7065235972404479
0.7929972112178801
0.8864642083644865
0.7123617827892302
0.74781197309494
0.7973538041114806
0.671793222427368
0.8073732852935791
0.7468318939208983
0.8742442131042478
0.74675714969635
0.7454265058040617
0.7204956412315366
0.7556656301021575
0.7976216375827787
0.696244716644287
0.7082759141921996
0.6970897912979125
0.6959863007068633
0.8753814399242399
0.7309943437576292
0.7418861091136932
0.7445486783981322
0.8353242278099059
0.7767089605331419
0.741513282060623
0.7662470638751983
0.7396556138992307
0.6840189397335051
0.7187567055225372
0.7612980902194976
0.6939589083194732
0.6962445378303528
0.7806295454502103
0.7068663239479064
0.8313284814357756
0.712361693382263
0.775559514760971
0.6835973262786864
0.7057628333568572
0.7659631073474882
0.7594572007656096
0.8019235432147978
0.7410157322883605
0.7967777252197263
0.7547660470008849
0.7462720870971677
0.7317721247673034
0.7053694128990172
0.8078616857528685
0.76015368103981
0.6973008811473845
0.7462812662124632
0.7974849641323088
0.7225691974163053
0.6835973858833312
0.7218756675720214
0.8405399322509763
0.7565387785434721
0.7478116750717162
0.8307870924472808
0.7455839216709136
0.7400490939617155
0.792872130870819
0.7697465717792509
0.7542272806167601
0.7789349257946012
0.7093448936939237
0.7311361432075499
0.7229081392288207
0.8208715617656707
0.7752619981765746
0.7701031863689421
0.8310180902481078
0.7716956436634062
0.6501262485980986
0.7753231227397918
0.7514352798461913
0.818044066429138
0.7013713717460631
0.8068243861198423
0.7306940853595733
0.7313203215599059
0.7923545539379118
0.7175951600074767
0.7949117720127106
0.7090851366519926
0.7121389806270597
0.7665989398956299
0.6942979395389556
0.7774441838264464
0.7719729840755463
0.7826329171657561
0.741299897432327
0.7171735763549804
0.7172861993312835
0.7663376331329343
0.747540771961212
0.6985599994659423
0.8361811339855194
0.8514427244663237
0.7499573230743407
0.7636710703372954
0.695062220096588
0.745694726705551
0.6729474961757659
0.8021395206451415
0.74252912402153
0.7970466017723083
0.7179885804653167
0.7393903434276579
0.8349890708923338
0.6817331612110137
0.8076317608356475
0.7618148326873778
0.9201937615871427
0.8860739767551421
0.8070400059223175
0.778879255056381
0.6979055404663085
0.698713183403015
0.7102626562118529
0.6753455698490142
0.7208658456802368
0.7726271748542785
0.791417896747589
0.6625667512416837
0.7727550268173218
0.7606931328773496
0.6821266412734984
0.7917694747447966
0.693537265062332
0.7766273021697997
0.6858830153942107
0.7989231348037718
0.7704795598983765
0.7764686942100524
0.7178835868835448
0.796518415212631
0.8076638579368589
0.653020292520523
0.717988610267639
0.8406079113483429
0.7018651068210601
0.7418862283229826
0.6519396603107451
0.7197351753711698
0.8031546473503111
0.721187502145767
0.696244716644287
0.7250252664089203
0.7697632014751434
0.7462719976902006
0.7188618779182434
0.8080150187015531
0.6898870170116423
0.7667661011219024
0.8159446716308592
0.7914518415927885
0.7909196019172666
0.8084638118743894
0.6515968739986417
0.7328914701938628
0.7833310663700103
0.7763832211494444
0.8519969582557676
0.706722319126129
0.8244303762912749
0.8583699166774749
0.7296055257320403
0.740922451019287
0.7811679542064665
0.7992270290851592
0.7099956870079039
0.685122400522232
0.7099849581718443
0.8082248270511625
0.7700220644474028
0.7303585410118102
0.6947194933891295
0.7372924387454985
0.7356096506118773
0.7178835272789
0.7433064877986907
0.818156987428665
0.7980578541755675
0.932291269302368
0.7412899136543273
0.7750536203384398
0.848743587732315
0.7914451658725737
0.754558891057968
0.7053694128990172
0.7794697880744934
0.741417109966278
0.7946974039077758
0.8178996145725249
0.7797860801219939
0.695113033056259
0.7477048635482786
0.7658014297485349
0.7179885804653166
0.740979641675949
0.8579541742801665
0.7687089443206785
0.7433715164661406
0.7935086488723753
0.6847796142101287
0.7467732727527616
0.7065236270427703
0.7409223914146421
0.6733689606189727
0.7081069350242613
0.7410446107387542
0.7870366275310515
0.688904047012329
0.6740790307521819
0.8589763939380644
0.6764491498470305
0.7233955264091491
0.745230734348297
0.7770492732524871
0.828824758529663
0.8129003047943114
0.6942979693412779
0.7504625022411344
0.67218679189682
0.7294404804706572
0.6866980493068694
0.7466700971126555
0.6877499520778654
0.7180468142032622
0.767773389816284
0.6835973858833312
0.8006598651409147
0.8250631690025327
0.8187272548675536
0.7789345085620877
