0.0
0.036611642688512795
0.0
0.036611642688512795
0.10669416189193724
0.12499998509883878
0.0
0.0
0.06249999254941939
0.0624999888241291
0.0
0.0
0.07322329282760619
0.018305821344256398
0.0
0.06249999254941939
0.0
0.06249997769297465
0.0
0.06249999254941939
0.0
0.06249998509883879
0.24999997019767756
0.0
0.12499998509883878
0.8535532355308533
0.0
0.24999998509883878
0.0
0.4267766177654265
0.0
0.06249999254941939
0.0
0.24999997019767756
0.1249999776482582
0.0
0.0
0.0
0.0
0.018305821344256398
0.0
0.0
0.0
0.21338830888271326
0.06249999254941939
0.10669415444135663
0.0
0.06249998807406664
0.24999997019767756
0.06249999254941939
0.0
0.0
0.0
0.06249999254941939
0.0
0.1249999776482582
0.09374998416751622
0.124999962747097
0.24999997019767756
0.0
0.0
0.0
0.0
0.06249999254941939
0.0
0.0
0.24999998509883878
0.0
-3.725290298491292e-09
0.0
0.0
0.0
0.12499998509883878
0.0
0.0
0.018305823206901547
0.24999998509883878
0.0
0.12499998509883878
0.24999998509883878
0.0
0.0
0.036611642688512795
0.0624999813735485
0.0
0.0
0.12499998509883878
0.0
0.24999998509883878
0.0
0.0
0.06249999254941939
0.12499998509883878
0.0
0.1249999776482582
0.06249999254941939
0.12499998509883878
0.0
0.0
0.0
0.0
0.12499998509883878
0.0
0.24999997019767756
0.12499998509883878
0.0
0.06249999254941939
0.0
0.018305820412933823
0.06249999254941939
0.06249999254941939
0.0624999888241291
0.0
0.24999997019767756
0.0
0.12499995529651639
0.0
0.0366116315126419
0.2499999552965164
0.12499998509883878
0.0
0.0
0.24999998509883878
0.12499998509883878
0.0
0.1249999776482582
0.0
0.018305821344256398
0.0
0.018305823206901547
0.0
0.12499995529651639
0.018305821344256398
0.0
0.10669415444135663
0.06249999254941939
0.4999999403953551
0.0
0.12499998509883878
0.24999997019767756
0.036611646413803094
0.0
0.0
0.06249999254941939
0.18749992363154888
0.06249999254941939
0.10669411811977622
0.036611646413803094
0.0
0.0
0.06249999254941939
0.0
0.0
0.0
0.21338832378387448
0.1249999776482582
0.10669416189193724
0.0
0.0
0.1249999776482582
0.12499998509883878
0.0
0.0
0.0
0.0
0.0
0.0
0.0
0.0
0.4267766177654265
0.06249999254941939
0.0
0.0
0.062499987892806516
0.0
0.0
0.0624999888241291
0.0
0.1821383163332939
0.0
0.0
0.0
0.12499998509883878
0.062499987892806516
0.0624999888241291
0.0
0.0
0.0
0.10669413954019544
0.06249999254941939
0.0624999701976776
0.0624999888241291
0.0
0.0
0.0
0.12499998509883878
0.4999999403953551
0.06249999254941939
0.0
0.1249999776482582
0.0
0.0
0.0
0.06249999254941939
0.0
0.12499998509883878
0.0
0.0
0.018305818550288674
0.06249999254941939
0.0
0.0
0.06249999254941939
0.0
0.12499998509883878
0.0
0.0
0.24999997019767756
0.0
0.0
0.24999997019767756
0.0
0.0624999813735485
0.12499998509883878
0.0
0.0
0.06249999254941939
0.06249998509883879
0.0
0.0
0.0
0.0
0.12499998514177954
0.24999997019767756
0.0
0.06249999254941939
0.12499998509883878
0.0
0.1249999776482582
0.12499998509883878
0.0
0.320082439109683
0.2499999552965164
0.0
0.12499998509883878
0.0
0.0
0.0
0.0
0.0
0.0
0.01830582320690155
0.06249999254941939
0.06249999254941939
0.036611642688512795
0.10669415444135663
0.0
0.24999997019767756
0.06249999254941939
0.0
0.4999999999999999
0.036611646413803094
0.0366116538643837
0.12499998509883878
0.0
0.0
0.12499998509883878
0.12499998509883878
0.0
0.0
0.24999997019767756
0.0
0.0
0.0
0.0
0.24999998509883878
0.06249999254941939
0.12499998509883878
0.49999997019767756
0.0
0.12499998509883878
0.06249998718746051
0.0
0.12499998509883878
0.24999997019767756
0.0
0.0
0.21338829770684242
0.0
0.0
0.12499997951090334
0.036611646413803094
0.24999997019767756
0.0
0.12499998509883878
0.062499987892806516
0.0
0.0
0.0
0.12499998509883878
0.06249999254941939
0.0
0.24999997019767756
0.12499998509883878
0.49999997019767756
0.06249999254941939
0.0
0.06249999143683671
0.0
0.0
0.0
0.10669416189193724
0.0
0.12499998509883878
0.0
0.0
0.0
0.06249999254941939
0.24999997019767756
0.0
0.24999998509883878
0.0
0.0
0.0
0.06249999254941939
0.0
0.018305821344256398
0.06249999254941939
0.0
0.0
0.036611646413803094
0.0
0.06249999254941939
0.21338832378387448
0.06249999254941939
0.0
0.06249999254941939
0.0
0.0
0.12499998509883878
0.12499998509883878
0.10669416189193724
0.06249999254941939
0.12499998509883878
0.06249998993671178
0.12499998509883878
0.0
0.12499998509883878
0.2499999590218067
0.10669412277638911
0.06249999254941939
0.018305821344256398
0.0
0.0
0.4999999374809868
0.0
0.24999997019767756
0.0
0.24999998509883878
0.0
0.1249999776482582
0.0
0.0
0.0
0.0
0.06249999254941939
0.12499998509883878
0.0
0.0624999888241291
0.0
0.0
0.0
0.0
0.0
0.0
0.0
0.10669413954019544
0.0
0.49999988079071034
0.06249999254941939
0.0
0.06249999254941939
0.06249999254941939
0.06249999254941939
0.06249999254941939
0.12499998509883878
0.06249999254941939
0.0
0.06249999254941939
0.0
0.06249999254941939
0.12499998509883878
0.249999925494194
0.0
0.12499998509883878
0.0
0.06249999254941939
0.12499998509883878
0.0
0.12499998509883878
0.0
0.0
0.0
0.0
0.0
0.0
0.0
0.0
0.0
0.0
0.0
0.12499995529651639
0.018305825069546696
0.036611642688512795
0.1249999776482582
0.24999998509883878
0.0
0.0
0.24999997019767756
0.06249999254941939
0.3642766326665878
0.12499998509883878
0.0
0.0
0.0
0.0624999888241291
0.0
0.12499998509883878
0.0
0.018305821344256398
0.062499977648258195
0.4999999105930328
0.0
0.24999997019767756
0.12499998509883878
0.4999999403953551
0.031249996274709695
0.12499998509883878
0.06249999254941939
0.0
0.06249999254941939
0.0
0.0
0.0
0.0
0.0
0.0
0.07322330027818678
0.24999997019767756
0.06249999254941939
0.0
0.06249999254941939
0.0
0.036611646413803094
0.0
0.0
0.0
0.036611646413803094
0.0
0.06249999257088977
0.0
0.0
0.0
0.0
0.0
0.0
0.0
0.0
0.06249999254941939
0.0
0.0
0.0
0.0
0.4267766177654265
0.4999999403953551
0.0
0.0
0.24999998509883878
0.0
0.0
0.0
0.0
0.10669416189193724
0.0
0.06249999254941939
0.0
0.12499998509883878
0.12499998509883878
0.06249999254941939
0.24999997019767756
0.0
0.06249999254941939
0.0
0.018305823206901547
0.0
0.0
0.0
0.0
0.12499998509883878
0.0
0.0
0.06249999254941939
0.0
0.06249999254941939
0.0
0.0
0.12499995461441674
0.12499998509883878
0.06249999254941939
0.24999998509883878
0.0
0.1249999776482582
0.03124999068677425
0.0
0.0
0.24999997019767756
0.0
0.0
0.0
0.24999998509883878
0.0
0.12499998509883878
0.0
0.0
0.0
0.1249999776482582
0.0
0.0
0.06249999254941939
0.12499998509883878
0.0
0.0
0.0
0.031249991618096815
0.0
0.06249999254941939
0.12499998509883878
0.24999998509883878
0.0
0.0
0.0
0.24999997019767756
0.0
0.0
0.24999997019767756
0.06249999254941939
0.06249998957419156
0.12499998509883878
0.0
0.12499998509883878
0.12499998509883878
0.24999997019767756
0.12499998509883878
0.1249999776482582
0.0
0.1249999776482582
0.0
0.0
0.0
0.0
0.24999997019767756
0.06249999257088977
0.0
0.018305821344256398
0.0
0.0
0.06249999254941939
0.0
0.0
0.0
0.0
0.0366116501390934
0.0
0.0
0.06249999254941939
0.0
0.0
0.0
0.0
0.0
0.12499998509883878
0.0
0.0
0.12499998509883878
0.0
0.12499998509883878
0.0
0.0
0.0
0.24999997019767756
0.06249999254941939
0.0
0.0
0.0
0.06249999254941939
0.06249999254941939
0.24999997019767756
0.06249999254941939
0.12499998509883878
0.0
0.06249999254941939
0.12499998509883878
0.0
0.12499998509883878
0.0
0.0
0.4999999105930328
0.4999999999999999
0.0366116464138031
0.0
0.0
0.0
0.0
0.12499998509883878
0.12499998509883878
0.06249999254941939
0.0
0.0
0.1249999776482582
0.0
0.0
0.0
0.12499998509883878
0.12499998509883878
0.0
0.4999999999999999
0.24999998509883878
0.0
0.0
0.24999998509883878
0.0
0.12499998509883878
0.0
0.0
0.0
0.0
0.06249999254941939
0.0
0.0
0.0
0.0
0.0
0.0
0.0
0.0
0.0
0.0
0.24999998509883878
0.24999997019767756
0.0
0.0
0.12499998509883878
0.0
0.0
0.0
0.0
0.0
0.0
0.0
0.12499995529651639
0.0
0.0
0.06249999254941939
0.12499998509883878
0.12499998509883878
0.24999998509883878
0.12499998509883878
0.0
0.0
0.0
0.0
0.0
0.0
0.06249999254941939
0.1249999776482582
0.12499998509883878
0.0
0.0
0.12499998509883878
0.0
0.2499999552965164
0.0
0.24999997019767756
0.0
0.0
0.0
0.0
0.0
0.4999999999999999
0.12499998509883878
0.06249999254941939
0.06249999254941939
0.0
0.12499998509883878
0.0
0.06249999254941939
0.0
0.0
0.0
0.0
0.0
0.0
0.0
0.24999998509883878
0.0
0.0
0.24999998509883878
0.24999998509883878
0.0
0.0
0.0
0.0
0.12499998509883878
0.12499998509883878
0.12499998509883878
0.0
0.12499998509883878
0.0
0.0
0.0624999888241291
0.12499998509883878
0.0
0.0
0.06249999254941939
0.0
0.24999998509883878
0.0
0.0
0.0
0.0
0.0
0.0
0.0
0.0
0.12499998509883878
0.0
0.0
0.0
0.0
0.0
0.0
0.0
0.0
0.06249999254941939
0.24999998509883878
0.1249999776482582
0.0
0.0
0.4999999999999999
0.0
0.24999997019767756
0.0
0.0
0.0
0.24999998509883878
0.12499998509883878
0.0
0.0
0.0
0.0
0.0
0.4999999999999999
0.0
0.06249999254941939
0.24999997019767756
0.0
0.0
0.12499998509883878
0.12499998509883878
0.06249999254941939
0.06249999254941939
0.0
0.0
0.0
0.0
0.0
0.0
0.0
0.0
0.24999998509883878
0.12499998509883878
0.24999998509883878
0.0
0.0
0.4999999999999999
0.24999997019767756
0.4999999999999999
0.24999998509883878
0.0
0.0
0.0
0.12499998509883878
0.24999997019767756
0.0
0.0
0.0
0.0
0.0
0.0
0.24999997019767756
0.0
0.0
0.0
0.1249999776482582
0.0
0.0
0.0
0.0
0.24999998509883878
0.12499998509883878
0.4999999999999999
0.0
0.0
0.0
0.0
0.06249999254941939
0.0
0.24999997019767756
0.0
0.0
0.0
0.0
0.0
0.0
0.12499998509883878
0.0
0.0
0.0
0.0
0.0
0.0
0.24999998509883878
0.12499998509883878
0.24999998509883878
0.24999997019767756
0.0
0.0
0.12499998509883878
0.0
0.0
0.24999997019767756
0.0
0.0
0.4999999999999999
0.0
0.0
0.0
0.4999999999999999
0.0
0.0
0.24999998509883878
0.12499995529651639
0.0
0.06249999254941939
0.0
0.0
0.0
0.0
0.12499998509883878
0.4999999999999999
0.0
0.24999998509883878
0.0
0.0
0.0
0.0
0.0
0.06249999254941939
0.0
0.06249999254941939
0.24999998509883878
0.0
0.4999999403953551
0.0
0.06249999254941939
0.4999999999999999
0.0
0.0
0.0
0.0
0.0
0.0
0.12499998509883878
0.0
0.4999999403953551
0.0
0.0
0.0
0.0
0.0
0.4999999403953551
0.0
0.0
0.0
0.1249999776482582
0.06249998323619363
0.24999998509883878
0.0
0.0
0.0
0.0
0.12499998509883878
0.0
0.12499998509883878
0.0
0.12499998509883878
0.0
0.24999997019767756
0.12499998509883878
0.0
0.0
0.0
0.0
0.24999998509883878
0.0
0.12499998509883878
0.0
0.0
0.4999999999999999
0.0
0.0
0.0
0.12499998509883878
0.0
0.24999998509883878
0.0
0.0
0.0
0.0
0.0
0.24999998509883878
0.0
0.12499998509883878
0.12499998509883878
0.0
0.0
0.24999998509883878
0.0
0.0
0.4999999999999999
0.0
0.0
0.0
0.0
0.4999999999999999
0.0
0.0
0.0
0.24999998509883878
0.0
0.12499998509883878
0.24999998509883878
0.0
0.0
0.0
0.0
0.0
0.4999999999999999
0.0
0.0
0.12499998509883878
0.0
0.0
0.0
0.0
0.0
0.0
0.4999999999999999
0.0
0.0
0.0
0.0
0.0
0.06249999254941939
0.0
0.0
0.24999997019767756
0.0
0.0
0.4999999999999999
0.24999998509883878
0.0
0.12499998509883878
0.0
0.06249999254941939
0.0
0.24999997019767756
0.0
0.0
0.0
0.0
0.0
0.0
0.0
0.24999998509883878
0.0
0.0
0.0
0.24999997019767756
0.4999999999999999
0.4999999999999999
0.0
0.06249999254941939
0.0
0.06249999254941939
0.0
0.0
0.0
0.4999999999999999
0.0
0.4999999999999999
0.4999999999999999
0.4999999999999999
0.12499998509883878
0.0
0.0
0.4999999999999999
0.4999999999999999
0.12499998509883878
0.0
0.12499998514177954
0.24999997019767756
0.0
0.0
0.0
0.0
0.0
0.0
0.4999999999999999
0.0
0.0
0.12499998509883878
0.24999998509883878
0.0
0.0
0.12499998509883878
0.4999999999999999
0.0
0.0
0.0
0.4999999999999999
0.24999998509883878
0.0
0.0
0.0
0.24999998509883878
0.4999999403953551
0.0
0.4999999999999999
0.0
0.0
0.0
0.0
0.0
0.12499998509883878
0.0
0.0
0.12499998509883878
0.4999999999999999
0.0
0.0
0.4999999999999999
0.4999999999999999
0.0
0.24999997019767756
0.0
0.4999999999999999
0.0
0.0
0.0
0.0
0.24999998509883878
0.24999998509883878
0.0
0.24999997019767756
0.24999998509883878
0.0
0.0
0.0
0.0
0.0
0.4999999999999999
0.12499998509883878
0.036611646413803094
0.0
0.0
0.0
0.12499998509883878
0.0
0.0
0.0
0.0
0.49999997019767756
0.24999998509883878
0.4999999999999999
0.0
0.0
0.0
0.24999997019767756
0.0
0.018305823206901547
0.4999999999999999
0.12499998509883878
0.0
0.0
0.0
0.0
0.0
0.12499998509883878
0.10669416189193724
0.0
0.0
0.0
0.0
0.0
0.0
0.0
0.24999997019767756
0.0
0.0
0.0
0.0
0.0
0.12499998509883878
0.0
0.0
0.0
0.0
0.24999998509883878
0.4999999999999999
0.0
0.0
0.0
0.0
0.0
0.0
0.0
0.4999999999999999
0.0
0.0
0.0
0.0
0.0
0.0
0.0
0.24999998509883878
0.0
0.0
0.0
0.4999999999999999
0.0
0.0
0.0
0.0
0.0
0.0
0.0
0.4999999999999999
0.0
0.0
0.0
0.0
0.0
0.4999999999999999
0.4999999999999999
0.0
0.0
0.0
0.0
0.0
0.24999998509883878
0.0
0.0
0.0
0.0
0.0
0.0
0.0
0.4999999999999999
0.0
0.4999999999999999
0.0
0.0
0.0
0.24999998509883878
0.0
0.12499998509883878
0.4999999999999999
0.0
0.0
0.0
0.0
0.12499998509883878
0.21338830888271326
0.0
0.4999999999999999
0.0
0.0
0.24999998509883878
0.0
0.0
0.4999999999999999
0.24999998509883878
0.0
0.0
0.24999998509883878
0.0
0.0
0.0
0.4999999999999999
0.0
0.24999998509883878
0.0
0.0
0.12499998509883878
0.12499998509883878
0.0
0.0
0.0
0.0
0.12499998509883878
0.0
0.4999999999999999
0.0
0.24999998509883878
0.0
0.0
0.0
0.0
0.12499998509883878
0.0
0.0
0.0
0.0
0.0
0.4999999999999999
0.0
0.0
0.12499998509883878
0.0
0.24999998509883878
0.0
0.0
0.0
0.0
0.1249999776482582
0.0
0.4999999403953551
0.0
0.0
0.0
0.0
0.12499998509883878
0.4999999999999999
0.0
0.24999998509883878
0.0
0.0
0.0
0.4999999999999999
0.0
0.0
0.0
0.0
0.0
0.0
0.0
0.4999999999999999
0.0
0.0
0.4999999999999999
0.0
0.0
0.0
0.0
0.4999999999999999
0.4999999999999999
0.0
0.0
0.0
0.0
0.12499998509883878
0.0
0.0
0.0
0.0
0.4999999999999999
0.0
0.0
0.0
0.4999999999999999
0.4999999999999999
0.0
0.0
0.4999999999999999
0.0
0.0
0.24999998509883878
0.0
0.0
0.0
0.0
0.12499998509883878
0.0
0.4999999999999999
0.4999999999999999
0.0
0.0
0.0
0.0
0.24999998509883878
0.0
0.0
0.0
0.0
0.0
0.0
0.0
0.24999998509883878
0.0
0.0
0.24999998509883878
0.0
0.0
0.0
0.4999999403953551
0.0
0.0
0.12499998509883878
0.4999999999999999
0.4999999999999999
0.0
0.4999999999999999
0.0
0.12499998509883878
0.0
0.4999999999999999
0.0
0.0
0.4999999999999999
0.4999999403953551
0.0
0.0
0.0
0.0
0.0
0.4999999999999999
0.0
0.0
0.0
0.0
0.0
0.24999998509883878
0.24999998509883878
0.0
0.0
0.0
0.4999999999999999
0.24999998509883878
0.4999999999999999
0.4999999999999999
0.0
0.0
0.24999998509883878
0.0
0.4999999999999999
0.0
0.0
0.12499998509883878
0.24999998509883878
0.0
0.0
0.24999998509883878
0.0
0.4999999999999999
0.0
0.12499998509883878
0.0
0.4999999999999999
0.4999999999999999
0.0
0.12499998509883878
0.0
0.0
0.0
0.0
0.0
0.0
0.4999999999999999
0.0
0.24999998509883878
0.0
0.0
0.12499998509883878
0.4999999999999999
0.0
0.0
0.12499998509883878
0.0
0.0
0.0
0.0
0.12499998509883878
0.12499998509883878
0.4999999999999999
0.0
0.0
0.0
0.12499998509883878
0.0
0.0
0.4999999999999999
0.0
0.12499998509883878
0.0
0.0
0.24999997019767756
0.0
0.12499998509883878
0.4999999999999999
0.0
0.0
0.0
0.24999998509883878
0.4999999999999999
0.24999998509883878
0.0
0.0
0.0
0.0
0.0
0.4999999999999999
0.0
0.0
0.12499998509883878
0.018305821344256398
0.4999999999999999
0.12499998509883878
0.4999999999999999
0.0
0.24999998509883878
0.0
0.0
0.0
0.0
0.4999999999999999
0.24999998509883878
0.0
0.0
0.24999998509883878
0.0
0.4999999999999999
0.4999999403953551
0.4999999999999999
0.4999999999999999
0.0
0.0
0.0
0.24999998509883878
0.24999998509883878
0.49999997019767756
0.24999998509883878
0.0
0.0
0.0
0.0
0.24999998509883878
0.0
0.0
0.9999999403953551
0.24999998509883878
0.12499998509883878
0.0
0.12499998509883878
0.4999999999999999
0.4999999999999999
0.0
0.0
0.0
0.0
0.4999999999999999
0.24999998509883878
0.0
0.4999999999999999
0.0
0.0
0.0
0.4999999999999999
0.0
0.24999998509883878
0.0
0.0
0.0
0.0
0.0
0.0
0.0
0.0
0.12499998509883878
0.0
0.12499998509883878
0.0
0.4999999999999999
0.4999999999999999
0.24999998509883878
0.0
0.0
0.4999999999999999
0.0
0.24999998509883878
0.0
0.24999998509883878
0.24999998509883878
0.24999998509883878
0.4999999999999999
0.0
0.4999999999999999
0.4999999999999999
0.0
0.0
0.0
0.0
0.24999998509883878
0.0
0.0
0.0
0.0
0.24999998509883878
0.0
0.24999998509883878
0.0
0.24999998509883878
0.12499998509883878
0.0
0.0
0.0
0.24999998509883878
0.0
0.0
0.0
0.4999999999999999
0.0
0.4999999999999999
0.0
0.4999999999999999
0.0
0.0
0.0
0.0
0.0
0.0
0.0
0.0
0.4999999999999999
0.0
0.0
0.4999999999999999
0.24999998509883878
0.0
0.0
0.4999999999999999
0.0
0.12499998509883878
0.4999999999999999
0.4999999999999999
0.4999999999999999
0.4999999999999999
0.0
0.0
0.24999998509883878
0.0
0.0
0.4999999999999999
0.24999998509883878
0.0
0.0
0.24999998509883878
0.4999999999999999
0.0
0.4999999999999999
0.0
0.0
0.4999999999999999
0.4999999999999999
0.4999999999999999
0.0
0.0
0.4999999999999999
0.0
0.0
0.4999999999999999
0.0
0.24999998509883878
0.24999998509883878
0.0
0.0
0.12499998509883878
0.4999999999999999
0.0
0.0
0.24999998509883878
0.12499998509883878
0.4999999999999999
0.0
0.07322329282760619
0.0
0.49999997019767756
0.0
0.0
0.4999999999999999
0.0
0.4999999999999999
0.24999998509883878
0.4999999999999999
0.0
0.4999999999999999
0.0
0.4999999999999999
0.24999998509883878
0.4999999999999999
0.0
0.0
0.24999998509883878
0.4999999403953551
0.0
0.24999998509883878
0.24999998509883878
0.24999998509883878
0.0
0.0
0.4999999403953551
0.0
0.0
0.0
0.4999999999999999
0.0
0.4999999999999999
0.0
0.0
0.24999998509883878
0.24999998509883878
0.24999998509883878
0.0
0.0
0.4999999999999999
0.24999998509883878
0.0
0.0
0.0
0.0
0.0
0.12499998509883878
0.0
0.24999998509883878
0.0
0.0
0.0
0.0
0.0
0.0
0.0
0.0
0.0
0.4999999999999999
0.0
0.06249999254941939
0.24999998509883878
0.4999999999999999
0.4999999999999999
0.0
0.0
0.4267766177654265
0.4999999999999999
0.0
0.4999999999999999
0.0
0.24999998509883878
0.0
0.4999999999999999
0.4999999999999999
0.0
0.0
0.4999999999999999
0.0
0.0
0.4999999403953551
0.0
0.0
0.0
0.0
0.0
0.0
0.0
0.4999999999999999
0.0
0.0
0.0
0.4999999999999999
0.0
0.0
0.0
0.0
0.0
0.0
0.0
0.4999999999999999
0.24999998509883878
0.0
0.12499998509883878
0.0
0.24999998509883878
0.0
0.4999999999999999
0.24999998509883878
0.24999998509883878
0.4999999999999999
0.0
0.4999999999999999
0.0
0.0
0.24999998509883878
0.24999998509883878
0.0
0.0
0.4999999999999999
0.0
0.4999999999999999
0.4999999999999999
0.0
0.0
0.0
0.0
0.24999998509883878
0.4999999999999999
0.0
0.0
0.0
0.0
0.24999998509883878
0.24999998509883878
0.24999998509883878
0.0
0.4999999999999999
0.0
0.24999998509883878
0.4999999999999999
0.12499998509883878
0.0
0.12499998509883878
0.0
0.4999999999999999
0.4999999999999999
0.12499998509883878
0.0
0.24999998509883878
0.0
0.4999999999999999
0.24999998509883878
0.4999999999999999
0.24999998509883878
0.4999999999999999
0.24999998509883878
0.0
0.0
0.4999999999999999
0.0
0.4999999999999999
0.24999998509883878
0.24999998509883878
0.4999999999999999
0.4999999999999999
0.0
0.0
0.0
0.24999998509883878
0.4999999999999999
0.0
0.0
0.4999999999999999
0.0
0.24999998509883878
0.0
0.4999999999999999
0.4999999999999999
0.0
0.0
0.0
0.24999998509883878
0.0
0.0
0.4999999999999999
0.0
0.0
0.0
0.0
0.0
0.24999998509883878
0.0
0.4999999403953551
0.0
0.24999998509883878
0.4999999999999999
0.4999999999999999
0.4999999999999999
0.4999999403953551
0.0
0.4999999999999999
0.4999999999999999
0.24999998509883878
0.24999998509883878
0.4999999999999999
0.24999998509883878
0.4999999999999999
0.4999999999999999
0.0
0.4999999999999999
0.4999999999999999
0.0
0.0
0.12499998509883878
0.0
0.4999999999999999
0.4999999999999999
0.0
0.0
0.0
0.4999999999999999
0.24999998509883878
0.12499998509883878
0.24999998509883878
0.0
0.24999998509883878
0.4999999999999999
0.0
0.4999999999999999
0.24999998509883878
0.24999998509883878
0.0
0.4999999999999999
0.0
0.0
0.0
0.0
0.0
0.4999999999999999
0.0
0.4999999999999999
0.0
0.0
0.0
0.24999998509883878
0.0
0.0
0.24999998509883878
0.4999999999999999
0.4999999999999999
0.24999998509883878
0.24999998509883878
0.0
0.24999998509883878
0.24999998509883878
0.0
0.24999998509883878
0.0
0.0
0.0
0.24999998509883878
0.0
0.4999999999999999
0.0
0.4999999999999999
0.21338832378387448
0.4999999999999999
0.4999999999999999
0.4999999999999999
0.0
0.0
0.0
0.24999998509883878
0.0
0.4999999999999999
0.0
0.24999998509883878
0.0
0.24999998509883878
0.4999999999999999
0.24999997019767756
0.0
0.0
0.0
0.0
0.0
0.4999999999999999
0.4999999999999999
0.0
0.4999999999999999
0.24999998509883878
0.4999999999999999
0.24999998509883878
0.0
0.0
0.0
0.12499998509883878
0.0
0.0
0.4999999999999999
0.0
0.4999999999999999
0.0
0.4999999999999999
0.4999999999999999
0.0
0.4999999999999999
0.4999999999999999
0.0
0.0
0.4999999999999999
0.0
0.4999999999999999
0.4999999999999999
0.24999998509883878
0.0
0.0
0.0
0.24999998509883878
0.0
0.4999999999999999
0.0
0.4999999999999999
0.24999998509883878
0.24999998509883878
0.0
0.0
0.4999999999999999
0.0
0.4999999999999999
0.0
0.0
0.4999999999999999
0.4999999999999999
0.0
0.4999999999999999
0.24999998509883878
0.0
0.4999999999999999
0.06249999254941939
0.24999998509883878
0.0
0.0
0.9999999403953551
0.0
0.0
0.24999998509883878
0.0
0.4999999999999999
0.0
0.4999999999999999
0.24999998509883878
0.4999999999999999
0.24999998509883878
0.24999997019767756
0.24999998509883878
0.4999999999999999
0.0
0.4999999999999999
0.0
0.12499998509883878
0.24999997019767756
0.4999999999999999
0.0
0.24999998509883878
0.0
0.0
0.0
0.4999999999999999
0.24999998509883878
0.4999999999999999
0.4999999999999999
0.0
0.0
0.4999999999999999
0.24999998509883878
0.0
0.0
0.4999999999999999
0.4999999999999999
0.4999999999999999
0.24999998509883878
0.4999999999999999
0.4999999999999999
0.0
0.4999999999999999
0.12499998509883878
0.0
0.4999999999999999
0.0
0.4999999999999999
0.24999998509883878
0.0
0.4999999999999999
0.24999998509883878
0.0
0.4999999999999999
0.4999999999999999
0.4999999999999999
0.4999999999999999
0.24999998509883878
0.4999999999999999
0.4999999999999999
0.0
0.4999999999999999
0.9999999403953551
0.12499998509883878
0.0
0.0
0.0
0.12499998509883878
0.4999999999999999
0.0
0.4999999999999999
0.4999999999999999
0.4999999999999999
0.0
0.4999999999999999
0.4999999999999999
0.24999998509883878
0.4999999999999999
0.4999999999999999
0.4999999999999999
0.0
0.49999997019767756
0.0
0.4999999999999999
0.24999998509883878
0.0
0.0
0.4999999999999999
0.4999999999999999
0.0
0.0
0.0
0.4999999999999999
0.4999999999999999
0.0
0.4999999999999999
0.24999998509883878
0.4999999999999999
0.0
0.0
0.24999998509883878
0.0
0.0
0.0
0.0
0.4999999999999999
0.0
0.4999999999999999
0.24999998509883878
0.24999998509883878
0.0
0.0
0.24999998509883878
0.4999999999999999
0.4999999999999999
0.0
0.4999999999999999
0.4999999999999999
0.4999999999999999
0.24999998509883878
0.4999999999999999
0.24999998509883878
0.4999999999999999
0.0
0.0
0.0
0.0
0.0
0.4999999999999999
0.4999999999999999
0.4999999999999999
0.0
0.24999998509883878
0.9999999403953551
0.4999999999999999
0.24999998509883878
0.12499998509883878
0.4999999999999999
0.4999999999999999
0.24999998509883878
0.4999999999999999
0.4999999999999999
0.4999999999999999
0.4999999999999999
0.0
0.0
0.4999999999999999
0.0
0.24999998509883878
0.0
0.4999999999999999
0.0
0.4999999999999999
0.24999998509883878
0.24999998509883878
0.0
0.4999999999999999
0.0
0.0
0.0
0.4999999999999999
0.12499998509883878
0.0
0.24999998509883878
0.0
0.24999998509883878
0.4999999403953551
0.0
0.24999998509883878
0.4999999999999999
0.4999999999999999
0.24999997019767756
0.4999999999999999
0.4999999999999999
0.4999999999999999
0.4999999999999999
0.4999999999999999
0.24999998509883878
0.4999999999999999
0.0
0.4999999999999999
0.0
0.4999999999999999
0.4999999999999999
0.24999998509883878
0.0
0.0
0.4999999999999999
0.0
0.0
0.4999999999999999
0.4999999999999999
0.0
0.24999998509883878
0.4999999999999999
0.0
0.0
0.0
0.0
0.4999999999999999
0.4999999999999999
0.4999999999999999
0.4999999999999999
0.4999999999999999
0.4999999999999999
0.4999999999999999
0.24999998509883878
0.24999998509883878
0.4999999999999999
0.4999999999999999
0.4999999999999999
0.4999999999999999
0.4999999999999999
0.4999999999999999
0.4999999999999999
0.4999999999999999
0.0
0.4999999999999999
0.0
0.4999999999999999
0.4999999999999999
0.0
0.4999999999999999
0.4999999999999999
0.0
0.4999999999999999
0.4999999999999999
0.4999999999999999
0.4999999999999999
0.0
0.0
0.4999999999999999
0.4999999999999999
0.0
0.4999999999999999
0.4999999999999999
0.4999999999999999
0.4999999999999999
0.24999998509883878
0.4999999999999999
0.24999998509883878
0.4999999999999999
0.4999999999999999
0.0
0.4999999999999999
0.24999998509883878
0.4999999999999999
0.4999999999999999
0.4999999999999999
0.4999999999999999
0.12499998509883878
0.0
0.06249999254941939
0.4999999999999999
0.0
0.0
0.4999999999999999
0.0
0.4999999999999999
0.0
0.0
0.4999999999999999
0.4999999999999999
0.24999998509883878
0.0
0.4999999999999999
0.4999999999999999
0.4999999999999999
0.4999999999999999
0.4999999999999999
0.4999999999999999
0.24999998509883878
0.4999999999999999
0.24999998509883878
0.0
0.0
0.4999999999999999
0.4999999999999999
0.0
0.0
0.24999998509883878
0.4999999999999999
0.0
0.0
0.4999999999999999
0.4999999999999999
0.0
0.0
0.4999999999999999
0.4999999999999999
0.4999999999999999
0.0
0.4999999999999999
0.4999999999999999
0.0
0.0
0.4999999999999999
0.24999998509883878
0.24999998509883878
0.0
0.24999998509883878
0.0
0.0
0.24999998509883878
0.4999999999999999
0.0
0.0
0.4999999999999999
0.12499998509883878
0.4999999999999999
0.4999999999999999
0.0
0.4999999999999999
0.4999999999999999
0.24999998509883878
0.4999999999999999
0.4999999999999999
0.24999998509883878
0.0
0.4999999999999999
0.4999999999999999
0.4999999999999999
0.0
0.24999998509883878
0.0
0.0
0.4999999999999999
0.4999999999999999
0.4999999999999999
0.4999999999999999
0.0
0.4999999999999999
0.0
0.0
0.24999998509883878
0.4999999999999999
0.4999999999999999
0.24999998509883878
0.24999998509883878
0.4999999403953551
0.0
0.0
0.0
0.4999999999999999
0.0
0.4999999999999999
0.4999999999999999
0.0
0.0
0.0
0.0
0.4999999999999999
0.0
0.4999999999999999
0.4999999999999999
0.24999998509883878
0.24999998509883878
0.0
0.4999999999999999
0.0
0.24999998509883878
0.4999999999999999
0.12499998509883878
0.4999999999999999
0.0
0.4999999999999999
0.0
0.0
0.4999999999999999
0.0
0.12499998509883878
0.0
0.24999998509883878
0.12499998509883878
0.0
0.0
0.4999999999999999
0.0
0.0
0.0
0.4999999999999999
0.4999999999999999
0.24999998509883878
0.0
0.0
0.0
0.24999998509883878
0.0
0.0
0.24999998509883878
0.24999998509883878
0.4999999999999999
0.4999999999999999
0.4999999999999999
0.0
0.4999999999999999
0.0
0.0
0.4999999999999999
0.4999999999999999
0.12499998509883878
0.0
0.4999999999999999
0.4999999999999999
0.0
0.24999998509883878
0.0
0.4999999999999999
0.24999998509883878
0.4999999999999999
0.0
0.4999999999999999
0.4999999999999999
0.0
0.0
0.4999999999999999
0.4999999999999999
0.0
0.24999998509883878
0.4999999999999999
0.0
0.4999999999999999
0.4999999999999999
0.0
0.4999999999999999
0.4999999999999999
0.0
0.4999999999999999
0.4999999999999999
0.4999999999999999
0.0
0.0
0.0
0.24999998509883878
0.0
0.4999999999999999
0.0
0.0
0.4999999999999999
0.4999999999999999
0.24999998509883878
0.0
0.4999999999999999
0.12499998509883878
0.24999998509883878
0.4999999999999999
0.4999999999999999
0.4999999999999999
0.4999999999999999
0.4999999999999999
0.12499998509883878
0.4999999999999999
0.0
0.0
0.12499998509883878
0.24999998509883878
0.24999998509883878
0.4999999999999999
0.24999998509883878
0.4999999999999999
0.24999998509883878
0.0
0.0
0.0
0.0
0.4999999999999999
0.4999999999999999
0.0
0.4999999999999999
0.0
0.0
0.4999999999999999
0.4999999999999999
0.24999998509883878
0.0
0.4999999999999999
0.4999999999999999
0.4999999999999999
0.0
0.12499998509883878
0.0
0.0
0.4999999999999999
0.4999999999999999
0.4999999999999999
0.24999998509883878
0.24999998509883878
0.0
0.24999998509883878
0.4999999999999999
0.4999999999999999
0.24999998509883878
0.24999998509883878
0.4999999999999999
0.4999999999999999
0.4999999999999999
0.24999998509883878
0.0
0.4999999999999999
0.24999998509883878
0.4999999999999999
0.0
0.0
0.0
0.0
0.4999999999999999
0.0
0.4999999999999999
0.4999999999999999
0.4999999999999999
0.4999999999999999
0.4999999999999999
0.0
0.4999999999999999
0.4999999403953551
0.24999998509883878
0.4999999999999999
0.4999999999999999
0.0
0.4999999999999999
0.4999999999999999
0.0
0.24999998509883878
0.4999999999999999
0.0
0.4999999999999999
0.4999999999999999
0.0
0.4999999999999999
0.24999998509883878
0.4999999999999999
0.24999998509883878
0.0
0.4999999999999999
0.4999999999999999
0.4999999999999999
0.4999999999999999
0.4999999999999999
0.9999999403953551
0.0
0.4999999999999999
0.4999999999999999
0.4999999999999999
0.4999999999999999
0.4999999999999999
0.4999999999999999
0.4999999999999999
0.4999999999999999
0.24999998509883878
0.4999999999999999
0.24999998509883878
0.4999999999999999
0.0
0.24999998509883878
0.4999999999999999
0.0
0.0
0.24999997019767756
0.0
0.4999999999999999
0.0
0.4999999403953551
0.4999999999999999
0.4999999999999999
0.12499998509883878
0.4999999999999999
0.0
0.0
0.4999999999999999
0.24999998509883878
0.0
0.0
0.4999999999999999
0.0
0.0
0.4999999999999999
0.0
0.4999999999999999
0.24999998509883878
0.4999999999999999
0.24999998509883878
0.0
0.4999999999999999
0.4999999999999999
0.4999999999999999
0.4999999999999999
0.24999998509883878
0.4999999999999999
0.0
0.24999998509883878
0.0
0.4999999999999999
0.4999999999999999
0.12499998509883878
0.4999999999999999
0.0
0.24999998509883878
0.24999998509883878
0.12499998509883878
0.0
0.0
0.4999999999999999
0.24999998509883878
0.4999999999999999
0.0
0.4999999999999999
0.4999999999999999
0.0
0.0
0.4999999999999999
0.24999998509883878
0.4999999999999999
0.4999999999999999
0.0
0.0
0.12499998509883878
0.0
0.24999998509883878
0.0
0.4999999999999999
0.4999999999999999
0.4999999999999999
0.4999999999999999
0.24999998509883878
0.4999999999999999
0.0
0.24999998509883878
0.0
0.0
0.0
0.0
0.0
0.4999999999999999
0.24999998509883878
0.0
0.4999999999999999
0.4999999999999999
0.24999998509883878
0.4999999999999999
0.0
0.4999999999999999
0.4999999999999999
0.0
0.0
0.0
0.12499998509883878
0.4999999999999999
0.4999999999999999
0.24999998509883878
0.0
0.0
0.4999999999999999
0.24999997019767756
0.0
0.24999998509883878
0.4999999999999999
0.4999999999999999
0.24999998509883878
0.4999999999999999
0.4999999999999999
0.4999999999999999
0.0
0.4999999999999999
0.4999999999999999
0.4999999999999999
0.12499998509883878
0.9999999403953551
0.0
0.4999999999999999
0.4999999999999999
0.0
0.4999999999999999
0.12499998509883878
0.4999999999999999
0.24999998509883878
0.4999999999999999
0.12499998509883878
0.24999998509883878
0.4999999999999999
0.0
0.24999998509883878
0.4999999999999999
0.0
0.0
0.4999999999999999
0.4999999999999999
0.0
0.4999999999999999
0.4999999999999999
0.0
0.0
0.4999999999999999
0.0
0.12499998509883878
0.0
0.4999999999999999
0.24999998509883878
0.4999999999999999
0.24999998509883878
0.4999999999999999
0.4999999999999999
0.0
0.0
0.24999998509883878
0.4999999999999999
0.24999998509883878
0.0
0.4999999999999999
0.4999999999999999
0.4999999999999999
0.0
0.24999998509883878
0.12499998509883878
0.24999998509883878
0.4999999999999999
0.24999998509883878
0.4999999999999999
0.4999999999999999
0.0
0.4999999999999999
0.4999999999999999
0.4999999999999999
0.24999998509883878
0.0624999888241291
0.4999999999999999
0.4999999999999999
0.24999998509883878
0.24999998509883878
0.24999998509883878
0.24999998509883878
0.4999999999999999
0.0
0.0
0.24999998509883878
0.24999998509883878
0.4999999999999999
0.4999999999999999
0.4999999999999999
0.24999998509883878
0.24999998509883878
0.0
0.24999998509883878
0.0
0.24999998509883878
0.12499998509883878
0.4999999999999999
0.0
0.4999999999999999
0.4999999999999999
0.24999998509883878
0.4999999999999999
0.0
0.4999999999999999
0.4999999999999999
0.4999999999999999
0.4999999999999999
0.12499998509883878
0.24999998509883878
0.0
0.4999999999999999
0.4999999999999999
0.4999999999999999
0.4999999999999999
0.4999999999999999
0.0
0.4999999999999999
0.4999999999999999
0.12499998509883878
0.12499998509883878
0.4999999999999999
0.4999999999999999
0.4999999999999999
0.24999998509883878
0.4999999999999999
0.4999999999999999
0.0
0.4999999999999999
0.4999999999999999
0.4999999403953551
0.24999998509883878
0.4999999999999999
0.12499998509883878
0.4999999999999999
0.4999999999999999
0.4999999999999999
0.4999999999999999
0.0
0.0
0.24999998509883878
0.4999999999999999
0.24999998509883878
0.4999999999999999
0.4999999999999999
0.24999998509883878
0.0
0.4999999999999999
0.0
0.4999999999999999
0.4999999999999999
0.4999999999999999
0.4999999999999999
0.12499998509883878
0.24999998509883878
0.0
0.4999999999999999
0.4999999999999999
0.4999999999999999
0.24999998509883878
0.4999999999999999
0.24999998509883878
0.4999999999999999
0.4999999999999999
0.12499998509883878
0.24999998509883878
0.24999998509883878
0.4999999999999999
0.12499998509883878
0.4999999999999999
0.0
0.4999999999999999
0.4999999999999999
0.4999999999999999
0.24999998509883878
0.0
0.4999999403953551
0.4999999999999999
0.0
0.4999999999999999
0.24999998509883878
0.4999999999999999
0.4999999999999999
0.4999999999999999
0.0
0.4999999999999999
0.4999999999999999
0.24999998509883878
0.4999999999999999
0.0
0.4999999999999999
0.4999999999999999
0.4999999999999999
0.4999999999999999
0.4999999999999999
0.4999999999999999
0.0
0.4999999999999999
0.24999998509883878
0.0
0.4999999999999999
0.4999999999999999
0.4999999999999999
0.4999999999999999
0.0
0.4999999999999999
0.4999999999999999
0.4999999999999999
0.4999999999999999
0.24999998509883878
0.0
0.4999999403953551
0.4999999999999999
0.0
0.24999998509883878
0.12499998509883878
0.4999999999999999
0.4999999999999999
0.4999999999999999
0.4999999999999999
0.0
0.24999998509883878
0.24999998509883878
0.0
0.4999999999999999
0.0
0.4999999999999999
0.24999998509883878
0.24999998509883878
0.0
0.24999998509883878
0.4999999999999999
0.4999999999999999
0.24999998509883878
0.4999999999999999
0.4999999999999999
0.4999999999999999
0.0
0.24999998509883878
0.24999998509883878
0.24999998509883878
0.4999999999999999
0.4999999999999999
0.0
0.24999998509883878
0.4999999999999999
0.24999998509883878
0.4999999999999999
0.4999999999999999
0.4999999999999999
0.4999999999999999
0.4999999999999999
0.4999999999999999
0.24999998509883878
0.24999998509883878
0.4999999999999999
0.4999999999999999
0.0
0.4999999999999999
0.4999999999999999
0.4999999999999999
0.24999998509883878
0.4999999999999999
0.24999998509883878
0.0
0.12499998509883878
0.4999999999999999
0.4999999403953551
0.4999999999999999
0.4999999999999999
0.4999999999999999
0.0
0.24999998509883878
0.4999999999999999
0.4999999999999999
0.0
0.0
0.4999999999999999
0.4999999999999999
0.4999999999999999
0.24999998509883878
0.4999999999999999
0.0
0.4999999999999999
0.4999999999999999
0.4999999999999999
0.9999999403953551
0.4999999999999999
0.4999999999999999
0.0
0.4999999999999999
0.0
0.4999999999999999
0.4999999999999999
0.24999998509883878
0.24999998509883878
0.24999998509883878
0.4999999999999999
0.0
0.4999999999999999
0.0
0.4999999999999999
0.4999999999999999
0.12499998509883878
0.4999999999999999
0.4999999999999999
0.0
0.4999999999999999
0.0
