24
52
73
103
128
151
177
200
222
251
279
299
327
363
389
414
445
477
508
536
562
592
619
660
684
708
732
756
782
814
841
873
909
936
971
996
1025
1053
1081
1114
1135
1160
1191
1220
1246
1273
1305
1333
1363
1388
1420
1451
1481
1504
1527
1550
1573
1602
1630
1658
1691
1719
1750
1775
1802
1831
1852
1876
1908
1934
1962
1983
2014
2040
2069
2101
2125
2150
2181
2215
2250
2272
2303
2328
2356
2379
2411
2435
2459
2487
2509
2538
2567
2597
2637
2659
2683
2711
2743
2771
2797
2823
2849
2878
2906
2930
2960
2991
3019
3043
3073
3100
3128
3151
3175
3204
3232
3265
3291
3319
3347
3378
3402
3431
3459
3483
3520
3552
3580
3611
3637
3669
3697
3719
3753
3783
3812
3847
3882
3911
3931
3959
3988
4013
4049
4075
4101
4131
4158
4178
4206
4234
4259
4287
4320
4356
4383
4407
4443
4466
4494
4519
4547
4572
4590
4616
4647
4677
4706
4735
4759
4783
4807
4835
4852
4880
4914
4939
4969
5001
5024
5054
5084
5118
5149
5175
5195
5224
5251
5276
5305
5329
5355
5383
5410
5432
5459
5488
5515
5549
5583
5606
5639
5662
5693
5722
5745
5772
5807
5834
5862
5893
5923
5953
5984
6010
6035
6063
6097
6125
6155
6184
6218
6242
6265
6297
6321
6347
6366
6397
6423
6450
6479
6503
6531
6560
6586
6611
6637
6667
6698
6730
6751
6775
6802
6826
6855
6881
6907
6925
6960
6990
7018
7051
7077
7113
7136
7166
7194
7214
7232
7256
7284
7309
7343
7369
7395
7426
7452
7477
7507
7532
7559
7588
7617
7643
7667
7693
7716
7736
7760
7789
7818
7847
7873
7900
7927
7953
7979
8004
8029
8057
8083
8106
8132
8158
8192
8218
8245
8274
8304
8333
8363
8382
8410
8434
8461
8491
8517
8547
8578
8600
8628
8660
8688
8715
8743
8767
8795
8831
8861
8888
8915
8939
8967
8997
9022
9050
9084
9112
9139
9174
9200
9225
9256
9290
9310
9335
9366
9389
9419
9451
9483
9508
9534
9563
9591
9622
9654
9688
9711
9739
9768
9793
9819
9845
9873
9900
9928
9952
9982
10006
10029
10048
10076
10097
10119
10146
10171
10207
10231
10263
10289
10319
10345
10379
10407
10432
10459
10486
10508
10536
10556
10590
10620
10657
10684
10710
10737
10764
10792
10815
10846
10880
10902
10927
10950
10985
11012
11048
11075
11098
11119
11145
11168
11191
11214
11243
11268
11291
11314
11350
11378
11409
11436
11464
11489
11514
11541
11563
11597
11620
11650
11675
11699
11730
11765
11789
11817
11841
11867
11891
11910
11940
11970
11996
12028
12055
12080
12103
12130
12152
12172
12193
12216
12238
12259
12290
12322
12351
12376
12399
12426
12455
12482
12506
12537
12570
12596
12622
12653
12680
12710
12734
12758
12791
12815
12841
12872
12895
12919
12941
12971
12994
13016
13037
13060
13091
13119
13141
13171
13193
13219
13243
13266
13290
13316
13342
13367
13391
13415
13440
13466
13492
13517
13544
13567
13592
13619
13651
13677
13702
13731
13755
13786
13812
13844
13867
13900
13927
13956
13982
14010
14040
14066
14087
14113
14134
14160
14179
14208
14232
14259
14283
14306
14336
14355
14383
14404
14432
14457
14483
14506
14536
14558
14589
14617
14639
14665
14689
14711
14736
14762
14787
14812
14836
14862
14886
14913
14936
14961
14984
15011
15033
15061
15085
15106
15126
15151
15177
15203
15227
15257
15281
15304
15328
15354
15378
15400
15425
15449
15476
15497
15528
15559
15588
15612
15635
15656
15685
15709
15737
15762
15788
15815
15842
15871
15892
15916
15947
15974
15997
16018
16045
16072
16097
16126
16148
16177
16200
16228
16252
16278
16301
16327
16353
16378
16401
16428
16454
16477
16499
16522
16546
16571
16594
16615
16637
16661
16685
16716
16739
16760
16782
16804
16825
16846
16871
16891
16914
16935
16954
16973
16997
17018
17045
17070
17094
17116
17139
17155
17181
17203
17223
17245
17271
17296
17317
17334
17354
17380
17407
17426
17450
17477
17495
17518
17545
17570
17601
17625
17651
17670
17698
17721
17739
17766
17791
17814
17838
17865
17889
17919
17949
17977
18001
18024
18049
18078
18099
18130
18151
18177
18196
18222
18244
18264
18285
18305
18326
18351
18379
18407
18437
18458
18484
18500
18524
18545
18568
18590
18610
18635
18656
18687
18710
18732
18755
18773
18790
18815
18841
18864
18889
18913
18940
18965
18990
19012
19039
19062
19088
19110
19131
19155
19178
19201
19218
19241
19269
19292
19315
19344
19361
19385
19410
19440
19463
19486
19508
19534
19560
19584
19610
19635
19658
19683
19710
19733
19754
19782
19809
19835
19859
19880
19904
19924
19945
19967
19991
20012
20031
20054
20075
20099
20120
20143
20171
20194
20216
20238
20259
20280
20301
20323
20341
20361
20383
20405
20426
20449
20468
20492
20515
20535
20559
20582
20606
20631
20652
20673
20695
20717
20735
20759
20789
20810
20830
20856
20877
20900
20921
20944
20969
20994
21015
21036
21057
21078
21100
21119
21141
21162
21187
21211
21242
21267
21290
21312
21336
21358
21384
21412
21433
21458
21481
21499
21521
21548
21569
21591
21614
21635
21661
21684
21703
21723
21750
21773
21795
21816
21838
21858
21879
21908
21927
21947
21965
21991
22011
22035
22063
22084
22102
22124
22149
22172
22192
22214
22231
22259
22278
22303
22322
22344
22365
22390
22420
22440
22463
22484
22510
22531
22559
22579
22599
22620
22642
22660
22685
22704
22729
22756
22780
22804
22822
22842
22864
22887
22912
22938
22957
22979
22998
23019
23047
23070
23092
23110
23132
23153
23174
23193
23212
23231
23254
23275
23295
23318
23337
23359
23381
23401
23422
23442
23462
23480
23506
23527
23549
23572
23592
23612
23634
23653
23672
23701
23720
23736
23753
23775
23799
23821
23840
23866
23884
23903
23926
23943
23964
23982
24002
24021
24042
24058
24079
24099
24123
24144
24167
24189
24210
24235
24256
24280
24305
24325
24345
24369
24393
24414
24431
24453
24474
24498
24518
24541
24562
24584
24606
24627
24652
24678
24704
24721
24742
24766
24787
24805
24826
24846
24868
24890
24909
24931
24950
24971
24989
25013
25036
25055
25076
25097
25115
25137
25157
25181
25201
25223
25244
25261
25279
25301
25319
25340
25360
25386
25409
25427
25452
25476
25495
25513
25538
25559
25580
25599
25620
25639
25664
25689
25713
25731
25751
25769
25787
25803
25822
25842
25865
25887
25909
25926
25947
25972
25991
26011
26031
26051
26072
26093
26110
26133
26156
26175
26200
26222
26243
26263
26288
26308
26328
26355
26373
26394
26416
26438
26464
26481
26498
26523
26541
26561
26581
26604
26623
26643
26664
26683
26707
26729
26752
26775
26796
26819
26838
26858
26879
26908
26935
26956
26975
26994
27017
27033
27057
27081
27103
27125
27145
27168
27190
27206
27224
27242
27263
27282
27302
27323
27345
27366
27386
27408
27430
27449
27468
27490
27512
27532
27558
27578
27596
27621
27646
27668
27693
27711
27733
27755
27775
27795
27815
27836
27860
27881
27903
27927
27948
27967
27992
28013
28035
28052
28075
28097
28119
28140
28157
28179
28203
28224
28244
28268
28287
28306
28329
28353
28373
28393
28411
28432
28453
28480
28501
28521
28540
28561
28581
28606
28631
28651
28674
28695
28713
28734
28759
28781
28799
28818
28838
28861
28886
28905
28928
28948
28969
28990
29011
29030
29051
29071
29092
29109
29126
29146
29169
29193
29213
29241
29265
29284
29306
29333
29355
29376
29398
29421
29441
29463
29482
29505
29525
29548
29568
29588
29611
29635
29657
29679
29698
29720
29739
29758
29779
29803
29826
29845
29866
29884
29904
29930
29951
29971
29992
30019
30038
30062
30089
30111
30131
30156
30179
30206
30225
30246
30263
30282
30303
30324
30343
30363
30383
30406
30426
30446
30470
30489
30505
30526
30547
30565
30583
30604
30622
30643
30670
30693
30716
30738
30756
30778
30802
30819
30842
30866
30889
30912
30930
30952
30971
30993
31013
31032
31053
31074
31095
31115
31134
31156
31174
31193
31215
31235
31256
31279
31297
31317
31334
31354
31375
31394
31415
31437
31456
31473
31492
31509
31526
31546
31567
31586
31608
31628
31646
31666
31682
31699
31718
31738
31759
31777
31795
31814
31833
31856
31879
31899
31917
31936
31955
31972
31993
32011
32029
32050
32073
32091
32111
32132
32151
32172
32191
32209
32229
32253
32273
32291
32316
32334
32352
32374
32391
32414
32434
32453
32475
32493
32513
32536
32557
32578
32597
32615
32634
32660
32679
32700
32718
32738
32755
32771
32790
32810
32830
32850
32867
32889
32908
32930
32950
32970
32992
33010
33031
33050
33069
33094
33114
33131
33148
33166
33186
33208
33229
33252
33274
33298
33315
33335
33355
33375
33396
33413
33434
33452
33470
33491
33510
33528
33555
33573
33592
33610
33630
33646
33666
33689
33710
33730
33748
33770
33788
33810
33835
33853
33873
33895
33915
33940
33961
33984
34002
34022
34040
34057
34076
34096
34121
34141
34162
34183
34202
34224
34241
34261
34284
34302
34323
34343
34364
34384
34405
34428
34445
34463
34484
34503
34524
34541
34562
34578
34597
34621
34640
34658
34676
34699
34718
34738
34756
34773
34791
34815
34838
34859
34875
34891
34911
34929
34947
34965
34983
35004
35023
35042
35060
35078
35098
35118
35135
35154
35175
35196
35211
35231
35250
35268
35286
35307
35327
35349
35364
35384
35403
35421
35440
35460
35479
35500
35517
35539
35562
35581
35601
35621
35638
35656
35673
35695
35716
35737
35753
35771
35789
35806
35826
35845
35864
35886
35907
35929
35950
35967
35986
36006
36027
36047
36065
36085
36106
36123
36143
36167
36185
36206
36226
36245
36267
36284
36305
36323
36347
36364
36385
36404
36426
36447
36467
36491
36506
36526
36545
36563
36580
36599
36619
36637
36659
36680
36702
36723
36743
36762
36779
36800
36817
36838
36863
36884
36904
36925
36946
36964
36980
37000
37018
37036
37055
37075
37099
37116
37135
37151
37169
37188
37205
37223
37242
37258
37277
37297
37317
37337
37354
37374
37395
37414
37433
37451
37469
37490
37511
37529
37547
37569
37589
37606
37625
37645
37662
37686
37703
37727
37745
37769
37788
37806
37825
37845
37863
37883
37899
37917
37938
37956
37976
37996
38012
38030
38047
38067
38089
38109
38129
38149
38167
38185
38203
38221
38243
38261
38281
38298
38320
38339
38359
38379
38397
38415
38435
38457
38478
38495
38513
38532
38558
38579
38598
38618
38639
38656
38678
38695
38712
38732
38752
38770
38786
38802
38820
38839
38860
38878
38898
38914
38931
38953
38973
38993
39009
39027
39050
39071
39094
39115
39133
39151
39172
39193
39216
39235
39255
39275
39296
39316
39334
39359
39375
39392
39409
39428
39448
39467
39482
39501
39519
39538
39556
39576
39601
39619
39637
39656
39678
39699
39718
39740
39759
39778
39801
39818
39834
39851
39872
39887
39907
39926
39943
39965
39984
40001
40020
40038
40057
40076
40097
40119
40135
40152
40169
40186
40206
40221
40242
40261
40278
40298
40316
40339
40360
40382
40400
40421
40440
40456
40478
40499
40521
40539
40559
40577
40597
40615
40635
40651
40671
40690
40711
40730
40747
40763
40783
40807
40824
40843
40861
40880
40904
40921
40943
40962
40982
41003
41018
41038
41057
41078
41096
41114
41133
41152
41169
41189
41209
41229
41247
41265
41284
41301
41321
41340
41355
41374
41394
41412
41430
41449
41467
41484
41501
41518
41534
41551
41568
41586
41606
41622
41644
41663
41686
41703
41720
41740
41759
41778
41797
41817
41837
41856
41874
41891
41908
41925
41943
41959
41979
41995
42016
42037
42055
42073
42093
42114
42132
42151
42171
42189
42206
42224
42244
42264
42280
42297
42319
42335
42352
42372
42389
42409
42428
42446
42468
42490
42508
42527
42547
42565
42586
42604
42624
42643
42664
42684
42701
42720
42739
42760
42778
42795
42818
42834
42850
42867
42889
42907
42927
42948
42966
42983
43006
43025
43043
43062
43078
43098
43118
43139
43156
43177
43196
43217
43238
43261
43281
43297
43314
43332
43348
43365
43382
43402
43421
43437
43456
43475
43497
43515
43532
43548
43565
43583
43602
43622
43645
43663
43685
43704
43721
43738
43756
43779
43797
43818
43835
43855
43873
43894
43913
43930
43949
43968
43985
44003
44025
44045
44066
44085
44104
44121
44139
44161
44179
44196
44217
44235
44254
44271
44290
44306
44324
44346
44362
44380
44398
44417
44435
44455
44478
44496
44518
44538
44558
44575
44593
44611
44629
44650
44667
44687
44704
44722
44739
44760
44780
44795
44811
44826
44845
44863
44883
44903
44919
44937
44955
44975
44993
45010
45029
45048
45064
45083
45104
45122
45139
45156
45172
45191
45210
45226
45242
45260
45278
45298
45313
45331
45349
45367
45386
45404
45423
45438
45456
45476
45497
45515
45533
45551
45568
45584
45603
45621
45642
45659
45680
45697
45717
45739
45756
45773
45792
45809
45828
45848
45866
45883
45901
45918
45936
45955
45974
45990
46009
46030
46048
46068
46089
46107
46128
46149
46166
46186
46204
46221
46240
46260
46275
46291
46309
46329
46347
46367
46384
46403
46421
46438
46459
46478
46496
46512
46531
46554
46573
46592
46612
46629
46646
46664
46682
46699
46716
46732
46750
46769
46789
46808
46827
46849
46871
46893
46912
46930
46948
46968
46986
47005
47023
47043
47062
47078
47098
47119
47138
47156
47174
47193
47213
47232
47248
47267
47282
47306
47324
47341
47361
47380
47395
47414
47431
47450
47467
47486
47503
47521
47536
47557
47577
47594
47612
47629
47648
47665
47683
47701
47716
47735
47753
47780
47802
47818
47833
47853
47874
47890
47909
47925
47942
47960
47976
47995
48012
48029
48045
48062
48080
48096
48114
48132
48152
48167
48184
48203
48221
48238
48257
48274
48290
48307
48322
48341
48359
48375
48395
48412
48428
48450
48466
48482
48500
48516
48534
48553
48571
48588
48603
48622
48640
48657
48675
48692
48713
48732
48750
48769
48785
48802
48818
48836
48851
48872
48890
48908
48927
48947
48966
48983
48998
49013
49032
49049
49067
49086
49107
49126
49146
49165
49182
49199
49217
49234
49253
49271
49291
49309
49329
49347
49365
49384
49401
49420
49438
49455
49474
49493
49512
49532
49548
49568
49586
49605
49625
49641
49658
49679
49697
49715
49734
49750
49773
49790
49812
49832
49850
49867
49889
49907
49924
49941
49959
49975
49990
50006
50025
50043
50061
50078
50099
50118
50134
50153
50172
50194
50210
50229
50250
50268
50285
50302
50318
50336
50353
50373
50394
50412
50429
50446
50464
50480
50497
50515
50535
50553
50570
50589
50607
50626
50645
50663
50681
50701
50718
50735
50752
50769
50790
50806
50826
50843
50860
50882
50904
50925
50945
50963
50981
50999
51017
51038
51057
51075
51096
51114
51133
51151
51169
51189
51208
51230
51249
51268
51285
51305
51323
51339
51356
51372
51390
51409
51426
51443
51463
51481
51497
51515
51535
51553
51571
51590
51608
51627
51646
51664
51682
51704
51723
51742
51759
51780
51800
51819
51838
51857
51875
51894
51916
51933
51952
51970
51989
52006
52025
52042
52061
52079
52100
52117
52136
52154
52172
52189
52213
52233
52250
52271
52287
52305
52321
52339
52356
52377
52395
52414
52432
52453
52469
52485
52508
52526
52545
52563
52579
52597
52615
52633
52651
52671
52690
52713
52731
52754
52772
52789
52809
52826
52846
52861
52879
52897
52920
52942
52959
52979
52994
53010
53028
53051
53070
53087
53108
53123
53141
53157
53174
53193
53211
53229
53249
53268
53285
53303
53321
53341
53358
53377
53397
53414
53430
53446
53463
53479
53497
53514
53533
53550
53570
53589
53604
53621
53638
53654
53672
53691
53709
53725
53742
53760
53778
53796
53814
53829
53844
53863
53881
53898
53915
53932
53950
53972
53989
54009
54025
54042
54060
54079
54098
54120
54135
54150
54165
54182
54200
54218
54238
54264
54281
54302
54320
54339
54358
54376
54394
54414
54431
54447
54465
54484
54500
54518
54539
54558
54578
54598
54613
54635
54655
54673
54690
54706
54723
54740
54759
54775
54791
54808
54826
54845
54864
54880
54899
54918
54935
54950
54969
54992
55007
55025
55042
55059
55078
55095
55112
55131
55148
55167
55185
55205
55222
55240
55258
55276
55293
55311
55327
55348
55366
55386
55406
55424
55443
55464
55480
55496
55513
55529
55547
55565
55584
55607
55625
55641
55660
55679
55695
55715
55733
55750
55771
55788
55804
55821
55838
55854
55871
55890
55911
55933
55949
55966
55985
56004
56020
56037
56055
56073
56089
56106
56122
56141
56158
56177
56195
56214
56230
56248
56266
56287
56306
56323
56340
56360
56379
56395
56411
56429
56448
56468
56487
56503
56520
56538
56560
56577
56595
56616
56634
56652
56667
56685
56701
56720
56737
56758
56779
56801
56818
56834
56853
56871
56888
56906
56923
56942
56962
56979
57000
57021
57042
57060
57079
57097
57114
57131
57147
57167
57183
57200
57219
57238
57254
57274
57291
57309
57327
57350
57367
57386
57404
57423
57439
57457
57474
57491
57508
57525
57543
57562
57579
57595
57614
57632
57649
57668
57686
57704
57720
57738
57755
57773
57791
57807
57824
57841
57857
57875
57895
57910
57928
57945
57961
57978
57996
58012
58031
58047
58065
58083
58102
58121
58141
58156
58174
58193
58213
58228
58244
58262
58279
58294
58315
58332
58348
58367
58386
58406
58424
58440
58456
58472
58490
58509
58525
58540
58560
58577
58595
58610
58629
58646
58663
58681
58700
58719
58736
58753
58772
58788
58805
58825
58841
58859
58876
58894
58911
58930
58952
58971
58989
59008
59025
59044
59061
59076
59093
59111
59133
59149
59168
59186
59204
59219
59235
59252
59269
59286
59303
59320
59336
59355
59373
59388
59407
59424
59441
59459
59475
59491
59511
59530
59545
59565
59582
59597
59614
59634
59651
59668
59683
59699
59718
59737
59752
59768
59784
59802
59818
59836
59855
59871
59888
59905
59924
59943
59961
59981
59999
60021
60040
60057
60073
60091
60107
60125
60143
60161
60177
60197
60216
60233
60252
60268
60284
60302
60319
60335
60353
60371
60388
60404
60421
60439
60454
60473
60489
60504
60520
60536
60554
60570
60588
60605
60623
60641
60658
60678
60696
60715
60731
60750
60765
60783
60801
60816
60834
60852
60873
60891
60909
60929
60947
60965
60981
60998
61013
61031
61047
61063
61079
61100
61117
61135
61151
61170
61189
61207
61223
61238
61257
61273
61290
61308
61323
61342
61359
61375
61391
61406
61424
