0.842219889163971
0.8375591039657593
0.8472431302070618
0.8218703269958496
0.8406253457069397
0.8431802988052368
0.826435387134552
0.8264356851577759
0.831981897354126
0.826435387134552
0.8329765796661377
0.831981897354126
0.8264354467391968
0.8329544067382812
0.8218924403190613
0.831980288028717
0.8422105312347412
0.8319819569587708
0.826435387134552
0.8319801688194275
0.8431802988052368
0.8319599032402039
0.8319819569587708
0.831981897354126
0.8352711200714111
0.8297082185745239
0.847872257232666
0.8329544067382812
0.8422105312347412
0.8365959525108337
0.8483587503433228
0.8439356684684753
0.8319819569587708
0.8296860456466675
0.8264354467391968
0.8343020081520081
0.8343019485473633
0.8365959525108337
0.8417453169822693
0.8218924403190613
0.8375591039657593
0.831980288028717
0.8365959525108337
0.8218921422958374
0.8319819569587708
0.834762692451477
0.831980288028717
0.831981897354126
0.831981897354126
0.8319819569587708
0.8439408540725708
0.842219889163971
0.8329544067382812
0.8329544067382812
0.8365959525108337
0.8264356851577759
0.8455215692520142
0.8450366258621216
0.8218924403190613
0.8375591039657593
0.831981897354126
0.8218924403190613
0.831981897354126
0.8408756256103516
0.8450460433959961
0.8343020081520081
0.8342964053153992
0.8319819569587708
0.8422105312347412
0.831981897354126
0.8467326760292053
0.8408811688423157
0.8365959525108337
0.8218703269958496
0.8366334438323975
0.8431802988052368
0.8296860456466675
0.8319599032402039
0.8431802988052368
0.8427140712738037
0.8398957252502441
0.8347738981246948
0.8319911956787109
0.8460097312927246
0.8352489471435547
0.8427140712738037
0.8329544067382812
0.8450366258621216
0.8319599032402039
0.826435387134552
0.8218703269958496
0.8296860456466675
0.826435387134552
0.8513767123222351
0.8319819569587708
0.826435387134552
0.8264356851577759
0.8427140712738037
0.8450366258621216
0.8319599032402039
0.8319599032402039
0.8319599032402039
0.8399050235748291
0.8375591039657593
0.8329765796661377
0.826435387134552
0.8296860456466675
0.8408811688423157
0.8319819569587708
0.8431897163391113
0.849593997001648
0.8431802988052368
0.8508092164993286
0.842219889163971
0.8264356851577759
0.8218921422958374
0.842219889163971
0.8342964053153992
0.826435387134552
0.8319599032402039
0.8319911956787109
0.8455215692520142
0.8408811688423157
0.8296860456466675
0.8264356851577759
0.8319599032402039
0.831981897354126
0.8218703269958496
0.8460097312927246
0.8352711200714111
0.8398846983909607
0.8503392338752747
0.8450366258621216
0.8399050235748291
0.8319599032402039
0.8218703269958496
0.8343019485473633
0.8365959525108337
0.8329544067382812
0.8462651968002319
0.8431802988052368
0.8398957252502441
0.8398902416229248
0.8297080993652344
0.8432013392448425
0.8319599032402039
0.8264354467391968
0.8427140712738037
0.8394030332565308
0.8264356851577759
0.8365959525108337
0.8264356851577759
0.8319801688194275
0.8329544067382812
0.8352489471435547
0.8347738981246948
0.8319599032402039
0.8375853896141052
0.834762692451477
0.8319911956787109
0.847872257232666
0.8329544067382812
0.8365959525108337
0.8343020081520081
0.8450366258621216
0.826435387134552
0.8342964053153992
0.826435387134552
0.8408811688423157
0.842219889163971
0.8319599032402039
0.8483587503433228
0.8431802988052368
0.8366334438323975
0.831981897354126
0.8408811688423157
0.8329544067382812
0.8218924403190613
0.8329544067382812
0.8343020081520081
0.8431802988052368
0.8366334438323975
0.8319801688194275
0.831980288028717
0.8218921422958374
0.8319599032402039
0.8399050235748291
0.8264354467391968
0.8508092164993286
0.8398902416229248
0.8343020081520081
0.8449643850326538
0.834762692451477
0.8296860456466675
0.8319599032402039
0.826435387134552
0.8329544067382812
0.8218703269958496
0.8365959525108337
0.8343019485473633
