31
54
81
117
142
177
208
228
258
284
315
343
375
400
424
459
490
510
535
564
595
622
652
685
711
735
762
793
818
856
884
910
939
970
1004
1033
1061
1088
1113
1141
1157
1182
1208
1233
1259
1284
1317
1349
1371
1396
1420
1451
1483
1512
1540
1574
1608
1635
1662
1689
1717
1739
1768
1792
1817
1843
1866
1899
1921
1949
1984
2004
2033
2061
2094
2121
2152
2184
2211
2241
2268
2300
2320
2345
2379
2406
2427
2451
2472
2503
2533
2558
2592
2621
2642
2673
2703
2740
2767
2798
2830
2857
2885
2914
2939
2969
2991
3014
3035
3060
3083
3107
3134
3170
3195
3226
3252
3281
3313
3339
3366
3385
3409
3436
3468
3503
3527
3555
3585
3610
3646
3672
3695
3730
3761
3792
3824
3853
3878
3905
3938
3964
3995
4020
4047
4074
4099
4132
4156
4181
4212
4240
4271
4305
4341
4361
4385
4417
4444
4469
4491
4514
4544
4573
4602
4623
4653
4676
4721
4752
4782
4810
4839
4868
4902
4929
4953
4979
5002
5024
5050
5075
5099
5125
5150
5175
5203
5240
5267
5298
5321
5346
5378
5406
5431
5455
5482
5510
5534
5559
5589
5619
5647
5673
5696
5718
5743
5771
5799
5825
5850
5878
5905
5931
5957
5988
6012
6035
6065
6090
6112
6142
6168
6190
6213
6242
6270
6299
6322
6350
6377
6399
6422
6454
6475
6504
6534
6558
6581
6609
6632
6658
6680
6704
6729
6751
6778
6802
6826
6853
6880
6904
6933
6969
6996
7019
7053
7075
7105
7133
7163
7188
7211
7246
7265
7299
7321
7343
7371
7401
7425
7451
7470
7497
7522
7547
7576
7606
7629
7646
7673
7697
7732
7757
7780
7809
7840
7861
7886
7908
7932
7963
7991
8015
8041
8061
8085
8109
8132
8160
8184
8207
8236
8265
8298
8321
8348
8370
8393
8425
8454
8480
8502
8531
8554
8576
8604
8627
8649
8679
8702
8722
8749
8780
8814
8840
8870
8895
8924
8946
8969
8994
9017
9040
9066
9092
9118
9143
9170
9189
9220
9244
9268
9286
9311
9333
9359
9386
9409
9433
9454
9480
9510
9540
9565
9591
9617
9641
9671
9698
9719
9750
9774
9798
9823
9852
9877
9900
9925
9953
9979
10000
10029
10056
10080
10103
10126
10147
10172
10193
10216
10236
10253
10278
10310
10335
10359
10380
10403
10425
10456
10482
10510
10536
10561
10586
10611
10641
10659
10690
10712
10742
10770
10795
10821
10845
10867
10889
10913
10939
10963
10989
11013
11037
11054
11080
11108
11142
11161
11181
11204
11223
11250
11272
11301
11331
11355
11377
11405
11429
11450
11472
11496
11520
11543
11568
11594
11621
11649
11674
11702
11722
11744
11764
11794
11818
11846
11869
11894
11921
11940
11961
11983
12008
12037
12062
12083
12107
12125
12147
12176
12200
12225
12246
12272
12297
12317
12339
12360
12384
12406
12437
12461
12487
12508
12527
12549
12570
12589
12610
12630
12651
12676
12696
12721
12741
12763
12786
12808
12829
12852
12877
12895
12918
12950
12971
12999
13023
13045
13064
13084
13106
13130
13153
13176
13196
13221
13245
13265
13286
13310
13336
13362
13389
13415
13433
13458
13484
13503
13519
13538
13561
13587
13609
13630
13652
13676
13700
13735
13758
13784
13808
13832
13860
13883
13907
13928
13954
13974
13997
14024
14049
14070
14090
14111
14135
14162
14186
14211
14237
14259
14279
14310
14332
14354
14375
14398
14424
14448
14468
14493
14511
14532
14559
14580
14600
14623
14648
14669
14690
14712
14733
14755
14774
14797
14825
14851
14873
14899
14917
14937
14955
14975
14998
15019
15048
15074
15097
15117
15138
15160
15181
15206
15229
15254
15279
15298
15319
15337
15359
15382
15403
15432
15454
15476
15495
15515
15536
15555
15578
15600
15624
15648
15668
15690
15716
15736
15759
15785
15802
15824
15852
15875
15893
15914
15939
15960
15980
16000
16022
16041
16062
16085
16106
16133
16156
16183
16205
16225
16251
16278
16300
16320
16345
16364
16381
16402
16423
16441
16462
16482
16503
16529
16552
16573
16594
16613
16637
16663
16686
16707
16726
16748
16768
16791
16814
16836
16858
16882
16903
16928
16946
16966
16987
17008
17025
17049
17066
17085
17103
17128
17149
17178
17196
17214
17233
17257
17274
17296
17323
17349
17371
17391
17409
17429
17450
17471
17499
17520
17538
17560
17581
17606
17627
17649
17670
17690
17712
17735
17759
17786
17807
17826
17851
17874
17902
17923
17941
17963
17989
18009
18028
18049
18077
18099
18119
18142
18166
18189
18208
18230
18252
18272
18297
18320
18338
18356
18380
18398
18420
18440
18462
18482
18501
18525
18543
18563
18581
18600
18629
18650
18672
18690
18710
18730
18748
18771
18795
18816
18837
18858
18877
18900
18922
18941
18965
18983
19002
19022
19041
19063
19086
19111
19127
19149
19171
19187
19210
19233
19257
19276
19298
19323
19340
19362
19387
19405
19426
19452
19469
19490
19512
19532
19554
19578
19597
19625
19645
19669
19691
19709
19734
19755
19773
19793
19811
19830
19851
19876
19892
19914
19929
19954
19972
19994
20016
20032
20053
20073
20093
20111
20135
20155
20176
20194
20218
20233
20252
20277
20298
20319
20337
20356
20381
20400
20418
20442
20466
20486
20513
20532
20553
20577
20596
20613
20636
20657
20682
20705
20728
20751
20771
20790
20812
20833
20853
20873
20890
20911
20931
20953
20971
20995
21020
21039
21058
21080
21099
21120
21137
21155
21172
21191
21211
21231
21247
21268
21292
21311
21330
21351
21372
21394
21415
21435
21456
21474
21491
21510
21527
21549
21568
21584
21607
21627
21647
21667
21686
21706
21724
21742
21762
21778
21795
21813
21834
21850
21869
21890
21912
21937
21959
21980
21997
22015
22038
22058
22080
22103
22125
22146
22163
22184
22207
22231
22250
22268
22286
22308
22332
22354
22380
22399
22418
22440
22462
22481
22500
22518
22537
22555
22576
22595
22614
22634
22655
22676
22695
22715
22736
22754
22776
22795
22815
22838
22861
22881
22898
22921
22940
22956
22976
22996
23016
23035
23056
23075
23093
23115
23136
23152
23170
23188
23208
23231
23249
23271
23289
23307
23326
23343
23361
23381
23399
23424
23446
23464
23481
23501
23518
23540
23558
23579
23601
23620
23639
23662
23682
23703
23720
23738
23758
23780
23800
23818
23847
23873
23893
23912
23932
23949
23968
23988
24011
24028
24050
24068
24089
24107
24131
24150
24171
24192
24210
24230
24248
24275
24295
24312
24334
24351
24373
24394
24416
24436
24459
24480
24499
24520
24541
24560
24581
24603
24622
24647
24664
24683
24705
24725
24745
24765
24788
24806
24824
24843
24861
24880
24901
24921
24944
24970
24992
25016
25036
25054
25075
25096
25115
25136
25156
25174
25196
25217
25236
25254
25273
25297
25314
25332
25352
25371
25389
25407
25428
25451
25471
25491
25511
25530
25550
25570
25586
25606
25629
25650
25670
25692
25710
25730
25753
25771
25793
25814
25834
25856
25877
25902
25922
25942
25962
25979
26005
26022
26041
26062
26083
26101
26122
26146
26168
26186
26206
26225
26242
26262
26282
26300
26321
26339
26359
26376
26395
26417
26435
26452
26471
26492
26509
26528
26545
26567
26585
26605
26625
26643
26664
26686
26703
26722
26745
26766
26786
26802
26819
26840
26857
26877
26899
26918
26936
26954
26974
26994
27010
27027
27044
27063
27081
27103
27128
27149
27167
27184
27203
27222
27246
27264
27285
27303
27321
27340
27362
27380
27400
27419
27439
27459
27479
27500
27521
27539
27558
27579
27597
27620
27637
27661
27681
27702
27721
27736
27755
27776
27796
27817
27833
27852
27871
27890
27908
27928
27945
27966
27984
28001
28021
28042
28064
28082
28102
28120
28138
28155
28174
28194
28214
28231
28252
28276
28299
28317
28336
28355
28374
28393
28414
28436
28454
28474
28490
28509
28526
28546
28565
28585
28609
28629
28648
28666
28684
28702
28721
28741
28760
28778
28801
28821
28838
28856
28876
28894
28911
28931
28953
28974
28995
29013
29031
29050
29067
29086
29105
29125
29140
29158
29177
29196
29218
29237
29258
29276
29297
29314
29336
29355
29371
29390
29412
29436
29459
29478
29497
29521
29542
29559
29580
29598
29617
29638
29653
29675
29695
29714
29731
29749
29773
29791
29809
29828
29847
29866
29886
29905
29921
29940
29959
29981
29998
30020
30040
30056
30073
30091
30112
30131
30149
30170
30189
30209
30231
30249
30265
30284
30307
30325
30345
30361
30377
30396
30418
30438
30457
30473
30492
30510
30528
30545
30562
30580
30601
30619
30635
30655
30674
30694
30717
30739
30759
30777
30795
30814
30837
30855
30872
30895
30914
30933
30952
30969
30986
31007
31031
31050
31068
31093
31113
31132
31153
31170
31191
31208
31228
31245
31263
31280
31298
31320
31339
31356
31376
31396
31412
31431
31449
31469
31486
31503
31521
31544
31567
31586
31609
31632
31648
31669
31687
31704
31721
31740
31760
31780
31800
31817
31835
31854
31873
31889
31909
31930
31955
31973
31993
32014
32033
32052
32071
32090
32107
32125
32142
32163
32182
32199
32216
32233
32255
32274
32295
32317
32335
32354
32371
32386
32405
32422
32442
32461
32481
32504
32522
32542
32557
32576
32592
32607
32629
32648
32665
32686
32702
32720
32742
32761
32780
32796
32820
32843
32861
32882
32903
32922
32941
32961
32979
32998
33017
33034
33055
33073
33091
33109
33126
33143
33164
33183
33201
33220
33244
33266
33284
33302
33318
33339
33359
33378
33397
33413
33436
33457
33476
33496
33515
33532
33554
33574
33593
33611
33629
33646
33667
33687
33708
33727
33745
33763
33780
33796
33816
33834
33855
33875
33897
33915
33935
33955
33974
33990
34010
34028
34048
34068
34086
34104
34120
34141
34157
34177
34198
34216
34234
34253
34270
34289
34309
34330
34346
34365
34384
34402
34424
34444
34465
34487
34506
34527
34548
34568
34587
34608
34631
34652
34669
34690
34708
34729
34746
34767
34785
34803
34821
34841
34858
34878
34895
34913
34932
34954
34971
34991
35009
35028
35048
35066
35083
35101
35119
35134
35152
35172
35189
35209
35227
35250
35271
35290
35309
35331
35347
35365
35384
35402
35427
35447
35466
35486
35507
35523
35543
35564
35580
35599
35615
35630
35651
35669
35686
35707
35725
35742
35764
35785
35803
35823
35841
35859
35878
35899
35921
35940
35961
35979
36001
36019
36036
36055
36076
36092
36111
36132
36155
36174
36193
36213
36230
36245
36266
36284
36303
36324
36347
36367
36385
36403
36423
36443
36463
36483
36504
36524
36546
36563
36582
36603
36618
36635
36651
36672
36690
36708
36724
36745
36764
36785
36803
36825
36846
36866
36884
36900
36917
36935
36954
36973
36991
37007
37025
37044
37067
37085
37107
37126
37145
37165
37184
37200
37218
37237
37253
37270
37290
37308
37324
37343
37361
37382
37397
37413
37431
37450
37466
37485
37500
37519
37538
37557
37576
37591
37609
37627
37646
37663
37682
37699
37721
37738
37754
37774
37793
37811
37830
37848
37864
37881
37898
37915
37935
37951
37971
37991
38008
38026
38043
38059
38079
38095
38110
38131
38147
38164
38181
38201
38223
38238
38255
38272
38291
38310
38327
38345
38363
38381
38397
38418
38435
38456
38474
38494
38513
38530
38550
38567
38584
38601
38618
38640
38656
38673
38691
38711
38727
38744
38766
38783
38801
38818
38834
38853
38871
38889
38907
38927
38946
38965
38986
39002
39024
39043
39059
39077
39097
39117
39134
39150
39170
39190
39208
39225
39245
39264
39281
39301
39318
39337
39355
39371
39389
39405
39422
39441
39459
39478
39498
39514
39533
39551
39568
39584
39601
39618
39641
39660
39677
39700
39720
39738
39757
39777
39792
39808
39823
39840
39861
39882
39898
39915
39933
39951
39970
39987
40006
40026
40042
40060
40076
40098
40117
40135
40154
40172
40188
40204
40221
40238
40257
40277
40298
40315
40331
40347
40366
40381
40396
40412
40430
40449
40468
40483
40500
40518
40537
40555
40571
40588
40608
40625
40642
40659
40676
40695
40710
40726
40745
40761
40779
40798
40814
40829
40847
40863
40878
40898
40919
40935
40953
40973
40992
41014
41030
41047
41065
41084
41102
41119
41135
41153
41168
41186
41205
41224
41243
41261
41279
41296
41314
41331
41347
41362
41380
41403
41420
41439
41457
41474
41495
41513
41530
41547
41564
41582
41601
41619
41636
41654
41671
41686
41703
41720
41739
41760
41776
41793
41810
41827
41843
41862
41879
41894
41911
41928
41947
41965
41982
41998
42016
42034
42051
42068
42087
42106
42124
42143
42161
42182
42200
42218
42236
42255
42272
42290
42308
42325
42344
42364
42385
42402
42419
42434
42451
42469
42486
42503
42519
42537
42554
42573
42592
42610
42629
42646
42662
42681
42698
42713
42731
42749
42766
42782
42801
42820
42837
42856
42872
42891
42910
42929
42944
42961
42980
42999
43017
43034
43053
43070
43094
43111
43130
43148
43167
43185
43205
43224
43240
43257
43274
43293
43312
43332
43351
43366
43383
43401
43418
43435
43451
43470
43486
43504
43521
43539
43557
43574
43593
43609
43627
43646
43667
43685
43701
43719
43738
43755
43773
43790
43809
43825
43841
43860
43876
43895
43912
43929
43946
43964
43981
43998
44018
44034
44052
44071
44087
44105
44121
44136
44153
44170
44186
44207
44222
44239
44258
44277
44295
44311
44327
44343
44360
44380
44398
44415
44434
44450
44470
44486
44501
44519
44535
44552
44570
44588
44608
44628
44647
44664
44682
44700
44718
44734
44752
44771
44788
44805
44824
44841
44856
44873
44889
44906
44921
44939
44955
44978
44996
45014
45032
45051
45067
45088
45106
45122
45137
45159
45175
45191
45208
45224
45241
45259
45279
45296
45312
45331
45348
45365
45384
45403
45421
45437
45456
45477
45495
45515
45530
45548
45568
45585
45601
45621
45640
45657
45673
45691
45710
45730
45748
45767
45788
45806
45824
45841
45859
45877
45893
45911
45928
45946
45962
45980
45998
46017
46032
46051
46069
46087
46104
46123
46141
46158
46175
46192
46208
46226
46245
46262
46280
46298
46316
46336
46355
46371
46386
46403
46421
46438
46456
46472
46492
46509
46526
46542
46558
46575
46592
46611
46628
46644
46659
46677
46698
46714
46733
46753
46769
46787
46805
46825
46841
46859
46878
46894
46911
46932
46949
46967
46984
47000
47019
47037
47054
47069
47089
47106
47125
47145
47167
47184
47203
47218
47237
47253
47273
47288
47306
47326
47343
47359
47376
47393
47410
47430
47446
47463
47479
47497
47514
47533
47553
47569
47588
47607
47625
47644
47660
47677
47695
47713
47728
47745
47763
47780
47800
47816
47837
47856
47871
47891
47911
47929
47947
47963
47979
47998
48014
48031
48047
48066
48083
48101
48119
48139
48156
48172
48189
48210
48226
48245
48264
48282
48299
48314
48334
48350
48368
48384
48399
48417
48435
48455
48472
48489
48507
48522
48538
48554
48572
48589
48606
48622
48640
48659
48682
48699
48715
48734
48751
48770
48786
48803
48822
48838
48856
48872
48889
48906
48923
48938
48955
48972
48987
49008
49026
49042
49063
49081
49101
49121
49141
49159
49181
49199
49215
49233
49250
49266
49284
49302
49317
49333
49350
49366
49383
49399
49415
49436
49456
49477
49495
49512
49530
49548
49565
49582
49598
49618
49635
49652
49670
49690
49708
49726
49743
49762
49780
49796
49814
49835
49851
49868
49885
49902
49918
49937
49952
49970
49987
50004
50019
50037
50053
50069
50088
50105
50121
50139
50157
50175
50194
50212
50229
50245
50264
50282
50300
50318
50334
50354
50371
50389
50408
50424
50444
50461
50478
50496
50513
50529
50545
50561
50580
50596
50613
50631
50647
50665
50685
50702
50719
50735
50752
50772
50789
50808
50826
50842
50858
50877
50898
50915
50936
50953
50969
50985
51000
51015
51032
51049
51068
51086
51103
51119
51136
51154
51171
51188
51205
51221
51240
51259
51278
51294
51315
51332
51349
51366
51385
51400
51417
51434
51452
51468
51485
51503
51520
51540
51555
51570
51588
51604
51622
51639
51656
51674
51691
51710
51728
51748
51766
51785
51802
51820
51836
51855
51873
51889
51909
51927
51945
51963
51982
51999
52015
52032
52048
52066
52082
52100
52118
52139
52154
52173
52190
52207
52227
52243
52262
52277
52292
52307
52324
52342
52360
52376
52393
52412
52430
52446
52464
52481
52497
52512
52532
52550
52567
52585
52605
52623
52641
52657
52675
52697
52712
52727
52746
52761
52779
52796
52812
52829
52847
52863
52878
52896
52913
52931
52949
52966
52984
53000
53015
53032
53048
53064
53081
53101
53121
53136
53152
53168
53185
53204
53222
53239
53257
53275
53294
53313
53329
53347
53365
53382
53397
53415
53432
53448
53467
53486
53503
53523
53542
53561
53577
53595
53611
53631
53649
53667
53683
53699
53715
53732
53749
53764
53781
53797
53813
53828
53844
53864
53880
53898
53916
53933
53951
53969
53987
54004
54023
54042
54059
54075
54092
54107
54123
54141
54159
54175
54191
54209
54231
54247
54264
54282
54302
54319
54335
54352
54371
54387
54406
54422
54440
54455
54470
54487
54505
54524
54544
54564
54586
54604
54621
54639
54659
54676
54691
54707
54725
54742
54758
54776
54794
54812
54828
54846
54861
54877
54893
54910
54926
54941
54959
54975
54991
55011
55032
55049
55066
55081
55098
55116
55132
55148
55163
55179
55194
55210
55228
55248
55264
55282
55299
55315
55331
55352
55369
55386
55404
55423
55443
55462
55483
55502
55519
55537
55555
55570
55588
55604
55620
55637
55654
55671
55686
55702
55718
55734
55751
55768
55784
55801
55817
55835
55855
55872
55890
55908
55926
55942
55958
55974
55992
56011
56028
56043
56061
56076
56095
56112
56130
56150
56166
56185
56203
56222
56240
56256
56271
56286
56303
56320
56338
56357
56375
56390
56408
56427
56443
56463
56478
56494
56513
56529
56547
56564
56581
56597
56615
56633
56650
56668
56687
56702
56717
56733
56751
56767
56785
56803
56823
56839
56857
56873
56889
56905
56922
56937
56952
56971
56989
57006
57024
57042
57058
57075
57090
57108
57125
57145
57162
57178
57196
57214
57231
57250
57267
57286
57303
57322
57341
57358
57375
57390
57406
57422
57442
57461
57478
57495
57513
57530
57550
57567
57585
57601
57617
57633
57651
57668
57685
57701
57719
57734
57753
57769
57785
57801
57818
57838
57855
57875
57893
57909
57925
57942
57961
57977
57994
58010
58027
58043
58060
58078
58096
58116
58135
58152
58168
58188
58204
58223
58240
58256
58272
58290
58307
58323
58340
58355
58372
58390
58408
58428
58448
58464
58480
58497
58516
58531
58548
58565
58580
58597
58614
58631
58647
58664
58683
58700
58716
58732
58749
58765
58782
58799
58815
58833
58851
58866
58887
58903
58918
58934
58953
58969
58985
59006
59022
59039
59057
59074
59090
59107
59122
59138
59154
59172
59190
59207
59223
59244
59259
59275
59294
59309
59324
59342
59360
59378
59393
59410
59428
59444
59461
59477
59493
59510
59526
59542
59559
59578
59595
59610
59627
59644
59659
59677
59692
59707
59722
59741
59757
59778
59794
59813
59833
59849
59866
59883
59899
59918
59933
59948
59964
59981
59997
60015
60031
60047
60063
60080
60096
60113
60128
60147
60162
60178
60195
60210
60227
60244
60259
60277
60295
60310
60327
60344
60361
60378
60394
60414
60431
60446
60462
60479
60500
60517
60533
60549
60565
60581
60599
60616
60636
60652
60670
60687
60703
60720
60738
60753
60771
60788
60807
60825
60842
60861
60879
60896
60912
60928
60946
60961
60978
60994
61009
61026
61042
61059
61076
61094
61112
61129
61145
61160
61176
61193
61209
61225
61240
61257
61275
61291
61310
61326
61343
61360
61380
61395
61411
61427
61442
61459
61476
61494
61510
61526
61544
61561
61576
61592
61609
61627
61642
61659
61674
61691
61707
61723
61739
61757
61773
61789
61806
61821
61836
61852
61869
61885
61902
61918
61935
61955
61971
61987
62003
62019
62038
62054
62069
62086
62104
62119
62136
62152
62174
62189
62206
62222
62239
62258
62276
62295
62312
62327
62342
62358
62373
62390
62405
62421
62437
62455
62472
62488
62508
62528
62546
62562
62579
62596
62613
62631
62651
62668
62687
62704
62719
62737
62754
62769
62787
62803
62820
62838
62854
62871
62888
62905
62924
62941
62961
62979
62998
63019
63034
63052
63068
63084
63103
63121
63136
63152
63171
63188
63205
63221
63238
63254
63270
63286
63302
63322
63338
63355
63370
63388
63409
63428
63444
63460
63479
63496
63516
63533
63548
63564
63579
63596
63611
63627
63644
63659
63676
63693
63709
63725
63742
63758
63774
63791
63806
63822
63838
63856
63872
63890
63909
63926
63943
63961
63978
63994
64010
64026
64043
64059
64077
64093
64113
64129
64147
64164
64180
64195
64213
64230
64248
64264
64279
64295
64311
64327
64342
64357
64377
64394
64411
64428
64445
64460
64476
64492
64507
64522
64538
64554
64569
64585
64601
64617
64632
64647
64663
64680
64695
64711
64727
64742
64757
64772
64788
64807
64824
64840
64856
64872
64888
64905
64921
64937
64952
64967
64984
65001
65018
65036
65054
65070
65086
65102
65119
65135
65151
65168
65184
65205
65223
65241
65256
65272
65288
65306
65324
65339
65356
65371
65387
65404
65420
65436
65452
65471
65491
65507
65525
65542
65559
65575
65594
65612
65628
65645
65663
65682
65697
65712
65728
65744
65761
65776
65792
65807
65824
65840
65856
65874
65889
65907
65922
65937
65952
65967
65984
66001
66016
66031
66046
66061
66077
66094
66110
66126
66142
66158
66175
66190
66205
66220
66236
66253
66269
66284
66300
66316
66335
66353
66368
66386
66402
66418
66433
66448
66463
66480
66496
66511
66528
66545
66562
66581
66598
66614
66629
66645
66663
66678
66696
66715
66731
66748
66765
66782
66798
66813
66829
66844
66861
66876
66892
66908
66925
66942
66959
66977
66995
67014
67029
67046
67065
67081
67097
67115
67132
67149
67166
67183
67199
67216
67233
67250
67265
67280
67295
67312
67328
67344
67362
67379
67395
67414
67432
67449
67464
67481
67497
67513
67529
67544
67559
67574
67589
67604
67619
67638
67655
67671
67687
67703
67720
67736
67752
67767
67783
67798
67815
67831
67846
67862
67878
67895
67910
67927
67943
67959
67974
67991
68008
68025
68041
68059
68075
68091
68108
68124
68139
68155
68170
68188
68206
68223
68238
68253
68268
68285
68301
68318
68333
68349
68364
68381
68397
68414
68430
68446
68461
68476
68493
68509
68525
68541
68556
68571
68586
68602
68622
68640
68656
68672
68688
68704
68720
68739
68755
68770
68787
68804
68823
68841
68858
68873
68888
68905
68924
68941
68958
68973
68988
69003
69018
69036
69051
69066
69083
69099
69117
69132
69148
69164
69179
69196
69212
69227
69242
69257
69272
69288
69303
69319
69335
69352
69367
69383
69398
69414
69430
69447
69464
69479
69496
69511
69527
69544
69560
69575
69590
69605
69621
69640
69658
69676
69694
69709
69729
69745
69761
69778
69794
69809
69825
69840
69856
69874
69892
69907
69922
69937
69953
69970
69987
70005
70020
70036
70053
70070
70086
70102
70118
70135
70150
70166
70183
70200
70216
70232
70249
70266
70281
70296
70315
70330
70347
70363
70379
70395
70411
70426
70444
70461
70477
70492
70508
70526
70543
70559
70576
70592
70608
70625
70640
70656
70672
70690
70708
70725
70742
70758
70774
70793
70808
70824
70839
70855
70871
70888
70904
70924
70939
70956
70973
70990
71006
71022
71038
71053
71069
71084
71099
71117
71133
71149
71166
71181
71197
71213
71231
71246
71262
71280
71296
71312
71329
71345
71361
71377
71393
71411
71427
71442
71457
71475
71492
71508
71524
71541
71557
71573
71589
71606
71621
71638
71653
71668
71685
71700
71716
71734
71749
71764
71779
71795
71810
71826
71842
71859
71875
71890
71906
71923
71941
71956
71971
71989
72006
72023
72041
72056
72071
72086
72102
72118
72133
72151
72166
72181
72197
72212
72230
72245
72260
72275
72292
72308
72325
72340
72356
72372
72388
72403
72419
72436
72452
72470
72486
72502
72517
72532
72550
72568
72584
72599
72616
72634
72650
72666
72682
72699
72714
72732
72750
72766
72781
72797
72813
72830
72846
72861
72877
72894
72909
72925
72942
72959
72974
72990
73005
73021
73037
73055
73070
73085
73101
73116
73131
73147
73162
73179
73194
73210
73226
73241
73257
73273
73288
73305
73320
73335
73350
73366
73381
73399
73416
73431
73446
73462
73477
73494
73509
73524
73541
73556
73573
73591
73607
73624
73640
73658
73674
73689
73706
73721
73736
73752
73769
73784
73800
73815
73832
73848
73863
73879
73895
73911
73929
73945
73960
73975
73992
74008
74023
74040
74056
74072
74088
74104
74120
74136
74152
74168
74184
74200
74216
74231
74246
74262
74278
74294
74311
74327
74342
74357
74374
74390
74405
74420
74435
74451
74467
74482
74498
74515
74530
74545
74561
74576
74591
74606
74621
74637
74655
74672
74688
74705
74720
74736
74752
74768
74784
74801
74816
74832
74849
74864
74881
74896
74913
74929
74944
74959
74976
74991
75010
75026
75044
75061
75078
75094
75110
75126
75141
75156
75171
75188
75203
75219
75235
75252
75268
75283
75299
75315
75331
75349
75364
75379
75396
75412
75428
75444
75460
75476
75492
75508
75524
75540
75555
75570
75585
75602
75620
75635
75652
75667
75685
75700
75715
75733
75751
75767
75783
75800
75815
75830
75846
75861
75876
75893
75909
75925
75941
75961
75979
75995
76010
76027
76042
76058
76074
76089
76104
76121
76137
76154
76171
76187
76202
76218
76234
76254
76270
76285
76301
76318
76334
76352
76370
76386
76401
76416
76432
76449
76465
76480
76497
76517
76535
76550
76565
76580
76595
76610
76625
76641
76657
76674
76689
76705
76721
76736
76753
76770
76787
76803
76818
76833
76849
76864
76881
76897
76912
76929
76946
76962
76979
76994
77009
77024
77040
77055
77070
77085
77100
77116
77131
77147
77163
77178
77194
77210
77226
77241
77256
77274
77289
77304
77321
77338
77356
77371
77386
77401
77417
77432
77447
77463
77478
77494
77511
77527
77543
77560
77576
77591
77607
77622
77637
77652
77668
77683
77699
77715
77733
77748
77768
77784
77799
77815
77831
77846
77862
77878
77893
77908
77924
77939
77954
77969
77984
78001
78017
78034
78050
78067
78082
78098
78113
78128
78146
78161
78176
78193
78208
78224
78241
78257
78272
78287
78302
78317
78334
78349
78365
78380
78395
78411
78427
78442
78457
78472
78488
78503
78518
78533
78548
78563
78579
78594
78611
78626
78642
78657
78673
78688
78703
78721
78737
78753
78768
78785
78801
78819
78834
78851
78868
78884
78900
78915
78930
78947
78963
78979
78997
79012
79030
79046
79065
79081
79097
79112
79128
79146
79163
79180
79197
79213
79228
79243
79259
79274
79289
79304
79319
79337
79352
79370
79386
79401
79418
79434
79449
79465
79481
79500
79516
79531
79546
79561
79576
79592
79608
79623
79640
79656
79674
79691
79707
79723
79738
79755
79770
79785
79801
79816
79831
79847
79863
79878
79896
79912
79927
79943
79958
79974
79990
80006
80021
80037
80052
80069
80086
80102
80117
80133
80148
80163
80179
80196
80211
80227
80242
80257
80273
80289
80305
80323
80340
80356
80371
80387
80402
80419
80435
80451
80468
80483
80499
80515
80530
80547
80563
80578
80593
80608
80623
80639
80655
80670
80685
80700
80718
80733
80749
80765
80780
80795
80812
80827
80843
80859
80876
80891
80907
80924
80940
80956
80973
80989
81007
81022
81037
81054
81071
81086
81101
81116
81132
81148
81164
81179
81194
81209
81224
81240
81255
81273
81289
81304
81321
81336
81352
81368
81384
81399
81414
81429
81446
81462
81478
81493
81510
81526
81542
81557
81573
81590
81605
81620
81638
81653
81668
81684
81700
81716
81732
81748
81763
81778
81793
81809
81825
81841
81857
81875
81891
81906
81921
81938
81953
81968
81984
82002
82018
82035
82050
82065
82080
82097
82113
82129
82146
82161
82176
82192
82207
82226
82242
82257
82274
82290
82306
82322
82339
82355
82370
82385
82400
82415
82432
82450
82465
82480
82495
82512
82527
82543
82558
82573
82589
82604
82620
82635
82650
82667
82684
82699
82714
82729
82744
82762
82779
82796
82812
82827
82843
82858
82873
82888
82904
82919
82934
82949
82967
82983
82999
83016
83033
83048
83063
83078
83093
83108
83125
83140
83155
83170
83186
83201
83219
83235
83250
83265
83280
83297
83313
83328
83344
83359
83374
83390
83405
83420
83437
83452
83467
83482
83498
83513
83528
83544
83561
83576
83591
83607
83622
83637
83653
83670
83687
83702
83717
83733
83748
83763
83778
83793
83809
83824
83840
83856
83872
83888
83903
83919
83934
83949
83966
83981
83996
84012
84029
84044
84059
84074
84089
84104
84119
84134
84150
84165
84180
84196
84211
84227
84242
84257
84272
84289
84304
84319
84334
84350
84366
84382
84397
84412
84428
84443
84461
84476
84493
84508
84524
84540
84558
84573
84588
84604
84620
84635
84650
84665
84681
84696
84711
84727
84743
84758
84773
84788
84805
84820
84835
84850
84868
84883
84898
84913
84928
84943
84958
84973
84989
85004
85019
85035
85051
85066
85082
85097
85113
85128
85143
85159
85174
85190
85206
85222
85238
85254
85272
85288
85303
85319
85334
85350
85365
85381
85398
85414
85429
85446
85462
85477
85493
85508
85524
85539
85555
85570
85585
85600
85616
85631
85646
85662
85677
85692
85708
85723
85738
85753
85769
85784
85800
85815
85830
85847
85862
85877
85894
85909
85925
85941
85959
85974
85990
86005
86022
86037
86052
86067
86082
86098
86113
86128
86144
86160
86176
86191
86208
86223
86238
86254
86269
86284
86300
86317
86332
86348
86363
86379
86395
86412
86427
86442
86459
86475
86490
86505
86520
86535
86551
86566
86581
86598
86614
86629
86644
86659
86675
86690
86705
86720
86735
86750
86765
86781
86797
86812
86827
86842
86859
86874
86889
86904
86919
86934
86951
86968
86983
87000
87016
87031
87046
87061
87076
87091
87106
87121
87136
87151
87167
87183
87199
87214
87229
87244
87259
87274
87289
87304
87319
87334
87349
87365
87381
87396
87411
87426
87441
87456
87471
87487
87502
87518
87533
87548
87563
87578
87593
87609
87624
87639
87654
87669
87684
87700
87715
87730
87745
87761
87777
87792
87807
87822
87837
87852
87868
87883
87903
87918
87933
87948
87963
87979
87994
88009
88024
88040
88057
88072
88087
88102
88117
88135
88152
88167
88183
88198
88214
88229
88245
88261
88276
88292
88307
88324
88339
88354
88369
88384
88399
88416
88432
88447
88462
88477
88493
88508
88524
88540
88556
88571
88587
88602
88618
88634
88650
88666
88681
88697
88712
88727
88743
88759
88774
88789
88805
88820
88836
88851
88866
88883
88898
88914
88931
88947
88963
88978
88994
89009
89024
89040
89055
89070
89086
89101
89116
89131
89146
89163
89178
89194
89210
89227
89243
89258
89274
89289
89304
89319
89334
89349
89364
89381
89398
89413
89429
89445
89460
89476
89492
89507
89522
89537
89552
89569
89585
89600
89615
89631
89646
89662
89678
89693
89709
89724
89739
89754
89770
89786
89801
89817
89832
89847
89863
89878
89893
89910
89925
89940
89956
89971
89987
90002
90019
90035
90052
90069
90084
90099
90114
90130
90146
90161
90176
90191
90208
90223
90241
90256
90271
90286
90301
90316
90332
90349
90364
90379
90395
90410
90426
90441
90457
90472
90488
90503
90518
90534
90549
90564
90580
90595
90610
90626
90641
90656
90672
90687
90702
90717
90732
90747
90762
90777
90792
90807
90822
90837
90854
90869
90884
90900
90915
90930
90945
90960
90975
90990
91007
91022
91040
91055
91071
91086
91102
91118
91133
91150
91166
91181
91197
91214
91230
91245
91260
91276
91292
91307
91322
91338
91354
91370
91385
91401
91416
91431
91447
91463
91478
91493
91509
91527
91542
91558
91574
91589
91604
91620
91636
91651
91667
91682
91698
91713
91729
91744
91761
91778
91793
91808
91823
91838
91853
91868
91884
91900
91915
91932
91948
91963
91978
91995
92011
92027
92042
92057
92073
92088
92104
92119
92135
92150
92165
92182
92197
92213
92228
92244
92260
92277
92292
92307
92322
92337
92352
92367
92382
92397
92412
92428
92444
92459
92474
92489
92506
92521
92536
92552
92569
92584
92599
92614
92630
92645
92660
92675
92692
92707
92722
92737
92752
92767
92783
92798
92814
92829
92845
92860
92875
92891
92907
92923
92938
92953
92968
92983
92998
93013
93028
93043
93058
93073
93090
93105
93120
93136
93152
93168
93184
93199
93215
93231
93247
93262
93277
93292
93307
93322
93337
93352
93368
93384
93399
93415
93431
93448
93464
93480
93496
93511
93526
93541
93556
93572
93587
93602
93617
93633
93650
93665
93681
93696
93711
93726
93741
93757
93773
93789
93806
93822
93839
93854
93869
93884
93900
93915
93930
93945
93960
93975
93991
94007
94022
94039
94054
94069
94084
94099
94115
94130
94145
94160
94176
94191
94206
94221
94237
94252
94268
94283
94298
94314
94329
94344
94359
94374
94389
94404
94419
94434
94450
94465
94480
94496
94511
94527
94542
94557
94572
94587
94603
94619
94634
94649
94664
94679
94694
94710
94725
94740
94755
94770
94786
94801
94816
94831
94846
94862
94877
94892
94908
94923
94938
94953
94968
94985
95001
95016
95032
95049
95065
95080
95096
95112
95127
95142
95157
95173
95188
95203
95219
95234
95251
95266
95281
95296
95311
95326
95341
95358
95374
95392
95407
95423
95438
95453
95468
95483
95498
95514
95529
95544
95560
95575
95590
95605
95620
95636
95651
95666
95681
95696
95711
95726
95743
95760
95775
95792
95807
95822
95837
95852
95867
95882
95898
95913
95928
95943
95958
95974
95990
96006
96021
96036
96051
96066
96081
96096
96112
96127
96143
96159
96174
96189
96204
96219
96235
96250
96265
96280
96296
96311
96327
96343
96359
96375
96390
96405
96420
96435
96451
96466
96482
96497
96513
96528
96543
96558
96574
96589
96604
96619
96635
96650
96666
96681
96696
96712
96728
96743
96758
96775
96792
96807
96823
96838
96854
96870
96885
96900
96916
96932
96947
96962
96977
96992
97007
97022
97037
97053
97068
97083
97098
97113
97128
97144
97159
97174
97189
97204
97220
97235
97250
97265
97280
97297
97313
97331
97347
97363
97379
97394
97409
97424
97439
97455
97470
97486
97501
97516
97532
97548
97563
97578
97594
97610
97625
97640
97655
97671
97686
97702
97718
97733
97750
97765
97781
97796
97811
97826
97841
97856
97871
97886
97901
97917
97933
97948
97963
97979
97994
98009
98024
98039
98054
98069
98085
98100
98115
98131
98146
98161
98176
98191
98206
98221
98236
98251
98267
98282
98297
98313
98329
98344
98360
98375
98390
98406
98422
98437
98452
98467
98482
98497
98512
98527
98542
98558
98574
98589
98605
98622
98638
98654
98669
98684
98699
98715
98730
98746
98761
98776
98791
98806
98821
98836
98851
98866
98881
98897
98913
98928
98944
98959
98975
98991
99006
99021
99037
99052
99067
99083
99098
99114
99129
99144
99161
99176
99191
99207
99222
99238
99253
99268
99284
99299
99314
99329
99344
99359
99374
99389
99404
99421
99436
99451
99467
99483
99498
99514
99530
99546
99562
99577
99592
99607
99622
99637
99652
99667
99682
99697
99712
99727
99742
99758
99773
99788
99803
99818
99833
99848
99863
99878
99893
99908
99924
99940
99955
99970
99985
100000
100016
100031
100047
100062
100077
100092
100108
100123
100138
100153
100168
100185
100200
100215
100230
100245
100260
100275
100290
100305
100321
100338
100353
100368
100383
100398
100414
100430
100445
100461
100476
100491
100507
100524
100540
100555
100570
100587
100604
100619
100634
100650
100665
100680
100695
100710
100726
100741
100757
100772
100787
100802
100818
100834
100849
100864
100879
100895
100912
100927
100942
100958
100975
100990
101005
101020
101036
101051
101067
101084
101099
101114
101129
101145
101160
101175
101190
101205
101220
101236
101251
101267
101282
101297
101312
101327
101343
101359
101375
101391
101406
101421
101438
101453
101470
101485
101500
101516
101532
101547
101562
101577
101592
101608
101623
101638
101655
101670
101686
101702
101717
101732
101747
101762
101781
101796
101812
101829
101844
101860
101875
101892
101907
101922
101937
101952
101967
101983
102001
102016
102031
102046
102061
102077
102092
102107
102122
102137
102152
102168
102183
102198
102213
102229
102245
102261
102276
102291
102307
102323
102338
102353
102368
102384
102399
102414
102429
102444
102459
102474
102489
102504
102521
102536
102551
102566
102581
102596
102611
102626
102641
102657
102673
102688
102703
102718
102734
102749
102764
102779
102794
102809
102826
102841
102856
102871
102886
102902
102917
102933
102949
102964
102979
102995
103010
103025
103041
103056
103071
103086
103102
103117
103132
103147
103162
103177
103192
103208
103223
103238
103253
103268
103284
103299
103317
103332
103347
103362
103378
103393
103410
103425
103441
103456
103471
103486
103501
103517
103532
103547
103563
103578
103593
103608
103623
103638
103653
103668
103683
103699
103715
103730
103745
103760
103775
103790
103805
103820
103837
103854
103869
103885
103900
103915
103931
103946
103961
103976
103992
104007
104023
104039
104055
104070
104085
104100
104115
104131
104146
104161
104176
104191
104206
104221
104237
104252
104267
104282
104297
104312
104327
104343
104358
104373
104388
104404
104419
104434
104449
104464
104479
104494
104509
104524
104539
104554
104569
104584
104599
104614
104629
104646
104662
104678
104693
104708
104724
104739
104754
104769
104785
104800
104815
104830
104845
104861
104876
104892
104907
104922
104938
104953
104968
104983
104998
105015
105030
105046
105062
105079
105095
105110
105126
105141
105157
105172
105187
105202
105217
105232
105247
105262
105277
105293
105308
105323
105338
105353
105370
105385
105401
105416
105431
105446
105461
105476
105491
105506
105521
105536
105552
105567
105583
105598
105614
105632
105647
105662
105679
105694
105709
105724
105740
105755
105770
105785
105801
105816
105832
105847
105862
105877
105893
105908
105923
105938
105953
105968
105983
106000
106015
106030
106045
106061
106076
106091
106106
106121
106136
106151
106166
106181
106196
106211
106226
106241
106256
106271
106286
106301
106316
106331
106346
106361
106376
106391
106406
106421
106437
106452
106467
106482
106497
106512
106527
106542
106558
106573
106589
106605
106620
106635
106650
106666
106681
106696
106713
106729
106744
106759
106774
106789
106804
106819
106834
106849
106865
106880
106895
106910
106926
106941
106956
106971
106986
107001
107016
107031
107046
107061
107076
107091
107106
107121
107137
107153
107169
107184
107199
107214
107229
107244
107259
107274
107289
107304
107319
107334
107349
107364
107379
107394
107409
107424
107440
107455
107470
107485
107500
107515
107530
107545
107560
107575
107591
107607
107622
107637
107652
107667
107682
107697
107712
107727
107742
107757
107772
107787
107802
107817
107832
107847
107862
107877
107892
107909
107924
107939
107954
107969
107984
107999
108015
108031
108046
108061
108077
108093
108108
108125
108140
108155
108170
108186
108201
108217
108232
108247
108262
108277
108292
108307
108323
108338
108354
108371
108386
108401
108416
108432
108447
108463
108478
108493
108508
108523
108538
108553
108568
108583
108598
108614
108629
108645
108660
108675
108690
108705
108720
108735
108750
108766
108781
108796
108811
108826
108841
108856
108871
108886
108901
108916
108931
108946
108962
108977
108994
109009
109024
109039
109054
109069
109084
109099
109114
109130
109145
109160
109177
109192
109207
109222
109239
109254
109269
109284
109299
109314
109329
109344
109360
109375
109391
109406
109421
109436
109451
109467
109483
109499
109516
109531
109546
109561
109578
109594
109609
109625
109641
109657
109672
109687
109702
109718
109733
109748
109764
109779
109794
109809
109824
109840
109855
109870
109885
109901
109916
109931
109946
109961
109976
109991
110007
110022
110037
110052
110067
110082
110098
110113
110128
110143
110158
110173
110188
110203
110218
110233
110248
110263
110278
110294
110309
110324
110340
110355
110372
110387
110402
110417
110432
110447
110462
110479
110494
110509
110524
110539
110554
110569
110585
110600
110615
110631
110646
110664
110679
110695
110711
110726
110741
110756
110771
110786
110801
110817
110832
110847
110863
110879
110894
110909
110924
110939
110954
110970
110985
111000
111015
111030
111045
111060
111075
111090
111105
111120
111135
111150
111166
111181
111197
111212
111227
111242
111257
111272
111287
111304
111319
111335
111350
111366
111382
111397
111412
111427
111442
111458
111473
111488
111503
111518
111533
111548
111564
111579
111594
111609
111625
111640
111655
111670
111685
111701
111716
111731
111747
111762
111779
111794
111809
111824
111839
111854
111869
111884
111899
111914
111930
111945
111960
111975
111990
112005
112020
112035
112050
112065
112082
112097
112112
112127
112142
112157
112173
112188
112203
112219
112235
112251
112266
112282
112297
112312
112327
112343
112358
112373
112388
112403
112418
112434
112449
112465
112481
112496
112512
112527
112542
112558
112573
112588
112603
112618
112633
112648
112663
112678
112693
112708
112723
112738
112753
112768
112783
112798
112813
112828
112844
112859
112874
112889
112904
112919
112934
112949
112964
112980
112996
113011
113026
113041
113056
113071
113086
113102
113117
113132
113147
113162
113177
113192
113207
113224
113239
113254
113269
113284
113299
113314
113331
113346
113361
113377
113392
113407
113422
113437
113452
113468
113484
113499
113514
113529
113545
113560
113576
113591
113606
113621
113638
113653
113668
113683
113699
113715
113730
113745
113760
113775
113790
113805
113820
113835
113850
113866
113881
113897
113912
113927
113942
113957
113972
113987
114002
114017
114033
114048
114063
114078
114093
114108
114123
114138
114153
114168
114183
114198
114213
114228
114243
114258
114273
114288
114303
114318
114334
114350
114365
114380
114395
114410
114425
114440
114455
114470
114488
114504
114520
114536
114552
114568
114584
114599
114614
114629
114644
114659
114674
114689
114704
114719
114734
114749
114764
114779
114794
114809
114826
114843
114858
114873
114889
114904
114919
114934
114949
114964
114981
114996
115011
115026
115041
115056
115071
115086
115101
115118
115133
115148
115163
115178
115193
115209
115224
115239
115254
115269
115284
115299
115314
115329
115344
115359
115374
115389
115404
115420
115436
115451
115466
115481
115496
115511
115527
115542
115558
115575
115590
115605
115620
115635
115650
115665
115680
115695
115710
115726
115741
115757
115773
115788
115803
115818
115833
115848
115863
115878
115893
115909
115924
115939
115954
115969
115985
116001
116017
116033
116048
116063
116080
116095
116110
116125
116140
116156
116171
116186
116202
116217
116232
116247
116262
116277
116292
116307
116322
116337
116352
116367
116382
116398
116414
116429
116444
116459
116475
116490
116506
116521
116536
116552
116567
116583
116598
116613
116628
116643
116658
116673
116688
116703
116718
116733
116749
116766
116781
116796
116811
116826
116841
116856
116871
116886
116901
116916
116931
116947
116963
116978
116993
117009
117024
117039
117054
117069
117084
117099
117114
117129
117144
117159
117174
117190
117205
117220
117235
117250
117265
117280
117295
117310
117325
117340
117356
117372
117387
117403
117418
117433
117448
117463
117480
117495
117510
117525
117540
117556
117572
117587
117602
117618
117633
117648
117663
117678
117694
117709
117724
117739
117754
117769
117784
117799
117814
117829
117844
117860
117875
117890
117905
117920
117935
117950
117965
117980
117995
118010
118025
118041
118056
118072
118087
118102
118117
118132
118147
118162
118177
118192
118207
118222
118239
118255
118270
118285
118300
118315
118330
118345
118361
118376
118391
118407
118422
118437
118455
118471
118486
118502
118519
118534
118549
118564
118580
118595
118610
118625
118641
118656
118671
118686
118701
118716
118732
118747
118763
118780
118796
118811
118827
118842
118857
118872
118889
118905
118920
118935
118950
118965
118980
118995
119010
119025
119041
119056
119071
119086
119101
119116
119131
119146
119161
119176
119191
119206
119221
119236
119251
119266
119281
119296
119312
119328
119343
119358
119373
119388
119404
119419
119434
119449
119464
119479
119494
119509
119524
119539
119554
119569
119584
119599
119614
119629
119644
119661
119676
119691
119707
119722
119737
119752
119767
119782
119797
119812
119827
119843
119858
119873
119888
119903
119918
119934
119949
119964
119979
119995
120010
120026
120043
120058
120073
120088
120103
120120
120135
120151
120166
120181
120196
120211
120227
120243
120258
120273
120289
120304
120320
120336
120351
120366
120382
120397
120412
120427
120442
120457
120472
120487
120502
120517
120532
120547
120562
120578
120594
120611
120626
120641
120657
120673
120688
120703
120718
120733
120750
120765
120780
120795
120810
120825
