30
57
84
113
140
164
193
224
254
284
310
345
372
400
424
453
481
513
548
572
605
632
655
680
706
732
757
790
820
845
875
904
931
960
989
1017
1047
1081
1111
1133
1158
1189
1214
1242
1265
1294
1320
1345
1377
1412
1440
1466
1494
1519
1550
1581
1614
1641
1672
1691
1725
1754
1779
1803
1829
1859
1887
1914
1941
1967
1997
2028
2051
2076
2109
2143
2169
2193
2224
2246
2277
2305
2337
2367
2393
2421
2447
2472
2496
2522
2551
2583
2609
2646
2672
2699
2729
2752
2780
2816
2847
2873
2903
2930
2952
2982
3013
3039
3067
3094
3125
3157
3181
3205
3240
3268
3291
3318
3351
3388
3423
3446
3477
3511
3539
3568
3595
3623
3657
3681
3699
3727
3755
3787
3824
3856
3891
3919
3949
3975
3999
4030
4059
4088
4117
4139
4164
4187
4209
4234
4263
4290
4318
4344
4370
4392
4419
4446
4477
4506
4530
4556
4584
4610
4638
4663
4686
4712
4742
4766
4790
4817
4844
4869
4899
4931
4955
4972
4995
5021
5044
5074
5103
5138
5177
5202
5229
5256
5281
5310
5333
5360
5394
5419
5443
5463
5486
5519
5543
5570
5598
5624
5652
5678
5707
5737
5763
5790
5814
5837
5862
5886
5912
5944
5971
6001
6030
6054
6082
6119
6142
6170
6198
6222
6250
6281
6308
6338
6362
6392
6422
6452
6485
6508
6531
6551
6573
6595
6621
6642
6671
6694
6723
6755
6788
6815
6848
6870
6899
6923
6956
6979
7010
7045
7071
7098
7127
7158
7186
7203
7229
7253
7282
7314
7339
7366
7394
7422
7451
7476
7499
7532
7558
7585
7611
7639
7663
7691
7724
7750
7775
7802
7831
7856
7880
7908
7936
7967
7999
8019
8045
8070
8096
8124
8154
8181
8209
8230
8259
8284
8301
8330
8353
8374
8399
8426
8450
8475
8500
8530
8566
8586
8612
8637
8664
8694
8724
8744
8777
8800
8827
8855
8879
8903
8932
8959
8977
9006
9034
9059
9081
9105
9134
9159
9188
9215
9247
9278
9304
9329
9364
9390
9419
9449
9477
9504
9530
9557
9582
9612
9642
9675
9697
9723
9744
9766
9795
9821
9846
9873
9901
9933
9958
9983
10011
10037
10066
10092
10122
10155
10174
10205
10233
10253
10280
10313
10338
10367
10389
10416
10441
10478
10500
10527
10547
10567
10594
10622
10643
10669
10697
10732
10759
10789
10811
10840
10860
10887
10910
10932
10955
10982
11016
11042
11063
11089
11116
11143
11170
11192
11218
11237
11259
11287
11311
11338
11360
11379
11403
11427
11451
11472
11494
11520
11548
11568
11590
11613
11639
11666
11696
11721
11744
11773
11801
11828
11852
11878
11901
11933
11961
11988
12006
12035
12066
12092
12114
12138
12165
12188
12211
12241
12266
12296
12321
12350
12381
12406
12427
12447
12470
12493
12515
12534
12555
12579
12599
12624
12646
12669
12694
12718
12748
12774
12800
12825
12849
12872
12893
12915
12938
12960
12985
13013
13039
13070
13098
13120
13149
13174
13193
13222
13245
13267
13292
13318
13340
13367
13396
13420
13442
13468
13490
13517
13539
13562
13583
13606
13632
13655
13679
13705
13726
13746
13766
13793
13815
13840
13862
13883
13908
13932
13960
13984
14008
14030
14053
14078
14098
14120
14145
14171
14191
14215
14242
14270
14293
14317
14341
14361
14386
14404
14429
14450
14477
14499
14522
14546
14572
14597
14622
14640
14662
14680
14704
14727
14752
14773
14799
14822
14848
14873
14898
14921
14943
14964
14989
15014
15039
15065
15087
15109
15134
15151
15178
15201
15231
15257
15283
15310
15332
15358
15380
15405
15428
15450
15472
15497
15524
15547
15570
15591
15613
15634
15668
15687
15704
15731
15757
15780
15799
15827
15849
15875
15897
15923
15945
15969
15997
16023
16045
16074
16095
16125
16147
16172
16200
16227
16246
16266
16285
16316
16336
16360
16382
16407
16429
16452
16483
16507
16528
16554
16577
16608
16631
16657
16684
16710
16730
16751
16772
16793
16819
16838
16861
16880
16903
16928
16955
16985
17001
17025
17051
17075
17100
17122
17143
17169
17187
17210
17229
17249
17272
17297
17316
17339
17361
17379
17408
17431
17448
17468
17492
17516
17534
17560
17581
17605
17627
17654
17676
17701
17724
17743
17766
17789
17810
17837
17864
17885
17912
17934
17955
17978
17996
18015
18041
18068
18087
18106
18130
18158
18181
18206
18229
18254
18271
18294
18318
18339
18365
18388
18411
18438
18461
18483
18504
18520
18540
18562
18583
18606
18625
18647
18669
18695
18714
18734
18756
18779
18805
18828
18849
18871
18889
18910
18938
18956
18981
19007
19024
19044
19064
19086
19106
19125
19144
19165
19186
19209
19231
19251
19266
19297
19318
19338
19361
19385
19409
19433
19456
19478
19503
19527
19546
19568
19592
19612
19635
19656
19682
19701
19719
19744
19767
19792
19812
19840
19860
19882
19903
19921
19937
19962
19984
20001
20023
20047
20066
20088
20115
20137
20161
20180
20199
20219
20239
20258
20277
20298
20321
20339
20362
20385
20413
20439
20459
20486
20506
20527
20550
20571
20591
20608
20627
20645
20665
20685
20708
20730
20755
20773
20794
20811
20832
20853
20872
20895
20919
20941
20959
20981
21001
21026
21048
21069
21087
21103
21127
21151
21170
21187
21211
21233
21252
21271
21292
21314
21335
21357
21378
21398
21420
21443
21466
21485
21504
21525
21545
21566
21588
21612
21629
21649
21673
21691
21714
21737
21756
21773
21792
21808
21828
21847
21876
21895
21914
21935
21957
21976
21997
22019
22042
22065
22085
22106
22124
22148
22165
22192
22211
22229
22249
22268
22289
22309
22328
22349
22374
22391
22412
22432
22452
22470
22490
22514
22535
22556
22582
22604
22625
22647
22665
22682
22707
22735
22751
22770
22791
22813
22832
22849
22868
22887
22908
22928
22950
22969
22989
23012
23030
23049
23073
23091
23110
23132
23152
23174
23195
23216
23232
23254
23280
23302
23324
23342
23363
23382
23402
23422
23441
23465
23483
23508
23525
23547
23567
23587
23604
23624
23642
23665
23685
23704
23726
23744
23760
23777
23794
23813
23833
23854
23876
23893
23915
23934
23953
23971
23991
24014
24036
24057
24074
24096
24118
24136
24152
24174
24195
24214
24232
24251
24272
24294
24315
24336
24358
24376
24395
24415
24433
24452
24470
24491
24510
24525
24546
24568
24587
24604
24624
24645
24664
24680
24697
24721
24744
24764
24783
24802
24823
24845
24865
24887
24905
24924
24949
24967
24986
25006
25027
25047
25066
25085
25104
25120
25138
25161
25180
25199
25224
25246
25264
25282
25304
25326
25343
25361
25379
25401
25420
25439
25457
25482
25501
25523
25544
25560
25577
25596
25612
25632
25650
25666
25684
25704
25725
25745
25762
25784
25804
25827
25847
25870
25888
25911
25930
25950
25971
25990
26008
26030
26052
26069
26090
26111
26134
26158
26179
26199
26218
26235
26253
26274
26292
26309
26327
26347
26366
26383
26404
26423
26440
26459
26482
26505
26523
26544
26563
26584
26603
26623
26645
26665
26683
26703
26721
26738
26755
26775
26793
26812
26838
26860
26879
26900
26917
26938
26955
26970
26987
27010
27025
27043
27062
27077
27095
27112
27132
27150
27167
27188
27206
27227
27249
27270
27290
27308
27331
27350
27372
27388
27407
27427
27445
27464
27486
27506
27523
27540
27559
27575
27593
27611
27634
27651
27669
27688
27704
27722
27738
27759
27781
27799
27818
27835
27854
27869
27886
27901
27923
27942
27965
27983
28002
28022
28044
28064
28084
28104
28124
28142
28163
28181
28199
28214
28234
28258
28279
28297
28313
28330
28345
28363
28381
28402
28420
28440
28458
28476
28493
28513
28537
28554
28571
28589
28609
28625
28650
28666
28685
28702
28722
28740
28762
28785
28806
28827
28848
28866
28886
28901
28918
28940
28960
28981
29000
29016
29035
29055
29073
29089
29108
29128
29147
29165
29182
29202
29220
29238
29255
29273
29290
29305
29323
29341
29359
29380
29396
29413
29430
29447
29465
29484
29501
29518
29537
29556
29577
29594
29612
29631
29650
29667
29684
29701
29719
29736
29757
29780
29798
29814
29837
29856
29876
29892
29910
29929
29944
29962
29982
29999
30018
30035
30054
30077
30099
30117
30137
30159
30176
30191
30209
30230
30246
30264
30280
30297
30320
30340
30356
30374
30391
30408
30425
30443
30462
30481
30501
30522
30540
30561
30578
30596
30618
30639
30655
30673
30692
30710
30726
30745
30762
30777
30797
30815
30835
30855
30873
30893
30913
30932
30954
30973
30991
31011
31034
31053
31068
31085
31105
31121
31143
31161
31179
31197
31214
31231
31251
31269
31288
31306
31323
31344
31363
31382
31402
31421
31438
31457
31473
31494
31513
31530
31546
31562
31581
31599
31616
31637
31655
31671
31691
31709
31727
31745
31765
31781
31801
31820
31836
31858
31875
31894
31910
31929
31946
31962
31978
31997
32013
32032
32049
32068
32085
32103
32123
32139
32155
32172
32191
32209
32229
32246
32262
32281
32299
32319
32338
32355
32376
32397
32417
32437
32452
32475
32493
32511
32528
32544
32563
32580
32600
32616
32634
32651
32671
32693
32711
32729
32747
32766
32783
32801
32818
32834
32849
32866
32883
32901
32918
32934
32950
32969
32987
33004
33021
33036
33052
33073
33090
33108
33123
33144
33160
33179
33198
33217
33237
33253
33274
33293
33311
33332
33349
33368
33384
33403
33424
33440
33459
33476
33493
33514
33533
33549
33565
33583
33602
33621
33640
33657
33673
33693
33708
33728
33747
33766
33784
33804
33826
33843
33863
33881
33898
33914
33931
33949
33965
33986
34003
34022
34041
34058
34075
34093
34113
34129
34148
34168
34183
34205
34225
34242
34262
34277
34296
34316
34332
34348
34365
34384
34401
34419
34435
34454
34473
34491
34508
34525
34541
34560
34579
34599
34617
34635
34654
34671
34688
34706
34723
34741
34760
34778
34795
34812
34828
34847
34864
34880
34900
34916
34935
34950
34970
34985
35000
35017
35034
35054
35071
35089
35105
35125
35142
35157
35174
35189
35206
35221
35240
35257
35273
35289
35306
35324
35345
35362
35382
35401
35419
35434
35449
35464
35483
35499
35518
35534
35557
35574
35592
35608
35624
35640
35656
35671
35689
35706
35721
35736
35755
35772
35789
35806
35823
35840
35857
35874
35893
35911
35930
35950
35968
35986
36003
36019
36035
36050
36069
36087
36106
36124
36142
36159
36174
36189
36208
36228
36243
36261
36279
36295
36311
36331
36348
36365
36383
36399
36415
36430
36448
36464
36482
36501
36518
36535
36551
36568
36586
36603
36621
36639
36655
36674
36691
36710
36727
36746
36765
36783
36804
36821
36837
36856
36873
36893
36912
36929
36946
36962
36979
36996
37013
37031
37049
37065
37082
37099
37115
37131
37151
37167
37184
37202
37221
37238
37254
37270
37288
37305
37321
37340
37356
37376
37396
37416
37433
37450
37466
37482
37497
37512
37531
37549
37567
37584
37603
37620
37635
37652
37669
37686
37706
37724
37741
37759
37775
37793
37814
37830
37846
37866
37882
37897
37915
37931
37950
37968
37984
38004
38020
38037
38052
38073
38091
38110
38125
38142
38160
38176
38196
38212
38230
38245
38266
38283
38300
38320
38337
38353
38372
38390
38406
38421
38438
38458
38475
38498
38513
38530
38546
38564
38580
38600
38615
38633
38649
38665
38681
38697
38714
38731
38748
38768
38785
38804
38821
38839
38858
38876
38891
38910
38925
38940
38958
38975
38992
39008
39030
39047
39064
39080
39099
39116
39133
39149
39167
39185
39201
39217
39233
39249
39270
39288
39305
39320
39337
39355
39370
39389
39406
39421
39441
39458
39476
39500
39518
39534
39549
39565
39582
39599
39615
39633
39652
39668
39685
39701
39718
39733
39751
39767
39784
39801
39820
39836
39851
39869
39889
39906
39923
39938
39953
39970
39986
40004
40022
40040
40055
40074
40093
40108
40125
40144
40160
40178
40194
40212
40229
40247
40263
40279
40298
40318
40334
40352
40369
40388
40406
40422
40441
40457
40472
40489
40506
40521
40540
40556
40576
40594
40612
40629
40644
40660
40679
40695
40712
40728
40745
40764
40782
40798
40817
40838
40854
40869
40885
40901
40919
40935
40953
40969
40986
41001
41017
41032
41050
41068
41084
41100
41117
41135
41153
41169
41184
41200
41217
41235
41252
41268
41283
41298
41316
41333
41349
41368
41384
41401
41416
41432
41448
41464
41481
41497
41513
41528
41544
41559
41576
41593
41609
41624
41643
41662
41679
41698
41714
41731
41746
41763
41783
41801
41818
41833
41850
41867
41884
41903
41918
41933
41949
41965
41981
41998
42013
42030
42046
42062
42081
42098
42116
42131
42147
42165
42182
42197
42213
42230
42246
42261
42277
42294
42311
42329
42347
42364
42379
42394
42411
42428
42445
42463
42481
42497
42514
42529
42546
42564
42579
42596
42613
42628
42645
42662
42680
42696
42713
42730
42746
42762
42778
42796
42812
42830
42846
42863
42880
42900
42916
42931
42946
42963
42979
42996
43011
43027
43043
43060
43076
43093
43109
43125
43141
43158
43175
43190
43206
43223
43239
43256
43272
43290
43305
43324
43340
43355
43371
43387
43402
43417
43438
43453
43470
43487
43505
43521
43539
43555
43571
43586
43602
43618
43634
43649
43665
43682
43702
43718
43734
43749
43764
43779
43794
43809
43825
43842
43861
43879
43899
43916
43936
43951
43967
43984
44001
44017
44033
44049
44066
44086
44102
44119
44134
44150
44165
44181
44196
44211
44226
44242
44259
44274
44291
44307
44324
44341
44356
44372
44387
44403
44421
44438
44454
44470
44486
44502
44520
44536
44552
44569
44586
44601
44616
44633
44651
44669
44685
44700
44718
44734
44752
44768
44785
44803
44819
44836
44853
44868
44884
44899
44915
44930
44946
44963
44978
44996
45011
45028
45044
45059
45074
45089
45105
45120
45136
45152
45168
45183
45198
45215
45230
45246
45265
45281
45296
45314
45332
45348
45365
45385
45403
45421
45438
45453
45468
45486
45502
45519
45535
45551
45566
45581
45599
45614
45631
45647
45663
45678
45694
45712
45727
45745
45763
45779
45794
45809
45824
45839
45854
45872
45888
45903
45920
45936
45953
45969
45987
46003
46018
46037
46052
46068
46086
46103
46118
46135
46152
46168
46183
46198
46214
46230
46246
46264
46279
46294
46310
46327
46343
46359
46374
46392
46409
46426
46441
46458
46476
46492
46508
46526
46542
46559
46576
46594
46611
46628
46644
46660
46676
46692
46707
46722
46739
46755
46771
46788
46804
46822
46839
46854
46870
46886
46902
46919
46935
46952
46970
46985
47000
47016
47032
47048
47064
47081
47097
47114
47130
47146
47162
47177
47194
47211
47227
47242
47259
47274
47290
47306
47322
47340
47357
47373
47388
47406
47421
47436
47452
47467
47483
47499
47515
47530
47546
47561
47577
47596
47613
47628
47644
47660
47676
47694
47713
47731
47748
47764
47780
47795
47813
47830
47845
47863
47879
47895
47910
47926
47942
47959
47976
47994
48010
48026
48041
48057
48072
48089
48104
48120
48135
48152
48170
48186
48203
48220
48236
48252
48267
48285
48301
48316
48332
48348
48364
48380
48397
48412
48428
48446
48461
48479
48494
48509
48526
48542
48557
48574
48591
48607
48622
48637
48653
48670
48686
48703
48720
48735
48751
48766
48781
48796
48812
48828
48844
48861
48876
48891
48907
48923
48939
48957
48972
48990
49006
49021
49038
49053
49069
49087
49105
49121
49141
49157
49172
49187
49205
49222
49239
49255
49270
49288
49304
49321
49337
49352
49368
49385
49402
49418
49436
49451
49466
49482
49497
49516
49532
49549
49565
49581
49598
49613
49629
49646
49661
49677
49693
49708
49724
49739
49756
49772
49787
49802
49817
49833
49849
49864
49880
49895
49914
49931
49946
49961
49977
49992
50009
50024
50040
50059
50075
50091
50107
50124
50140
50156
50174
50189
50204
50221
50236
50252
50269
50286
50301
50316
50331
50348
50366
50383
50400
50416
50432
50448
50464
50482
50500
50517
50534
50551
50569
50584
50600
50618
50634
50649
50664
50683
50698
50715
50732
50750
50767
50783
50799
50814
50829
50845
50860
50875
50891
50906
50922
50939
50957
50973
50988
51005
51022
51039
51054
51069
51085
51101
51117
51133
51152
51169
51187
51204
51220
51236
51252
51268
51285
51301
51316
51333
51348
51363
51378
51397
51413
51429
51446
51462
51478
51493
51512
51527
51542
51558
51573
51588
51605
51621
51636
51651
51667
51682
51698
51714
51730
51746
51761
51777
51794
51810
51826
51842
51859
51875
51892
51907
51924
51942
51958
51975
51991
52006
52022
52039
52055
52071
52088
52103
52118
52134
52151
52167
52182
52198
52213
52228
52244
52263
52280
52295
52311
52328
52343
52359
52375
52390
52405
52420
52436
52452
52469
52484
52500
52516
52531
52548
52564
52581
52596
52611
52628
52643
52659
52676
52693
52708
52724
52739
52755
52770
52787
52802
52818
52835
52850
52867
52882
52898
52915
52932
52949
52964
52980
52995
53012
53029
53047
53062
53078
53093
53109
53124
53140
53156
53174
53191
53206
53221
53236
53251
53268
53283
53298
53313
53328
53345
53361
53377
53392
53409
53424
53439
53455
53471
53486
53502
53517
53534
53549
53565
53582
53597
53612
53627
53642
53657
53674
53690
53708
53723
53738
53753
53769
53784
53800
53815
53830
53848
53863
53879
53896
53911
53926
53942
53957
53973
53988
54004
54019
54035
54050
54065
54081
54098
54113
54129
54145
54161
54179
54194
54209
54224
54239
54254
54270
54285
54300
54316
54331
54346
54362
54378
54393
54409
54424
54439
54455
54472
54488
54503
54518
54534
54549
54566
54582
54599
54615
54632
54649
54667
54682
54697
54716
54731
54746
54762
54777
54795
54810
54825
54842
54860
54876
54892
54908
54923
54938
54953
54969
54984
54999
55016
55031
55046
55062
55077
55093
55108
55125
55141
55156
55172
55188
55203
55219
55234
55251
55266
55282
55299
55315
55331
55346
55362
55377
55394
55409
55424
55440
55457
55473
55490
55505
55521
55536
55553
55569
55586
55602
55617
55632
55650
55666
55683
55700
55716
55732
55748
55764
55779
55794
55810
55825
55840
55855
55871
55888
55904
55919
55934
55951
55967
55982
55997
56014
56029
56045
56061
56076
56091
56106
56121
56136
56152
56168
56184
56200
56217
56232
56248
56263
56280
56295
56310
56326
56341
56357
56373
56388
56405
56421
56438
56455
56472
56488
56503
56519
56534
56551
56567
56582
56598
56615
56630
56645
56660
56675
56691
56708
56723
56740
56755
56770
56786
56801
56817
56833
56849
56865
56880
56896
56913
56930
56945
56960
56975
56990
57006
57022
57037
57054
57069
57085
57101
57117
57132
57147
57163
57178
57194
57212
57227
57242
57258
57273
57289
57305
57320
57336
57352
57367
57382
57397
57413
57429
57445
57462
57478
57495
57511
57528
57543
57558
57573
57588
57603
57619
57635
57653
57669
57684
57700
57716
57731
57747
57764
57780
57797
57812
57828
57844
57860
57876
57893
57908
57923
57939
57956
57972
57988
58004
58019
58036
58052
58067
58082
58097
58113
58129
58146
58162
58178
58194
58209
58227
58243
58258
58275
58291
58308
58323
58340
58356
58372
58389
58404
58420
58437
58453
58468
58486
58501
58518
58533
58549
58565
58580
58597
58612
58627
58642
58658
58673
58690
58708
58723
58738
58754
58769
58784
58799
58814
58831
58847
58863
58878
58893
58908
58923
58939
58954
58970
58986
59002
59018
59034
59049
59064
59080
59095
59110
59126
59141
59156
59171
59187
59203
59219
59235
59250
59265
59280
59295
59311
59327
59342
59358
59374
59389
59408
59424
59440
59456
59473
59490
59506
59521
59536
59551
59566
59583
59599
59615
59631
59646
59662
59677
59693
59708
59726
59741
59756
59771
59788
59803
59820
59835
59851
59866
59882
59897
59913
59928
59944
59959
59976
59991
60007
60023
60039
60054
60069
60085
60101
60117
60132
60147
60162
60177
60193
60208
60223
60238
60254
60269
60284
60299
60314
60329
60346
60361
60377
60394
60409
60425
60441
60457
60473
60488
60504
60519
60534
60549
60565
60581
60598
60613
60629
60645
60661
60678
60695
60710
60725
60740
60756
60772
60787
60802
60817
60835
60850
60866
60882
60898
60914
60930
60945
60961
60978
60994
61009
61024
61041
61057
61072
61087
61103
61119
61135
61151
61166
61181
61196
61212
61228
61244
61260
61275
61290
61305
61321
61336
61351
61366
61381
61397
61413
61430
61446
61463
61479
61494
61509
61524
61539
61557
61573
61590
61606
61623
61640
61656
61671
61686
61702
61717
61732
61747
61763
61779
61794
61809
61825
61840
61856
61872
61887
61902
61919
61934
61949
61965
61981
61996
62013
62029
62044
62060
62075
62090
62106
62121
62136
62152
62167
62183
62198
62215
62232
62248
62263
62278
62295
62310
62326
62341
62357
62372
62389
62404
62420
62438
62455
62470
62486
62501
62516
62531
62547
62563
62579
62594
62611
62627
62644
62660
62675
62691
62707
62724
62740
62757
62772
62789
62804
62820
62836
62851
62867
62882
62898
62913
62929
62944
62959
62974
62990
63006
63022
63037
63052
63069
63084
63099
63117
63134
63149
63164
63179
63194
63209
63225
63241
63257
63272
63287
63302
63318
63334
63349
63364
63379
63394
63409
63425
63440
63455
63471
63488
63503
63519
63535
63550
63566
63581
63596
63611
63627
63644
63661
63676
63691
63707
63723
63738
63753
63769
63785
63801
63817
63834
63850
63865
63880
63897
63912
63927
63942
63957
63972
63988
64004
64021
64036
64051
64067
64082
64097
64113
64128
64143
64159
64175
64190
64205
64221
64236
64251
64266
64282
64298
64315
64331
64348
64363
64379
64395
64410
64425
64440
64455
64470
64485
64500
64517
64532
64548
64564
64579
64595
64610
64625
64640
64655
64670
64686
64701
64716
64734
64750
64766
64782
64798
64814
64829
64844
64861
64876
64892
64907
64923
64939
64955
64971
64987
65002
65017
65033
65048
65063
65080
65096
65111
65126
65142
65157
65172
65187
65203
65220
65235
65250
65267
65284
65299
65315
65330
65345
65360
65376
65391
65406
65423
65438
65454
65469
65487
65502
65518
65533
65548
65563
65578
65594
65609
65624
65639
65654
65669
65684
65699
65715
65730
65745
65760
65775
65791
65806
65821
65836
65852
65867
65883
65899
65915
65931
65947
65963
65979
65995
66010
66026
66041
66056
66072
66087
66103
66122
66138
66154
66169
66185
66200
66215
66230
66245
66260
66276
66292
66307
66323
66338
66353
66369
66384
66399
66414
66429
66446
66461
66476
66492
66508
66524
66540
66556
66571
66587
66602
66618
66634
66650
66666
66681
66698
66713
66728
66743
66759
66774
66789
66806
66821
66836
66855
66872
66887
66903
66919
66937
66955
66971
66986
67001
67016
67031
67046
67062
67079
67096
67111
67126
67141
67158
67173
67189
67204
67220
67236
67252
67267
67282
67297
67314
67330
67345
67361
67376
67392
67407
67422
67438
67455
67472
67487
67502
67518
67535
67550
67566
67582
67600
67615
67630
67645
67660
67676
67692
67707
67724
67739
67754
67769
67784
67800
67815
67830
67846
67861
67876
67891
67906
67921
67936
67952
67968
67984
68000
68015
68030
68045
68063
68079
68094
68110
68125
68140
68155
68171
68186
68202
68217
68233
68249
68264
68280
68296
68311
68328
68343
68359
68375
68393
68408
68423
68438
68453
68468
68483
68498
68513
68529
68544
68561
68576
68591
68608
68624
68639
68654
68669
68684
68699
68715
68730
68745
68760
68777
68794
68810
68828
68843
68858
68873
68889
68904
68921
68938
68954
68969
68984
69001
69016
69033
69048
69065
69080
69095
69110
69125
69141
69156
69172
69188
69203
69218
69233
69249
69264
69279
69294
69309
69324
69340
69355
69370
69385
69405
69420
69437
69454
69469
69484
69499
69514
69529
69545
69561
69576
69591
69606
69622
69638
69653
69668
69684
69701
69717
69732
69748
69763
69779
69795
69812
69828
69843
69858
69875
69891
69906
69921
69937
69953
69968
69984
69999
70015
70030
70046
70062
70080
70095
70110
70125
70141
70157
70173
70188
70204
70219
70236
70251
70266
70281
70299
70314
70330
70346
70361
70377
70393
70409
70424
70440
70456
70473
70488
70503
70519
70534
70549
70564
70579
70594
70609
70626
70641
70656
70672
70688
70703
70718
70733
70748
70764
70780
70795
70810
70826
70842
70857
70873
70889
70904
70919
70934
70949
70965
70981
70997
71012
71027
71044
71059
71074
71089
71104
71120
71135
71151
71166
71182
71198
71214
71229
71244
71259
71274
71289
71306
71323
71338
71353
71369
71386
71402
71417
71432
71447
71463
71478
71493
71508
71523
71539
71554
71569
71585
71601
71618
71634
71649
71664
71679
71694
71710
71725
71740
71755
71771
71786
71801
71816
71831
71846
71862
71877
71892
71907
71924
71939
71954
71969
71984
71999
72014
72030
72045
72060
72075
72090
72106
72122
72137
72152
72169
72185
72201
72217
72232
72247
72262
72277
72293
72308
72324
72339
72355
72371
72387
72402
72417
72432
72449
72464
72480
72495
72510
72525
72540
72557
72572
72587
72602
72618
72634
72650
72665
72681
72696
72711
72726
72741
72756
72771
72786
72803
72819
72834
72850
72865
72880
72897
72912
72927
72942
72958
72973
72988
73003
73018
73033
73050
73065
73080
73095
73110
73125
73140
73157
73172
73187
73202
73217
73233
73248
73264
73279
73294
73309
73325
73341
73357
73372
73387
73403
73418
73433
73449
73465
73482
73497
73512
73528
73543
73559
73574
73589
73604
73620
73637
73654
73669
73685
73700
73715
73731
73746
73761
73776
73791
73807
73823
73838
73854
73869
73884
73899
73916
73931
73946
73961
73976
73992
74007
74025
74040
74056
74071
74086
74101
74116
74131
74146
74161
74177
74192
74207
74223
74238
74254
74270
74286
74302
74317
74332
74349
74364
74379
74395
74411
74427
74442
74458
74473
74488
74503
74519
74534
74549
74565
74580
74596
74611
74626
74642
74658
74673
74688
74703
74718
74733
74748
74764
74779
74797
74813
74828
74843
74859
74874
74889
74904
74919
74934
74949
74964
74979
74994
75009
75024
75039
75054
75069
75084
75099
75114
75129
75144
75159
75174
75189
75204
75220
75235
75250
75266
75281
75298
75313
75328
75343
75358
75374
75389
75404
75419
75434
75449
75464
75479
75494
75509
75525
75541
75557
75572
75587
75602
75617
75632
75647
75663
75678
75694
75709
75725
75743
75759
75774
75789
75804
75820
75835
75850
75866
75881
75896
75912
75928
75945
75961
75976
75991
76006
76021
76036
76051
76068
76084
76099
76115
76130
76146
76161
76176
76192
76207
76222
76238
76253
76268
76283
76298
76313
76328
76345
76361
76378
76395
76410
76427
76442
76457
76472
76488
76503
76518
76534
76550
76565
76580
76596
76611
76626
76641
76657
76673
76690
76705
76720
76736
76751
76766
76781
76796
76811
76826
76841
76856
76871
76886
76901
76916
76931
76947
76962
76977
76992
77009
77025
77040
77055
77070
77085
77100
77116
77131
77146
77161
77176
77192
77208
77223
77238
77253
77268
77284
77300
77315
77331
77347
77362
77377
77392
77407
77423
77438
77453
77468
77484
77500
77516
77532
77548
77564
77579
77595
77610
77625
77640
77655
77670
77686
77702
77717
77732
77748
77764
77779
77796
77811
77826
77841
77856
77871
77886
77901
77916
77931
77947
77962
77978
77993
78008
78023
78039
78054
78070
78085
78100
78115
78130
78145
78160
78175
78190
78206
78221
78236
78251
78266
78281
78296
78312
78327
78342
78357
78372
78389
78404
78419
78435
78450
78466
78481
78497
78512
78527
78542
78557
78572
78587
78602
78617
78632
78647
78662
78677
78692
78707
78723
78738
78753
78768
78783
78798
78813
78829
78845
78860
78875
78890
78905
78921
78936
78951
78966
78982
78997
79012
79027
79042
79057
79072
79087
79102
79117
79132
79148
79163
79180
79195
79210
79225
79241
79256
79271
79286
79302
79318
79333
79350
79367
79384
79399
79414
79431
79446
79462
79478
79493
79509
79524
79540
79555
79572
79587
79604
79619
79635
79651
79666
79681
79696
79711
79727
79742
79757
79772
79787
79802
79817
79833
79848
79863
79878
79894
79909
79924
79940
79956
79972
79987
80003
80018
80033
80049
80064
80079
80094
80110
80126
80141
80157
80172
80188
80203
80218
80234
80250
80265
80280
80296
80311
80326
80342
80358
80373
80388
80404
80419
80434
80449
80464
80479
80495
80510
80525
80540
80555
80570
80586
80602
80618
80633
80648
80663
80678
80693
80708
80723
80738
80753
80768
80784
80799
80814
80829
80844
80859
80874
80889
80904
80921
80936
80952
80967
80982
80997
81012
81027
81042
81057
81073
81088
81103
81119
81134
81150
81166
81182
81197
81212
81227
81242
81257
81272
81287
81302
81317
81332
81347
81363
81378
81394
81409
81425
81440
81456
81471
81486
81501
81516
81531
81548
81564
81579
81594
81609
81625
81640
81655
81671
81686
81701
81716
81731
81746
81761
81776
81791
81806
81821
81836
81851
81866
81882
81897
81912
81927
81943
81958
81974
81989
82004
82019
82034
82050
82065
82080
82095
82112
82127
82143
82158
82174
82189
82204
82220
82235
82250
82265
82280
82295
82310
82325
82340
82355
82370
82386
82401
82418
82434
82449
82464
82479
82494
82509
82524
82540
82555
82570
82586
82602
82617
82633
82649
82664
82679
82695
82710
82725
82740
82755
82770
82785
82800
82815
82830
82847
82862
82878
82893
82908
82923
82938
82953
82969
82984
83000
83015
83030
83046
83063
83079
83094
83109
83124
83139
83154
83169
83184
83199
83214
83229
83244
83259
83274
83289
83304
83319
83334
83349
83364
83380
83395
83411
83426
83442
83457
83472
83487
83503
83518
83533
83548
83564
83579
83594
83611
83627
83642
83657
83672
83687
83703
83718
83733
83748
83763
83778
83794
83809
83826
83841
83857
83872
83887
83902
83917
83932
83947
83963
83978
83994
84009
84024
84039
84054
84069
84084
84099
84115
84130
84146
84162
84177
84192
84207
84222
84237
84253
84268
84284
84299
84314
84329
84344
84359
84374
84390
84406
84422
84437
84453
84468
84484
84500
84516
84531
84547
84562
84577
84593
84608
84623
84638
84653
84668
84683
84698
84713
84730
84745
84761
84777
84792
84807
84822
84837
84853
84868
84883
84898
84913
84931
84946
84963
84979
84994
85009
85024
85039
85054
85069
85084
85099
85114
85130
85145
85161
85176
85191
85206
85221
85236
85251
85266
85282
85297
85312
85327
85342
85357
85372
85389
85405
85421
85436
85451
85466
85481
85496
85511
85526
85541
85556
85572
85587
85602
85618
85633
85648
85663
85678
85693
85708
85723
85738
85753
85768
85784
85799
85815
85830
85846
85862
85877
85892
85907
85922
85937
85952
85967
85982
85997
86013
86028
86043
86058
86074
86089
86104
86119
86135
86150
86166
86181
86197
86212
86227
86244
86259
86274
86290
86305
86320
86335
86352
86367
86382
86397
86412
86428
86444
86459
86474
86489
86504
86520
86535
86550
86566
86581
86596
86611
86626
86642
86657
86673
86688
86703
86718
86733
86748
86763
86779
86794
86809
86824
86839
86854
86869
86884
86899
86914
86930
86946
86961
86976
86991
87006
87021
87036
87051
87066
87081
87096
87111
87126
87141
87156
87171
87186
87201
87216
87232
87247
87262
87277
87292
87308
87323
87338
87353
87368
87383
87398
87413
87428
87443
87458
87473
87488
87504
87519
87534
87549
87564
87579
87594
87609
87624
87639
87654
87669
87684
87699
87714
87730
87745
87760
87775
87791
87806
87821
87837
87852
87867
87885
87900
87915
87932
87949
87964
87980
87995
88010
88025
88040
88055
88070
88087
88102
88117
88132
88148
88163
88178
88193
88210
88225
88240
88256
88271
88286
88301
88316
88331
88347
88362
88377
88393
88408
88424
88439
88454
88470
88485
88500
88515
88530
88545
88560
88577
88592
88608
88623
88639
88655
88670
88686
88701
88716
88732
88747
88762
88778
88794
88809
88824
88841
88856
88871
88886
88901
88916
88932
88947
88962
88977
88993
89009
89024
89039
89054
89069
89084
89099
89116
89132
89148
89163
89178
89195
89210
89225
89240
89255
89270
89285
89300
89316
89331
89346
89361
89376
89392
89407
89422
89437
89452
89468
89483
89498
89513
89528
89543
89558
89573
89588
89603
89618
89633
89649
89664
89679
89694
89709
89725
89742
89757
89772
89788
89803
89818
89833
89848
89863
89878
89894
89909
89924
89940
89955
89970
89986
90002
90017
90033
90048
90063
90078
90093
90108
90125
90140
90156
90171
90186
90201
90216
90232
90247
90262
90277
90292
90307
90322
90337
90352
90367
90382
90397
90412
90427
90442
90457
90473
90488
90503
90518
90533
90548
90565
90580
90596
90611
90626
90641
90656
90671
90686
90701
90717
90732
90747
90762
90778
90793
90808
90823
90838
90853
90868
90883
90898
90913
90928
90945
90960
90975
90990
91005
91020
91035
91050
91065
91080
91095
91110
91126
91141
91156
91171
91187
91202
91217
91232
91247
91262
91277
91292
91307
91322
91337
91353
91368
91384
91399
91415
91430
91445
91460
91475
91490
91505
91520
91535
91550
91565
91580
91596
91612
91627
91642
91658
91673
91689
91704
91719
91735
91750
91765
91780
91795
91810
91826
91842
91858
91873
91888
91903
91918
91933
91948
91964
91979
91994
92009
92024
92039
92054
92071
92086
92101
92116
92131
92147
92162
92177
92192
92207
92223
92238
92253
92269
92285
92300
92315
92330
92345
92360
92375
92391
92406
92422
92437
92452
92467
92482
92498
92513
92529
92544
92559
92574
92589
92605
92620
92635
92650
92665
92680
92695
92710
92725
92740
92755
92771
92786
92801
92816
92831
92846
92861
92876
92892
92907
92922
92937
92952
92967
92982
92998
93014
93029
93045
93060
93075
93090
93105
93120
93135
93150
93167
93182
93197
93212
93227
93242
93258
93273
93288
93303
93319
93334
93349
93364
93379
93394
93409
93424
93439
93454
93469
93484
93499
93514
93530
93545
93560
93575
93590
93605
93620
93636
93651
93668
93683
93698
93714
93729
93744
93760
93775
93790
93805
93820
93835
93850
93865
93880
93895
93910
93926
93941
93956
93971
93986
94002
94017
94032
94047
94062
94077
94092
94107
94122
94137
94153
94169
94184
94200
94215
94230
94245
94260
94275
94290
94306
94321
94337
94352
94368
94384
94400
94415
94430
94445
94460
94476
94491
94506
94521
94536
94551
94566
94581
94596
94611
94626
94641
94656
94671
94686
94701
94717
94732
94749
94764
94779
94794
94809
94824
94839
94854
94869
94884
94899
94915
94930
94947
94962
94977
94992
95007
95022
95037
95052
95067
95083
95099
95114
95129
95144
95159
95174
95189
95204
95222
95237
95252
95267
95282
95297
95312
95327
95342
95358
95373
95388
95403
95418
95433
95448
95463
95479
95494
95510
95525
95540
95555
95570
95585
95600
95615
95630
95646
95662
95677
95692
95707
95722
95737
95754
95769
95784
95799
95815
95830
95845
95860
95875
95890
95905
95920
95935
95950
95966
95982
95998
96013
96029
96044
96059
96074
96089
96104
96119
96134
96149
96164
96179
96194
96209
96224
96239
96255
96270
96285
96300
96315
96330
96345
96362
96377
96392
96407
96422
96437
96453
96468
96483
96498
96514
96529
96544
96561
96576
96591
96606
96621
96636
96652
96667
96683
96698
96713
96728
96744
96759
96774
96789
96804
96819
96834
96849
96864
96880
96896
96911
96926
96941
96956
96971
96986
97001
97016
97031
97046
97061
97076
97091
97106
97121
97136
97152
97167
97182
97198
97213
97228
97244
97259
97275
97290
97305
97320
97336
97351
97366
97381
97396
97411
97426
97441
97456
97471
97486
97502
97517
97532
97547
97562
97577
97592
97607
97622
97637
97652
97667
97682
97698
97713
97728
97743
97758
97773
97788
97803
97818
97834
97849
97864
97879
97894
97910
97925
97940
97955
97970
97985
98000
98015
98030
98047
98063
98078
98093
98108
98123
98139
98154
98169
98184
98200
98216
98231
98247
98262
98277
98293
98308
98324
98339
98354
98370
98385
98400
98416
98431
98446
98461
98476
98492
98507
98523
98538
98553
98568
98583
98598
98613
98628
98644
98659
98674
98689
98704
98719
98734
98749
98764
98779
98794
98809
98824
98840
98855
98870
98885
98900
98915
98930
98945
98960
98975
98990
99005
99020
99035
99050
99066
99081
99097
99112
99128
99143
99158
99173
99188
99203
99218
99233
99248
99263
99278
99293
99308
99323
99338
99353
99369
99384
99399
99414
99429
99444
99459
99474
99489
99504
99519
99534
99551
99567
99582
99597
99613
99628
99643
99658
99673
99688
99704
99719
99735
99751
99766
99781
99796
99811
99826
99841
99856
99871
99886
99901
99917
99932
99948
99963
99979
99994
100009
100025
100040
100055
100070
100085
100100
100115
100131
100146
100161
100176
100191
100206
100221
100236
100251
100266
100282
100297
100312
100327
100342
100358
100373
100388
100403
100418
100433
100448
100463
100480
100495
100510
100525
100540
100555
100570
100586
100601
100616
100631
100646
100661
100676
100692
100707
100722
100737
100752
100767
100782
100799
100814
100829
100844
100859
100874
100889
100904
100919
100935
100950
100965
100980
100995
101010
101025
101040
101055
101070
101085
101100
101115
101130
101145
101160
101175
101191
101206
101221
101237
101252
101267
101282
101297
101312
101327
101342
101357
101372
101387
101402
101417
101433
101448
101463
101480
101495
101510
101525
101540
101556
101572
101588
101603
101618
101633
101648
101663
101678
101693
101708
101723
101738
101754
101770
101785
101800
101815
101830
101845
101860
101875
101890
101906
101922
101937
101953
101969
101985
102000
102015
102030
102045
102060
102075
102090
102105
102120
102135
102150
102165
102180
102195
102212
102227
102242
102258
102274
102289
102304
102319
102334
102349
102364
102380
102396
102411
102426
102441
102456
102471
102486
102501
102516
102531
102546
102561
102576
102591
102606
102621
102636
102652
102668
102683
102699
102715
102730
102745
102761
102776
102791
102806
102821
102836
102851
102866
102881
102896
102911
102926
102941
102956
102971
102986
103001
103016
103031
103046
103061
103076
103091
103106
103121
103137
103152
103167
103182
103197
103212
103227
103242
103257
103273
103288
103304
103319
103334
103349
103364
103379
103394
103409
103424
103439
103454
103469
103484
103499
103514
103529
103545
103560
103575
103590
103605
103620
103635
103650
103665
103681
103696
103711
103726
103741
103756
103771
103786
103801
103816
103831
103846
103861
103876
103891
103906
103921
103937
103952
103967
103983
103998
104013
104028
104043
104058
104074
104089
104104
104119
104134
104149
104164
104179
104195
104210
104225
104240
104255
104271
104286
104301
104316
104332
104348
104363
104378
104393
104409
104424
104439
104454
104469
104484
104499
104514
104530
104545
104560
104575
104590
104605
104621
104636
104651
104666
104681
104696
104711
104726
104741
104756
104773
104788
104804
104819
104834
104849
104864
104879
104894
104909
104924
104939
104954
104969
104984
104999
105014
105029
105044
105059
105074
105089
105104
105119
105134
105149
105165
105181
105196
105212
105227
105243
105258
105273
105288
105303
105318
105333
105349
105364
105379
105395
105410
105425
105440
105456
105472
105487
105502
105517
105532
105547
105562
105577
105593
105608
105624
105639
105655
105670
105685
105700
105715
105730
105745
105761
105777
105792
105807
105822
105837
105852
105867
105883
105898
105913
105928
105943
105958
105973
105988
106003
106018
106033
106049
106065
106081
106096
106111
106126
106142
106157
106172
106187
106202
106217
106232
106248
106263
106278
106294
106309
106324
106339
106354
106370
106385
106400
106415
106430
106445
106461
106476
106491
106506
106521
106536
106552
106567
106582
106597
106612
106627
106642
106658
106673
106688
106703
106718
106733
106749
106764
106780
106795
106810
106825
106840
106855
106870
106885
106900
106915
106930
106945
106960
106975
106990
107005
107020
107035
107052
107067
107082
107097
107112
107127
107142
107157
107172
107188
107203
107218
107234
107249
107265
107280
107295
107310
107325
107341
107356
107372
107387
107402
107417
107432
107447
107463
107478
107493
107508
107523
107539
107554
107569
107584
107599
107614
107630
107645
107660
107677
107692
107707
107722
107737
107752
107767
107782
107798
107813
107829
107844
107859
107874
107889
107904
107919
107934
107949
107964
107979
107994
108009
108024
108039
108054
108069
108084
108099
108114
108129
108144
108159
108174
108189
108204
108219
108234
108249
108264
108279
108294
108309
108324
108339
108354
108369
108384
108400
108415
108430
108445
108461
108477
108492
108507
108522
108538
108553
108568
108583
108598
108613
108628
108643
108658
108673
108688
108703
108718
108733
108748
108763
108778
108793
108808
108824
108839
108855
108870
108885
108900
108916
108931
108946
108961
108976
108991
109006
109021
109036
109051
109066
109081
109096
109111
109126
109143
109159
109174
109189
109204
109219
109234
109249
109264
109280
109295
109310
109326
109342
109357
109372
109387
109402
109417
109433
109448
109463
109479
109494
109509
109527
109542
109557
109572
109587
109602
109617
109632
109647
109662
109677
109692
109707
109723
109738
109753
109768
109783
109798
109813
109828
109844
109859
109874
109889
109904
109919
109934
109949
109964
109979
109994
110010
110025
110040
110055
110070
110085
110100
110115
110130
110145
110160
110175
110190
110205
110220
110235
110251
110266
110281
110296
110311
110326
110341
110356
110371
110387
110402
110418
110433
110448
110463
110478
110493
110508
110525
110541
110556
110571
110586
110601
110617
110633
110649
110664
110679
110694
110709
110724
110739
110754
110769
110784
110799
110814
110829
110844
110859
110874
110889
110904
110919
110934
110949
110964
110979
110994
111009
111025
111040
111055
111070
111085
111100
111115
111130
111145
111160
111175
111190
111205
111220
111235
111250
111265
111280
111295
111310
111325
111340
111355
111370
111385
111400
111415
111430
111445
111461
111476
111492
111507
111522
111537
111552
111567
111582
111597
111612
111627
111643
111658
111674
111690
111705
111720
111735
111751
111766
111781
111796
111811
111826
111841
111856
111871
111886
111902
111917
111932
111947
111962
111977
111992
112008
112023
112038
112053
112068
112083
112098
112114
112129
112144
112159
112176
112191
112206
112221
112236
112251
112266
112281
112296
112311
112326
112341
112356
112371
112386
112401
112416
112431
112448
112463
112478
112493
112508
112523
112538
112553
112568
112583
112598
112613
112628
112643
112658
112673
112688
112703
112718
112733
112749
112764
112779
112794
112810
112825
112840
112855
112870
112886
112901
112916
112931
112947
112962
112977
112993
113008
113023
113038
113053
113068
113083
113098
113113
113128
113143
113158
113174
113189
113204
113219
113234
113249
113264
113280
113295
113310
113325
113340
113355
113371
113386
113401
113416
113431
113446
113461
113476
113491
113506
113521
113536
113551
113567
113582
113597
113612
113627
113642
113657
113673
113689
113704
113719
113734
113749
113764
113779
113795
113810
113825
113840
113855
113870
113885
113900
113915
113930
113945
113960
113975
113990
114005
114020
114035
114050
114065
114080
114095
114110
114125
114140
114155
114170
114185
114200
114215
114230
114245
114260
114275
114290
114305
114320
114335
114350
114365
114381
114396
114411
114426
114441
114456
114471
114486
114501
114517
114532
114547
114562
114578
114593
114608
114623
114639
114654
114670
114686
114701
114716
114731
114746
114761
114777
114792
114807
114822
114837
114852
114867
114883
114898
114914
114929
114944
114959
114974
114989
115004
115019
115034
115049
115064
115079
115094
115109
115124
115139
115154
115169
115184
115199
115214
115229
115244
115259
115274
115289
115304
115319
115334
115349
115365
115380
115395
115410
115425
115440
115455
115470
115485
115500
115515
115531
115546
115561
115576
115591
115606
115621
115636
115651
115666
115681
115696
115711
115727
115742
115757
115772
115788
115803
115818
115833
115848
115863
115878
115893
115909
115924
115939
115954
115969
115984
115999
116014
116029
116044
116059
116074
116089
116104
116119
116134
116149
116165
116180
116195
116210
116225
116240
116256
116271
116286
116301
116316
116331
116346
116361
116376
116392
116407
116422
116437
116452
116467
116482
116497
116512
116527
116542
116557
116572
116587
116602
116617
116632
116647
116662
116677
116692
116707
116722
116737
116752
116768
116783
116799
116814
116829
116844
116859
116874
116889
116904
116919
116935
116950
116965
116980
116995
117011
117027
117042
117057
117072
117087
117103
117118
117133
117149
117164
117179
117194
117209
117224
117239
117254
117269
117285
117301
117316
117331
117346
117362
117377
117392
117407
117422
117437
117452
117467
117482
117497
117512
117527
117542
117557
117573
117588
117603
117618
117633
117648
117663
117679
117694
117709
117724
117739
117754
117769
117784
117799
117814
117829
117845
117860
117875
117890
117905
117920
117935
117950
117965
117980
117995
118010
118025
118040
118055
118071
118086
118101
118116
118131
118147
118162
118177
118192
118207
118222
118238
118253
118268
118283
118298
118313
118328
118343
118358
118373
118388
118403
118418
118433
118448
118463
118478
118493
118508
118523
118539
118555
118570
118585
118600
118615
118630
118645
118660
118675
118690
118705
118720
118736
118752
118768
118783
118799
118814
118829
118844
118860
118875
118890
118905
118920
118935
118950
118966
118981
118996
119011
119026
119041
119056
119072
119087
119102
119117
119132
119147
119162
119177
119192
119207
119222
119239
119254
119270
119285
119300
119316
119332
119347
119362
119377
119392
119408
119423
119438
119453
119468
119484
119500
119515
119530
119545
119560
119576
119591
119606
119622
119637
119653
119668
119683
119699
119714
119729
119745
119760
119775
119790
119805
119820
119835
119850
119865
119880
119895
119910
119925
119940
119955
119970
119985
120000
120015
120031
120046
120061
120076
120093
120108
120123
120138
120153
120168
120183
120198
120213
120228
120243
120258
120273
120288
120304
120319
120334
120349
120364
120379
120394
120409
120424
120439
120455
120471
120486
120501
120516
120531
120546
120561
120577
120592
120607
120623
120638
120653
120668
120683
120698
120713
120728
120743
120758
120773
120788
120803
120818
120833
120848
120863
120878
120893
120908
120923
120938
120953
120968
120983
120998
121013
121028
121043
121058
121073
121088
121103
121118
121133
121148
121163
121178
121193
121208
121223
121238
121254
121269
121285
121300
121316
121331
121347
121362
121378
121393
121408
121423
121439
121454
121470
121485
121501
121517
121532
121547
121562
121577
121592
121607
121622
121637
121653
121668
121683
121698
121713
121728
121743
121758
121773
121788
121803
121818
121833
121848
121863
121878
121893
121908
121923
121938
121953
121968
121983
122000
122015
122030
122045
122060
122075
122090
122105
122120
122135
122150
122165
122180
122195
122210
122226
122241
122256
122271
122286
122302
122318
122334
122349
122364
122379
122394
122409
122424
122439
122454
122469
122485
122500
122515
122530
122545
122560
122575
122590
122605
122620
122636
122651
122666
122682
122697
122712
122727
122742
122757
122772
122787
122802
122818
122833
122849
122864
122880
122895
122910
122925
122940
122955
122970
122985
123000
123015
123030
123045
123060
123078
123094
123109
123124
123139
123155
123170
123185
123201
123216
123231
123247
123262
123277
123292
123307
123324
123339
123355
123370
123385
123400
123415
123430
123447
123462
123477
123492
123507
123522
123537
123553
123568
123583
123598
123613
123629
123644
123660
123675
123690
123706
123722
123737
123752
123767
123782
123798
123813
123828
123843
123858
123873
123888
123903
123918
123933
123949
123964
123979
123994
124009
124024
124039
124054
124069
124084
124100
124115
124130
124145
124160
124175
124191
124206
124221
124237
124252
124267
124282
124297
124312
124327
124342
124357
124372
124387
124403
124418
124434
124449
124464
124479
124495
124511
124526
124541
124557
124572
124587
124602
124617
124632
124648
124664
124679
124695
124710
124725
124740
124755
124770
124786
124801
124816
124831
124846
124861
124876
124891
124906
124921
124936
124951
124966
124981
124996
125011
125026
125041
125056
125071
125087
125102
125117
125132
125147
125162
125177
125192
125207
125222
125237
125252
125267
125282
125297
125312
125327
125342
125357
125372
125387
125402
125418
125433
125448
125463
125478
125493
125508
125523
125538
125554
125569
125584
125599
125614
125629
125646
125661
125676
125691
125706
125721
125736
125751
125766
125781
125797
125812
125827
125842
125858
125873
125888
125903
125918
125933
125948
125964
125979
125994
126009
126024
126039
126054
126069
126084
126099
126115
126130
126145
126161
126176
126191
126206
126221
126236
126251
126266
126281
126296
126311
126326
126342
126358
126373
126388
126403
126418
126433
126448
126463
126479
126494
126509
126525
126540
126555
126570
126585
126600
126615
126630
126645
126660
126675
126690
126705
126720
126736
126751
126766
126781
126796
126811
126826
126841
126856
126871
126886
126901
126916
126931
126946
126963
126978
126993
127008
127023
127039
127054
127069
127084
127099
127114
127129
127144
127159
127174
127189
127204
127219
127234
127249
127264
127279
127295
127310
127325
127340
127355
127370
127385
127400
127415
127430
127445
127461
127476
127491
127506
127522
127537
127552
127567
127582
127597
127612
127627
127642
127657
127672
127687
127702
127717
127733
127748
127763
127779
127795
127810
127825
127840
127855
127870
127885
127900
127915
127930
127945
127960
127975
127990
128005
128021
128036
128051
128066
128081
128096
128112
128127
128142
128157
128172
128187
128202
128217
128232
128249
128264
128279
128294
128310
128325
128340
128355
128370
128386
128401
128417
128432
128447
128462
128477
128492
128507
128522
128537
128552
128568
128583
128598
128613
128628
128643
128658
128673
128689
128704
128719
128734
128749
128765
128780
128795
128810
128825
128841
128856
128871
128886
128901
128916
128931
128946
128961
128977
128992
129008
129023
129038
129053
129068
129083
129098
129114
129129
129145
129160
129175
129190
129205
129220
129235
129250
129265
129280
129295
129310
129326
129341
129356
129371
129386
129401
129416
129431
129446
129461
129476
129491
129506
129521
129536
129551
129566
129582
129597
129612
129627
129643
129658
129674
129689
129705
129720
129735
129751
129766
129781
129797
129812
129828
129844
129859
129874
129889
129904
129919
129934
129949
129964
129979
129994
130009
130024
130039
130054
130069
130084
130099
130114
130129
130144
130159
130174
130189
130204
130219
130234
130249
130264
130279
130294
130309
130324
130339
130355
130370
130385
130400
130415
130430
130445
130461
130476
130492
130507
130523
130538
130553
130568
130583
130599
130614
130630
130645
130660
130675
130690
130705
130720
130735
130750
130768
130783
130798
130813
130828
130843
130858
130873
130888
130903
130918
130933
130948
130963
130979
130994
131010
131025
131040
131055
131070
131085
131100
131115
131130
131145
131160
131175
131190
131205
131220
131235
131250
131265
131280
131295
131310
131325
131340
131355
131370
131385
131400
131415
131431
131446
131461
131476
131491
131506
131521
131536
131551
131566
131581
131596
131611
131626
131641
131656
131671
131686
131701
131716
131731
131747
131762
131777
131792
131807
131822
131837
131852
131867
131883
131898
131913
131928
131943
131958
131973
131988
132003
132018
132033
132048
132063
132078
132093
132108
132123
132138
132154
132169
132184
132199
132214
132229
132244
132259
132275
132290
132305
132320
132336
132352
132367
132383
132398
132413
132428
132443
132458
132474
132489
132504
132519
132534
132549
132564
132580
132595
132610
132626
132641
132656
132671
132686
132701
132716
132731
132746
132761
132776
132792
132807
132822
132837
132852
132867
132882
132897
132913
132929
132944
132959
132974
132989
133004
133019
133035
133050
133065
133080
133095
133110
133125
133140
133155
133170
133185
133200
133215
133231
133246
133261
133276
133291
133306
133321
133336
133351
133366
133381
133396
133411
133426
133441
133456
133471
133486
133501
133516
133531
133546
133562
133577
133594
133609
133624
133639
133654
133669
133684
133699
133715
133730
133745
133760
133775
133790
133805
133820
133836
133851
133866
133881
133896
133911
133927
133942
133957
133972
133987
134002
134017
134032
134047
134062
134077
134092
134107
134122
134138
134153
134168
134183
134198
134214
134229
134244
134259
134274
134289
134304
134319
134334
134349
134365
134380
134395
134410
134425
134440
134455
134470
134485
134501
134516
134531
134546
134562
134577
134593
134608
134623
134638
134653
134668
134683
134698
134713
134728
134743
134758
134773
134788
134803
134818
134833
134849
134864
134879
134894
134909
134924
134939
134954
134969
134984
134999
135014
135029
135044
135059
135074
135089
135104
135119
135134
135149
135164
135179
135194
135209
135224
135239
135254
135269
135284
135301
135316
135331
135346
135361
135376
135391
135406
135421
135436
135451
135466
135481
135496
135511
135526
135541
135556
135571
135586
135601
135616
135631
135646
135662
135677
135692
135707
135722
135737
135752
135767
135782
135798
135813
135828
135843
135858
135873
135888
135903
135918
135933
135948
135963
135978
135994
136009
136024
136039
136054
136069
136084
136100
136115
136130
136145
136160
136175
136190
136205
136220
136236
136251
136266
136281
136296
136311
136326
136341
136356
136371
136386
136401
136416
136431
136446
136461
136476
136491
136506
136521
136536
136551
136566
136582
136597
136612
136627
136642
136657
136672
136687
136702
136717
136732
136747
136762
136777
136793
136808
136823
136838
136853
136869
136884
136899
136914
136930
136945
136960
136975
136990
137006
137021
137036
137052
137067
137083
137098
137113
137128
137143
137158
137173
137188
137203
137219
137235
137250
137266
137282
137297
137312
137327
137342
137357
137372
137387
137402
137417
137432
137447
137462
137477
137492
137507
137522
137537
137552
137567
137582
137598
137613
137628
137643
137658
137673
137688
137703
137718
137733
137748
137763
137778
137793
137808
137823
137838
137853
137868
137883
137898
137913
137928
137943
137958
137973
137988
138003
138018
138033
138048
138063
138078
138093
138108
138123
138138
138153
138168
138183
138198
138214
138229
138244
138259
138274
138289
138304
138319
138334
138349
138364
138379
138394
138409
138424
138439
138454
138469
138484
138499
138514
138529
138544
138559
138574
138589
138604
138619
138634
138649
138664
138679
138694
138709
138724
138740
138755
138770
138785
138800
138815
138830
138846
138861
138876
138892
138907
138922
138937
138952
138967
138982
138997
139012
139027
139042
139057
139072
139087
139102
139117
139133
139148
139163
139178
139193
139208
139223
139238
139253
139268
139283
139298
139313
139328
139343
139358
139373
139388
139404
139419
139434
139449
139464
139479
139494
139509
139524
139539
139554
139569
139584
139599
139614
139629
139644
139659
139674
139689
139704
139719
139734
139750
139766
139781
139796
139811
139826
139841
139856
139871
139886
139901
139916
139931
139946
139961
139976
139991
140006
140021
140036
140051
140066
140081
140096
140111
140126
140141
140156
140171
140186
140201
140216
140232
140247
140262
140277
140292
140307
140322
140337
140352
140367
140383
140398
140414
140429
140444
140459
140474
140489
140504
140519
140534
140549
140564
140579
140594
140610
140625
140640
140655
140670
140685
140700
140715
140730
140745
140760
140775
140790
140805
140820
140836
140851
140866
140881
140896
140911
140926
140941
140956
140971
140986
141001
141016
141031
141046
141061
141076
141091
141106
141121
141136
141151
141166
141181
141196
141211
141226
141241
141256
141271
141286
141301
