0.7736630141735075
0.869991511106491
0.8459003269672394
0.6996127367019652
0.6996402144432067
0.8209626972675322
0.7439066767692564
0.7268950045108794
0.6610646843910217
0.7952867746353149
0.6830277740955352
0.7476795911788938
0.7494380176067351
0.8687150478363035
0.7962271571159361
0.7007259428501128
0.7392359375953673
0.7696339488029478
0.8134875595569611
0.7707137167453765
0.7487128973007201
0.7928563356399536
0.8409139811992645
0.7605899274349212
0.6761188805103301
0.7577636837959288
0.7701640725135802
0.6932557225227355
0.802062004804611
0.7044969499111173
0.7296099662780761
0.7583682537078855
0.8240659236907958
0.7290885150432586
0.6885429918766021
0.7678613960742949
0.7108205854892731
0.7200959324836731
0.7650468349456785
0.7261673510074613
0.7868480384349822
0.7973177731037139
0.64835786819458
0.7722545564174651
0.7435394227504728
0.7049608826637267
0.8425129652023313
0.6845785379409789
0.7123382687568663
0.7005163729190825
0.8078905940055845
0.8081557154655454
0.691269963979721
0.7642992436885833
0.693626880645752
0.7716595232486723
0.7276294529438018
0.7424040734767912
0.7396887838840484
0.6716673970222472
0.8656837642192841
0.7183645665645598
0.845008611679077
0.6996127367019652
0.8638759851455686
0.7808063030242919
0.7388282120227812
0.6467680931091307
0.6500907242298126
0.7524700462818145
0.8083003759384154
0.7941342890262602
0.7928560376167296
0.8403051793575284
0.7050062716007232
0.7469037771224974
0.7051010429859159
0.6788193583488463
0.7933483719825742
0.6610336005687713
0.7324929535388945
0.7566950619220733
0.7944168746471404
0.8690109550952909
0.7646180987358091
0.7780160307884216
0.7439878582954407
0.7947166264057157
0.793799817562103
0.7522256970405578
0.778646171092987
0.7667157351970671
0.7492062151432036
0.8287465274333952
0.7204463183879851
0.7859652340412139
0.691594511270523
0.8523408770561216
0.7486291229724883
0.670868158340454
0.7708556950092315
0.6939619481563566
0.6901650130748748
0.7251629531383512
0.7011448442935942
0.6595416665077208
0.7352158725261686
0.7319436669349668
0.7824324965476989
0.8320271372795103
0.6943728029727935
0.7097645998001098
0.749258130788803
0.8586575984954834
0.8178473412990569
0.7907141149044036
0.822998821735382
0.7343532443046568
0.7658991217613219
0.7322846651077269
0.9019032418727874
0.7557134628295897
0.7387375831604003
0.7138951420783995
0.7047580778598784
0.7403317391872404
0.8439466357231139
0.7827721536159514
0.7382307052612304
0.7087599039077757
0.7851916253566742
0.7490513920783995
0.8527027368545531
0.7138886153697966
0.77005860209465
0.6377485394477843
0.6796888709068297
0.795788139104843
0.7513401508331298
0.691594511270523
0.7654543220996856
0.8142694234848021
0.7379652559757232
0.6714122891426085
0.7692070603370665
0.7244220376014708
0.669857770204544
0.7487128973007201
0.7710716426372526
0.7314621806144713
0.6849351525306702
0.7872580289840696
0.7444569766521453
0.7940895557403562
0.7603827118873595
0.6849476099014281
0.6945447027683257
0.8015549182891845
0.7970592081546782
0.7409216761589048
0.6845755279064177
0.7305114567279815
0.8896128237247464
0.6876357793807983
0.7546313107013701
0.7356980443000792
0.7413004636764525
0.7448215186595916
0.65991073846817
0.7377903461456297
0.8034389913082121
0.7104822993278503
0.8750099837779997
0.7865347564220426
0.8102740347385405
0.7813555002212524
0.7540201544761655
0.8014305531978606
0.7452502250671386
0.7518060207366941
0.7768447697162627
0.7511319220066068
0.7507351338863372
0.6698538959026334
0.782210886478424
0.6687461435794829
0.6491215527057647
0.7500557899475097
0.8096725046634673
0.7822562158107755
0.7058797776699065
0.6896501481533049
0.6911266148090361
0.7531673610210418
0.7442357540130613
0.7456338107585906
0.8634372949600218
0.7390278577804564
0.7460159063339232
0.6623762845993041
0.7172896564006804
0.7906140089035033
0.7828343212604522
0.6503930240869521
0.752545654773712
0.8007098734378812
0.7965753078460692
0.7938615679740904
0.7573976814746856
0.7103751897811887
0.6706458032131193
0.7707120478153225
0.6924114227294921
0.8171318173408507
0.705561876296997
0.7042417526245116
0.7561999857425689
0.7121649384498595
0.7051946520805358
0.7219585776329039
0.869473487138748
0.814901441335678
0.8151704072952268
0.7911801636219024
0.8013448417186736
0.7712128460407256
0.7170691043138502
0.8452182710170744
0.6977350115776061
0.6827266216278075
0.7335883677005767
0.8144616186618804
0.8207620084285734
0.7374841272830962
0.8358217179775237
0.7311412096023557
0.8986438810825348
0.6708681881427764
0.6885076463222501
0.702189415693283
0.6507534682750701
0.7876163423061369
0.763726770877838
0.863779693841934
0.7344114184379578
0.7098865807056426
0.6709443926811216
0.820243328809738
0.7235761582851409
0.7474505305290221
0.7758468389511107
0.83050537109375
0.6706243157386778
0.7281737327575681
0.6276543140411376
0.7216732501983641
0.6704718768596648
0.7377128899097443
0.7619902491569517
0.7866984009742735
0.6599433124065398
0.7345922291278838
0.7979718148708344
0.7057186067104338
0.8322908282279968
0.6997436285018919
0.7263316810131071
0.6468189358711242
0.7727316617965696
0.7343914508819579
0.6601929068565368
0.8339102864265441
0.8118677437305448
0.6831991672515868
0.809494376182556
0.806693911552429
0.8748790025711058
0.7655612230300901
0.8837097287178038
0.7245367765426635
0.6953204870223998
0.7793843746185302
0.7577782571315764
0.6804144680500029
0.7740078568458556
0.7332611083984374
0.6919183433055877
0.7607060074806212
0.6843903362751006
0.6974631249904631
0.7594210505485535
0.7409673929214476
0.7875217497348784
0.7727970182895658
0.7937522828578948
0.8297845423221587
0.7445254921913145
0.7617671787738798
0.7927210927009581
0.824151039123535
0.7680924832820891
0.8190838396549223
0.7337595224380492
0.7918886840343474
0.704229563474655
0.6610043048858641
0.7345227897167205
0.6486734449863433
0.7475140094757079
0.7237162888050077
0.7723063230514525
0.7060615420341491
0.7705642282962797
0.8462009727954862
0.7667508721351622
0.762345790863037
0.8516601622104644
0.7759043872356413
0.6468189358711242
0.6865728795528412
0.73274627327919
0.8303678929805755
0.7648707032203672
0.8747248351573943
0.699483424425125
0.7041693627834319
0.725092053413391
0.7351960837841032
0.8063314557075499
0.7561184763908385
0.7086843550205228
0.7514594197273253
0.774661660194397
0.7711927592754362
0.8007531166076659
0.7994258701801299
0.7629402875900267
0.6943251490592955
0.7771082222461698
0.777256429195404
0.7968815565109253
0.7957104444503783
0.7466895580291748
0.7073750495910643
0.7157735228538512
0.7195719778537749
0.7843235135078429
0.80942103266716
0.7542112767696378
0.7016811966896057
0.7090045511722562
0.8130339086055753
0.8507550060749053
0.8690123856067655
0.6703257858753203
0.7940347492694853
0.7224701941013335
0.8074406087398528
0.811428129673004
0.7192521691322326
0.6841746866703032
0.7466441988945006
0.7530251145362853
0.7821070253849027
0.7512990832328794
0.7423214614391327
0.6804516911506652
0.6587187647819517
0.7025378048419951
0.7382979691028594
0.8755509555339812
0.8076646029949188
0.6719425618648528
0.7785416543483733
0.7415461838245391
0.7857369780540465
0.6752842664718627
0.6483984887599944
0.7983648180961609
0.7183248996734618
0.6486875116825103
0.7414670884609222
0.6599884033203124
0.6591262519359588
0.8069832921028137
0.8050711750984192
0.7120667994022368
0.7278454303741454
0.6507422029972075
0.7323928177356719
0.6495893597602843
0.7517231106758117
0.8076188266277312
0.6982010602951049
0.725249409675598
0.7457202672958373
0.7291013598442077
0.7160617411136626
0.6551976799964904
0.7870147228240966
0.6830816268920897
0.74426531791687
0.7523366808891295
0.7674337625503538
0.796798676252365
0.6708682179450988
0.7336947023868559
0.8035267293453214
0.7055750489234923
0.8061633408069608
0.7976607680320739
0.7419482171535491
0.7084940373897552
0.7007601559162138
0.6824112832546233
0.6577158570289611
0.7088529467582702
0.7396355867385862
0.7752082645893096
0.7253760695457458
0.7445356845855713
0.7060607969760894
0.7311411798000335
0.7492094337940215
0.7932412028312682
0.7194839417934418
0.7085516154766082
0.7972687780857085
0.7215427160263059
0.7350024580955504
0.7079253792762755
0.8628179430961608
0.7628710865974425
0.7991189360618589
0.7464062571525573
0.7673712968826292
0.73630753159523
0.7196528911590574
0.7204272747039793
0.7277014553546903
0.7988811135292051
0.705549657344818
0.758012682199478
0.801828622817993
0.7767953574657439
0.717917114496231
0.7921655178070067
0.8634118735790253
0.7655459642410277
0.7982720732688903
0.6678980588912963
0.718366503715515
0.6714123487472533
0.7206054925918577
0.7201538383960722
0.8233144879341124
0.7441419064998626
0.7478486895561217
0.7167101204395292
0.6829608380794524
0.7202576994895933
0.7441143691539762
0.7547584176063535
0.7122052907943723
0.837002784013748
0.6929398477077483
0.8525195121765136
0.8303693234920501
0.7912173569202422
0.6927062869071959
0.7890320122241973
0.803329437971115
0.7032571732997894
0.6946884691715239
0.7029655277729033
0.777527719736099
0.7330363392829893
0.7180912196636198
0.7179412841796874
0.8015084266662597
0.7562178373336791
0.6595669984817504
0.6809586286544799
0.7070610225200651
0.7578065991401672
0.745116114616394
0.7077530622482299
0.7319725155830382
0.7773543894290922
0.7478082180023192
0.8476973772048947
0.6606295108795165
0.8014404177665709
0.8576903641223907
0.7367849946022031
0.7194839417934418
0.8023452758789061
0.7262615561485289
0.7443339526653288
0.8515875637531279
0.7689167261123656
0.7927516400814056
0.7544067502021788
0.7450021505355834
0.7031735181808471
0.8149083852767943
0.6276832818984984
0.7692059874534606
0.6837951838970183
0.7967568039894103
0.7437739074230192
0.860096901655197
0.7566694915294645
0.7404697537422179
0.6687338054180144
0.7793936431407928
0.7212848663330078
0.8359496593475341
0.6928191184997557
0.787687689065933
0.6594050526618956
0.7095247209072112
0.809611290693283
0.835447609424591
0.8573182523250578
0.6955260336399076
0.6939618885517119
0.7974893450736997
0.7888416349887846
0.6717726588249205
0.6788325905799865
0.7670433223247527
0.7104917168617247
0.865942895412445
0.695480316877365
0.823145657777786
0.80230975151062
0.7597568631172178
0.7465562224388123
0.6911266148090361
0.7211028039455413
0.7643514573574065
0.8403467833995818
0.7391995191574094
0.8286198079586028
0.6919748783111571
0.8343706130981445
0.8019298911094663
0.7714559733867644
0.6693000495433806
0.6725167036056517
0.8409139811992645
0.759540557861328
0.688361585140228
0.8136445879936217
0.8234306275844572
0.759228765964508
0.8074759542942045
0.8009857833385466
0.7418406307697295
0.6960079371929168
0.7832792699337006
0.8126957118511198
0.7072071135044097
0.7573453783988952
0.7969919741153716
0.6703646779060362
0.6399090886116027
0.6574704945087432
0.7211535274982451
0.7738139927387236
0.7897661328315734
0.7168063223361967
0.848283141851425
0.7410949170589446
0.658718705177307
0.6975465118885039
0.8174517452716825
0.8357976377010345
0.7650405168533323
0.8481905460357665
0.8330297768115996
0.7379798591136932
0.7384535074234008
0.7860766053199768
0.6674340665340422
0.6920312047004699
0.8013467490673064
0.7404343485832213
0.6595441997051238
0.6822375059127808
0.7527926862239838
0.7695690691471098
0.7638499438762664
0.8149500191211699
0.8158534467220305
0.7383188009262083
0.7552176117897031
0.8234937489032744
0.7442964911460875
0.7811633348464965
0.7455129027366637
0.7290360629558561
0.7911195456981657
0.7412026226520537
0.6992057561874389
0.7444068789482117
0.7621199190616605
0.7295118272304534
0.6987979114055631
0.6613134741783141
0.8145035803318021
0.6950688064098357
0.7451981902122496
0.8749693632125853
0.8633039891719817
0.8632304072380066
0.8495409488677979
0.6934941262006757
0.6873224973678588
0.7812440395355223
0.7336524724960326
0.8097309172153472
0.7276480793952941
0.7350865304470061
0.6924385428428649
0.637672185897827
0.8637870848178862
0.8179037272930145
0.7476669251918792
0.7530454099178313
0.7657379806041715
0.7649966776371001
0.7297917008399961
0.7710337042808532
0.841228276491165
0.7945522665977477
0.7814275920391083
0.6726052463054656
0.7112375497817992
0.6587833762168883
0.7966887950897216
0.7102876603603361
0.7908005416393278
0.7264232039451598
0.7324129343032835
0.7526025772094724
0.670283406972885
0.7064794152975081
0.746839106082916
0.7644607424736022
0.7843088805675504
0.6846048533916472
0.7724102437496184
0.7961769402027127
0.7051009833812713
0.658651143312454
0.7647302150726317
0.6972433924674987
0.8594135642051696
0.7895545959472654
0.7820024192333219
0.7670165002346038
0.679295390844345
0.7317569255828855
0.7460829913616178
0.6855777502059935
0.6507534086704253
0.7210009396076201
0.7422171533107756
0.7423314750194548
0.8183114826679229
0.8182892501354216
0.7170689254999159
0.7013286650180816
0.7036457657814025
0.8125781714916227
0.7659009993076322
0.7971844077110288
0.7473812103271483
0.6395014524459838
0.7618965804576872
0.769747108221054
0.7732408344745635
0.8688518702983855
0.7328826785087583
0.7201126813888549
0.7486548721790313
0.7493075132369994
0.7723686099052428
0.6714412569999693
0.7404440045356748
0.7944568395614623
0.795511096715927
0.6636091768741607
0.696766048669815
0.691563308238983
0.7710094153881071
0.6816799640655516
0.6957062780857085
0.8598887920379638
0.8183805644512177
0.7365777194499968
0.6687338054180144
0.721815526485443
0.7624397575855253
0.7720637023448943
0.6829353272914885
0.807751953601837
0.758080095052719
0.7659921348094939
0.6836517751216887
0.6372356116771697
0.670676976442337
0.7325435876846311
0.6709735989570615
0.8576139211654661
0.7697207331657409
0.8160523176193235
0.6839507818222045
0.6867606341838836
0.7672072052955625
0.7046060264110564
0.769151747226715
0.6915379762649534
0.7541393339633939
0.7094628810882567
0.7156673967838286
0.7345768511295317
0.7419390082359312
0.7188781201839446
0.775338590145111
0.6884439587593078
0.6917647123336791
0.7225847542285917
0.8182588517665861
0.7913804948329923
0.7221691608428954
0.7382800579071044
0.7885714471340177
0.7464264035224913
0.7862876653671262
0.7708235383033751
0.6821016669273375
0.771542817354202
0.7351166903972624
0.8262123763561248
0.8317767679691314
0.8961281478404998
0.7967598736286162
0.6486875712871549
0.7074158489704131
0.7554703056812286
0.7661818563938139
0.6836761832237243
0.6815398335456847
0.7516730874776839
0.7796007096767424
0.7694148421287534
0.6966033279895781
0.8242764472961424
0.67194265127182
0.7112510800361632
0.6815547943115233
0.6496228575706481
0.8865781128406522
0.7293550968170165
0.8014586269855498
0.892735868692398
0.7468709051609037
0.7600602805614469
0.6958164870738982
0.7905186414718627
0.7349021136760711
0.8267236948013303
0.7359617054462433
0.692434936761856
0.739158660173416
0.7966914176940917
0.7619941532611846
0.7798325419425963
0.6941372752189634
0.6714412868022918
0.735460042953491
0.739158660173416
0.7936392128467558
0.7596541941165922
0.8806955516338346
0.7862064838409422
0.7754608392715453
0.7209893763065336
0.8691183030605315
0.7180461883544921
0.7011157572269439
0.66024911403656
0.7523718774318694
0.7707453668117522
0.7454944550991057
0.7696437537670134
0.7888245284557341
0.7037945985794066
0.6390648484230042
0.7961278557777403
0.8127020001411437
0.7600065469741821
0.8536896407604216
0.80890354514122
0.7203600108623502
0.6965647339820862
0.8044450283050535
0.6960084438323973
0.7625478208065032
0.7728390991687774
0.7673036158084868
0.7429616451263426
0.8206082582473754
0.703348159790039
0.6957600116729734
0.7437447905540464
0.7777875065803527
0.679688811302185
0.7232342064380644
0.695032626390457
0.6589974462985991
0.7097281813621521
0.7808391451835631
0.7282404005527495
0.8354662358760833
0.7259025871753692
0.7291474044322966
0.7206142842769621
0.7684439420700072
0.7230970859527586
0.6829416453838347
0.8343161940574645
0.7457807064056395
0.7325694561004636
0.8051400780677794
0.7218390703201292
0.7003227770328521
0.7524685263633726
0.7475632429122923
0.8472477495670316
0.7723608613014219
0.7266052663326262
0.7625364363193511
0.7396229505538939
0.7133220732212064
0.7528679966926575
0.7188322544097898
0.7278136610984801
0.7779984772205352
0.744462102651596
0.7727969288825987
0.7796020209789275
0.7653477191925048
0.7952578365802764
0.6923466622829437
0.722257912158966
0.6610646843910217
0.7475459277629851
0.6722854077816008
0.7756612002849578
0.7857818901538848
0.7353381514549254
0.7170500159263611
0.7183248996734618
0.7520954906940459
0.71870356798172
0.772770434617996
0.6982957124710082
0.7071862518787383
0.7524240016937254
0.7195513546466826
0.7865478098392485
0.8186434507369993
0.7316390573978422
0.7704906165599821
0.831126660108566
0.6609124243259429
0.7761771082878112
0.7700177133083341
0.6927062869071959
0.7335675656795501
0.737078934907913
0.7524758577346801
0.7245097458362578
0.6500485241413116
0.6973435282707213
0.7866782248020171
0.7330523431301116
0.758206009864807
0.7902508080005644
0.6595887541770934
0.765410155057907
0.8024003505706786
0.6846048533916472
0.6804515719413756
0.7046934962272643
0.7551389038562774
0.7360689043998716
0.7856757640838622
0.6817072629928588
0.744674265384674
0.8193097710609434
0.7840307950973509
0.7201643586158751
0.8134133219718933
0.7247506976127623
0.6701056957244872
0.8469156026840208
0.7805668413639067
0.7904588878154754
0.7751298248767852
0.8520402610301969
0.8126572966575623
0.7399173080921172
0.7587409019470214
0.6615866124629973
0.8695281147956847
0.6915633380413054
0.7340020239353179
0.7220208942890166
0.7935711741447448
0.7983693182468413
0.6395015418529509
0.6957920193672179
0.7533958256244658
0.6810008883476256
0.8426507115364074
0.7379423677921294
0.7810061275959014
0.7119550704956054
0.6722854077816008
0.7620545625686643
0.6860464215278624
0.7969835102558134
0.8458089530467986
0.7495686411857604
0.6698831021785735
0.6873224973678588
0.6468190252780913
0.6792269349098204
0.7340539097785947
0.7485650479793547
0.7160459160804747
0.7462192773818969
0.6187864542007445
0.7239450216293333
0.6955345273017882
0.7030327618122099
0.775338590145111
0.7078838050365447
0.7696629762649534
0.7500123679637908
0.6812393367290496
0.8092291951179502
0.7205586135387418
0.6882076561450957
0.8402124643325805
0.7216733098030088
0.7084106504917144
0.6902825832366942
0.7723686099052428
0.7173719108104704
0.7836287319660186
0.7783456742763518
0.8182504773139954
0.6471877694129943
0.710111618041992
0.7702611386775969
0.7399396002292631
0.7725300192832945
0.7518946826457976
0.8092271089553833
0.7288873493671416
0.8988133072853087
0.7543770372867584
0.7459056973457335
0.7046099007129668
0.7786333858966826
0.6624664664268493
0.8124213218688964
0.7297478318214415
0.8032748699188231
0.747099459171295
0.746442824602127
0.6772363483905791
0.7301253676414489
0.670283406972885
0.711498588323593
0.8464556336402892
0.6929204165935515
0.8777688741683958
0.7835485637187956
0.6575759947299957
0.7189425230026244
0.6762670874595641
0.848772346973419
0.7595890164375304
0.6952255964279174
0.7193354964256286
0.8069612085819242
0.7043628990650177
0.6693789362907409
0.6567588746547698
0.7204564809799193
0.6789568066596984
0.8185703158378599
0.6740986704826354
0.7380985319614409
0.7358112931251525
0.8069147169589994
0.7928396761417388
0.6564576923847197
0.71020171046257
0.7216733694076537
0.703788936138153
0.6830939054489136
0.8284868001937865
0.6810008883476256
0.8480124175548551
0.7538015544414519
0.7205048501491546
0.7912229299545288
0.6814766824245452
0.6804513335227965
0.7399052083492278
0.6487787663936614
0.6810945868492124
0.7726141810417173
0.7305111289024353
0.7209101915359496
0.7977225184440612
0.7666925489902495
0.7838954925537107
0.7351466715335844
0.7266700565814971
0.6719756424427031
0.7667533755302428
0.6939618289470671
0.7781051993370055
0.6490048468112944
0.8147946596145629
0.8122616112232207
0.6948995888233183
0.6822374463081359
0.7947673499584196
0.8413085937499999
0.823521465063095
0.8051572144031524
0.6612551212310791
0.7582030594348905
0.715694636106491
0.7571483850479125
0.8473602533340453
0.7601343691349027
0.7114487886428831
0.766857862472534
0.6812682449817656
0.7744728922843933
0.7139348983764646
0.7304106950759887
0.6941643357276915
0.6965601742267608
0.7678279578685758
0.8344477713108062
0.782867282629013
0.6507534086704253
0.7381108999252318
0.8127229213714598
0.7179373204708098
0.7232488393783568
0.7788164615631102
0.7400584518909453
0.8370901048183439
0.7509150505065917
0.7239806652069091
0.6709735989570617
0.7483163475990294
0.7924306094646452
0.6575504839420317
0.7974292039871215
0.728081852197647
0.6963362991809844
0.764931559562683
0.8007535934448241
0.7713479995727537
0.8206514716148375
0.8014915585517881
0.786551922559738
0.8133977353572843
0.6927627325057982
0.7293916940689086
0.8091432452201842
0.7188618779182434
0.628471314907074
0.6699706912040709
0.7310092151165007
0.7623276114463806
0.8021204471588134
0.7353161573410033
0.6927061975002288
0.7537297606468201
0.754879295825958
0.7207225561141966
0.767755091190338
0.8194493949413298
0.8520541489124296
0.8293946981430051
0.6714261770248412
0.8106018900871275
0.7182374000549314
0.6872606277465819
0.6960208117961882
0.6595629453659055
0.797114700078964
0.7707243561744688
0.8315204679965971
0.6958045661449431
0.8354263603687285
0.8409080207347869
0.7609088122844695
0.7522858679294584
0.8412580490112305
0.6674087941646575
0.7645903825759887
0.7537613213062286
0.6804243028163908
0.7996753454208373
0.7936059534549712
0.7346053421497345
0.6612595617771148
0.6369184255599974
0.7072503268718718
0.7992847263813018
0.6724660992622374
0.7925136387348174
0.6601770818233489
0.7171294391155242
0.7652508914470671
0.8127600252628325
0.8588441312313079
0.7718076407909391
0.8062198162078855
0.8171143829822538
0.6919748783111571
0.7227653264999389
0.764394015073776
0.751565784215927
0.7127170264720915
0.7162352800369262
0.7211486399173737
0.6489056646823882
0.7523885071277616
0.830674648284912
0.7000235319137572
0.7820236980915068
0.8125926554203033
0.7862025797367095
0.7886481285095214
0.6859910786151884
0.7771488130092621
0.8357506692409514
0.7529022395610808
0.787768542766571
0.6868192255496978
0.8019707202911375
0.688113510608673
0.7042436599731444
0.8467464148998258
0.7413336038589475
0.7526565194129943
0.7175280451774597
0.7397586107254026
0.7753186225891113
0.767385959625244
0.7645960748195647
0.7520700097084044
0.8031084835529326
0.8189775645732877
0.8075730800628662
0.7402598559856414
0.7191825211048125
0.6894483268260955
0.7659989297389983
0.7704298198223113
0.7033814489841459
0.7346341311931609
0.722712218761444
0.6618036925792693
0.7174898087978362
0.7323070168495177
0.7448008656501769
0.777187556028366
0.7462799847126006
0.6610336005687713
0.7424518764019011
0.6616355180740355
0.6586371064186094
0.7612396776676176
0.8535095453262326
0.7660009860992429
0.7951341569423674
0.72091007232666
0.7654044926166532
0.7478941082954405
0.7520851194858549
0.7209654152393339
0.8927348554134368
0.7653088569641112
0.8409661352634428
0.7349033057689666
0.8019960820674895
0.7042417526245116
0.8065717220306395
0.7412934601306914
0.7313459515571592
0.7161632925271987
0.8395001292228698
0.6923094987869262
0.7872208356857298
0.8073346614837644
0.7623069286346434
0.6868284046649932
0.7653905153274535
0.6720513999462127
0.8129130601882933
0.7295095622539519
0.7397604882717131
0.7942017912864683
0.6968308687210082
0.7401915192604064
0.6878808736801146
0.7430132329463958
0.6280345320701599
0.6399693489074707
0.670156419277191
0.6601244509220122
0.7330164015293119
0.9048868715763091
0.7064952850341796
0.7652035653591155
0.7747354507446287
0.7644556164741516
0.698993682861328
0.7775394618511198
0.6933764517307279
0.7223104536533355
0.8958886861801145
0.8092439472675321
0.7051946818828582
0.7286788225173949
0.8185088932514191
0.6895042061805724
0.7450938820838927
0.8306219875812529
0.7062891125679015
0.7590214908123014
0.765212446451187
0.7650404870510099
0.7476195693016051
0.7696340978145597
0.7803014814853666
0.7917656302452086
0.7709440886974334
0.7078264653682708
0.7342054545879363
0.6973907649517058
0.6272467374801635
0.6987365782260894
0.7654044926166532
0.7179944217205045
0.7812506556510924
0.7129492759704589
0.7513001561164855
0.7208392620086669
0.6484237611293792
0.6800964772701262
0.8402056992053986
0.707258254289627
0.7367014884948729
0.7335183918476104
0.7615281343460082
0.7413822412490844
0.7351168692111968
0.7457807064056395
0.8202770948410033
0.8571875095367429
0.6717726588249205
0.7507084310054778
0.7918148040771482
0.7527105510234832
0.7417977452278135
0.7599513232707976
0.7130870521068572
0.7660401165485381
0.7798343896865844
0.7207273542881011
0.7075638771057127
0.7576582133769988
0.6999744772911071
0.7690766155719756
0.8016653358936308
0.7910597920417786
0.7824839949607848
0.6899764239788054
0.7320257127285003
0.7658801972866057
0.7036726772785186
0.8093909621238708
0.7417135536670683
0.7476272284984588
0.7479305565357207
0.6969236731529234
0.7051947116851807
0.6817399859428405
0.805811136960983
0.7736901938915252
0.7335726022720336
0.7196873128414152
0.7929338812828063
0.7478410601615905
0.7816376984119414
0.7075745463371277
0.7816986441612241
0.7608017027378081
0.6976289749145506
0.7421699464321135
0.7072184979915618
0.7935092449188231
0.7222862541675565
0.845900386571884
0.6943168938159942
0.8460257351398468
0.8265426456928252
0.7991119921207426
0.7347947359085082
0.8048458099365232
0.8718512952327726
0.7384950518608091
0.7866349220275878
0.670868158340454
0.6817617118358611
0.6748086214065551
0.7603979408740996
0.846615582704544
0.7348521649837493
0.7259026765823362
0.7424976229667664
0.7916269004344937
0.7414671182632445
0.684103637933731
0.9106735587120054
0.7860895395278931
0.7538243830204009
0.7935686707496642
0.6767691075801848
0.6472134590148925
0.7421350479125975
0.6693123579025267
0.7502375841140746
0.6686061322689055
0.6740987896919249
0.7404522597789764
0.7784507274627684
0.7542062997817991
0.6820226907730101
0.7287638187408446
0.7405492663383483
0.7996396124362944
0.7689631283283233
0.7538460195064544
0.7227868437767029
0.7826445996761321
0.6862595081329345
0.693930834531784
0.9017765223979948
0.775037258863449
0.7151299715042114
0.6813812553882598
0.6534334421157835
0.6971990168094634
0.6846048533916473
0.7364047467708587
0.7624711096286773
0.7313853204250335
0.6888033151626586
0.7721897959709166
0.7659676373004911
0.6951923668384551
0.6571391522884368
0.7464794516563413
0.8147491216659545
0.738396793603897
0.7910441756248473
0.7539655566215515
0.7196785807609558
0.834981858730316
0.7049053013324735
0.7973331511020659
0.6796635389328002
0.8244979083538054
0.7051301896572112
0.6682257652282713
0.8064948320388792
0.6491101384162902
0.7454491555690765
0.7650811970233915
0.703724980354309
0.671426236629486
0.8326050043106078
0.7364269793033599
0.6973283886909484
0.8638011813163755
0.6843382120132445
0.696625918149948
0.7021786570549009
0.6720513999462127
0.637672334909439
0.7455865740776061
0.6583112478256223
0.8201633691787719
0.8258148729801178
0.7661397755146026
0.8400209844112394
0.697077840566635
0.8047754764556884
0.6919145584106444
0.7723908722400664
0.7308256030082702
0.829764127731323
0.6990200877189635
0.775249034166336
0.8607200384140014
0.7627314627170562
0.7544564008712767
0.7288115918636321
0.6811971068382261
0.6933763921260833
0.6857559382915496
0.7193605005741118
0.6972612738609314
0.7209123969078062
0.6797446310520171
0.7030012905597686
0.6280345320701599
0.6963631808757781
0.6503913104534148
0.7963916063308715
0.7588600516319275
0.6709734797477721
0.7393266260623932
0.8771241903305053
0.7149185240268705
0.6812683939933776
0.7899674475193023
0.7356680333614347
0.7157236635684966
0.776753395795822
0.790714234113693
0.692912608385086
0.7976941168308257
0.7767193317413329
0.7030680179595945
0.6928753554821013
0.8481283187866209
0.6946885883808135
0.7350318133831023
0.7566463053226471
0.8069218099117278
0.6965396404266356
0.7451801300048827
0.6879242360591887
0.6395014524459838
0.7301834821701048
0.8021401166915892
0.6720513701438903
0.7087713479995726
0.7641295492649077
0.8987254202365873
0.7568549215793609
0.7928000390529631
0.7277791202068328
0.8956410288810728
0.7219153940677642
0.8777034580707549
0.7986721992492674
0.7500557303428649
0.6495467126369475
0.7160617411136626
0.6614409983158109
0.747820734977722
0.6484859287738799
0.7082876861095427
0.7412842512130736
0.6606295108795165
0.72025266289711
0.7623813152313231
0.8142473399639129
0.7091206908226012
0.7461127638816832
0.7692693769931793
0.6878469586372373
0.7171854972839354
0.8246148526668547
0.6612596511840819
0.6698831021785735
0.7430098950862883
0.8805654048919674
0.7121497392654418
0.6889284551143645
0.6936359107494353
0.6399090588092803
0.7240628600120542
0.6472133398056029
0.7162250578403472
0.8530191779136657
0.7200493812561035
0.6682257652282714
0.7105805873870848
0.7780238687992095
0.7608564794063568
0.7402465343475341
0.6571955978870391
0.7309894859790801
0.6610646843910217
0.7715404927730559
0.8406943380832671
0.7680832147598265
0.777244299650192
0.6760951280593871
0.7683487832546233
0.6709734797477721
0.7677229344844816
0.6630116999149321
0.7527572810649872
0.7536440491676331
0.6857559382915496
0.8126164078712461
0.7095524668693541
0.6973922252655027
0.6808316707611083
0.7826256752014158
0.7498946487903594
0.7927627861499784
0.7310837507247924
0.7085516154766082
0.774661660194397
0.8139063119888305
0.704358547925949
0.695534586906433
0.7800451815128325
0.7820827662944791
0.77816966176033
0.8077199161052702
0.811894118785858
0.7205973863601683
0.729432702064514
0.807516038417816
0.7973637282848357
0.7658725976943968
0.8246317207813262
0.7370889782905578
0.6808843612670898
0.6823745667934417
0.7648961544036864
0.7322703897953032
0.724591702222824
0.7200069427490232
0.6983662247657775
0.781541734933853
0.6610334813594816
0.6953865885734557
0.6489055454730986
0.6598941683769224
0.8345592617988584
0.6605969369411467
0.764551281929016
0.6579533517360686
0.7473413646221161
0.7450844645500181
0.6613134741783141
0.7824114263057707
0.7877078652381896
0.6732591986656188
0.7957937717437743
0.7188322544097898
0.8161759376525878
0.8177818357944486
0.8124224245548247
0.7979258596897124
0.8356507420539855
0.7600371241569517
0.7325532138347625
0.7360713779926299
0.7723232507705687
0.7390097379684447
0.7326625585556029
0.6849476099014281
0.6915633678436278
0.7064080834388732
0.788696378469467
0.7146127223968504
0.8186576962471007
0.7316254675388335
0.7334846854209899
0.6395015418529509
0.7178587019443511
0.6377484798431395
0.7292869091033933
0.6801255345344542
0.6693940758705138
0.8172242045402526
0.7208560705184935
0.7087479531764983
0.7445505261421204
0.7262612283229827
0.7291608154773711
0.682237535715103
0.7458018660545347
0.738502502441406
0.7525012493133545
0.8720292150974273
0.6927260756492614
0.7216733098030088
0.7157883644104002
0.7063043117523192
0.7312918007373809
0.7060366570949553
0.6763043999671935
0.8123779594898224
0.8190855085849762
0.6964338421821593
0.7146714031696318
0.8181179761886594
0.7736855447292327
0.791179597377777
0.8011397719383239
0.6780955493450164
0.7180911302566526
0.7095147967338561
0.7624182403087615
0.7337501645088195
0.7180469334125518
0.7813999652862548
0.7548158764839171
0.689164638519287
0.7990728020668029
0.7730082869529723
0.7944452464580536
0.7937415540218352
0.8286091983318327
0.6693018972873688
0.6940555274486541
0.638091206550598
0.7208015024662017
0.8038730919361112
0.7521205842494962
0.8350902795791625
0.7329035699367521
0.7674260139465331
0.7548332810401915
0.8042107224464415
0.6693685948848723
0.6746166944503782
0.7775970697402953
0.7392866909503935
0.671426236629486
0.7491625547409057
0.72511088848114
0.763736605644226
0.7845323681831359
0.7642494738101958
0.6837801933288573
0.781271606683731
0.8186713159084319
0.73025444149971
0.7720809578895567
0.6932435035705565
0.708647757768631
0.7482776343822477
0.8570248782634733
0.7901239991188048
0.8036065995693205
0.7855771183967588
0.7715340256690978
0.7648566663265226
0.7568809092044829
0.7957132458686829
0.774066388607025
0.7341780066490172
0.7163401544094083
0.7857888936996458
0.8173674345016477
0.6714414060115814
0.7758468389511107
0.7046993076801299
0.7920890450477598
0.7817833125591276
0.6977776587009428
0.8297562599182128
0.8484514057636259
0.6276543140411376
0.7263033092021941
0.661064714193344
0.6272467374801635
0.7219052016735076
0.7332530915737151
0.7267265319824218
0.6689319312572478
0.734500080347061
0.6833159327507018
0.7819913029670713
0.7494927942752837
0.6843935251235961
0.7523011863231658
0.8000717759132383
0.6977013945579527
0.7880109250545501
0.7227064967155457
0.7610296010971068
0.6891507804393767
0.6920311748981475
0.7086862921714782
0.797249525785446
0.7665973007678984
0.8311544954776763
0.7420623004436491
0.744194209575653
0.6813812553882598
0.7943790555000303
0.7650586366653441
0.697683960199356
0.6964575052261351
0.7048144042491912
0.729572296142578
0.7303805351257322
0.682842284440994
0.825336158275604
0.7286966443061829
0.6495805382728576
0.825673371553421
0.7281524837017058
0.7030190229415892
0.7913552820682525
0.7740839719772337
0.710653007030487
0.8352810740470885
0.7727231383323668
0.736274093389511
0.7733677327632903
0.7747446000576018
0.6954913437366484
0.6862479746341704
0.6280909180641173
0.6376722455024718
0.7577008008956908
0.6689714789390563
0.7801262438297271
0.7369814813137052
0.6934940516948699
0.6368553042411803
0.6610335111618041
0.7488742172718047
0.6709734797477721
0.6471877694129943
0.7296080887317655
0.7276229262351988
0.7514508664608001
0.720601290464401
0.7310942709445952
0.7796442210674284
0.6714413762092588
0.7440741956233976
0.7672933638095855
0.7886882722377776
0.6714413166046141
0.6718176007270812
0.7002364993095397
0.7820671498775481
0.7973254323005674
0.7819187939167022
0.7413199543952942
0.703019082546234
0.6972624659538268
0.7651070952415465
0.8427595496177673
0.92306113243103
0.7752634286880492
0.7291073501110076
0.8585373163223264
0.7578434646129607
0.7095044553279876
0.7174219489097594
0.738748401403427
0.6586662530899046
0.7711025476455687
0.7083083391189574
0.8081254363059996
0.8116562962532041
0.6558842062950133
0.6973750591278075
0.7288058698177335
0.7407102286815641
0.8190222680568694
0.7214838564395903
0.6832103431224822
0.7601201832294463
0.7970507144927977
0.7044225633144378
0.6571120619773864
0.7196915745735167
0.7678033113479613
0.746728628873825
0.7595380246639251
0.706479489803314
0.69918754696846
0.6982563734054564
0.886741280555725
0.7674444317817686
0.7820868790149687
0.7379195094108579
0.7643643021583556
0.6703088283538817
0.6694503426551818
0.6594390869140624
0.7229559421539307
0.8121578395366668
0.6907463967800139
0.6930514872074126
0.6708918809890746
0.6916639208793639
0.7756392061710358
0.7211984395980834
0.7601138055324553
0.7677249312400816
0.7815683186054229
0.7376248538494108
0.7291877269744871
0.6754919290542601
0.6717963516712188
0.6678454279899596
0.6830816268920897
0.7232178449630736
0.7395716607570646
0.6995434761047361
0.6846048533916472
0.7123388350009917
0.7917575240135192
0.7494501471519469
0.6635094881057738
0.7677188217639921
0.759369760751724
0.6674087941646575
0.6272467374801635
0.7657301723957061
0.7308147251605986
0.7075638771057127
0.6614409983158109
0.6724440455436705
0.6977351009845734
0.7070648670196533
0.6964393258094786
0.8252844214439391
0.6674524843692778
0.671426236629486
0.6591553986072539
0.7957457900047301
0.7131099104881287
0.8049762845039367
0.7362991869449613
0.6927062869071959
0.7526659369468688
0.709988236427307
0.6863417625427245
0.7369565665721892
0.8582872748374938
0.768210083246231
0.7293264865875244
0.7232956886291502
0.7356677949428557
0.7546250224113463
0.7458453774452208
0.6796889603137969
0.806719571352005
0.7182450592517852
0.7822230756282804
0.6860014498233794
0.7443090677261351
0.7982610166072844
0.7245367765426635
0.7214052677154539
0.6416951715946196
0.7181902825832365
0.7334499657154081
0.6509997248649596
0.7528352141380309
0.7391394972801207
0.67746365070343
0.7377905249595641
0.6940864920616149
0.8353737592697142
0.6783001422882078
0.8747766017913817
0.8305009603500364
0.6698578894138335
0.7727184891700742
0.7212521433830259
0.7654549181461333
0.785995841026306
0.688561052083969
0.6711547076702117
0.7512004673480986
0.7197974622249602
0.8189897537231444
0.7933565378189085
0.8168645501136779
0.8578478693962096
0.8575991094112394
0.7968228161334989
0.6804513335227965
0.7783338129520415
0.6976694762706755
0.8353530466556547
0.7450515031814573
0.7232372164726255
0.6638038158416748
0.715962916612625
0.7288873493671416
0.728091388940811
0.7325810492038726
0.6819064915180205
0.7316768765449523
0.815099149942398
0.7656599283218384
0.7084070742130277
0.8928945660591123
0.6785999536514281
0.7940567135810851
0.7914924025535581
0.7643730342388152
0.6911115944385527
0.7858292758464812
0.7492671012878417
0.7630909085273742
0.7956398129463195
0.6378360092639922
0.8143893778324126
0.6609122753143309
0.7676559686660765
0.6402970552444457
0.7523315250873565
0.7390407025814055
0.8111801445484161
0.6590737402439116
0.6402017474174497
0.703019082546234
0.6699284911155698
0.6582820415496825
0.7521570324897766
0.6844189763069152
0.7411933541297911
0.6940747797489165
0.6923215389251708
0.7984874248504638
0.7180674672126768
0.6988694965839385
0.722436785697937
0.777771234512329
0.723747581243515
0.773917883634567
0.6866936087608336
0.6817362010478971
0.7680660784244536
0.7682010531425474
0.6815020740032195
0.7200978398323059
0.7796488106250762
0.7077202498912811
0.7482982873916626
0.7190261185169219
0.6827267408370971
0.7197548449039457
0.6689573824405669
0.7109302878379821
0.8663251101970671
0.7669388055801389
0.6590737104415892
0.6717692911624907
0.7653608322143555
0.6919437050819396
0.8124763965606686
0.6618036329746245
0.6966961920261382
0.8400261104106902
0.7628283500671386
0.6800710260868071
0.8749403953552245
0.871555298566818
0.7620344460010527
0.8104540109634398
0.7670902013778685
0.6920020282268523
0.6836669445037841
0.7419258356094358
0.7598984837532041
0.7321171760559081
0.733260005712509
0.7541466057300567
0.6614409983158109
0.7262012064456939
0.7274363934993743
0.7815538048744199
0.680831879377365
0.7460871636867521
0.7085398137569426
0.7525613605976104
0.8290536105632781
0.7861995398998259
0.7447787821292875
0.7314679622650145
0.7454478442668913
0.8480780124664306
0.649080991744995
0.8714516758918762
0.7484266459941863
0.8209925293922423
0.7292196452617645
0.680887997150421
0.7988852560520171
0.7012020349502562
0.7658440768718718
0.8258292973041533
0.7218653559684752
0.704358547925949
0.7283388376235961
0.6486620903015136
0.6608870029449462
0.7825860679149627
0.7825397849082946
0.9078690111637114
0.766786217689514
0.6598116159439086
0.6575082838535308
0.8604370951652526
0.6817633807659148
0.7545311748981474
0.6416951715946196
0.7322442233562468
0.6720513701438903
0.798996865749359
0.6976173669099807
0.8396739661693572
0.7819817960262296
0.7413184642791747
0.8241803646087645
0.636931449174881
0.6586512029170989
0.6591262519359588
0.7474811077117918
0.8085449635982511
0.6614409983158109
0.7177108526229857
0.7528679966926575
0.7680227160453794
0.7917067706584929
0.7481242418289183
0.7501145303249358
0.6939345896244048
0.7722754478454589
0.8239944875240324
0.6823462843894957
0.7786045968532561
0.7653130590915679
0.7683687508106231
0.7569801211357116
0.7728378176689146
0.6795141398906707
0.6808317303657531
0.7339419722557067
0.7563691437244413
0.7001830637454984
0.7042255997657775
0.7412100136280059
0.7723685204982755
0.7529671788215635
0.7188618779182434
0.7680096626281736
0.7227434813976287
0.6924116611480711
0.6884103417396544
0.7085588872432708
0.7653169929981231
0.7974270284175871
0.6567589044570922
0.7043629884719848
0.7368566691875457
0.6472019553184508
0.7317979335784912
0.7148192524909972
0.7759631872177123
0.7474716007709501
0.7319072484970092
0.6495664715766906
0.8212301135063169
0.6713360249996184
0.7344632148742674
0.7115344405174253
0.8779421448707578
0.8394698202610016
0.7620266675949096
0.6868717372417449
0.6468443870544432
0.8872396647930143
0.824852555990219
0.75646436214447
0.7655513584613799
0.775058090686798
0.705549657344818
0.6969587802886962
0.8304178416728971
0.6944754123687743
0.7089873552322387
0.8238312900066376
0.7432412803173065
0.8135105073451994
0.7476166784763335
0.7334558665752409
0.7021331191062926
0.682225465774536
0.8347237110137938
0.7622244358062743
0.7314834296703338
0.7109976410865781
0.6707742512226104
0.7313729226589201
0.6693414747714995
0.834918975830078
0.8259749710559843
0.8043832480907438
0.7246393859386443
0.7661679685115812
0.7336066067218779
0.7009470760822295
0.7315026521682738
0.7041179537773131
0.79781636595726
0.705718845129013
0.657586246728897
0.7001276314258574
0.7874962985515592
0.7822124063968658
0.6624101102352141
0.7633213996887206
0.8487220108509063
0.7759631872177123
0.7922145128250121
0.8300569653511045
0.6801527738571166
0.769860118627548
0.6999726891517637
0.709119915962219
0.8545230329036712
0.6849976778030394
0.7046797573566436
0.7368671298027037
0.6272467374801635
0.6765749156475066
0.6811348199844359
0.7457202672958373
0.6845756173133849
0.7046372294425963
0.6570902466773986
0.680507719516754
0.6822374463081359
0.659543514251709
0.7815850377082824
0.7221766114234923
0.8013896048068999
0.6734967827796935
0.7351166903972624
0.7277173399925231
0.7238621711730956
0.7534961998462675
0.6988728344440459
0.7493695914745329
0.7167800068855285
0.8073309957981109
0.6801314055919646
0.7607295513153075
0.7640387415885925
0.6830939054489136
0.7654350996017455
0.7909578084945676
0.808067500591278
0.7123320996761321
0.66583314538002
0.7170253098011017
0.6603857278823851
0.8132070302963255
0.7879391610622405
0.7915923595428466
0.8039178252220152
0.7009591758251189
0.7587842643260954
0.7332015633583067
0.7892397642135619
0.6950434744358062
0.6801838576793671
0.6276543140411376
0.7541466653347013
0.7295687198638915
0.741466999053955
0.7569441497325896
0.8174745440483091
0.7045741975307463
0.7527591586112975
0.7683118283748626
0.7352219820022581
0.7389886677265165
0.6495779454708098
0.7096130549907682
0.7767715752124785
0.7461825311183927
0.759622812271118
0.7244717776775359
0.7207273840904235
0.7199023067951201
0.7607528567314146
0.798134297132492
0.7497372031211852
0.6709443926811216
0.6980964243412017
0.766339600086212
0.670676976442337
0.807203948497772
0.7619520127773283
0.7710245847702025
0.6517563462257384
0.7302053570747374
0.8078363835811614
0.671426236629486
0.9017333090305327
0.6740987300872802
0.8208955228328704
0.734036087989807
0.7590855956077575
0.7192293405532836
0.7047580778598784
0.712450623512268
0.6862595081329345
0.7347947359085082
0.7580235004425048
0.7557645738124846
0.7335728406906127
0.7600072324275969
0.7828236520290374
0.6471992433071135
0.7231561839580535
0.7711179852485656
0.8807968199253081
0.8748826682567596
0.6874542534351348
0.6817887127399443
0.7796761393547057
0.701344609260559
0.6741688847541807
0.7047975659370421
0.7573803365230559
0.745892822742462
0.6911265552043914
0.7952341139316557
0.7864396572113035
0.7430187761783599
0.833847552537918
0.6788859665393828
0.7260568737983703
0.6582820415496825
0.7641295492649077
0.6887922585010527
0.7295621335506437
0.6722375154495238
0.7202678024768828
0.70371675491333
0.7508132159709929
0.8136876523494719
0.8371061384677886
0.72564959526062
0.7338105142116546
0.7771644592285154
0.7140361666679381
0.6617724895477293
0.7924991846084595
0.8752171993255614
0.6887879967689513
0.7174219787120818
0.6853148639202117
0.8236988484859465
0.7464598119258878
0.7482887804508209
0.7313654720783233
0.79732808470726
0.8039478063583372
0.7868747413158416
0.7413822710514067
0.6936068534851073
0.7506137788295745
0.7034537196159361
0.7462682723999021
0.6911266148090361
0.8309405148029325
0.6958197951316832
0.6579712033271788
0.7179404497146604
0.6579533517360686
0.7234794497489928
0.7231231629848478
0.7322846055030823
0.7823280692100524
0.7462259531021117
0.674389749765396
0.7501894235610962
0.7427092194557189
0.7734195590019225
0.7476061880588531
0.7569452524185181
0.7864015996456144
0.695661038160324
0.724047392606735
0.6496228575706481
0.7558602988719938
0.8035279810428617
0.7889818847179412
0.7081866264343261
0.7582219839096068
0.7093092203140258
0.7678443789482114
0.7862449884414672
0.695534586906433
0.8462875783443449
0.8632376194000242
0.6973463594913482
0.6907463967800139
0.744628220796585
0.7105489075183867
0.6689864099025725
0.6988276839256286
0.6720513999462127
0.8123038709163664
0.8025101125240324
0.6690136492252349
0.7072421014308927
0.7407897114753722
0.7104088962078092
0.7218433022499083
0.7723314464092254
0.8022747933864592
0.6959085166454314
0.771293669939041
0.8047327399253845
0.7405861914157866
0.7972083389759063
0.7671251893043518
0.7413247227668762
0.7189427316188811
0.7181064188480376
0.7197926342487333
0.7660911381244658
0.7636718749999998
0.7989387214183806
0.6687461137771605
0.7168890535831449
0.7464608252048491
0.7344318628311156
0.6707742512226104
0.7978590130805968
0.6623455584049224
0.7082654237747191
0.8152166306972503
0.670313388109207
0.6610972583293914
0.7565414905548093
0.7070610225200651
0.7621861100196838
0.7964881360530852
0.7718762755393981
0.7696313560009002
0.7348575592041015
0.7733869850635527
0.7433320581912993
0.7961853146553038
0.7838285863399505
0.7007563710212706
0.7539454996585845
0.7497968673706054
0.8092030286788938
0.724055081605911
0.669869303703308
0.7552145421504973
0.6939619481563567
0.6495779454708098
0.7388276159763334
0.6378360092639922
0.7398234903812406
0.8256013095378874
0.6376722455024718
0.7022288441658019
0.7378990054130552
0.7989951670169828
0.7256224453449248
0.6911048889160155
0.6927062869071959
0.6490538716316222
0.8359101116657257
0.7322554886341095
0.7289491891860962
0.6699706912040709
0.6571392118930817
0.772213965654373
0.8300238847732542
0.7855728566646575
0.6829607784748075
0.7111967504024505
0.6682783067226409
0.7013406753540038
0.6464639008045195
0.7918034493923186
0.7547706365585325
0.6830939650535582
0.7199067175388335
0.6599433124065398
0.661064714193344
0.7667810320854186
0.8261960148811338
0.7427734434604643
0.7389516532421111
0.6606749594211577
0.8369621336460111
0.6594051122665404
0.6961435675621032
0.764843076467514
0.6584905385971068
0.7193605005741118
0.7451801300048827
0.7697528004646301
0.7663330137729644
0.7209124565124511
0.7179910838603971
0.7383122444152831
0.6764235496520995
0.7851916253566742
0.7545834481716155
0.8021233081817626
0.8246936202049254
0.7200300693511961
0.7082290947437284
0.6920160353183745
0.7910430729389188
0.7240724861621856
0.708127737045288
0.823824256658554
0.7328866422176359
0.7964799404144285
0.6490048170089721
0.8036096394062041
0.6944963634014129
0.7496452033519744
0.793189764022827
0.6821437776088713
0.8749276697635648
0.8487278819084166
0.693610519170761
0.7204513847827909
0.7121448814868926
0.6377485394477843
0.757421404123306
0.6594542264938353
0.7201814055442809
0.7442182302474973
0.7326015233993529
0.8124831616878507
0.6767691075801848
0.7592584788799284
0.7030228674411773
0.7959304749965667
0.7172862291336058
0.7277758717536925
0.7523449957370758
0.7803630232810974
0.6816759407520293
0.7828237116336821
0.6582820415496825
0.8576654791831968
0.7731010913848876
0.7937283217906952
0.7562412023544309
0.6905949413776397
0.760265588760376
0.7060365080833434
0.7744947969913482
0.6918618381023406
0.6819099187850951
0.7587585747241972
0.6966164410114287
0.7025935053825377
0.7656331360340117
0.8018664121627805
0.7678879797458648
0.8245828449726104
0.8536896407604216
0.7455686032772064
0.729192793369293
0.7447677850723265
0.6571392118930817
0.7286966443061829
0.7719722390174865
0.7473992705345153
0.6724438965320586
0.7623107135295866
0.7505882978439331
0.7297479510307311
0.7573299407958983
0.6951338350772857
0.7678886353969572
0.6831991672515868
0.6628467738628386
0.8544864058494566
0.7050739824771879
0.6590737700462339
0.6833034455776213
0.6710046529769896
0.6716673970222472
0.7187558710575102
0.7554643154144286
0.8363271057605741
0.7523147463798521
0.6815767586231231
0.8233772814273833
0.7654505670070646
0.6472133398056029
0.7850200533866881
0.7524963915348052
0.6822001636028289
0.7392050027847289
0.66024911403656
0.7413939535617828
0.6844189763069152
0.6816449761390685
0.7480152249336243
0.8896404504775999
0.6957631111145018
0.6950688064098357
0.6954096555709838
0.694111943244934
0.7451853752136229
0.7046934366226195
0.7220650315284727
0.7681728303432463
0.7973710596561431
0.7131966650485991
0.6693939864635465
0.7520261704921721
0.6815021634101867
0.7324067056179047
0.670868158340454
0.721831440925598
0.740754336118698
0.7653832435607908
0.7690539062023162
0.7272716164588927
0.8636155426502227
0.7993072271347046
0.7797881364822387
0.7002343535423278
0.773813247680664
0.7806222736835479
0.684026449918747
0.7808459103107451
0.7913698852062224
0.6901516318321227
0.7830485999584197
0.6272467374801635
0.807081401348114
0.721958667039871
0.6805329918861388
0.6912620365619658
0.7084815502166746
0.8720681071281431
0.7583535611629485
0.7081114649772644
0.6928752660751342
0.8152539134025573
0.6590737104415892
0.8283369541168211
0.8025986850261687
0.7727053463459014
0.773595243692398
0.7085508704185486
0.64835786819458
0.6810008883476256
0.7306427359580991
0.7360575795173644
0.7742558121681212
0.7555808424949645
0.7653729915618895
0.7494379580020905
0.694111943244934
0.8029598295688627
0.7740771770477294
0.682637870311737
0.7293244302272794
0.7453419864177703
0.8492403328418731
0.7218653559684752
0.6939618885517119
0.736274093389511
0.6472019553184508
0.7042858898639678
0.683358609676361
0.7003328204154967
0.8457912802696227
0.6694814562797545
0.7214304506778716
0.7324244081974028
0.7982297539710997
0.7577801644802092
0.8078881502151487
0.8463684320449828
0.7571150958538053
0.7099784612655639
0.7579149007797239
0.739024758338928
0.862691432237625
0.6919437944889066
0.6726589202880858
0.7514061331748961
0.7388882040977476
0.7070609629154204
0.6980964243412017
0.6503930240869521
0.7040328383445738
0.7616469562053679
0.7670709192752837
0.8148506283760069
0.7044069468975066
0.7027694582939147
0.735141098499298
0.8314803540706632
0.6595416665077208
0.7460174858570097
0.8463770449161527
0.8123038709163664
0.7042255997657775
0.8047403693199157
0.7764378488063811
0.6750108301639556
0.8341290652751921
0.7961251437664031
0.7200492620468137
0.7655936181545255
0.8023743033409118
0.8519679605960845
0.6602982878684996
0.6579289734363555
0.801645517349243
0.7199814915657041
0.7506802082061766
0.8583465516567228
0.7076952755451201
0.7961937189102172
0.8131074011325835
0.6614409983158109
0.6931862533092498
0.65719535946846
0.8258409202098844
0.6372628808021544
0.7692919969558715
0.723573476076126
0.6822374165058135
0.7892456054687499
0.718360275030136
0.8546259701251981
0.8079159855842588
0.7057543396949767
0.6977350115776061
0.6973435282707213
0.7288166284561156
0.7583191394805907
0.6599431633949279
0.6937499344348906
0.751468777656555
0.846300423145294
0.7848309576511382
0.7343844473361968
0.6962982714176177
0.7691085934638976
0.7770657837390899
0.7803322672843932
0.7191252112388609
0.728810280561447
0.7240266799926757
0.7928828299045563
0.7156258821487427
0.7780334949493407
0.6705216169357299
0.7256864011287688
0.7638848423957824
0.7242063879966735
0.7350288629531859
0.7051544487476348
0.6872968673706054
0.6372356116771697
0.7181911170482635
0.661064714193344
0.7475255429744719
0.774804800748825
0.6587833762168883
0.7570443153381347
0.6476884484291076
0.8282738626003263
0.681736260652542
0.7188109159469603
0.7595424950122832
0.6994489133358001
0.7213927805423735
0.6852653920650481
0.6694813966751098
0.671550154685974
0.6812685132026671
0.7482415437698362
0.8067684173583983
0.6816760003566741
0.7174619734287261
0.6495780944824218
0.7664630711078642
0.7086890041828154
0.7717646658420562
0.7173429429531096
0.7358981072902678
0.7170952558517454
0.7724936604499816
0.697890907526016
0.7745220959186552
0.7426865696907042
0.6578745841979979
0.812548130750656
0.7313294708728789
0.7053085863590239
0.7732029259204862
0.7060991823673247
0.7307900190353392
0.7925416231155393
0.7321472764015197
0.7277598083019255
0.7046371698379514
0.6375907361507415
0.6720513999462127
0.7077636420726775
0.7676090300083159
0.7980717718601226
0.6376993656158446
0.6689573526382445
0.7542015314102172
0.7873327434062956
0.7241649329662323
0.6587186753749846
0.7473555803298949
0.6709734797477721
0.7217307090759276
0.7917884588241576
0.6761187314987182
0.735655128955841
0.6702966094017028
0.7532781660556791
0.7912218272686005
0.8062842786312102
0.6595628261566161
0.6838028728961943
0.7076441943645477
0.7303574979305265
0.7988369762897491
0.7211984395980834
0.6814766824245452
0.722760260105133
0.7311411798000335
0.7937566339969635
0.6689573526382445
0.6837802231311797
0.7570028603076933
0.7479189336299894
0.7220815122127532
0.6927376389503478
0.6733697354793547
0.7025645375251769
0.7047246396541594
0.7911852002143859
0.7074019610881803
0.7312015295028685
0.7473859786987302
0.7508068978786466
0.7222519814968107
0.6828423440456389
0.6587187647819517
0.697030335664749
0.7184946537017822
0.7781172394752502
0.717736095190048
0.7229129970073698
0.7530899643898008
0.7071222066879271
0.7317567467689513
0.7430339157581328
0.7782545089721679
0.8042359352111814
0.7381819784641265
0.6710044741630553
0.6925104856491088
0.8145390450954436
0.7063868343830108
0.7104503214359282
0.7231372892856598
0.6911869347095487
0.69597589969635
0.7409090995788573
0.7717547714710234
0.7083748281002045
0.7082502543926237
0.6804766952991484
0.6851289570331571
0.7775740921497345
0.6276269555091857
0.6480011641979216
0.6702127456665039
0.7596555352210997
0.9172198176383971
0.7309647798538207
0.7007710933685302
0.7992569506168365
0.717164248228073
0.7102741003036497
0.7126251757144926
0.6734967827796935
0.7189427316188811
0.7469137310981748
0.7943432927131651
0.805155277252197
0.7779803574085233
0.6713047623634337
0.7437654435634612
0.7819393277168272
0.7439736127853391
0.6918366849422454
0.7784556448459624
0.7382414638996123
0.8132238686084745
0.7839774787425994
0.6980280578136443
0.7539849281311034
0.7306964993476867
0.7328060865402221
0.7827312052249908
0.7332043647766112
0.6969530284404754
0.6809754967689513
0.7409324049949645
0.67194265127182
0.7185923755168915
0.8372559547424314
0.6843936443328856
0.7780363559722899
0.6693940758705138
0.7047241032123563
0.8658616840839384
0.6988717913627623
0.7420476675033569
0.7194247841835021
0.7724336087703704
0.7214185893535612
0.7054942548274993
0.7359370291233062
0.7967732846736908
0.7774826884269713
0.6912010610103606
0.6850805282592772
0.6716910004615783
0.7337617874145506
0.7345212996006011
0.6706769168376921
0.7440222501754759
0.6737559139728545
0.7783527374267577
0.7462720572948455
0.705002188682556
0.7325617372989653
0.7437339723110199
0.7617354094982145
0.7079125046730042
0.7030651569366455
0.6686586141586303
0.7541824877262115
0.8245195448398588
0.7700142860412597
0.7283388376235961
0.6995477974414823
0.7103157341480253
0.7490317821502684
0.637672185897827
0.7546250224113463
0.6804084479808806
0.7214901745319365
0.8150840997695922
0.7064080834388732
0.786994397640228
0.6703509688377379
0.7478374540805816
0.7101298272609708
0.7213164269924162
0.7370889782905578
0.7336601316928862
0.6594050526618956
0.7414239346981049
0.6714261770248412
0.7227868437767029
0.6706384122371672
0.7612502276897429
0.6939741075038909
0.7392273545265197
0.7153808474540708
0.7730873823165891
0.6476632058620452
0.7365886270999907
0.7048143446445464
0.6918618381023406
0.7649032175540923
0.7450723648071289
0.7661443650722503
0.6973435282707213
0.7936528921127319
0.6827266216278075
0.7551068067550659
0.659481257200241
0.789796382188797
0.7178418338298796
0.6631667315959929
0.8576312065124511
0.8249774575233458
0.7339181005954741
0.7111317217350004
0.7638499438762664
0.6903257071971892
0.7074321210384368
0.7389127016067504
0.7469314336776732
0.6817362308502196
0.7079038023948668
0.7074019610881803
0.6740987300872802
0.787353992462158
0.6610646843910217
0.7780357003211975
0.8190731406211852
0.66175639629364
0.7956197857856749
0.6399693489074707
0.7385295033454894
0.6571954786777495
0.7653282582759856
0.728884994983673
0.7735967040061951
0.7789957523345945
0.813092768192291
0.6368280947208403
0.6959863007068633
0.6700905561447142
0.7917113900184629
0.7627716958522794
0.69337660074234
0.8634292185306548
0.7453474402427672
0.6692886650562285
0.7133221030235289
0.6982895731925963
0.6721125245094298
0.7649550735950469
0.8135976493358612
0.6885429322719573
0.7547728419303893
0.7956885695457457
0.7771667838096618
0.7584018111228941
0.7033113837242125
0.8150233626365659
0.6859169304370879
0.6814496219158171
0.7109896838665007
0.7791936695575713
0.7302428185939788
0.7291135191917418
0.7162117958068847
0.6638038158416748
0.745393544435501
0.7101600170135497
0.7870809137821195
0.7239449918270109
0.6833034455776213
0.6591554284095764
0.7736901342868803
0.7516293823719022
0.6464640796184539
0.6604557037353515
0.6579833030700682
0.7744866609573363
0.6820875406265258
0.7025645375251769
0.846778631210327
0.6699284613132476
0.7424857914447783
0.7405901551246642
0.8181132078170774
0.6760436892509459
0.6907463967800139
0.6988284587860106
0.7745169699192046
0.7928273677825927
0.7281133234500883
0.6923964917659758
0.7098177075386046
0.7335721552371977
0.6888281702995299
0.6594049632549285
0.7152305543422698
0.7317722141742705
0.7223370075225828
0.7991886734962462
0.7428908646106718
0.7501122653484343
0.7444276809692382
0.7693600654602049
0.7176793515682219
0.6689319312572478
0.7765016555786132
0.839971750974655
0.628471314907074
0.6709735989570617
0.7276294529438018
0.7822538018226624
0.9079789519309996
0.6699284613132476
0.7539525628089904
0.7347280979156493
0.7188620269298552
0.7586340308189391
0.7624612152576444
0.6792522668838499
0.8400535881519317
0.6503930240869521
0.7420674562454221
0.6926027536392211
0.7659668922424315
0.681239366531372
0.7323070168495177
0.7918960750102997
0.6826449930667876
0.7335573732852936
0.7575831711292265
0.7620632946491239
0.71965816617012
0.8189228773117063
0.7800089418888091
0.7990350425243377
0.7496341168880462
0.766327440738678
0.8696409463882445
0.6610335111618041
0.692532330751419
0.7066363096237182
0.8302220106124876
0.6468076109886168
0.7911649048328397
0.7727969288825987
0.8179642558097838
0.7729004621505736
0.7212211191654204
0.7723432481288908
0.6603857576847075
0.7797226607799529
0.6594390869140624
0.8242118656635282
0.6693939864635465
0.7645699977874755
0.8021837174892424
0.777757465839386
0.6923965215682981
0.7015777230262755
0.767372727394104
0.6831187307834625
0.7972346246242521
0.637672334909439
0.6590737402439116
0.6702965795993805
0.6841348409652709
0.7634649872779845
0.6973434984683989
0.7206055521965026
0.7784234285354612
0.7438119947910308
0.7528981566429137
0.7878794968128203
0.7476599216461179
0.8092268407344817
0.6836358308792112
0.7667368650436399
0.6187864542007445
0.7572301924228667
0.8204140365123748
0.6590736508369444
0.8239631950855253
0.6851730346679686
0.7940967381000519
0.6950689256191253
0.7825560569763182
0.7728398740291594
0.6801527738571166
0.7435450553894042
0.79179710149765
0.65836364030838
0.8182222843170164
0.6953204870223998
0.7240628600120542
0.6977351009845734
0.7169634997844695
0.7661106288433074
0.740709364414215
0.7287758290767669
0.6272467374801635
0.7275710105895995
0.7271251678466796
0.6603435575962066
0.6864739358425139
0.6952255964279174
0.8636987805366514
0.8012357652187347
0.7288097143173216
0.6941642463207244
0.7667457163333892
0.8841141164302824
0.7449262738227842
0.6889452338218688
0.7824993729591369
0.680919200181961
0.6589974462985991
0.8409984707832335
0.8320276141166685
0.7159090936183928
0.7188322544097898
0.7382075190544127
0.8198840022087095
0.7500123679637908
0.7908353507518766
0.7733869850635527
0.7790598273277282
0.7917034029960631
0.6924116611480711
0.8374541401863095
0.8551536500453948
0.6723813712596892
0.7485900223255156
0.6911828517913817
0.7386634647846221
0.8636903464794159
0.8130365908145903
0.7326920926570891
0.7823482751846313
0.6699416041374205
0.8347782194614409
0.657484710216522
0.8956885933876036
0.7219506502151488
0.8900910019874572
0.77963650226593
0.7444963753223418
0.6376723945140838
0.7621088922023772
0.7294871509075164
0.7070894241333007
0.8182301819324493
0.7643474936485289
0.7303007245063781
0.8457573950290679
0.835212171077728
0.8598959743976591
0.8155506849288939
0.8351156115531921
0.8174590468406675
0.730036973953247
0.6583111286163329
0.7356250286102294
0.7877717316150664
0.8070278167724607
0.7335183918476104
0.7858798801898955
0.7047246396541594
0.7823424637317656
0.7366919815540313
0.6693686544895171
0.7363418936729429
0.6808317005634306
0.7563767731189727
0.7907271981239318
0.7495985329151151
0.6992589831352233
0.7379264533519744
0.7832944989204407
0.7303558588027952
0.7006443738937377
0.6822000443935393
0.6984050273895264
0.7280901372432707
0.6700905561447142
0.8239676058292388
0.7851281166076658
0.864698201417923
0.8208566904067992
0.6606295108795165
0.6703257858753203
0.7665617763996122
0.6740109622478484
0.6760269701480864
0.830909490585327
0.8399200439453123
0.6815303564071654
0.778365671634674
0.7347945570945738
0.793145179748535
0.8016934096813202
0.774205058813095
0.6722616553306578
0.6575757861137389
0.775565356016159
0.7070235013961791
0.6609397828578948
0.7316435277462003
0.7033813893795011
0.7071736454963682
0.7314118146896361
0.7520100474357604
0.7874962985515592
0.7410434782505034
0.7409852147102354
0.7090716063976286
0.7072762250900267
0.7025935649871825
0.7638498842716216
0.7781321704387664
0.8255703449249265
0.7165033221244811
0.7591514289379119
0.6280909180641173
0.795723557472229
0.6958894431591033
0.6992056071758269
0.7881237566471098
0.638091206550598
0.794281393289566
0.7712286710739135
0.8115305304527282
0.7030591964721679
0.7193633913993833
0.7000102400779723
0.7152227759361265
0.6987954974174498
0.7104914784431456
0.708850860595703
0.7531439363956449
0.7236628532409667
0.7572259604930877
0.7388605773448942
0.8367569744586943
0.7017397284507749
0.7517059743404387
0.7075285613536834
0.7467572689056395
0.7230970859527586
0.6994712650775908
0.7375996112823485
0.7211854159832
0.6985485553741453
0.6571138203144072
0.6503930389881133
0.6518165171146392
0.6615012288093566
0.6946884989738463
0.7051947712898253
0.7058815658092498
0.7080245018005369
0.8631103336811065
0.6586661934852599
0.8339662849903106
0.7526305019855498
0.6628468930721282
0.6923702359199523
0.7148181498050687
0.7997231781482694
0.7591969966888427
0.7578932344913482
0.6915944814682006
0.7055751383304595
0.7183249592781067
0.7071927189826964
0.7300497889518736
0.6615012288093566
0.6710044741630553
0.7386145293712615
0.6599884033203124
0.6717147827148436
0.7615580558776853
0.7118608355522155
0.7963845431804656
0.842351824045181
0.8064253032207488
0.8347230851650238
0.7884078621864317
0.6487787663936614
0.7525368034839629
0.6652242243289946
0.870295464992523
0.6750501990318297
0.7496187090873717
0.6674340665340422
0.677745223045349
0.8029471635818479
0.6705369055271149
0.7005017399787902
0.7709650397300718
0.684103637933731
0.6698414087295531
0.771880120038986
0.7296752333641052
0.7043205201625823
0.723622441291809
0.7200492918491362
0.7044069468975066
0.7611820995807645
0.7046099007129668
0.7729505896568297
0.7196429669857023
0.6826450824737548
0.7988886833190918
0.7322482466697692
0.8181536793708799
0.6829607784748075
0.671304941177368
0.7277757823467254
0.849576324224472
0.6886787712574003
0.6691263914108275
0.8264650106430051
0.7399068772792815
0.7545369565486907
0.7076748013496399
0.7102742493152617
0.7328855395317077
0.6477759778499602
0.6836669445037841
0.7060365080833434
0.7996387779712676
0.86918568611145
0.6780097186565398
0.6939345896244048
0.6695076823234558
0.6733690202236174
0.6716598570346831
0.6983772516250609
0.7428719997406005
0.7486458122730253
0.7881909608840941
0.6808440685272217
0.6369184255599974
0.7482310533523558
0.7642602026462554
0.7271786928176878
0.6797633171081542
0.6603856980800628
0.7448528707027435
0.6698054373264312
0.6932303011417388
0.7648178935050962
0.7909934818744657
0.6855093538761139
0.6586133241653441
0.6746649742126464
0.7764304578304291
0.7382803857326505
0.7440066933631895
0.7284618914127349
0.6395014524459838
0.8205140829086301
0.7851186692714689
0.7220357358455658
0.6609397828578948
0.6368280947208403
0.6499092578887938
0.740927368402481
0.7201130390167235
0.7962912619113921
0.733819156885147
0.6792955398559568
0.787000000476837
0.7788187563419341
0.7038999795913694
0.7271406352519988
0.6472133398056029
0.7818489670753478
0.7284423410892485
0.7043504714965819
0.6472809016704558
0.7213675081729889
0.8692929744720459
0.8216027319431304
0.6939590573310851
0.7470092475414275
0.8191824853420256
0.8356362283229827
0.721831440925598
0.676432430744171
0.7203700840473175
0.7206622660160064
0.6496228575706481
0.7430320382118225
0.7300623357295989
0.7201538383960722
0.7443265318870542
0.704587697982788
0.6399693489074707
0.7230704426765441
0.738531321287155
0.711240530014038
0.6940888762474058
0.6884690225124357
0.8011692464351652
0.7188621461391448
0.8148231208324431
0.7146847248077391
0.7952095568180082
0.7171293944120406
0.696894198656082
0.661756545305252
0.6961591243743894
0.7542034089565276
0.7330008447170255
0.8132492005825042
0.7388363182544707
0.6928753554821013
0.6926498413085936
0.6695077121257781
0.7601342499256132
0.7813688516616819
0.6532496511936187
0.8698580563068389
0.6701056957244872
0.7072421014308927
0.7170286178588866
0.6693686544895171
0.802494704723358
0.8292529881000518
0.7983101308345792
0.7876726090908048
0.6804515719413756
0.7353792190551756
0.6943987011909484
0.8014333248138427
0.769668161869049
0.6999546587467192
0.68296080827713
0.7385748028755186
0.7530938386917113
0.7157680988311765
0.7415100634098052
0.7058815360069273
0.6885429322719573
0.8245662450790403
0.7391166388988493
0.7995881140232084
0.6958164870738982
0.80226594209671
0.6590622961521148
0.7354586720466613
0.7365913689136504
0.7105164527893065
0.7010844945907592
0.766990303993225
0.6722854077816008
0.6992280483245848
0.6377484500408171
0.7759999334812162
0.7180367410182952
0.6765692234039306
0.7784629166126249
0.7266826629638671
0.7455529570579528
0.7859327793121337
0.7248612344264982
0.6586371064186095
0.7631665766239165
0.7025645375251769
0.8234539031982421
0.7726590335369109
0.6530014276504515
0.6822374463081359
0.6623456180095671
0.7956995666027067
0.7429543435573576
0.721403419971466
0.8018187880516051
0.7416788935661314
0.7609601914882658
0.7404460608959197
0.6801585555076597
0.8402826189994811
0.6996241807937621
0.8121044337749479
0.6801840066909789
0.7808672785758971
0.7469493746757506
0.7912705540657041
0.7728302180767058
0.8258101940155027
0.732432186603546
0.7799050211906431
0.6599431633949279
0.811416745185852
0.6830816566944121
0.6698619425296781
0.8313465416431425
0.7110054194927213
0.6847284138202666
0.6955296993255614
0.8337215781211851
0.740673303604126
0.8247641026973723
0.6860916018486022
0.7072267830371854
0.661756545305252
0.8137356638908384
0.8352428078651427
0.684296429157257
0.7164606451988219
0.7724831998348234
0.801398754119873
0.7662837207317351
0.7050607204437255
0.6944108605384826
0.8456314802169798
0.863300949335098
0.6583385467529296
0.7066361010074613
0.7830504477024076
0.7893487811088561
0.6980087757110595
0.8815995752811432
0.7420191764831542
0.7810312807559966
0.6385862231254577
0.7752030491828917
0.6276411712169646
0.7587557435035704
0.69337660074234
0.7662433087825774
0.72942116856575
0.6944805979728698
0.6946130394935608
0.717917114496231
0.7359976172447203
0.680831879377365
0.8348572552204131
0.7920101583003997
0.7398552000522612
0.7229273319244384
0.7769328653812406
0.6923862397670745
0.7746164202690123
0.6924796402454374
0.7220442593097685
0.6601770818233489
0.6571391522884368
0.744469881057739
0.7591274976730346
0.6586512029170989
0.700012445449829
0.7864764630794523
0.7272553145885466
0.6846048533916473
0.6932434141635894
0.6997481882572173
0.7188619375228881
0.7912476658821105
0.7865493595600126
0.6801313459873198
0.6827267408370971
0.7330889105796813
0.7306548357009887
0.7366013526916503
0.7463355958461759
0.6939307451248168
0.7066361606121062
0.7833572328090668
0.7670065462589263
0.7528115510940551
0.6705369055271149
0.7827305197715757
0.6888562738895414
0.6892290711402892
0.7660784423351287
0.7248324453830719
0.7122448384761809
0.7206941246986389
0.6714413762092588
0.7347915172576903
0.6919709742069243
0.7217948436737059
0.7176734209060668
0.6943169534206389
0.63729190826416
0.764666676521301
0.7629955708980559
0.7989675402641295
0.6855093538761139
0.6714412569999693
0.7333806753158568
0.6716835796833037
0.7876624763011931
0.670296549797058
0.7114180028438566
0.6836669147014617
0.6785999536514281
0.7276627719402312
0.7045685946941375
0.7480683028697966
0.7607693970203397
0.798649340867996
0.6812685132026671
0.6509997248649596
0.6924115717411039
0.6272467374801635
0.6610336005687713
0.7887640297412872
0.7320606410503386
0.7046934962272643
0.6974508762359617
0.7633069157600402
0.7392172813415526
0.7994681298732756
0.7760075926780698
0.6395015418529509
0.7945838272571563
0.6939741075038909
0.6808317601680755
0.7435975074768064
0.7454541623592376
0.6597855389118195
0.7974661886692047
0.6954802274703977
0.6816759705543517
0.7191708981990813
0.7150691747665405
0.7867278456687926
0.63729190826416
0.7262687087059019
0.6817361116409301
0.7923367023468015
0.7341227829456328
0.6808842718601226
0.7441515624523163
0.7574492692947387
0.7241579890251157
0.7307390570640563
0.7674448192119597
0.7071737051010131
0.7046221196651458
0.8033261597156524
0.7223104536533355
0.6604109704494475
0.8549885153770445
0.7429927885532379
0.6830000281333922
0.7724506258964537
0.7339524924755095
0.7330889105796813
0.7334517240524292
0.6706384122371672
0.6615368127822874
0.6372628808021544
0.6874542534351348
0.7364561557769775
0.6590737998485564
0.8023366332054137
0.6870762109756469
0.6851290464401244
0.7795298397541045
0.7314831912517546
0.7571182250976562
0.7401273846626282
0.6476632058620452
0.8121927380561828
0.6631667315959929
0.7043505311012267
0.7674243152141569
0.7452689111232755
0.6867384314537047
0.7183247506618499
0.8135136663913726
0.7320026159286498
0.7521761357784271
0.6693939864635465
0.8123848140239713
0.7773791849613189
0.8147996068000792
0.6487787961959838
0.6507534682750701
0.7257737815380094
0.746682584285736
0.7424552738666533
0.7294114530086516
0.7419390082359312
0.6503930091857909
0.7806349098682402
0.7295874953269957
0.7078836262226104
0.794237732887268
0.6804120838642118
0.7346503436565398
0.6986729502677916
0.6179694533348082
0.7772645950317382
0.7518300116062162
0.8606474101543424
0.6690661311149596
0.655054211616516
0.8070771396160125
0.683081567287445
0.8260140419006347
0.7194857597351073
0.6694504022598265
0.6179694533348082
0.7598689794540403
0.8312497735023496
0.7733677327632903
0.6714121401309967
0.8411873579025267
0.682237535715103
0.6468189358711242
0.6732591986656188
0.7140043377876282
0.7030614614486693
0.7652885913848876
0.8295042812824248
0.6808167695999144
0.8987539112567899
0.7197471559047697
0.7395504713058471
0.7399965822696685
0.718431085348129
0.7911221086978911
0.8294368982315062
0.6890153288841246
0.7472348809242246
0.7417120337486266
0.7423386275768278
0.6998330950736997
0.745091676712036
0.7578694820404052
0.7784592509269713
0.697372019290924
0.6476884484291077
0.6613134741783141
0.7108364105224608
0.7908774912357329
0.8147707283496856
0.7317332625389098
0.7079124450683593
0.7457710802555083
0.7387776076793671
0.7478941082954405
0.8583464622497557
0.7131631970405578
0.8468683958053587
0.710270971059799
0.8070273399353025
0.648371249437332
0.6823462843894957
0.7440252304077147
0.7339923083782195
0.6606295108795165
0.7290885150432586
0.703876346349716
0.7545772790908812
0.8519076108932495
0.8450459837913511
0.7390393316745757
0.704257935285568
0.6276543140411376
0.8179665505886077
0.708127737045288
0.8288896977901457
0.6709442138671874
0.6733888089656829
0.7622669637203214
0.7499384582042693
0.7702625989913938
0.7786119878292083
0.7454269230365752
0.7260833978652952
0.7154979109764099
0.6865224838256835
0.6588334143161771
0.893287032842636
0.8135504722595214
0.7328877151012418
0.6952257752418517
0.7698170840740202
0.8069395720958709
0.8179679811000821
0.7296752333641052
0.7757568061351775
0.8695695996284484
0.6808316707611083
0.8025231361389159
0.7500591874122619
0.7616296112537383
0.7098895609378814
0.792497396469116
0.7700263857841491
0.6682219803333281
0.7770927846431731
0.6919437944889066
0.7191978096961973
0.7192989289760588
0.7148368358612059
0.6812684535980223
0.6817071735858915
0.7413104474544524
0.7696467041969297
0.7774932086467741
0.7056491672992705
0.7706086635589598
0.6601770818233489
0.7706240415573119
0.7264057397842406
0.8458788990974425
0.6591866016387937
0.6591262519359588
0.714728146791458
0.7673747241497039
0.6995228826999663
0.7578523159027097
0.6634391248226166
0.7185923755168915
0.6943169534206389
0.6952548027038573
0.7487866282463074
0.7601677775382994
0.7378556728363036
0.6889452338218688
0.7350490987300872
0.7732604444026945
0.7022487223148345
0.7030323445796965
0.7857919335365294
0.7093135118484496
0.7271616160869597
0.732615828514099
0.7273457646369934
0.6610646843910217
0.9060946106910703
0.8024872243404386
0.688730478286743
0.7083809375762937
0.7831081748008727
0.8244810998439788
0.7606396079063414
0.6468076109886168
0.7404081821441649
0.7733024060726164
0.7869159579277036
0.783689558506012
0.8233202397823333
0.846742421388626
0.7622810304164885
0.7635189890861511
0.7861691415309905
0.7098372876644133
0.7213674783706664
0.6475429534912108
0.636931449174881
0.7364083230495453
0.7055106461048125
0.8130515217781065
0.7460841834545133
0.7228465676307676
0.6527254283428191
0.7500110566616057
0.6617564857006072
0.7415461838245391
0.7067058384418486
0.7748199105262754
0.6582820713520049
0.7635430693626402
0.7328826785087583
0.7898923456668853
0.7720191180706023
0.8000003397464751
0.6846048533916473
0.7840136289596557
0.6726343631744384
0.8930540084838866
0.7274363934993743
0.7825649976730344
0.8521957397460936
0.6919437944889066
0.694417506456375
0.7515833675861358
0.7543150186538694
0.7627010047435759
0.6836517751216887
0.7151054739952086
0.7249532639980315
0.6824987530708312
0.7721088528633117
0.7491281628608704
0.6873225271701813
0.7328278422355651
0.6836517751216887
0.7293904423713683
0.7725507915019988
0.7724682092666626
0.7338989078998565
0.6944420933723449
0.7941468954086301
0.7060991823673247
0.683081567287445
0.6982178390026091
0.7768725156784055
0.7038895785808562
0.6863706409931182
0.7969868481159208
0.6957558095455169
0.7020082771778106
0.7476521730422973
0.8071472644805906
0.63729190826416
0.63729190826416
0.6726052463054656
0.6952255964279174
0.8203123211860656
0.7155424952507019
0.869174003601074
0.6817072331905364
0.7510310709476471
0.719322770833969
0.6977869570255278
0.6844188570976256
0.7802807986736296
0.6999017298221587
0.6960870325565337
0.7093163430690764
0.7210673987865447
0.769508808851242
0.8021888732910155
0.7746718823909757
0.7719861567020415
0.7796592712402342
0.8170323371887206
0.6740987300872802
0.6594050526618956
0.7277135848999021
0.8406861722469329
0.7549122869968412
0.7272994220256804
0.7970234453678131
0.6788859665393828
0.6579562425613402
0.6877745389938353
0.7102259993553159
0.7710635066032407
0.8528217673301696
0.6621641218662261
0.7509889304637908
0.7626947760581969
0.7938952147960662
0.7156674563884734
0.7817691266536712
0.7610009908676145
0.6946884691715239
0.7402271032333373
0.8071717023849485
0.7584173679351804
0.8092308342456815
0.7439906895160674
0.7042255997657775
0.6503684818744657
0.9044389724731444
0.7309190928936004
0.6958164870738982
0.706454038619995
0.628471314907074
0.7845505177974699
0.790813773870468
0.7425564229488371
0.7340698540210722
0.6797632575035094
0.6613134741783141
0.8139404654502865
0.840721696615219
0.7326258122920988
0.8127161562442777
0.695032626390457
0.8241367042064666
0.6962982714176177
0.6969762742519378
0.6579562425613402
0.7530004084110258
0.8259324133396149
0.6468076109886168
0.684103637933731
0.6272467374801635
0.7281450033187865
0.801998972892761
0.8127037286758421
0.7629746794700621
0.710394114255905
0.8931090533733367
0.7571216523647307
0.6594012677669524
0.6799668371677398
0.7591276764869689
0.705002188682556
0.649589419364929
0.6302242577075957
0.7855723798274993
0.7299730181694029
0.768210083246231
0.7140906155109404
0.660362035036087
0.7695946991443633
0.659050017595291
0.6567589044570922
0.7732755839824675
0.8053102791309356
0.7539655566215515
0.7088089287281035
0.7961549460887908
0.6302242577075957
0.6822000145912169
0.7213675081729889
0.8896326422691344
0.8074030578136442
0.66175639629364
0.6491215527057647
0.6911268234252929
0.6709734499454498
0.7708860039710996
0.7381154894828796
0.6887922585010527
0.7909687161445617
0.6708268523216246
0.6407260596752166
0.6887887120246886
0.6399090588092803
0.8200131058692931
0.706479638814926
0.7209917604923246
0.7767621874809263
0.8057599365711211
0.6851730346679686
0.7708686590194701
0.66901358962059
0.7079123556613922
0.723336338996887
0.6808319091796874
0.6974606215953826
0.6943099498748778
0.696766048669815
0.837458312511444
0.7533084154129027
0.7154370844364164
0.6719756424427031
0.7052102088928222
0.7469927072525023
0.7224507033824921
0.7207697331905364
0.7096132040023804
0.8265228867530822
0.7218795418739318
0.6591262817382811
0.7030489444732665
