0.12499988626415347
0.06249983422458169
0.24999975040554998
-7.45058060679566e-09
2.980232238793034e-08
0.12499982863664626
0.10669407434761523
0.2499996572732925
0.1249998342245817
0.0624999311882619
0.031249888241291032
0.4267763644456863
0.1066940306747357
0.2499997168779373
0.21338812261819834
0.03661159437579541
0.03661156818270683
0.24999968335032458
0.24999977648258206
0.12499985875854766
0.12499980858458823
0.21338816732168192
0.18749980628490445
0.06249993667006491
0.12499979138374326
0.03661160916090011
0.37499949708580965
0.2316938610747456
0.1874997969716787
0.12499978393316268
0.24999982118606562
0.24999962747097013
0.03393075056374072
0.062499944120645516
0.12499988079071042
0.24999980628490445
