0.176579273189418
0.16926515242084858
0.17242700885981319
0.1724269785918295
0.16926515474915502
0.18026352231390771
0.17242697253823278
0.17179464781656859
0.17657920462079343
0.18263193406164643
0.181863569188863
0.17242695391178128
0.1731406380422413
0.17445959616452453
0.17445959313772616
0.1787898114416748
0.17314067389816043
0.1802634736523032
0.17314061790239063
0.16926519479602573
0.16926512122154233
0.17581464489921925
0.1724269529804587
0.1711622164584696
0.17445955146104095
0.17242699814960358
0.17445959593169388
0.17242696741595862
0.1779924326110631
0.17314066877588627
0.17878986499272284
0.16926515661180017
0.17116225813515482
0.1724269683472812
0.17581465654075143
0.172426997218281
0.17445957544259724
0.1692651403136551
0.16926516918465492
0.1692651668563485
0.17314064502716062
0.1692651263438165
0.172426993958652
0.172426997218281
0.17799241840839383
0.17657927982509133
0.1692651668563485
0.17116225440986452
0.17242695786990223
0.16926515381783244
0.1765792956575751
0.17520382069051263
0.17878985253628338
0.17581461602821943
0.17445956589654085
0.1692651258781552
0.17445955146104095
0.17445957055315373
0.17878975614439693
0.17314061569049952
0.1744595570489764
0.17658870201557872
0.1765793105587363
0.17445958731696007
0.1758146537467837
0.17116223974153397
0.17116225766949353
0.17242694320157168
0.1758145987987518
0.1711622676812112
0.17799245938658712
0.1692651696503162
0.17242697626352307
0.17657926538959143
0.17657928168773648
0.17445957404561338
0.17445956915616986
0.1724269757978618
0.17242697998881337
0.1738000977784395
0.1752038514241576
0.17799241165630517
0.17445958871394393
0.17445955984294412
0.1787898135371506
0.17242694692686197
0.17445957800373432
0.17314062826335427
0.17520384443923828
0.17445962387137112
0.17799244727939365
0.16926515009254214
0.17799238860607144
0.17242698045447466
0.1692651556804776
0.16926513519138095
0.17657925235107538
0.17445957823656497
0.17657925374805925
0.17445959849283096
0.17878980142995712
0.16926516871899364
0.1724269315600395
0.1744595260825008
0.17314067133702335
0.17116226255893704
0.1724269790574908
0.17242692876607177
0.1731406929902732
0.17520384211093185
0.17581465700641272
0.17242693807929751
0.1724269683472812
0.1802635393105447
0.18026357889175412
0.1711622569710016
0.16926515474915502
0.17445958522148428
0.16926520038396117
0.16926513053476808
0.1758146388456225
0.18026356212794775
0.17242697998881337
0.1692651696503162
0.18026351928710935
0.17445956123992798
0.17116225813515482
0.17314063897356388
0.17878978443332014
0.1765792861115187
0.17445956799201665
0.17799235880374906
0.17242698092013595
0.17116223275661466
0.17657928564585743
0.16926515800878403
0.17799241794273254
0.1744595688069239
0.17242695786990223
0.17242698627524075
0.16926516918465492
0.1711622537113726
0.17314060265198347
0.17878984683193264
0.1758146430365741
0.1724269390106201
0.1826319190440699
0.17445955378934738
0.17657929426059124
0.1724269390106201
0.17799241165630517
0.17242704285308716
0.17116223555058238
0.17242696369066832
0.1758146835491061
0.17314064269885418
0.1744595288764685
0.17657926492393014
0.17314066132530567
0.16926513798534867
0.17242697672918436
0.16926510538905856
0.17800214514136312
0.18026348459534344
0.17116221785545346
0.17445958394091574
0.17242704285308716
0.16926512354984877
0.17242698627524075
0.17657930054701862
0.17959929560311136
0.17116223275661466
0.16926517058163879
0.17799242492765185
0.17242698324844238
0.17116226349025962
0.17242696881294248
0.17445956054143605
0.17116225790232417
0.1692651733756065
0.1765792332589626
0.1724269790574908
0.17445957614108917
0.17445959802716968
0.17799240583553907
0.17242692317813632
0.1731406417675316
0.18026353331515563
0.17581457458436486
0.17657923465594647
0.1810951060033403
0.16926516406238076
0.17242696601897475
0.16926521342247722
0.17952666035853324
0.17116224765777585
0.1711622499860823
0.16926513053476808
0.1692651994526386
0.17445958405733106
0.1711622714065015
0.17520386306568977
0.17242694576270876
0.18026353255845604
0.17242697812616822
0.1779924044385552
0.1752037992700934
0.17242699163034556
0.17242699069902298
0.17657933011651036
0.16926511982455847
0.17807262507267294
0.17314064037054774
0.1724269678816199
0.18264251551590857
0.1731406806502491
0.17520384490489957
0.17878981167450544
0.17242698883637783
0.17116227000951764
0.1758145987987518
0.16926516825333235
0.17242698371410367
0.17116228025406596
0.1787898114416748
0.17445956589654085
0.17445959150791165
0.1724269678816199
0.17445955984294412
0.17314065201207993
0.17445956170558927
0.17242698394693431
0.1692651556804776
0.17581464583054182
0.16926518594846127
0.17657932592555878
0.17513713426887986
0.16926511749625203
0.169265110976994
0.17116225603967902
0.1724269711412489
0.17445959616452453
0.1787898381007835
0.17242697812616822
0.1773554137907922
0.1724270191043615
0.1765793031081557
0.17445958615280685
0.17242698324844238
0.1758146318607032
0.17445959057658908
0.17242698092013595
0.1758146872743964
0.17657926212996242
0.17445957707241175
0.17728588846512136
0.1724269716069102
0.17314064269885418
0.17445961851626632
0.1692651519551873
0.17581463046371934
0.17116225790232417
0.17952668876387176
0.17520382720977065
0.18263198150089005
0.17242696695029733
0.17657925549428907
0.1795266766566783
0.17116220621392128
0.17657926538959143
0.17242694832384584
0.17242698743939397
0.17116225883364675
0.17807265231385824
0.17314062989316878
0.1765792625956237
0.16926510911434886
0.1802634861087426
0.16926513845100996
0.175203847233206
0.17242692271247503
0.17520381137728688
0.17589158681221304
0.16926515428349373
0.17520381067879495
0.17445960384793577
0.17445958335883913
0.17445958778262136
0.17242697998881337
0.16926515474915502
0.17959931306540963
0.17242699488997457
0.1744595603086054
0.17314061149954793
0.17314065760001537
0.17242694785818455
0.16926515754312274
0.17242693924345073
0.17589155538007614
0.17445961316116151
0.17589154466986653
0.1724270232953131
0.17445953004062173
0.16926517151296136
0.1724269571714103
0.1692651845514774
0.17116228491067884
0.17242696369066832
0.1765792556107044
0.16926515428349373
0.1758146388456225
0.17799240839667615
0.17878978664521125
0.1758145987987518
0.17380011407658455
0.17581465700641272
0.17878984299022702
0.17445956636220214
0.17657925328239796
0.1744595838245004
0.18110535677988077
0.1752038653939962
0.1724269390106201
0.1758915754035115
0.17242698045447466
0.18342149877571498
0.17116225743666288
0.1724270307458937
0.1817776118405163
0.1731406017206609
0.17445960105396804
0.176579269580543
0.17520385235548017
0.173140634316951
0.17380006145685908
0.1765792828518897
0.1758146686479449
0.1724269865080714
0.17242697812616822
0.18026349833235142
0.1787897897884249
0.17657930729910729
0.17445956636220214
0.1765792705118656
0.17380010755732653
0.1758146723732352
0.1765792644000612
0.17445957404561338
0.17657924955710766
0.1711622271686792
0.17735537351109085
0.16926513798534867
0.17242696369066832
0.17581461882218716
0.18109513376839456
0.1765792794176377
0.1758146830834448
0.1724269785918295
0.17799237032886592
0.17242701724171636
0.17657918995246288
0.17242698464542625
0.17242702096700666
0.1765792439691722
0.1711622676812112
0.17314067389816043
0.16926512494683263
0.17242697556503114
0.17242696927860376
0.17944429162889716
0.1692651375196874
0.1751371221616864
0.17878982378169891
0.17445954727008936
0.17799241142347452
0.17581465700641272
0.16926512308418748
0.17445958871394393
0.1744595896452665
0.1765793254598975
0.17581463139504191
0.173140634316951
0.17242697719484565
0.1752038551494479
0.1692651184275746
0.1711622958537191
0.17657925817184147
0.1779924049042165
0.17116225976496932
0.16926513798534867
0.1842108860146254
0.16926516778767106
0.17116225743666288
0.17445955984294412
0.17878983746049923
0.16926521132700142
0.1787898312322795
0.17581461835652587
0.17242700885981319
0.17657926818355915
0.17520384280942378
0.16926517151296136
0.17581464489921925
0.1711622532457113
0.1692651258781552
0.1744595458731055
0.17581461835652587
0.18026358215138313
0.17116228677332399
0.17445961851626632
0.17242696369066832
0.17657929658889768
0.17242694832384584
0.17799242050386962
0.17799241840839383
0.17657923814840612
0.17445958394091574
0.1765792679507285
0.17116224858909843
0.1773554018582217
0.17657926725223658
0.17581465933471915
0.17878981976537028
0.1692651845514774
0.17242700187489388
0.17520384630188343
0.17116225440986452
0.16926521528512237
0.1692651407793164
0.17445951746776697
0.17314066970720884
0.17581464536488053
0.1711622639559209
0.1765792625956237
0.17242696229368445
0.17242695624008772
0.17878976813517508
0.1787897795438766
0.17116223974153397
0.1744596334174275
0.17445959197357294
0.17520385561510918
0.17242697998881337
0.1765792369842529
0.1692651519551873
0.1795266789849847
0.1752037703990936
0.17242695204913613
0.17445955681614575
0.17799242702312765
0.17657930799759922
0.17520380439236757
0.17242694692686197
0.17242696904577312
0.1826319098472595
0.17445954307913777
0.17657927935943005
0.17658868920989332
0.17116226046346125
0.17242695391178128
0.1692651663906872
0.1692651365883648
0.17581467214040455
0.17242698324844238
0.17445955215953288
0.1758146691136062
0.17728587472811339
0.17445959057658908
0.17657928541302678
0.17445953981950876
0.1711622553411871
0.17581466212868688
0.17314061941578981
0.174459564499557
0.17445959430187938
0.173140674829483
0.1765792556107044
0.18026356212794775
0.17116227280348537
0.1765793254598975
0.17314065736718473
0.17445958941243586
0.17878983030095694
0.1758145838975906
0.17242697346955535
0.17657933029113335
0.1780726388096809
0.1692651258781552
0.17242699163034556
0.17242703214287755
0.16926513612270352
0.1731406166218221
0.18109511840157205
0.1765792705118656
0.16926520504057405
0.17581467144191262
0.17116224765777585
0.1692651659250259
0.17581464536488053
0.1779924198053777
0.17242700164206323
0.17799243237823245
0.16926516871899364
0.17116223368793723
0.1711622718721628
0.17445956217125055
0.17445955891162154
0.16926513426005838
0.17657928296830502
0.17520379461348054
0.17589150276035068
0.1758146719075739
0.17242694343440232
0.17445958987809715
0.17799243540503082
0.1802635639905929
0.17242693807929751
0.172426993958652
0.17242695367895064
0.1711622606962919
0.18026350438594813
0.1758146872743964
0.17807265021838245
0.17589157441398126
0.17314061336219308
0.16926516825333235
0.17581465654075143
0.17242702096700666
0.17445955984294412
0.17581464909017083
0.1765792849473655
0.17445954517461357
0.17314060265198347
0.1765792971709743
0.17878983460832384
0.1758146286010742
0.16926515474915502
0.16926515847444532
0.17242692690342662
0.1758915861137211
0.16926515009254214
0.17242696601897475
0.17116224300116298
0.17735542857553807
0.17242695065215227
0.175203800201416
0.17581464536488053
0.17116225603967902
0.17520383093506095
0.17445954401046035
0.1787898348411545
0.17445955984294412
0.17581467516720292
0.17445958917960522
0.1802635341882705
0.17242695391178128
0.1711622602306306
0.17520383000373838
0.17116228817030785
0.17589158902410415
0.17314062267541883
0.1758146719075739
0.17242702236399052
0.17657926189713177
0.17581464350223538
0.1794442683458328
0.17242693388834593
0.18026348354760552
0.17520381696522233
0.17657926864922044
0.1724269497208297
0.1779924347065389
0.17242694320157168
0.17445958894677457
0.1744595427298918
0.17878981912508604
0.16926514916121957
0.17314062756486234
0.1692651375196874
0.17445958871394393
0.1744595603086054
0.17242697952315209
0.1711622425355017
0.17242700117640195
0.17445953283458945
0.1731406203471124
0.17242699046619234
0.1758145987987518
0.17445954820141193
0.17657928261905906
0.1731406496837735
0.17314065899699924
0.16926514171063897
0.1758145838975906
0.17445957427844402
0.17445956007577476
0.1692651258781552
0.18186356674414123
0.1724269785918295
0.17116220481693742
0.1765792551450431
0.1744595454074442
0.1787898195907473
0.1810205280198715
0.1724269823171198
0.17445956123992798
0.17799242120236156
0.17116222810000178
0.17242696881294248
0.1692651226185262
0.1752037927508354
0.17581462999805805
0.176579202292487
0.17179460637271401
0.1724269865080714
0.1724269716069102
0.16926512680947778
0.1692651989869773
0.17116226255893704
0.17581464536488053
0.17445958079770205
0.1744595970958471
0.1772857990581542
0.17589153209701178
0.17799244681373236
0.17242698371410367
0.17520385002717373
0.17242699046619234
0.17520382767543194
0.17116225790232417
0.1724269604310393
0.1724269385449588
0.17242700606584546
0.17242694157175717
0.17242700536735353
0.17581462906673548
0.1802635341882705
0.1724269422702491
0.16926515242084858
0.17799241840839383
0.17581465397961435
0.1779923900030553
0.18026353896129874
0.1692651258781552
0.17242694832384584
0.1758146537467837
0.16926513472571966
0.17657926538959143
0.1711622164584696
0.1787898445036262
0.17242696741595862
0.17581466003321108
0.17116226861253378
0.17878982337424526
0.1711622718721628
0.17242703284136948
0.17445957427844402
0.17380010988563296
0.17735542310401795
0.17445954517461357
0.17242697626352307
0.18026356492191548
0.1692651370540261
0.17878980468958613
0.180273687466979
0.17116227326914665
0.17314062546938655
0.17242698324844238
0.17657930776476857
0.16926515242084858
0.17314060195349154
0.17445956333540377
0.17116223275661466
0.1692651957273483
0.17445956682786343
0.1692651403136551
0.1795267087873071
0.1744595752097666
0.16926515009254214
0.1731406460748985
0.17657930916175243
0.173140634316951
0.1692651258781552
0.17445958778262136
0.17657923453953114
0.17242696369066832
0.17445957334712145
0.17116226721554992
0.17735542729496953
0.17657929798588154
0.17581464489921925
0.17446863185614345
0.1765792812220752
0.17581462999805805
0.16926511190831658
0.17242699163034556
0.17242699675261972
0.17242698371410367
0.17116225603967902
0.17657930124551055
0.17520384374074635
0.17944432236254212
0.17116224346682427
0.1744595388881862
0.17242699116468427
0.16926518408581612
0.1724269459955394
0.16926513891667125
0.1724269678816199
0.16926516406238076
0.16926514334045348
0.16926514916121957
0.17242690734565255
0.17657928564585743
0.17314065480604765
0.17116225603967902
0.17242694320157168
0.17445962131023404
0.17445960058830676
0.17657928843982515
0.17314060963690278
0.17314063943922517
0.18026345857651901
0.17657927935943005
0.16926518036052582
0.16926518362015483
0.1744595714844763
0.18102058873046187
0.17581466003321108
0.17657921096542847
0.17878978664521125
0.17581464210525152
0.1744596008211374
0.17799246474169192
0.1758145987987518
0.17581456899642942
0.17116225464269516
0.1731406534090638
0.17116225976496932
0.1787898081820458
0.17116226162761447
0.1758145918138325
0.17657927842810747
0.1724269790574908
0.16926515381783244
0.1787897709291428
0.18177763605490324
0.17242695624008772
0.18027363251894707
0.17657930986024437
0.17314057121984658
0.17242702143266794
0.17445954354479906
0.17445957055315373
0.17728586762677875
0.16926513426005838
0.17116220993921158
0.1724269310943782
0.17445955844596026
0.17657926492393014
0.17944428324699396
0.16926515614613888
0.16926513426005838
0.17657926864922044
0.1692651556804776
0.18026350787840778
0.17657931335270402
0.17242699442431328
0.17314068786799905
0.17520383093506095
0.17242702026851472
0.16926509561017153
0.1752037992700934
0.17445956892333922
0.1692651477642357
0.1731406231410801
0.1711622420698404
0.1795266745612025
0.17242696369066832
0.1731406571343541
0.17581465607509014
0.17445954552385953
0.17116226209327576
0.17799243982881305
0.1758147017098963
0.16926515544764695
0.1758146318607032
0.17445952584967014
0.16926515288650987
0.17242699116468427
0.1692651808261871
0.17242702143266794
0.1724269683472812
0.1724269902333617
0.1773554468527436
0.17314062244258818
0.17735544702736658
0.1731406273320317
0.16926512541249392
0.17242697346955535
0.1724269716069102
0.1724269934929907
0.1752038616687059
0.17520381510257718
0.16926515824161467
0.17445955565199253
0.17116220016032455
0.1765793180093169
0.17581467097625134
0.17657929216511545
0.17314069811254737
0.1711622842121869
0.1752037853002548
0.17445955378934738
0.1752037890255451
0.17445958172902462
0.1765792494989
0.17242698324844238
0.17445957241579887
