0.7192290425300597
0.6416095495223998
0.8813570141792296
0.824992001056671
0.7565068304538725
0.7944914996623992
0.7723536193370818
0.7971732914447783
0.717988610267639
0.7789405286312103
0.797182410955429
0.7114776670932769
0.7997731566429136
0.7775115370750425
0.7631755769252776
0.6840696334838866
0.7383251190185545
0.7337185144424437
0.8016018867492675
0.8030473887920377
0.8525442481040953
0.8253025710582732
0.7230615019798278
0.6545452773571013
0.8375894427299498
0.6836760938167571
0.8194041848182677
0.7404193878173827
0.7433280646800994
0.6983060240745543
0.6512034535408019
0.7867902219295501
0.6844123899936675
0.8047370016574859
0.7718816101551056
0.7624728083610534
0.7195826172828672
0.6730262339115142
0.7752916812896727
0.7543877959251403
0.8210165500640868
0.8688892722129818
0.682823747396469
0.7065516412258147
0.7910618484020231
0.7257216870784758
0.7673062086105346
0.6721867024898528
0.7383351027965545
0.7859333157539367
0.7095022499561308
0.7664698064327239
0.8364019393920898
0.8127307295799254
0.7716512978076933
0.8152417838573455
0.7204957604408264
0.7932260036468505
0.7673063576221465
0.7915709018707274
0.6656674742698667
0.6840696036815641
0.7641462981700897
0.797037750482559
0.7154585719108582
0.7400474548339843
0.8463948369026183
0.8242195844650267
0.7691749334335326
0.8198800384998319
0.7284555137157439
0.8032561838626859
0.7979219555854795
0.7057628035545348
0.7096318006515502
0.7710186243057249
0.7433713078498838
0.8023441731929778
0.8470807075500487
0.7507868111133574
0.7770145237445831
0.7215842902660369
0.7482875883579252
0.7671091556549071
0.8241584599018097
0.8081409335136411
0.7276171445846555
0.8206842243671416
0.7437283992767333
0.6508361697196959
0.6721867620944976
0.8022955358028411
0.7645646333694456
0.7658401131629943
0.7398756742477415
0.7721258401870726
0.8269187211990354
0.6835973858833312
0.7540248632431029
0.8306055068969724
0.7627554237842559
0.8280764520168304
0.7008038163185119
0.7188618779182434
0.6999611556529998
0.78030326962471
0.6975893676280974
0.7565326392650603
0.710625946521759
0.8215830326080321
0.7767486870288848
0.8578560948371885
0.7220604121685027
0.7736496031284332
0.8412390053272246
0.7465799450874329
0.7576831281185149
0.7443069517612456
0.7978205680847167
0.6636702120304108
0.8244776725769041
0.6622467637062072
0.8583596646785735
0.732312500476837
0.7809906303882598
0.8465060591697691
0.777824133634567
0.6878912448883056
0.7813108563423156
0.7543704509735105
0.7822506427764891
0.7576580345630645
0.7622227072715758
0.7106550931930541
0.7940966486930846
0.66290944814682
0.7188467979431151
0.6752330660820006
0.6751349866390227
0.7912257313728331
0.7182722687721251
0.7975316047668456
0.7606365680694579
0.7317993342876433
0.8212066590785978
0.7175951600074767
0.7443069219589232
0.7705110907554624
0.8406353890895841
0.7031815350055693
0.7745198905467986
0.8079144358634948
0.7257032096385955
0.7705058753490447
0.6863045096397399
0.6999359726905822
0.8146651089191435
0.7550212442874907
0.7789663970470427
0.7568564116954803
0.7316295802593229
0.7517631351947783
0.7997452020645139
0.7545376420021056
0.7313662171363831
0.757372200489044
0.8296044766902921
0.7397364079952238
0.7675032913684844
0.7731116712093352
0.8698562085628507
0.6730017066001891
0.7306941151618956
0.7110512554645537
0.8258913755416869
0.7671731412410735
0.7477048337459563
0.66290944814682
0.7885147035121916
0.8869265913963317
0.8234143555164335
0.7426729798316954
0.7024835050106046
0.7107713818550109
0.737794131040573
0.8131005465984342
0.8637260198593139
0.7977889478206632
0.7603303194046019
0.8138468861579893
0.6966962218284605
0.7197923958301544
0.8248149454593657
0.6835974156856536
0.6844123899936675
0.6732902228832244
0.7663597464561461
0.7000417113304137
0.7995964586734771
0.7429800033569335
0.7763474583625792
0.7944462597370147
0.8164938688278196
0.7219464480876921
0.6622467935085294
0.7235207855701444
0.665147840976715
0.7021434307098388
0.7568316757678984
0.9170986413955687
0.8091516494750975
0.8524702787399292
0.6962445676326751
0.7667539417743682
0.8015891909599302
0.6515968441963195
0.7755810618400573
0.6916218400001525
0.8201701045036315
0.6966961324214934
0.7869540750980376
0.7089219391345978
0.7771015465259551
0.7467406690120695
0.8186348676681516
0.7432125508785247
0.7434336245059966
0.7276912927627563
0.6729473173618316
0.7562269270420072
0.8303157985210418
0.7594316303730009
0.6843073070049285
0.777180105447769
0.7188617587089539
0.7192291617393493
0.8250898420810698
0.7362514734268187
0.823856621980667
0.7120981216430662
0.7819312512874602
0.684018850326538
0.8268190324306486
0.7926189601421355
0.7583828270435332
0.7964529693126676
0.7641228735446929
0.6989746689796446
0.7683725059032439
0.792542815208435
0.8640294671058654
0.8027254045009611
0.8957370221614835
0.7614185512065885
0.8212275803089141
0.7916442453861235
0.8036588132381438
0.7433232963085173
0.724704712629318
0.9042225778102873
0.6743707358837127
0.7209545373916625
0.713643729686737
0.8116227388381957
0.766538619995117
0.8002884685993192
0.8416353762149809
0.8603858947753904
0.7308689355850219
0.6870178282260894
0.8202302157878874
0.7180467844009398
0.7655832469463347
0.8128476142883299
0.7614392638206481
0.8239387869834898
0.767306089401245
0.7930855453014373
0.8132598996162413
0.6828872859477996
0.8054603040218352
0.7374413311481475
0.7563129663467406
0.7482874691486356
0.7667744755744933
0.6729473471641539
0.7328962385654447
0.7741214931011199
0.6741051673889159
0.8254324197769163
0.761620134115219
0.8137901425361632
0.8100000619888303
0.7971440255641935
0.7193376421928405
0.7953602075576781
0.7180469036102294
0.8086518049240111
0.7220208346843718
0.9449120461940764
0.7325901389122008
0.79315048456192
0.6855945885181426
0.709682524204254
0.7730174064636229
0.791769504547119
0.7707070112228392
0.768330544233322
0.7928494811058042
0.7565971016883849
0.7960194051265717
0.7018462121486662
0.6732902526855468
0.6426395475864409
0.8236753344535827
0.8155947625637053
0.7684354484081267
0.7722135484218596
0.6835973262786864
0.8297103345394133
0.7359179258346558
0.6732901334762572
0.6622467637062072
0.687017798423767
0.6647543311119078
0.7565326094627378
0.8237998485565183
0.8043532967567444
0.7382498085498808
0.8039105534553527
0.8273772895336149
0.7392145097255707
0.7303889393806455
0.8184724748134612
0.6992075443267821
0.7399374544620513
0.7180534005165099
0.7206657528877257
0.7783160209655761
0.7474751770496367
0.746893912553787
0.7255123257637022
0.8153980970382688
0.8584364354610441
0.7934799194335936
0.7114778161048887
0.7170993387699126
0.7156135141849516
0.8034487664699553
0.7417374551296233
0.7722611427307128
0.7081068456172942
0.7900609970092772
0.773156940937042
0.7933916747570036
0.7671352922916411
0.7749528884887694
0.8266956806182859
0.8010868430137632
0.8216136395931243
0.7823655307292937
0.7065235972404479
0.7376721799373626
0.7887288630008696
0.7312759160995481
0.7411603927612304
0.7659947276115416
0.7310873866081236
0.7474353015422819
0.6965837478637694
0.7081068754196166
0.6729473471641539
0.7591566145420074
0.8314690887928007
0.7863031327724455
0.7733744084835051
0.6744724214076995
0.7458320558071135
0.6874826252460479
0.7879128456115722
0.6998103260993956
0.80223873257637
0.8466936349868774
0.7310552895069121
0.7108124196529387
0.6522594988346099
0.7220831513404845
0.8933484852313993
0.7714252471923827
0.8390868008136748
0.7521675527095794
0.754962921142578
0.6865457296371459
0.7019975483417509
0.7013978660106658
0.7714997231960294
0.8146932125091552
0.8090048134326933
0.8642022013664243
0.8421806395053864
0.7557919323444366
0.7335484921932219
0.7117245793342589
0.7212680876255033
0.7742018401622771
0.7016850113868712
0.7858219742774961
0.8652510643005369
0.8132460415363311
0.7967770695686339
0.750487983226776
0.799574553966522
0.7740308046340941
0.7889212071895598
0.806010603904724
0.7466789484024046
0.768817514181137
0.7432768642902373
0.7873107790946958
0.7671351730823516
0.8465240001678465
0.7893214523792265
0.8356797397136686
0.8301957249641417
0.7318781614303588
0.6887040436267852
0.7488659620285033
0.7599951326847076
0.7560764253139495
0.7336319684982299
0.8084301054477689
0.7306776344776151
0.720901846885681
0.8245461285114287
0.772374927997589
0.695429503917694
0.8464550375938414
0.7815978229045867
0.8025999069213866
0.6879734098911284
0.7116057872772215
0.770494520664215
0.7434617578983306
0.7433738708496093
0.6910181045532224
0.7661044299602507
0.8530183434486388
0.7661961317062376
0.7541374564170835
0.8374463617801665
0.770601451396942
0.7721813917160033
0.7763228714466094
0.7319687306880949
0.7859298884868621
0.6644852459430695
0.6847289502620696
0.7635561227798461
0.8128474950790403
0.8317850530147549
0.698856234550476
0.753367483615875
0.7184683978557587
0.7464854717254638
0.8369192779064177
0.79949215054512
0.6855158209800719
0.8164647221565245
0.8008917868137359
0.7723748981952665
0.7066362202167509
0.852847397327423
0.7968226373195645
0.757649391889572
0.742542266845703
0.7708752453327178
0.6986147463321685
0.7519953250885009
0.7154860198497772
0.7750801444053649
0.7327893376350402
0.7656388878822326
0.7227779030799864
0.7489425241947172
0.8001341223716734
0.6515969038009644
0.8147646486759184
0.6962445676326751
0.7952638268470763
0.7465155720710752
0.7313393652439115
0.7711457312107085
0.8051466643810271
0.7464324533939359
0.7367223799228667
0.7418618500232695
0.7698177099227904
0.7414489984512329
0.7418031096458434
0.7862067520618438
0.6515968143939971
0.7920827567577361
0.6958228647708891
0.826082795858383
0.6951130032539365
0.8033016324043272
0.6866244673728942
0.7883065044879911
0.7386684119701384
0.8639385104179381
0.7540837824344634
0.8035100698471067
0.8229036927223204
0.6974063217639922
0.8380970358848571
0.7761347591876983
0.7195717990398406
0.7196226119995116
0.7968226373195645
0.8754527270793913
0.6962445676326751
0.7986645698547362
0.852558135986328
0.6896166801452636
0.7378854751586912
0.7061301469802856
0.6969546377658843
0.8145502507686613
0.8131049573421477
0.7925453186035155
0.7306715548038482
0.7180466651916503
0.7217090129852294
0.7920548021793364
0.7461079657077788
0.7456682622432707
0.6534417569637297
0.7364907562732695
0.7610055804252623
0.7540230751037597
0.8308132886886596
0.7196225523948667
0.8497329056262969
0.7064729332923888
0.7105674147605895
0.8032435178756713
0.7715073525905607
0.7078183889389037
0.7703716754913329
0.6907063424587249
0.7997731566429136
0.7471472918987273
0.7168063819408416
0.7766854763031004
0.8323980569839478
0.8007479310035703
0.7218036949634552
0.7339939475059507
0.7921792566776273
0.7376028299331664
0.7762939333915709
0.6618532836437224
0.8035539090633391
0.6939588189125059
0.7576312422752379
0.7324065268039702
0.7083868384361265
0.8406053483486174
0.768742799758911
0.8036273717880247
0.6947195529937743
0.8024639785289762
0.682887315750122
0.7976700961589813
0.7153319120407104
0.7480871379375457
0.8494536876678466
0.7512030601501464
0.7139418721199035
0.7987811565399169
0.7465156018733977
0.7664951086044309
0.8514637053012847
0.6828874051570891
0.7978415787219999
0.7782230079174041
0.6625159382820128
0.8639213740825652
0.8018131852149963
0.7798608839511871
0.6636699736118314
0.7598012387752531
0.7977347075939177
0.7996622622013091
0.7783009707927702
0.7611130774021148
0.835577070713043
0.7132709026336669
0.7509669363498687
0.8470379710197447
0.7424980103969573
0.745994746685028
0.684412360191345
0.8581809401512145
0.768057733774185
0.7709289491176604
0.7230114638805387
0.687017798423767
0.7700628042221067
0.7697309553623197
0.6890296041965484
0.8588758707046509
0.6875711381435392
0.7925452888011931
0.7251956462860106
0.6836760938167571
0.837583690881729
0.8575448393821715
0.7252688407897948
0.8034184277057647
0.7140592038631438
0.7955437898635862
0.7315914928913115
0.8412747383117674
0.7638000845909119
0.7198940515518187
0.7084700465202329
0.7302725017070768
0.8158837556838987
0.7068663239479064
0.8781458437442777
0.7744601964950562
0.7794365286827086
0.7914415299892423
0.8240014016628264
0.7501636147499082
0.7865925431251525
0.7641272842884062
0.7228221595287322
0.798129230737686
0.8346189260482787
0.7927534580230712
0.773349195718765
0.8276282548904418
0.6844123899936675
0.8079160153865813
0.7610388696193693
0.7060971856117247
0.781938999891281
0.7975391447544097
0.8758951425552366
0.74643138051033
0.787396728992462
0.684412360191345
0.707287937402725
0.7992262840270994
0.79196897149086
0.7069451808929442
0.8108211159706114
0.7867248654365538
0.7670648097991942
0.6996445953845976
0.7920759916305541
0.6618532538414
0.7706517875194547
0.818985044956207
0.7076551616191862
0.7097013294696806
0.6622468233108519
0.7680551409721373
0.7924273908138274
0.7066362500190734
0.7887287437915801
0.7393831610679625
0.7464405894279478
0.8246023058891296
0.7830990254878996
0.817488819360733
0.7939185798168181
0.7716538310050963
0.7821505069732665
0.8312431275844573
0.7465156018733977
0.7308689355850219
0.7355380654335021
0.7787943184375762
0.7954730093479154
0.6740790009498595
0.7671413719654081
0.8209677934646605
0.740922451019287
0.7066362202167509
0.8784098923206327
0.7207016348838805
0.7654320299625396
0.7078335285186766
0.8278234302997589
0.8529238402843474
0.8363492190837858
0.7236740887165068
0.8156194090843198
0.712516516447067
0.8202477991580962
0.8075780272483823
0.782045543193817
0.7980577647686004
0.7924007475376128
0.736330896615982
0.7529280483722686
0.7985140085220335
0.7855644822120665
0.8521632254123687
0.6832545995712279
0.7673285901546476
0.848670035600662
0.8201694488525388
0.8297078907489774
0.7790933549404144
0.7450676858425138
0.6947195827960967
0.7491607666015624
0.7269313037395475
0.7306940853595733
0.7181784510612487
0.8035290837287901
0.7695705890655516
0.7652562558650968
0.6659006178379057
0.7729383409023283
0.6855157911777495
0.7084702849388123
0.7306941747665404
0.7077395319938659
0.8030787110328673
0.7667449712753295
0.8698266148567196
0.7286386191844938
0.7696946561336516
0.6622467935085294
0.805616110563278
0.8536190390586852
0.8468127250671384
0.7306388914585112
0.776537239551544
0.859002113342285
0.7848833799362182
0.7398512363433837
0.8161889314651488
0.7672131061553953
0.8197803795337675
0.8145012855529785
0.7328962385654447
0.6405289471149443
0.7556152045726775
0.7231104671955108
0.8191561102867125
0.7647114992141723
0.83560112118721
0.8009821474552152
0.8081471621990203
0.7794935703277587
0.7709506452083585
0.7303099036216736
0.7605253756046293
0.7591566145420074
0.8075987398624418
0.6763172149658202
0.6850206553936004
0.7932528853416442
0.7760388255119322
0.8060898482799528
0.7723282277584074
0.8149747252464293
0.6844123005867003
0.6787028610706327
0.7896957099437713
0.7725149393081664
0.7777565717697142
0.7859117984771726
0.6976679563522339
0.7922840416431425
0.7464614212512969
0.7183558642864226
0.780563414096832
0.7413158416748046
0.8046199679374694
0.8479181826114653
0.838352560997009
0.7874288260936736
0.6622467041015624
0.68435800075531
0.7478045821189878
0.7622193992137908
0.8089091777801513
0.7438552379608153
0.861022263765335
0.8783449232578276
0.7999923825263975
0.672947436571121
0.789964199066162
0.7584457993507383
0.6840189397335051
0.7123424410820006
0.8025473952293396
0.6729473471641539
0.7593080699443815
0.7561077475547789
0.8349023163318633
0.7013978660106658
0.6541517972946166
0.6986147463321685
0.7630023956298827
0.7101924419403074
0.6964077055454253
0.7395667135715485
0.7562317550182341
0.7608076035976409
0.8116240203380582
0.7608702778816222
0.802755147218704
0.7358112335205077
0.7086529135704038
0.7081069648265838
0.6881073415279386
0.752235025167465
0.6962445676326751
0.7547821402549741
0.7655126154422759
0.7673257589340209
0.7166776359081266
0.7433355748653412
0.7804880142211913
0.816253066062927
0.75977024435997
0.7188617289066312
0.6966961324214934
0.776674151420593
0.8025653958320618
0.739672988653183
0.7715294063091276
0.6751350164413451
0.7116058766841887
0.6666941046714782
0.821686267852783
0.7632035911083219
0.7412898540496826
0.771529197692871
0.8636724054813384
0.7689581215381621
0.6661191582679747
0.8132183551788329
0.7713246941566467
0.7014693021774291
0.7921877801418303
0.9261462390422819
0.7690803110599517
0.8000858128070829
0.7065235972404479
0.7001405060291289
0.710812449455261
0.7440114021301268
0.6619040966033934
0.7988392114639281
0.8871755599975585
0.7110424041748046
0.7251835465431212
0.7614222168922423
0.6962445378303528
0.7573721110820768
0.8028850257396696
0.7347360253334044
0.721689611673355
0.6511560082435607
0.819413125514984
0.6947195231914518
0.813901126384735
0.7579329013824461
0.7762098610401152
0.7065235972404479
0.771106421947479
0.8045520484447478
0.7466714084148406
0.7292827069759367
0.7383882105350494
0.6426396071910857
0.7347805202007293
0.7842355966567991
0.7707563042640685
0.7362192273139953
0.7564697861671447
0.7064644396305083
0.7320524454116821
0.6946407556533812
0.817263513803482
0.7137019038200377
0.8106071650981902
0.7360408902168272
0.7509754002094269
0.7926640510559081
0.7375372648239135
0.8079990744590757
0.7645084559917449
0.6850206553936004
0.6982211172580718
0.7978152930736541
0.7066361904144286
0.6732901632785796
0.8760347366333006
0.7224411666393279
0.7726825177669525
0.6508361995220184
0.7713406980037687
0.7701176702976225
0.8642584681510924
0.8412866592407225
0.8416450321674346
0.8134112358093261
0.7689879834651946
0.7465013563632964
0.8058849573135375
0.7035073041915892
0.7860891222953795
0.6968965828418731
0.8400576710700988
0.6730017066001891
0.7126899063587187
0.6737624406814574
0.7757096290588378
0.8092142641544341
0.7190367579460143
0.7830119431018828
0.695822924375534
0.7675460875034331
0.7458320558071135
0.8070484399795531
0.7134467661380767
0.7827840149402617
0.7535516321659087
0.7003090381622313
0.7601306736469269
0.7155605554580687
0.7337990701198576
0.8201829195022582
0.7871513366699218
0.8699416816234586
0.7931387722492217
0.8046868145465851
0.8211302459239959
0.713446795940399
0.7915956377983091
0.820680409669876
0.7709666788578032
0.7217347323894499
0.7562463879585265
0.7775320112705228
0.733182668685913
0.7462719976902006
0.7826445400714873
0.8027842342853545
0.7436134219169614
0.777698904275894
0.730868875980377
0.8257321715354917
0.8461311161518096
0.6743707358837127
0.7365572750568388
0.7676041722297666
0.8519664108753202
0.7925453484058378
0.7244937717914579
0.7188618183135985
0.798038065433502
0.7694277167320249
0.7076551020145415
0.7147309482097625
0.8420464098453521
0.7376721799373626
0.8753814995288848
0.8167368471622467
0.7192291319370269
0.7829481065273284
0.7936822175979613
0.7474144399166105
0.7764995694160459
0.7419201135635375
0.7218879461288451
0.6725539565086364
0.8108355402946471
0.7742244303226469
0.7726913094520568
0.7466629147529601
0.8585044145584105
0.7578517198562621
0.6522595286369323
0.8061925470829009
0.7871336936950682
0.7683501243591306
0.7971281409263611
0.7635587453842162
0.7863740026950834
0.7249950170516967
0.7222518920898435
0.8022416532039641
0.7380649745464324
0.8305895328521726
0.6741052567958831
0.7568493485450745
0.7824498116970061
0.7664460539817808
0.7168063819408416
0.663429021835327
0.7975083887577056
0.7180467844009398
0.6847795248031615
0.7065517604351043
0.7634485960006713
0.7921324968338012
0.7544996142387388
0.754073679447174
0.7478898167610166
0.8635516166687011
0.7110512554645536
0.7721811234951017
0.8184725046157836
0.7245911359786986
0.7146625518798827
0.9078299105167388
0.7484542727470397
0.7552616596221923
0.7179885506629944
0.7479971349239347
0.8201470077037809
0.7024270594120025
0.8185899257659911
0.8468751609325408
0.652259588241577
0.7928859293460846
0.7517444789409636
0.8037928044795988
0.712055504322052
0.7222211956977842
0.8960566520690915
0.6975111961364745
0.7690002620220184
0.773990362882614
0.7457787394523618
0.7638002634048461
0.718989849090576
0.8414799273014066
0.7507826983928678
0.7719251215457915
0.831922650337219
0.7733214199542998
0.7097950279712676
0.7925621271133421
0.7864508032798766
0.760239154100418
0.789614588022232
0.7365573346614837
0.742242395877838
0.6426395475864409
0.8989516496658323
0.7945035099983213
0.7392917871475219
0.7134916484355927
0.70892196893692
0.7392305731773374
0.7417374551296233
0.8960943222045897
0.8642690777778624
0.7818634808063506
0.7421891093254088
0.7065517604351043
0.7116040885448454
0.7861288785934446
0.7231851518154143
0.6981195509433745
0.7096320092678068
0.7809551954269409
0.7740308940410613
0.761134088039398
0.7492252588272094
0.7371135950088501
0.8523195981979368
0.779413729906082
0.7449265718460081
0.8463223278522489
0.7984822690486907
0.807631731033325
0.7339997887611388
0.7977017462253568
0.8083227574825287
0.8162220418453214
0.7175950407981871
0.7676779031753539
0.8092544376850127
0.7664868235588074
0.8298637270927428
0.7467846572399137
0.6851223409175872
0.700722962617874
0.7590577900409696
0.7224726080894469
0.7800389230251311
0.7614070475101469
0.7849867641925811
0.7685849368572233
0.7730920016765593
0.7349889874458313
0.7559501230716703
0.6725539565086364
0.7347886264324187
0.7542295455932615
0.7759683430194854
0.8695015907287595
0.7837408185005187
0.8085653483867644
0.795313775539398
0.7310331463813781
0.8471685349941251
0.688425838947296
0.7172020375728606
0.6693652570247649
0.721584379673004
0.665147840976715
0.7926272451877592
0.6968291699886321
0.7327165603637694
0.7294532656669614
0.7708958089351652
0.8330076038837432
0.9019056260585782
0.8631475567817686
0.7522851526737211
0.7358621656894684
0.7842355966567991
0.7690487504005431
0.7321200966835021
0.6508361697196959
0.8145680129528045
0.7191200554370878
0.7972919344902039
0.7849375009536742
0.728160411119461
0.770371615886688
0.7107143402099608
0.7074312865734099
0.6760082840919494
0.7933172583580016
0.741514891386032
0.8166163563728331
0.7892861962318418
0.8367134928703307
0.7000070214271545
0.8097400367259979
0.7615885138511655
0.8107397258281707
0.7184682786464691
0.7360408902168272
0.7957673370838165
0.7665990591049192
0.8714556097984313
0.7656880617141723
0.7749999761581419
0.6990860402584075
0.6732901632785796
0.7073968350887296
0.8235262930393217
0.6916218400001525
0.6660211384296415
0.7421366274356841
0.663429021835327
0.8472339510917662
0.6885524690151213
0.8463919162750243
0.8359708487987517
0.795094758272171
0.869453102350235
0.7323510944843291
0.7476513385772704
0.7925992906093596
0.788197249174118
0.7238116562366484
0.8211024999618528
0.7576830387115477
0.7816891968250274
0.8500343859195708
0.7145411074161527
0.7846927046775817
0.8639525473117827
0.782045543193817
0.7862415313720701
0.6630617380142211
0.760472923517227
0.732196122407913
0.7065235674381255
0.9078319668769835
0.8310818970203399
0.8546960055828093
0.7789405584335325
0.7690700292587279
0.6427918374538422
0.7778997421264647
0.7722485959529877
0.7105675637722015
0.7381017208099363
0.7937257587909697
0.6979485452175139
0.7326708137989042
0.7774706184864042
0.7740545570850371
0.7551055848598478
0.7835128903388975
0.7882907390594481
0.8529988825321196
0.806347668170929
0.7055760920047759
0.7502724826335906
0.6751350164413451
0.8928825259208678
0.7181723415851592
0.8521344363689421
0.7718807756900785
0.726386100053787
0.835591435432434
0.7689619064331052
0.7247121930122374
0.6744249463081358
0.8361462950706481
0.8136807978153228
0.7227121293544769
0.7932750582695006
0.8273700773715973
0.8489245176315305
0.7294543087482451
0.6744724214076995
0.8348104953765869
0.7750017940998075
0.7491625547409057
0.8145421445369719
0.7722323536872863
0.6423195600509644
0.7424980700016021
0.779320955276489
0.7147797346115111
0.7113348543643949
0.8239567875862119
0.7579329013824461
0.70094296336174
0.7481060326099394
0.7733744084835051
0.722441256046295
0.8076409101486204
0.7340785861015319
0.7072879076004028
0.7973594367504119
0.7915052771568297
0.8585100471973418
0.6622468531131743
0.6958228945732116
0.7718816399574278
0.840917408466339
0.8124720454216002
0.7720368206501007
0.717494249343872
0.7391251623630521
0.8198452889919279
0.7061845064163207
0.7974890470504759
0.6309090256690978
0.8041065335273742
0.7560560107231138
0.7375759184360502
0.824768304824829
0.8034766018390653
0.740922451019287
0.829475849866867
0.8722992241382598
0.7665653228759765
0.8826521039009092
0.6858357191085814
0.6907717883586882
0.8460148274898527
0.7973588407039641
0.7486215233802793
0.8084568083286284
0.7131068408489226
0.7663796544075011
0.737843096256256
0.765885978937149
0.7436598539352415
0.788365066051483
0.7793312966823577
0.7677043676376342
0.7244161367416381
0.8126879930496216
0.6729473173618316
0.7319065034389495
0.7532545626163482
0.6874189674854279
0.7378509640693663
0.790830910205841
0.7385134994983672
0.7742283046245573
0.7081068456172942
0.7762717306613921
0.7188619375228881
0.730863869190216
0.7117254137992858
0.7335224449634551
0.8028538823127744
0.7578516900539396
0.662297487258911
0.7356911897659301
0.7754973471164702
0.7017357051372527
0.7671227455139159
0.8418050110340117
0.6732900738716124
0.7462768554687499
0.7372386753559111
0.9138148427009581
0.7099126279354094
0.707287847995758
0.6947195231914518
0.6897338926792144
0.8495532870292661
0.6970896720886229
0.82383993268013
0.7309566438198087
0.781938999891281
0.7701006531715392
0.8344958722591398
0.6622467637062072
0.8100827336311339
0.854732275009155
0.8346444964408873
0.7708913683891296
0.6405289471149443
0.756039947271347
0.7896876037120817
0.8422569930553435
0.7222017049789426
0.8018786013126372
0.7881534993648527
0.6984468698501586
0.7302725613117217
0.8133582472801207
0.7196225523948667
0.6863889694213866
0.7588779032230377
0.7871932685375213
0.6859373748302457
0.6637244224548338
0.7438553273677826
0.7494713962078092
0.707818478345871
0.705762892961502
0.6844123303890227
0.7974238097667693
0.8496573865413664
0.7715294361114501
0.8473214507102964
0.7619923055171964
0.7931386232376096
0.8457966744899749
0.7263769805431364
0.8242200314998626
0.7512602508068082
0.7180534303188324
0.7192290425300597
0.7575807273387908
0.7434336841106414
0.771611452102661
0.7229420542716978
0.7118530869483948
0.8145503103733062
0.7781384587287902
0.746070235967636
0.8361496627330778
0.805019050836563
0.6534417867660521
0.8195973932743071
0.8006922602653501
0.7291770875453948
0.853023290634155
0.7671826183795929
0.7286385297775267
0.7726999223232267
0.7305501699447631
0.7096318006515502
0.6963534653186797
0.6508361697196959
0.7928749918937682
0.776856780052185
0.8198516368865965
0.8929389417171478
0.7766081690788268
0.7844280898571012
0.7619983255863189
0.7624414563179014
0.6972746551036834
0.7491625845432281
0.7162812054157256
0.8133394122123717
0.7472518384456633
0.8037689626216887
0.6638225018978118
0.7584945857524871
0.7638497948646544
0.699595957994461
0.7948380708694457
0.6522594094276427
0.8216855823993682
0.8586586415767669
0.7076551318168638
0.7822866141796111
0.7572290003299712
0.808113247156143
0.7521255016326902
0.7854695022106168
0.7847946882247923
0.7714868485927581
0.853081852197647
0.8057512640953062
0.7188618183135985
0.6855157017707824
0.7356250286102294
0.835231065750122
0.7603710591793059
0.8420152962207792
0.6996897161006926
0.7065235674381255
0.8208249211311339
0.7671228051185608
0.7373526692390441
0.6977466046810149
0.6987635493278502
0.7194096446037291
0.7908582389354705
0.8409018218517302
0.6423195898532866
0.7356305420398711
0.8252519369125364
0.6958228647708892
0.7192290127277373
0.7351907789707183
0.8998314142227171
0.7648243606090545
0.6648523509502411
0.7560809552669525
0.7090549170970915
0.914206266403198
0.8142561614513395
0.8255640566349028
0.7319934964179992
0.7820085287094114
0.7871491014957428
0.7069451808929442
0.8051293790340422
0.685122400522232
0.7390877902507781
0.8216901719570159
0.8109877407550811
0.8113430738449096
0.7918657362461088
0.7476514279842374
0.7638001143932341
0.8243260979652403
0.7372621595859526
0.740656554698944
0.6943523287773131
0.7727850079536437
0.76800599694252
0.7758975625038145
0.8263716101646421
0.6515968143939971
0.7437688708305357
0.8803664147853849
0.7486214637756345
0.6835973858833312
0.6405290067195891
0.7235873639583585
0.713007092475891
0.757097005844116
0.7496653795242308
0.8198800981044768
0.7445486783981322
0.7882255613803864
0.7894498407840728
0.841975301504135
0.8301539719104765
0.7746538221836089
0.8187636435031891
0.8603526055812835
0.7412897646427153
0.7648243606090545
0.6788721978664396
0.8152150809764861
0.6527546644210814
0.7706339955329894
0.7692321240901946
0.7810600996017455
0.6844123899936675
0.6615367233753204
0.7347067594528197
0.7341441810131072
0.6958228647708891
0.8405875563621519
0.7958536744117735
0.74063903093338
0.7175951302051543
0.7421890795230864
0.7196225225925444
0.7845923006534575
0.7740307450294492
0.6844124197959899
0.8349166512489317
0.8640294969081879
0.7809528112411499
0.7105675041675567
0.7447876334190366
0.7482582628726957
0.852616637945175
0.8871952295303344
0.7085546851158141
0.7418031394481659
0.7420706152915953
0.7671413421630858
0.8463600873947142
0.8540495038032532
0.7466783225536345
0.8662910163402556
0.7330915331840514
0.7533424794673919
0.7587278783321378
0.7430359423160552
0.7247120440006256
0.7920077741146087
0.805359959602356
0.7581475377082822
0.7952961921691893
0.6946407556533812
0.8410209119319915
0.8079161047935485
0.6962445378303528
0.8634449541568754
0.7414729893207549
0.7451972067356107
0.8296948671340941
0.7603679597377776
0.729844957590103
0.6725539565086363
0.8610637187957761
0.832171082496643
0.806049346923828
0.7359984517097471
0.847074031829834
0.8531466424465178
0.7925667166709898
0.6519396603107451
0.8079560995101928
0.7867240607738495
0.7562197744846343
0.738048195838928
0.7015876173973082
0.8991101384162902
0.8724846243858335
0.6408488154411315
0.70892196893692
0.6661191582679747
0.7422379255294799
0.6982213258743285
0.8330078124999999
0.6858357191085814
0.7351821064949035
0.8199089765548704
0.7655832469463347
0.8159087002277373
0.7880563437938688
0.7575802803039549
0.7065235972404479
0.723587393760681
0.7184153795242307
0.8077948689460753
0.8213301599025725
0.7484771609306334
0.746053785085678
0.7929592430591581
0.8077947497367858
0.8351909220218656
0.6995964646339415
0.8358730077743528
0.653074562549591
0.8128127753734588
0.8260656297206878
0.7561644315719602
0.6430802643299102
0.6969544291496276
0.7539979219436646
0.685285598039627
0.7967458665370939
0.717595189809799
0.7667539417743682
0.6943522989749906
0.6732901334762572
0.8355377316474915
0.7390219867229461
0.8755281269550323
0.6874696314334868
0.7124324142932892
0.7552001178264616
0.8409712016582487
0.7129721641540526
0.8699083924293517
0.6767337024211882
0.8707883358001708
0.8077607452869414
0.7882580161094664
0.8356877267360686
0.749575614929199
0.7787224650382994
0.7779507339000701
0.7183235883712767
0.7541602253913877
0.7108127176761627
0.7848590016365049
0.7427769899368285
0.8523968160152434
0.748905211687088
0.8099670410156249
0.7464404702186582
0.7443070709705352
0.6618533432483672
0.7286385893821716
0.7509344816207885
0.8158023655414581
0.7557719647884367
0.7534191608428953
0.6774459779262542
0.7581046521663665
0.8582013249397276
0.775833338499069
0.7735726833343505
0.7346273064613341
0.6851730942726134
0.773156940937042
0.7224411368370055
0.8361496627330778
0.7089217901229856
0.77205753326416
0.6874325573444365
0.8361197710037229
0.8871205151081084
0.8086311519145964
0.672659009695053
0.6622468233108519
0.751061588525772
0.7511460483074187
0.7515233755111694
0.7907780706882476
0.7716052830219268
0.711295336484909
0.7672856748104093
0.8264005780220031
0.797531634569168
0.776123136281967
0.8293279111385343
0.8548621535301207
0.7023564279079436
0.7231851518154143
0.688640385866165
0.8532277345657348
0.6636701226234435
0.7297505140304564
0.7243458926677702
0.7618787586688994
0.7306060194969175
0.7596253156661985
0.7417374551296233
0.8412209153175353
0.7119551599025725
0.7809038758277893
0.6844123005867003
0.6958229541778563
0.7624728679656981
0.7627555131912231
0.6966961622238157
0.835623502731323
0.8024787604808806
0.7235209345817564
0.695986121892929
0.7180466949939727
0.8956767320632933
0.7783275246620177
0.7186268568038939
0.6508360803127288
0.814014583826065
0.7271060049533843
0.7667700052261351
0.664485216140747
0.7465109825134275
0.9047710597515105
0.7315809726715087
0.7302725017070768
0.8474061489105222
0.788315325975418
0.8215440511703489
0.6902527511119841
0.7568234801292418
0.7828407585620879
0.7328915297985076
0.6844123899936675
0.8411242961883544
0.7306357920169829
0.8583254516124723
0.7065516412258147
0.7458642721176146
0.7086333632469175
0.7193578481674193
0.742281824350357
0.6622468233108519
0.8264006376266477
0.7136776447296143
0.7853912413120269
0.808375984430313
0.7131698429584502
0.7465627789497374
0.6640915870666503
0.9143310785293578
0.7072878777980803
0.7471827566623687
0.732182890176773
0.7453876435756681
0.7824214994907377
0.8069345951080322
0.7684203684329985
0.7869378924369812
0.8369072377681731
0.6855946183204651
0.7081611156463621
0.744871139526367
0.7561391294002531
0.7821201682090759
0.7109891176223753
0.732553333044052
0.797531634569168
0.7501190602779387
0.799745142459869
0.7061302065849303
0.778934836387634
0.8439888060092924
0.6995466053485868
0.717988610267639
0.8095598518848417
0.7509344518184661
0.653730273246765
0.80864942073822
0.7729399502277373
0.6887762248516082
0.6970539689064025
0.7870455682277678
0.7782736420631406
0.7161150574684143
0.6966961622238158
0.7017676234245299
0.6729474365711211
0.7381251156330106
0.7920736372470855
0.8185898363590239
0.7748308479785918
0.7472504675388336
0.7962823212146758
0.7667062878608701
0.7433774471282958
0.7415455281734467
0.7705344259738921
0.8189581930637359
0.7487631738185881
0.7505412399768828
0.766619473695755
0.7132710218429564
0.7072336077690122
0.8239636421203612
0.7738686800003052
0.7696325182914732
0.6986987590789794
0.7299052476882935
0.7394560873508452
0.8642584383487699
0.7184101343154906
0.7829956114292144
0.9049802124500274
0.8024558722972869
0.7218962907791137
0.7187774479389191
0.7191708385944365
0.7374411225318906
0.7848806679248808
0.8044598698616027
0.642319619655609
0.6736574172973633
0.7461541593074797
0.821325749158859
0.7106571793556212
0.7822792530059813
0.7225364744663237
0.8136728107929229
0.7248715460300446
0.8462363779544829
0.7045968770980833
0.795916050672531
0.7847764194011687
0.7949439883232116
0.7462719082832335
0.81975719332695
0.8130745291709898
0.7707917094230651
0.6950623095035552
0.8094356060028075
0.7470041513442991
0.8809986412525175
0.7142190039157865
0.7571291625499724
0.782104969024658
0.7998497784137724
0.7921451032161712
0.7659210562705993
0.6733689904212952
0.7471473515033721
0.7467405796051024
0.7196224331855772
0.7461541891098021
0.7226010560989379
0.7261040508747099
0.6515969038009644
0.6966962218284605
0.7325932085514067
0.8203378319740293
0.7729307413101194
0.7390857636928557
0.807757019996643
0.7582715749740598
0.7356071174144744
0.7613468170166015
0.8369937539100646
0.642319619655609
0.7798037528991698
0.7353695929050444
0.8105402886867522
0.6996896266937255
0.6622466146945952
0.8362550735473631
0.8462207317352294
0.8753008842468261
0.7672463953495025
0.8581257760524749
0.7420067191123961
0.652259588241577
0.7975651621818542
0.8160730302333831
0.814243048429489
0.6527546644210814
0.7512515783309935
0.7060971856117247
0.7096320092678068
0.7475408315658567
0.740599364042282
0.6622467637062072
0.6962445080280303
0.7723389863967894
0.8160648345947263
0.7722356319427489
0.8235492110252378
0.7077356576919555
0.7124124169349668
0.7617089748382567
0.8253176510334013
0.6902598738670348
0.6966962218284606
0.6527546644210814
0.7924484014511107
0.8200970590114592
0.8000857532024382
0.7578518390655515
0.7339910864830015
0.7116877734661101
0.74835467338562
0.8209190964698789
0.8756145536899566
0.7108988761901854
0.819389075040817
0.7870779931545255
0.6855158507823943
0.7229422330856322
0.7657942175865172
0.7941429316997526
0.8288348615169524
0.6860462129116057
0.79949215054512
0.7066361308097838
0.7061301171779631
0.7677721381187438
0.7474391162395475
0.6964822709560392
0.7633343040943145
0.713467240333557
0.7925978302955626
0.6579725742340087
0.8156875967979429
0.7038325965404509
0.7089218795299529
0.8243063986301421
0.8301577568054196
0.7362945079803467
0.7201590240001676
0.7624467909336089
0.917057156562805
0.7396607100963591
0.7467744648456571
0.744579255580902
0.7339910864830016
0.6828873455524443
0.7227555513381956
0.7628245949745176
0.7614715099334716
0.840954542160034
0.7667094469070433
0.7465926706790922
0.8471245467662811
0.693081647157669
0.7731548249721526
0.8178091049194335
0.7192290127277373
0.8153731822967528
0.8754351139068601
0.8099641799926757
0.7172875404357909
0.8206177353858946
0.7825996577739713
0.7483252584934235
0.8333638310432432
0.7442434430122373
0.7349263131618499
0.6729473471641539
0.7885043919086454
0.7559786140918731
0.829201579093933
0.6760083138942717
0.6729473471641539
0.7341263294219968
0.7517980635166167
0.7708385288715361
0.7528191208839415
0.6629094183444976
0.707818478345871
0.6653584241867063
0.7614482045173645
0.7460906505584715
0.7548805773258208
0.8557015657424926
0.6855158507823943
0.7680583894252776
0.8816933929920195
0.9019445180892942
0.8291695117950437
0.8415427207946776
0.767941117286682
0.6683081686496732
0.8065600991249082
0.7194040417671201
0.6958229541778563
0.8352862298488616
0.82438787817955
0.7254587113857269
0.7610738873481748
0.7306357920169829
0.702356457710266
0.7559963166713713
0.8292998075485228
0.6943523287773131
0.7265692949295043
0.6656674146652221
0.6954802572727202
0.7298388183116911
0.7976088523864745
0.8038148283958434
0.7987920641899108
0.7424980700016021
0.7617274522781371
0.8145502805709838
0.7703715860843657
0.7831858694553373
0.6958229541778563
0.8311071693897245
0.8138659894466397
0.7713343203067778
0.7104998230934141
0.698221206665039
0.6666345596313475
0.857854276895523
0.6416095793247223
0.7127694487571714
0.7367285192012785
0.7177377939224241
0.7326964437961576
0.698614776134491
0.6540501415729522
0.797538936138153
0.7715365290641782
0.7327340841293334
0.6870180070400237
0.8183543384075163
0.77184721827507
0.743449181318283
0.77726611495018
0.7834697663784026
0.6636702120304107
0.7497805655002592
0.7624171376228331
0.7262012064456939
0.7316296994686127
0.8080223500728605
0.7180466949939727
0.7492395639419555
0.8077853024005889
0.7522462904453275
0.6988561451435088
0.8187142610549926
0.7440476417541503
0.7264658212661742
0.7115891873836516
0.69032284617424
0.9355342984199522
0.7821449935436249
0.7612162828445432
0.7877835631370542
0.771338939666748
0.7820177674293516
0.7327058911323546
0.7626280784606932
0.7972415089607237
0.6721867620944976
0.8149769008159636
0.7434337437152861
0.7719351649284361
0.7278980314731598
0.6847795546054839
0.7879293859004973
0.7315238714218139
0.6855157911777495
0.684412360191345
0.6741052567958831
0.7616804242134093
0.7849262058734893
0.6732901334762572
0.7108125090599059
0.78578582406044
0.6622467637062072
0.8292996287345885
0.8257012665271758
0.6653584241867065
0.6855946481227874
0.8843668401241301
0.7659210264682769
0.7438090741634368
0.749488443136215
0.6522595286369323
0.8309904634952543
0.684412360191345
0.795296251773834
0.6989746689796446
0.7753332555294035
0.7676926553249358
0.6958228945732116
0.7116041183471677
0.6622467637062072
0.8121502101421355
0.7939596474170683
0.7836171388626098
0.8320748805999754
0.8039852380752561
0.7372301220893859
0.802837699651718
0.7573370337486266
0.7413159608840941
0.7670648097991942
0.66153684258461
0.7772802412509917
0.7497512698173522
0.8046833276748657
0.7620601356029509
0.6412160992622375
0.818800389766693
0.7253703773021697
0.7490120232105254
0.7848833799362182
0.7108984887599944
0.7295486629009246
0.7723605632781981
0.7078913152217864
0.8055737018585204
0.7433713972568511
0.7635305523872374
0.6955926716327666
0.8404133915901182
0.6740789711475371
0.6828874647617339
0.6952143013477324
0.841960847377777
0.6962445080280302
0.8357605934143065
0.8038613498210905
0.8269014060497282
0.7251932621002196
0.962418586015701
0.7421047687530516
0.7409767508506774
0.8533096909523008
0.7804031968116758
0.8411243855953215
0.6725539565086364
0.714477092027664
0.6626401841640471
0.7426729798316954
0.7540851831436156
0.7323124706745147
0.753492921590805
0.7768073081970213
0.7925284802913665
0.7629583775997161
0.7904457747936247
0.7876593768596647
0.6223923861980437
0.8037688434123992
0.7691589593887328
0.7078183591365814
0.8928232192993164
0.784889221191406
0.7712705433368682
0.7636710107326506
0.7251720726490019
0.7668807804584501
0.8183189630508421
0.7305501699447631
0.7559501230716703
0.6898311674594878
0.8195866942405701
0.7825614809989928
0.8055292069911956
0.8062221109867096
0.7816892266273497
0.8029177784919738
0.7361015081405639
0.7619573175907134
0.851637840270996
0.809022068977356
0.7500423192977904
0.8323656022548674
0.6942979693412779
0.6757390499114989
0.6840696334838865
0.7799758315086363
0.7715268731117246
0.7168063819408416
0.7920011579990386
0.8132330477237701
0.7769702076911925
0.6636701524257659
0.703047215938568
0.7183558642864226
0.8581362962722776
0.7575351893901823
0.7498925328254699
0.7709531784057615
0.7212843596935271
0.7005178034305571
0.8362303376197813
0.7335239052772521
0.7186827063560484
0.8248341977596282
0.7672446966171264
0.7971420884132384
0.7326964437961576
0.6629094183444976
0.8460823595523832
0.7229082584381102
0.7080633342266082
0.7425524592399595
0.8464895188808439
0.7203324437141417
0.7694758176803588
0.84447705745697
0.7766123116016387
0.7766855359077453
0.7426729798316954
0.7390857636928557
0.7184683084487914
0.6622468233108519
0.6962444782257079
0.7575090825557708
0.7062401175498961
0.8930016458034513
0.7353696227073667
0.8636838197708129
0.7180467247962952
0.7869374752044677
0.701840043067932
0.6626402139663695
0.7642196118831632
0.6911828517913817
0.8344973027706144
0.7314547300338745
0.7506501972675322
0.6435017585754393
0.7263933718204497
0.7216897904872893
0.7089218795299529
0.6450885236263274
0.7474752962589263
0.7957636415958402
0.864776700735092
0.6962445080280303
0.7239114940166472
0.7069452106952666
0.7094642221927641
0.6729473769664763
0.695429503917694
0.7321318089962005
0.7316794395446776
0.6966961622238157
0.7323511242866515
0.8585170209407804
0.7681708633899688
0.7268048226833342
0.7470442950725554
0.6636702120304108
0.8960180878639221
0.7428439259529113
0.7932521998882291
0.7622227072715757
0.6630074679851531
0.7636823356151579
0.6836761534214019
0.7538488805294037
0.7792880237102507
0.7245240211486815
0.694352239370346
0.7192290127277373
0.7073968946933745
0.84171324968338
0.7069451808929442
0.6740789711475371
0.6729473769664763
0.7535118460655211
0.7665983438491819
0.7419253587722777
0.7813127934932708
0.7411110699176786
0.7343405187129972
0.6843073070049285
0.6626402139663695
0.7291182577610015
0.8353981375694273
0.7990234196186065
0.695113033056259
0.7660270333290098
0.7202246785163878
0.6945866644382476
0.684018850326538
0.6836480200290679
0.7686382830142974
0.7111619114875791
0.7619923055171964
0.6729473471641539
0.6855945587158202
0.7736741304397582
0.7661044895648954
0.663429021835327
0.7007230520248412
0.7229171693325042
0.7567333877086638
0.6950622498989104
0.7730024755001066
0.6840188801288603
0.7171675860881804
0.6958229541778563
0.6508361697196959
0.8402593433856962
0.7730312943458555
0.8247292935848236
0.7727635502815245
0.7558048367500304
0.7817395031452178
0.6622466146945952
0.7863479554653167
0.8667987287044523
0.7621947824954985
0.8006458282470703
0.8581363558769225
0.7886126935482025
0.7080777287483214
0.7584945857524871
0.6863045096397399
0.7659668326377866
0.7065517902374265
0.6854112446308135
0.6618532836437224
0.765931725502014
0.8196380436420438
0.7319669723510741
0.7413158714771269
0.7791970372200011
0.782302588224411
0.7753909826278684
0.7238444685935973
0.6972916722297667
0.6522595584392546
0.7353515326976774
0.7069451808929442
0.8358230292797088
0.7346202731132506
0.7314547002315519
0.7498096227645872
0.7633664906024932
0.777180105447769
0.722083121538162
0.769549012184143
0.7431145310401917
0.7295117378234862
0.7463327348232268
0.7302724421024321
0.7804611027240751
0.7437688708305357
0.6752330660820006
0.7549569308757781
0.8303667604923246
0.6726589798927306
0.758445769548416
0.7105164527893065
0.7268048822879789
0.7301436364650725
0.7440722584724424
0.7482874691486356
0.7423854172229766
0.8079442977905271
0.7713286280632017
0.8038811981678008
0.7065235972404479
0.7238170504570006
0.7102790474891661
0.7085283398628233
0.6518660485744475
0.7578635513782499
0.7025369703769683
0.7515503466129301
0.7069451808929442
0.7077395319938659
0.7522853016853331
0.8869559168815612
0.7540230453014373
0.6943523287773131
0.6515232622623442
0.7248715460300446
0.7238169908523558
0.846664637327194
0.7510918974876403
0.7203324139118192
0.7873584330081937
0.7923222482204434
0.7846376001834868
0.7060972154140471
0.6660211384296415
0.7789812386035917
0.7855955064296721
0.8642860651016234
0.8783989548683164
0.7659504115581511
0.712902784347534
0.7997227311134337
0.7615003287792205
0.6751350164413451
0.8088819980621337
0.830515146255493
0.7184683382511138
0.7974988818168639
0.7723747491836547
0.7084739804267881
0.6515968143939971
0.7910428941249847
0.6963290274143218
0.7660350501537321
0.690655618906021
0.7285326421260833
0.7680367827415465
0.7378418445587157
0.7216898202896117
0.7230281233787537
0.8082886934280393
0.684700846672058
0.7433712780475615
0.7656880617141723
0.854126065969467
0.7624040544033049
0.6508361399173735
0.6430802643299102
0.7215660512447356
0.7929412722587584
0.7921174466609953
0.7737448215484617
0.7866705656051635
0.758032441139221
0.7083269059658049
0.6957878470420835
0.7040314078330993
0.7385135889053344
0.723406821489334
0.7168063819408416
0.82363823056221
0.7031814455986022
0.7432090342044828
0.8086272478103638
0.8118373751640318
0.6846179664134978
0.7517444193363189
0.799590766429901
0.6851730942726134
0.7685196995735168
0.8900563716888426
0.8005321025848388
0.7734094858169553
0.7796326279640197
0.8201470077037809
0.7724190056324004
0.7215018868446349
0.6718440353870391
0.672659009695053
0.7522872686386107
0.7634317874908445
0.85874006152153
0.7724163532257079
0.8006922602653501
0.7570967674255369
0.6744249463081358
0.7458321154117582
0.7816478013992307
0.672186642885208
0.7152076363563536
0.7319606542587279
0.8246880769729612
0.7327613830566405
0.7295117676258085
0.8638706803321837
0.7361977696418761
0.8024836480617521
0.7065368890762328
0.6854422390460967
0.7218382954597472
0.7728761434555053
0.7356412708759306
0.8032106757164
0.7227779030799865
0.7716538310050963
0.7073968946933745
0.79230260848999
0.7172021865844724
0.6855946481227874
0.736506700515747
0.8352802097797393
0.7089218497276305
0.7139932215213775
0.7016212046146392
0.7136789560317991
0.674635738134384
0.7592508196830748
0.768113315105438
0.77224862575531
0.8252105712890625
0.7732226252555846
0.6859373450279235
0.7310331761837003
0.6519168019294738
0.7104997932910917
0.746284782886505
0.7930336296558379
0.7138219177722929
0.6744724214076995
0.7190566062927245
0.7229419946670531
0.8468506932258605
0.7926518917083738
0.761260539293289
0.7217322885990142
0.7302725315093993
0.699810355901718
0.7540213167667389
0.6732902228832244
0.724081218242645
0.797761082649231
0.6986002922058104
0.7706340253353117
0.8226303160190582
0.7235873937606809
0.7665862441062925
0.7438553273677824
0.7358112335205077
0.6427918374538422
0.6626401841640471
0.7971218526363372
0.7369515597820281
0.6771200001239776
0.7484850287437437
0.7193859517574308
0.7329626381397246
0.6870761513710021
0.7791993618011472
0.7285952568054198
0.7225256264209746
0.747616112232208
0.7306941747665404
0.8081312775611876
0.8352240324020386
0.8311603367328643
0.7476072013378142
0.8524158000946044
0.7256973981857299
0.7208814024925231
0.7675400972366332
0.7046988308429717
0.7976343035697936
0.8361264169216155
0.8155544102191924
0.7474390864372252
0.7488148808479308
0.684412360191345
0.6942979693412779
0.8313831388950347
0.8141998350620268
0.7089218497276305
0.8001636862754821
0.7990285158157349
0.7289691567420958
0.8183136284351348
0.7242453694343566
0.8468661010265348
0.6840695738792418
0.7171735167503355
0.8248119354248047
0.7492578029632566
0.7975389361381529
0.7120980322360991
0.770261377096176
0.829852223396301
0.8111927807331083
0.7831574380397797
0.8521916568279265
0.7811265885829926
0.7924508452415464
0.768016755580902
0.764420837163925
0.8851669132709501
0.8054388165473937
0.746484339237213
0.7320232391357421
0.7416520118713377
0.7343723475933073
0.7850928604602813
0.7319408059120176
0.6847288608551023
0.6954557597637174
0.7465109825134275
0.8353192210197448
0.7513088285923003
0.6859372854232787
0.8350428342819212
0.7458848357200621
0.663429021835327
0.7544865310192106
0.8135728538036344
0.7417387962341307
0.8414474129676817
0.7837635874748228
0.7812008559703825
0.6966378688812255
0.7627159655094145
0.695986211299896
0.7114153802394866
0.7242088317871092
0.7414491772651671
0.683597445487976
0.7819675803184508
0.7356579601764677
0.7327341735363005
0.748724341392517
0.7568717896938323
0.7213832736015319
0.7076552808284758
0.6737420260906218
0.8279481232166289
0.6741051673889159
0.8744976222515104
0.6942979991436005
0.7306357920169829
0.7642540037631986
0.6630074679851531
0.7717351913452146
0.7994446158409118
0.664754420518875
0.7314548194408415
0.7460009157657622
0.7826617956161499
0.8259071409702299
0.8188243508338926
0.7310874760150908
0.7613153755664824
0.7935157418251036
0.7663820087909696
0.8098074197769164
0.7821725010871886
0.7000746726989745
0.7219853401184081
0.7286385297775267
0.8547079265117643
0.8203771114349364
0.7809551954269409
0.7850397527217864
0.7443159818649292
0.7508794367313384
0.857070505619049
0.8473241031169891
0.6990860700607298
0.6405289471149443
0.7166776359081266
0.7724134027957916
0.8197867572307584
0.7306222319602965
0.7549501955509184
0.6622467637062072
0.7135951817035674
0.7107144892215729
0.8574787974357604
0.8440078198909758
0.7240118980407713
0.7980635762214661
0.7404240071773528
0.69032284617424
0.7074313163757323
0.754505306482315
0.7315915226936339
0.7467354238033292
0.74797585606575
0.7192291021347045
0.7351059615612029
0.7440722584724424
0.6861521601676939
0.8052169084548949
0.7137793898582457
0.8041655421257018
0.7990973591804502
0.70745113492012
0.7544458508491515
0.7712394297122953
0.8133625984191892
0.7496649920940398
0.7081068754196166
0.6976679563522339
0.6405289471149443
0.784830331802368
0.7192290425300597
0.7517929971218107
0.8254920542240142
0.7771789133548735
0.7081633508205413
0.7823362350463865
0.8243912160396574
0.790134310722351
0.7873607277870177
0.782335102558136
0.8260656595230103
0.8872035145759581
0.8255667388439176
0.6618533134460447
0.7569988071918486
0.7102791070938109
0.7871506512165067
0.9078910052776337
0.7920077741146085
0.8606948256492613
0.6751350164413451
0.6519166529178618
0.6835973262786864
0.8195336163043975
0.7168063819408416
0.8461727499961852
0.7185067832469939
0.6947195529937743
0.7817943394184113
0.6966962218284606
0.8296005129814146
0.6954802572727202
0.7886126935482025
0.6522594988346099
0.8431476950645446
0.6732901334762572
0.7736514806747435
0.7967854738235473
0.6614860296249389
0.6740789413452146
0.8165839314460753
0.706577956676483
0.7598281502723693
0.8636355996131896
0.7342149019241332
0.8191827535629271
0.7061301767826079
0.7445617318153379
0.7325534224510192
0.734627217054367
0.7725862562656401
0.6844123303890227
0.7808696031570433
0.7075782120227813
0.6508361697196959
0.7203325033187865
0.7676528096199035
0.736666679382324
0.8427536189556121
0.70745113492012
0.746966630220413
0.8312988579273222
0.7012437283992766
0.6974063813686369
0.7818883955478667
0.6740789711475371
0.826715677976608
0.7544864714145659
0.7001952230930327
0.6852856278419494
0.778879255056381
0.7614697515964507
0.7742951512336731
0.6579725742340087
0.6330423653125762
0.6760083436965941
0.7362945079803465
0.7188618779182434
0.8037025034427642
0.718410164117813
0.6729474067687987
0.8873109221458434
0.7204128801822662
0.695429503917694
0.7742216885089873
0.7733779847621916
0.698856234550476
0.6316696703433989
0.7741213738918304
0.6732901036739348
0.7497239112854003
0.7107557654380797
0.6644851863384246
0.7102790474891661
0.6760082840919494
0.7600986361503601
0.7680724561214446
0.7896662354469299
0.8136726617813109
0.6622468233108519
0.7471473217010496
0.7066362202167509
0.7061301767826079
0.7951094508171079
0.8314506113529203
0.8464620113372802
0.6851731240749358
0.7098575830459593
0.7633027434349058
0.6721867322921751
0.702769786119461
0.7551287710666655
0.769152283668518
0.821135252714157
0.686798095703125
0.695986211299896
0.8467678129673003
0.815750628709793
0.846935600042343
0.6426395475864409
0.6729474663734435
0.791799247264862
0.7248922288417815
0.6729473769664763
0.8059653937816619
0.7601887285709381
0.6863889992237089
0.6430802643299102
0.6426396071910857
0.7805928289890287
0.7366701960563659
0.6741296350955962
0.6930935978889464
0.7323124706745147
0.8418198525905608
0.7705880105495451
0.7310332357883452
0.7317722737789152
0.6752330660820006
0.732734054327011
0.8069795072078704
0.7600245475769043
0.8047371208667754
0.7930070757865904
0.7102332711219786
0.781890958547592
0.6636701524257659
0.7714134454727171
0.7184682190418242
0.6870178282260894
0.7197925746440886
0.758373975753784
0.6966378986835479
0.6522594690322875
0.8128600120544432
0.7070164382457732
0.8193540573120116
0.7877010107040403
0.8001915216445922
0.8109418153762816
0.7902822792530059
0.7137809395790099
0.7486214935779572
0.8372056186199187
0.7675254940986631
0.640848934650421
0.6863045096397399
0.7191939651966093
0.7449266016483306
0.7462719678878782
0.7464222609996796
0.7661730647087096
0.8240879774093627
0.7094642221927641
0.7738428711891173
0.7548304200172423
0.6637243926525115
0.7029175758361815
0.7462966144084929
0.7974427342414854
0.752084046602249
0.7247520387172698
0.7124648690223693
0.7610537111759185
0.7371808886528013
0.7475807666778563
0.7311918437480924
0.6726590394973754
0.7726497650146482
0.7475574612617492
0.7084702551364899
0.8002141118049622
0.8609338402748107
0.6619040966033934
0.8672018647193906
0.6515968143939971
0.7162109315395354
0.7188617289066312
0.741747975349426
0.7518089413642881
0.7588467299938202
0.7180466949939727
0.6653584241867063
0.6851223707199096
0.6993003487586974
0.7926943600177764
0.8195868730545043
0.755151629447937
0.7712100148200988
0.7802799642086028
0.7225364744663237
0.7339997887611388
0.7597894370555877
0.7246315777301786
0.7706340253353117
0.7069451808929442
0.6519396305084227
0.6741296648979186
0.8648266494274137
0.8084369897842405
0.7183558046817778
0.8274806141853331
0.7798037230968474
0.7800166904926298
0.7192290127277373
0.7668735086917876
0.6904239654541013
0.756139189004898
0.742240250110626
0.7556655704975127
0.7725320160388944
0.7937935590744016
0.7630582153797147
0.7203324735164641
0.8359912037849424
0.6622467637062072
0.6744249761104583
0.7192290127277373
0.7020005583763121
0.702864110469818
0.782141476869583
0.7618466913700102
0.7324719727039335
0.8190264105796813
0.6625159382820128
0.8312711715698241
0.630908966064453
0.7639622688293456
0.7563371658325194
0.7107723355293273
0.7419338822364805
0.8079214692115781
0.7480956017971037
0.7018651366233825
0.7246563732624053
0.7682309448719022
0.7076552808284758
0.8253570497035979
0.6847795546054839
0.7110654413700103
0.8153948485851287
0.7345938980579375
0.7467744648456571
0.7951044440269469
0.7465799450874329
0.7476525604724883
0.751423269510269
0.6622468829154967
0.7672207057476043
0.7761054933071135
0.6527546644210814
0.7007600665092467
0.6975112259387969
0.7228808403015136
0.7663967609405518
0.7187304496765136
0.8526166975498198
0.767370045185089
0.7235290110111235
0.7521416544914244
0.7153319716453551
0.7304473817348479
0.7556281387805937
0.6733689606189727
0.7061301469802855
0.7980765104293821
0.7482875883579254
0.7136790454387664
0.6405290067195891
0.6541517972946166
0.7759062945842741
0.725638449192047
0.7066071927547454
0.6867088675498961
0.6618533432483672
0.6732900738716123
0.7720478177070617
0.679501324892044
0.8308185338973997
0.7696070373058318
0.7439979016780851
0.696896731853485
0.8041071295738219
0.8196380436420438
0.8578682541847228
0.7357528805732726
0.6423195600509644
0.7418617606163025
0.6408488154411315
0.690561145544052
0.8163407146930693
0.7633064091205596
0.7339997887611388
0.7809096872806547
0.7498096227645872
0.74869567155838
0.7476724684238433
0.7069451808929442
0.8102324604988097
0.7300419509410857
0.7886925041675567
0.7926944792270658
0.7531881034374236
0.7414265573024748
0.7721917331218718
0.7598715424537658
0.6744724214076994
0.7180469334125519
0.7390495240688322
0.6729473471641539
0.6966962218284606
0.6508361995220184
0.8087982237339019
0.7084955275058745
0.7823347747325896
0.6998730599880217
0.7488028109073639
0.7037696838378905
0.6970051229000089
0.8753814995288848
0.6618532836437224
0.8475910127162932
0.7943830490112304
0.8102300763130186
0.673762410879135
0.7322491705417632
0.7770847976207733
0.7471577823162077
0.7418614029884336
0.7138007581233977
0.9204655289649962
0.6875711381435392
0.6736574172973632
0.6618795692920684
0.6952143311500548
0.8693009018898008
0.7490978837013244
0.7756353616714475
0.8258184790611265
0.6952143609523772
0.727697193622589
0.7085545957088468
0.7562347948551177
0.7845923006534575
0.7992264628410338
0.6416095197200774
0.6991362273693085
0.7670648396015166
0.7723907530307769
0.747834950685501
0.7984821200370789
0.7966440320014951
0.7735930681228637
0.7293992042541503
0.8133597075939178
0.6804145276546477
0.6747922599315642
0.6998730599880217
0.6798603534698485
0.6962446570396422
0.7782953977584838
0.674792319536209
0.7156377136707305
0.7944125831127166
0.7114617228507994
0.8814626038074493
0.698934644460678
0.8142318129539488
0.8219452798366546
0.8196377158164976
0.7205704152584075
0.7272656857967374
0.7176239192485808
0.7485102117061614
0.7095065712928772
0.7690001726150512
0.7921838462352752
0.6958228945732116
0.7627750635147093
0.7218068242073058
0.7569884061813353
0.7245895564556121
0.7923825383186338
0.7925428748130797
0.8931418657302854
0.7604729831218718
0.7626869976520537
0.6966378688812255
0.79237625002861
0.86517259478569
0.8819524049758909
0.6982720196247101
0.757184773683548
0.8305152356624602
0.6647543311119078
0.7922412455081939
0.8411803543567655
0.7188617885112761
0.7360652983188628
0.7226010560989379
0.7227376997470853
0.795916199684143
0.7347101867198943
0.6982213258743285
0.6843581199645995
0.7383268773555755
0.7886126935482025
0.7203868627548216
0.6958229541778563
0.7477107048034667
0.8312239050865172
0.6995219290256499
0.6309090256690978
0.7774540781974791
0.8725668787956236
0.7336910963058471
0.7192290425300597
0.6892575621604918
0.7825508415699005
0.8379449546337125
0.7772251963615416
0.7714653909206388
0.7971217930316925
0.7144937515258787
0.6640917062759398
0.7338085174560545
0.7089219987392424
0.7798609733581542
0.7725862264633178
0.7310873866081236
0.7057630121707915
0.7146226167678832
0.6732901632785796
0.77825129032135
0.8253367245197294
0.6761062741279601
0.8511684536933898
0.7131067514419555
0.702864110469818
0.7883152663707731
0.8633692264556883
0.695822924375534
0.7917231619358062
0.7065235972404479
0.7786605060100553
0.798116236925125
0.759625345468521
0.7804419100284574
0.7788812518119811
0.8088125586509702
0.7685058712959288
0.7671825289726257
0.7160143554210661
0.7195717990398406
0.7821725010871886
0.7555947601795194
0.7664930224418639
0.7264759540557859
0.642319619655609
0.6768436431884763
0.672947436571121
0.6656674146652221
0.697406232357025
0.7768147885799407
0.7339997887611388
0.6761063039302825
0.7216897606849668
0.8779866099357604
0.6851730346679686
0.7463313043117522
0.6844123899936675
0.7366667091846465
0.6872898340225219
0.6647543311119078
0.685122400522232
0.7524629533290862
0.8480554819107052
0.6855158209800719
0.7747552692890166
0.7342690527439117
0.6736573874950408
0.8533829748630521
0.7594215571880338
0.6540501415729522
0.7258563935756681
0.6958230137825011
0.8693826794624326
0.8527721166610717
0.7347805202007293
0.741737425327301
0.7200672328472136
0.7576173245906829
0.6625159382820128
0.7800858616828916
0.7619319558143615
0.7305587232112882
0.6879734098911284
0.7627846300601958
0.6747415661811828
0.7856411933898925
0.7702457308769225
0.6951129734516143
0.672947436571121
0.752787262201309
0.7968225479125974
0.7348169088363645
0.6812650263309478
0.7072878777980803
0.7188617587089539
0.8470501899719236
0.7541813552379607
0.7293992042541503
0.7365690171718595
0.785224825143814
0.6975113451480864
0.708275943994522
0.7464957535266874
0.8007776439189911
0.8083606362342832
0.6522595286369323
0.7203325033187865
0.8413364589214324
0.8136316537857055
0.7725862264633178
0.8245799243450164
0.6747924089431763
0.7180467844009398
0.6954801976680755
0.7434337437152861
0.8469389677047728
0.7537877857685088
0.6975112557411193
0.7361920773983
0.7335799336433408
0.7240811586380004
0.8139382004737853
0.7848651707172393
0.7465109825134275
0.6832545995712279
0.8427133858203887
0.674398899078369
0.7561392486095426
0.7375114560127257
0.7737549245357512
0.8810745775699614
0.7250033020973204
0.6774317920207976
0.6999360322952269
0.7900280654430387
0.6947194635868071
0.7389010488986968
0.816822290420532
0.8582876026630399
0.7110655009746549
0.6962445378303527
0.7583828568458555
0.8170411288738249
0.7861683666706084
0.6851730346679686
0.7168063819408416
0.7734354734420775
0.8303711414337157
0.7057629227638245
0.6958229541778563
0.8218140602111815
0.7208386063575744
0.7110424041748046
0.7268049716949462
0.7152409851551055
0.6963289380073545
0.7183172702789304
0.7089217901229858
0.749408572912216
0.7574120759963988
0.8256410062313079
0.7484771013259885
0.6966378390789031
0.7216897904872892
0.7821072638034818
0.688425838947296
0.7188618183135985
0.6638225018978118
0.7205861806869507
0.7296117544174193
0.7628856301307676
0.7675714194774627
0.8430410623550414
0.8080305457115172
0.7310511171817778
0.8074549138545989
0.7829262018203733
0.8134551644325254
0.6530202925205228
0.7661288380622864
0.7004519402980803
0.7078183293342589
0.7417342662811278
0.7826950550079345
0.6729473471641539
0.8089336752891538
0.7932862639427183
0.6771199703216552
0.7514807879924774
0.766987234354019
0.6426395475864409
0.7944125533103942
0.8243775665760038
0.8677979707717893
0.7415149211883544
0.7854626476764678
0.7642621099948882
0.707003504037857
0.6962444782257079
0.6835973858833312
0.7089219391345978
0.7120710015296935
0.7197924256324767
0.7419811189174651
0.7863076031208036
0.8420464396476743
0.7776805460453032
0.8475025594234467
0.8436092138290403
0.8109877407550811
0.7886924743652343
0.6966961920261382
0.8166682124137877
0.8191201090812682
0.7201468050479888
0.81040620803833
0.7731570005416868
0.7406390905380248
0.76649671792984
0.7132394313812256
0.7634243965148925
0.7782811522483825
0.7520557343959808
0.7605936527252196
0.7443103790283202
0.7414491772651671
0.7228808403015136
0.8158023655414581
0.7461542189121244
0.6405290365219116
0.7963950037956236
0.674105018377304
0.8343602716922759
0.8274238705635069
0.7234395444393157
0.7069450914859771
0.7239714860916138
0.6802083551883696
0.852544516324997
0.7822866141796111
0.7212681174278258
0.8263718187808988
0.7412757873535155
0.7319063842296598
0.7187774479389188
0.8151926398277282
0.7239800989627837
0.7433389425277708
0.7386270165443419
0.7073969542980193
0.8421362340450286
0.7021434307098388
0.7337185144424437
0.6309090256690978
0.7131697535514829
0.7201648056507108
0.8031114041805267
0.7231558263301848
0.8209733068943021
0.914206266403198
0.7671711742877959
0.6855945587158202
0.641289710998535
0.7632027566432952
0.6843581199645995
0.7382256984710691
0.7977747917175293
0.6838008761405944
0.7069451808929442
0.7401190996170042
0.7576940655708312
0.8934532403945921
0.6633273065090178
0.6725539565086364
0.6966378986835479
0.6618533432483672
0.7802495062351226
0.7375530004501342
0.66290944814682
0.6730017066001891
0.7432768344879149
0.7975395023822782
0.7792910337448118
0.7461542487144469
0.7203324735164641
0.742281913757324
0.7060734927654265
0.8760200142860411
0.7690803110599517
0.7822903394699096
0.8242528140544889
0.7185634374618529
0.6522594690322875
0.8088243901729583
0.754414916038513
0.7231105566024778
0.7218068242073058
0.6866244673728942
0.7203324437141417
0.8178575932979582
0.8023052215576171
0.7490120530128478
0.7078182697296141
0.6878913044929503
0.6863889992237089
0.7918879687786101
0.6828874051570891
0.7196225523948667
0.846886485815048
0.83813738822937
0.8079074621200559
0.7437022626399993
0.6951129138469695
0.674792319536209
0.7831653654575348
0.8162877857685088
0.7387392222881317
0.7060972154140471
0.9139845967292785
0.6994879841804503
0.7081068754196166
0.7769350707530974
0.8080426156520841
0.8190256059169768
0.7306357920169829
0.6990860402584075
0.6845757067203521
0.7081068754196166
0.7445486783981322
0.6855946183204651
0.823567807674408
0.6927974224090575
0.7719351947307586
0.824708729982376
0.6534417569637297
0.718410164117813
0.7874869406223295
0.798096477985382
0.6522595584392546
0.7247334420680999
0.685285598039627
0.7992672622203826
0.6954294443130492
0.6622468233108519
0.761728137731552
0.7942838072776792
0.6943523287773131
0.7306776344776151
0.7744358777999877
0.770366996526718
0.7815978825092315
0.7885700166225433
0.7240118980407713
0.8187162578105924
0.7152938544750213
0.7284423708915708
0.7088862955570219
0.8141546547412871
0.707655131816864
0.7016497552394865
0.7077356278896331
0.7251836359500884
0.6729473769664763
0.7061301767826079
0.6986988782882689
0.7129720151424407
0.6752331256866454
0.7065516412258147
0.7318859696388245
0.7099624276161194
0.7403477132320403
0.6966961622238157
0.7057211697101591
0.7906567156314849
0.7629497349262236
0.7068663239479064
0.6530746221542356
0.6849970221519469
0.8192057907581327
0.7929973006248472
0.7248531877994535
0.7932521998882294
0.808940440416336
0.7009796500205993
0.7201022803783415
0.7062427401542661
0.8082917630672452
0.8199983239173888
0.7306928932666777
0.7272658348083495
0.7563053369522095
0.661879539489746
0.7300420403480529
0.7230280935764312
0.7820569872856138
0.7685524821281431
0.7665653526782987
0.7240847945213317
0.7983379662036894
0.8311276733875275
0.7291771173477172
0.7868355512619017
0.630908966064453
0.7443913519382476
0.7238526046276091
0.7195717990398406
0.7626428306102752
0.8301768600940702
0.7813244462013244
0.6966378390789031
0.740922451019287
0.7877016961574553
0.6973481476306914
0.6835973560810088
0.671793222427368
0.6946407556533812
0.8467810750007627
0.8819197118282316
0.7682729959487914
0.8002032637596129
0.6423195600509644
0.8239521384239196
0.7105415165424346
0.7424072623252868
0.6975112557411193
0.6519396305084227
0.6519396603107451
0.7587975859642028
0.7463328242301939
0.6435017585754393
0.7192290425300597
0.792755752801895
0.7155489027500151
0.7714241743087767
0.7761951088905333
0.721205860376358
0.7616008222103118
0.7949815094470977
0.7569542229175567
0.818574547767639
0.715040862560272
0.7728458344936369
0.7560809850692748
0.7896144092082976
0.743344187736511
0.7351081967353819
0.6863045692443847
0.776804357767105
0.6979669630527495
0.7129721045494077
0.7616098523139951
0.6515232622623442
0.6615368127822874
0.6732902228832244
0.8424148261547088
0.7184683978557587
0.6959861814975737
0.7102791070938109
0.6954294443130492
0.7644153833389281
0.7467197775840759
0.828646570444107
0.7101967334747313
0.7062401175498961
0.8525021970272062
0.8063290119171141
0.6416095495223998
0.8960042893886564
0.6761063039302825
0.7412241101264951
0.7213517427444457
0.8041093945503234
0.73726287484169
0.721689611673355
0.783887892961502
0.7358112931251525
0.7286386191844938
0.7627122700214385
0.6740789711475371
0.8024056255817412
0.7771594822406768
0.68435800075531
0.6629093885421752
0.7465109825134275
0.8137814700603484
0.7388782203197477
0.766598969697952
0.7678388953208921
0.7888237833976743
0.762472867965698
0.6874188780784606
0.6966961622238158
0.6622467637062072
0.8869933784008023
0.8083300292491912
0.7098575830459593
0.6316696703433989
0.7931000292301176
0.6316696107387542
0.6741052865982055
0.8182871341705321
0.7614176273345946
0.6855157017707824
0.7875414192676542
0.67676904797554
0.7561780810356139
0.6730017066001891
0.7489052116870878
0.7188617289066312
0.7328914999961852
0.7166776955127715
0.7703717350959776
0.6756546199321746
0.713349938392639
0.6970051527023314
0.7515168488025664
0.8078069388866422
0.7139100432395934
0.8190085291862486
0.6522594690322875
0.7803033888339995
0.6959016919136046
0.8305759131908415
0.6435017585754393
0.7666052281856535
0.6878912448883056
0.8694569766521453
0.695986211299896
0.6622468233108519
0.8078880012035368
0.7358950972557067
0.8214495480060576
0.7905174195766448
0.7771677672863005
0.6740790009498595
0.7080485522747039
0.6615366637706755
0.7109245955944059
0.7798697948455808
0.7974237799644468
0.7358602285385131
0.7201022803783415
0.6330423653125762
0.7488660812377929
0.8469932079315186
0.7655833363533018
0.746593803167343
0.7687200307846068
0.7266674041748046
0.6634290814399718
0.7498924434185027
0.6508361995220184
0.7612850666046141
0.7383964359760283
0.7059139907360076
0.6751350164413451
0.8188131749629972
0.7070164382457732
0.7937849760055541
0.8161326348781585
0.7610708773136139
0.7718308866024015
0.7470232546329497
0.6223923861980437
0.7775759696960448
0.7763234376907348
0.7249556481838224
0.7360646724700927
0.6880299448966979
0.7342544198036192
0.7817229330539702
0.7057629227638245
0.7154724299907683
0.7114484012126921
0.7224411666393279
0.7413474321365355
0.6850206553936004
0.7061844766139983
0.7899806797504424
0.6522595286369323
0.7181712388992308
0.7462966144084929
0.6405290365219116
0.8197867572307584
0.8201400637626647
0.841544210910797
0.7010627686977385
0.759523957967758
0.7811323106288909
0.7080485820770263
0.7873107790946958
0.7934751510620117
0.6959862411022185
0.6737117767333983
0.6412161886692046
0.6728374958038329
0.824728339910507
0.6979485452175139
0.8298960030078886
0.7939595580101011
0.7684949040412901
0.6422460377216338
0.6721867024898528
0.6854422390460967
0.7328914999961852
0.6744724214076994
0.706577956676483
0.7381246685981749
0.7721864581108092
0.805516630411148
0.7086860835552214
0.8190788030624387
0.7097951173782346
0.6869628727436065
0.6522595584392546
0.7010722756385802
0.798374980688095
0.6892575621604917
0.8022668361663817
0.7994451224803922
0.7958182990550993
0.7227653861045835
0.8023051321506499
0.7514165043830869
0.819200575351715
0.7676210701465606
0.6847289502620696
0.6859373450279235
0.6980534195899962
0.6423195600509644
0.6223923861980437
0.8346771299839019
0.8109301030635832
0.7700923979282378
0.7334554195404052
0.7057629227638244
0.8546100854873656
0.7927534282207487
0.7311166524887083
0.8302072286605833
0.7327165603637694
0.7577768266201018
0.6530746221542356
0.6942979991436005
0.7189533114433287
0.7168418765068053
0.7311457395553588
0.837530046701431
0.7245072722434996
0.7065517604351043
0.6954294443130492
0.7112952470779418
0.7464918196201322
0.7109881937503812
0.8345439732074736
0.7167520523071288
0.7722426652908324
0.7085956037044523
0.7080485522747039
0.6622467637062072
0.6982211172580718
0.8010396659374236
0.7695489227771757
0.7752526998519896
0.7016538083553313
0.722712218761444
0.6624715924262999
0.8522436320781706
0.6622467637062072
0.6761062741279601
0.7671228051185606
0.6958773136138914
0.8569615185260772
0.7973727285861968
0.8360580205917357
0.8082227408885956
0.7248716950416564
0.7463699877262114
0.7447285354137418
0.630908966064453
0.6966380178928374
0.7089219093322752
0.6636699736118314
0.7084700465202329
0.892659544944763
0.7583346962928771
0.7421891391277312
0.7196225523948667
0.6865456998348235
0.7639192342758178
0.8357113301753997
0.793269783258438
0.8132435083389282
0.7117744684219359
0.7527873218059539
0.746960937976837
0.630908966064453
0.7970203459262847
0.7766854763031004
0.7586358487606047
0.7978232204914091
0.8103526830673216
0.773031175136566
0.7085790932178496
0.7117578685283659
0.6622468233108519
0.7784308493137357
0.7299526333808897
0.6730017066001891
0.793266028165817
0.7295117378234862
0.7897253036499022
0.7373816967010497
0.7102790474891661
0.7986519634723661
0.7783052027225493
0.7494368851184843
0.748661160469055
0.7518089413642881
0.8472249209880827
0.751019924879074
0.6958230733871459
0.7580932378768919
0.7195717692375182
0.7710007429122924
0.8351954221725463
0.7850031554698943
0.8246969878673552
0.7729749977588651
0.7929786443710325
0.8493074774742124
0.706577956676483
0.7352565228939054
0.7460906207561492
0.7231809496879577
0.7947735190391539
0.8363813757896422
0.7396032512187957
0.8752034306526181
0.7867393791675564
0.7215049564838409
0.734144240617752
0.7126820981502532
0.7847012281417846
0.7802519500255582
0.7438552677631377
0.6747415959835051
0.7929117381572721
0.7370411753654478
0.7868017554283141
0.7001867592334746
0.8022166788578031
0.7181784510612487
0.8901694416999815
0.678072690963745
0.6729474365711212
0.6422460377216337
0.8000125288963316
0.7734093368053435
0.7308146059513091
0.7431125342845916
0.6912817656993865
0.654708445072174
0.6426395475864409
0.7816917598247527
0.6985458433628081
0.7720573544502257
0.6619040966033934
0.8751829862594602
0.6844123899936675
0.7515341341495513
0.6630074679851531
0.6771200001239776
0.684700846672058
0.6752331256866454
0.6729473173618316
0.807977020740509
0.7591577768325805
0.6644851863384246
0.7980308830738067
0.7663729488849639
0.830458641052246
0.7458641231060028
0.6992526054382323
0.7089218795299529
0.6831717491149901
0.6764263510704039
0.6741296350955962
0.8128615617752073
0.7421046197414396
0.7671201825141906
0.8158304691314695
0.7463453412055968
0.7262453734874724
0.6828874647617339
0.8747267127037047
0.864109218120575
0.7142189145088195
0.7659974098205566
0.6316696405410765
0.8027842938899993
0.7077395319938659
0.6629094183444976
0.6855157911777495
0.8420427441596983
0.8138962984085081
0.684412360191345
0.7348080575466155
0.8462340235710141
0.6740789413452146
0.830457866191864
0.6618532836437224
0.6636702120304108
0.6622467637062072
0.709814965724945
0.8270239233970641
0.6630074083805083
0.7001755237579345
0.8134661018848417
0.7188460826873778
0.7098575830459593
0.6835973858833312
0.8153199851512906
0.8470439016818999
0.7709287703037261
0.6640917658805846
0.7478349804878233
0.714219033718109
0.8467076122760772
0.737133055925369
0.6960501968860625
0.7421278953552244
0.6844123899936675
0.7460175454616546
0.685285598039627
0.759497135877609
0.7478570342063903
0.7920735180377959
0.7827476263046264
0.7224412858486174
0.6851730942726134
0.8399148285388945
0.6855946183204651
0.6966962218284606
0.7284239828586577
0.836274743080139
0.7710216939449309
0.7588111758232116
0.8354997634887693
0.6405289471149443
0.7314547300338745
0.7831318974494934
0.6530746221542356
0.7421860694885254
0.6863889396190642
0.6866244673728942
0.8510023057460784
0.8037926256656647
0.824538379907608
0.6622467935085294
0.6959861814975737
0.7393028438091277
0.7245911359786986
0.7711781263351438
0.66290944814682
0.7326239645481109
0.6641651690006256
0.7072879970073699
0.6840189695358275
0.7228221595287322
0.7521012127399442
0.8589583039283751
0.6962445378303527
0.7881788909435271
0.7441864013671874
0.676008254289627
0.6749354600906371
0.8816171288490293
0.6974063217639922
0.7078182697296141
0.6844124197959899
0.7518641054630278
0.7355683445930479
0.8019634187221526
0.7678910493850708
0.7204957008361815
0.7500698566436768
0.7636290490627288
0.6636699736118314
0.7205861806869505
0.6844122409820556
0.6412160992622375
0.7769180834293365
0.7089218795299529
0.7453550994396209
0.7615492641925811
0.8015401065349578
0.7328362762928007
0.6774459779262542
0.8187177181243895
0.7339997887611388
0.6847007572650908
0.782017797231674
0.7069451808929442
0.75126314163208
0.7235874235630034
0.7192291319370269
0.6416095495223998
0.8141042590141295
0.8401459753513336
0.7171735167503355
0.8063289821147916
0.7633302807807921
0.6730262339115142
0.6625666618347168
0.8160579800605773
0.7286385893821716
0.7806615531444548
0.6901995837688445
0.7106828987598418
0.7714997231960294
0.6855946183204651
0.7004520297050475
0.7972691655158997
0.6732902228832244
0.6732902228832244
0.7271060943603515
0.7743335962295531
0.7983141839504241
0.7975423634052274
0.718410164117813
0.7865841984748839
0.7324415147304534
0.7491354644298552
0.7981511652469633
0.6627189218997954
0.697406381368637
0.7584675252437592
0.7061844766139984
0.7330400645732879
0.6431346237659453
0.8005722165107725
0.8297722339630125
0.722928375005722
0.8024627566337585
0.7544148266315459
0.6973006725311278
0.7217141687870025
0.7283343076705932
0.7180466651916503
0.6954802274703977
0.8486171364784239
0.6950622498989104
0.708921819925308
0.6515462100505828
0.8181257545948026
0.7770078182220457
0.6729473471641539
0.7193822860717772
0.7509945631027221
0.7101924419403074
0.6886707246303557
0.6802078783512114
0.7242623567581176
0.6640915870666503
0.775312304496765
0.7858639061450957
0.673762410879135
0.6962445378303527
0.7882907390594481
0.7188617885112761
0.7422966063022612
0.6840189099311828
0.7072879076004026
0.7668036222457885
0.6947195529937743
0.7842999398708342
0.8251208662986753
0.7316296696662902
0.7512804865837096
0.7311518490314483
0.8111004233360289
0.7393993735313414
0.7370036542415618
0.8270717561244963
0.730868875980377
0.8243599534034727
0.7123617827892302
0.7443069219589232
0.6840695738792418
0.7809295654296875
0.8722710013389587
0.7833982110023497
0.630908966064453
