24
49
73
103
131
161
194
221
250
277
307
329
354
380
401
430
461
495
523
555
579
607
631
661
693
724
752
774
805
832
857
886
910
931
959
993
1025
1057
1085
1110
1139
1161
1188
1215
1238
1263
1288
1321
1354
1376
1400
1429
1454
1483
1513
1546
1575
1604
1632
1663
1692
1719
1746
1772
1804
1829
1861
1898
1929
1952
1982
2010
2036
2068
2100
2136
2162
2194
2229
2254
2281
2302
2339
2370
2400
2432
2456
2481
2508
2535
2565
2597
2627
2651
2683
2706
2734
2761
2782
2807
2832
2861
2897
2920
2945
2972
2998
3024
3049
3072
3108
3131
3156
3183
3212
3248
3277
3311
3337
3369
3396
3419
3440
3472
3500
3532
3560
3585
3609
3633
3659
3689
3715
3740
3775
3804
3831
3856
3877
3913
3942
3967
3996
4024
4058
4080
4108
4132
4161
4193
4218
4247
4273
4302
4328
4353
4384
4413
4441
4473
4493
4521
4546
4570
4600
4625
4657
4689
4721
4755
4785
4805
4832
4854
4881
4907
4932
4961
4991
5019
5045
5071
5102
5126
5152
5179
5207
5232
5259
5287
5308
5340
5369
5390
5416
5442
5471
5497
5519
5547
5574
5600
5635
5657
5683
5713
5742
5772
5799
5825
5851
5879
5908
5931
5955
5978
6010
6036
6068
6098
6124
6161
6189
6211
6246
6275
6303
6331
6357
6383
6412
6438
6468
6495
6522
6552
6584
6619
6651
6675
6700
6723
6753
6778
6799
6826
6851
6884
6916
6943
6967
6990
7020
7050
7074
7097
7137
7170
7204
7230
7255
7290
7315
7337
7364
7388
7418
7443
7466
7490
7520
7550
7576
7603
7625
7647
7677
7703
7734
7765
7785
7813
7841
7866
7889
7908
7937
7969
7998
8024
8053
8081
8106
8130
8162
8188
8215
8238
8267
8290
8318
8345
8370
8401
8429
8460
8494
8521
8547
8577
8600
8625
8648
8673
8699
8718
8740
8768
8798
8820
8844
8872
8901
8933
8960
8985
9015
9041
9070
9093
9119
9143
9171
9200
9228
9252
9288
9311
9340
9370
9400
9425
9452
9478
9500
9519
9546
9578
9600
9631
9660
9688
9715
9738
9769
9791
9816
9841
9869
9891
9922
9951
9979
10000
10023
10049
10078
10102
10130
10155
10179
10199
10228
10259
10283
10309
10336
10363
10389
10412
10439
10465
10489
10512
10545
10573
10599
10627
10657
10686
10711
10735
10764
10791
10815
10843
10872
10897
10921
10942
10965
10987
11009
11031
11051
11079
11101
11125
11150
11180
11209
11233
11257
11277
11309
11343
11363
11387
11416
11439
11464
11490
11512
11541
11565
11594
11616
11639
11663
11689
11716
11744
11767
11797
11824
11853
11881
11907
11931
11957
11979
12003
12031
12054
12077
12104
12128
12154
12178
12203
12227
12251
12273
12300
12321
12348
12376
12399
12425
12443
12465
12494
12516
12537
12561
12588
12613
12640
12659
12682
12700
12733
12762
12787
12806
12830
12858
12883
12905
12930
12963
12988
13015
13037
13068
13098
13123
13149
13175
13205
13231
13260
13290
13309
13330
13349
13372
13400
13423
13447
13474
13495
13518
13544
13565
13589
13616
13643
13664
13687
13721
13746
13767
13795
13824
13850
13880
13902
13920
13947
13975
14003
14022
14047
14078
14099
14125
14150
14173
14196
14223
14245
14271
14291
14318
14341
14367
14390
14408
14430
14451
14478
14499
14521
14542
14566
14589
14611
14638
14667
14688
14714
14736
14767
14800
14823
14855
14876
14902
14929
14950
14971
14996
15020
15042
15060
15083
15110
15133
15153
15176
15197
15221
15254
15281
15302
15326
15346
15370
15395
15423
15447
15468
15493
15520
15545
15580
15602
15636
15663
15686
15716
15741
15765
15788
15812
15834
15851
15878
15903
15925
15950
15979
16004
16024
16044
16066
16093
16117
16138
16168
16192
16216
16242
16267
16288
16310
16337
16361
16386
16410
16436
16458
16482
16503
16525
16547
16566
16589
16615
16636
16664
16686
16706
16727
16751
16777
16797
16822
16841
16860
16884
16901
16925
16948
16967
16985
17012
17032
17059
17083
17105
17128
17151
17172
17196
17218
17240
17260
17285
17310
17332
17356
17382
17405
17431
17453
17474
17495
17516
17538
17559
17579
17599
17618
17636
17661
17685
17715
17743
17771
17791
17817
17842
17867
17889
17910
17929
17947
17965
17987
18011
18031
18053
18077
18097
18118
18139
18160
18181
18207
18227
18253
18277
18299
18319
18342
18359
18382
18402
18425
18447
18467
18493
18518
18540
18563
18584
18604
18627
18648
18668
18692
18711
18738
18761
18780
18804
18826
18853
18880
18908
18927
18949
18972
18993
19015
19035
19065
19086
19109
19130
19157
19180
19200
19224
19247
19267
19288
19310
19329
19350
19376
19403
19422
19447
19470
19489
19513
19541
19563
19586
19606
19629
19657
19680
19706
19726
19751
19772
19794
19814
19834
19854
19878
19899
19927
19949
19974
19996
20017
20038
20060
20082
20104
20125
20145
20172
20198
20220
20244
20267
20290
20312
20339
20364
20386
20407
20427
20448
20470
20499
20521
20538
20562
20587
20611
20638
20665
20681
20697
20717
20742
20761
20780
20797
20817
20837
20857
20879
20901
20923
20941
20970
20989
21011
21032
21056
21080
21095
21119
21138
21159
21181
21204
21226
21246
21264
21295
21322
21344
21365
21385
21405
21427
21451
21472
21495
21518
21537
21558
21579
21604
21628
21651
21675
21695
21720
21739
21761
21783
21809
21830
21853
21876
21896
21919
21939
21963
21984
22005
22026
22048
22072
22091
22116
22139
22156
22174
22197
22216
22245
22263
22283
22306
22329
22351
22371
22390
22414
22436
22457
22479
22498
22519
22540
22565
22585
22604
22626
22652
22671
22695
22718
22739
22758
22774
22794
22816
22838
22859
22879
22904
22927
22951
22973
22999
23017
23037
23058
23082
23108
23129
23149
23171
23194
23212
23235
23258
23276
23298
23318
23338
23359
23383
23401
23418
23435
23457
23474
23501
23517
23536
23555
23584
23610
23633
23651
23672
23695
23713
23736
23755
23778
23797
23820
23837
23860
23880
23900
23926
23950
23970
23989
24007
24029
24049
24070
24096
24116
24137
24157
24179
24196
24220
24236
24258
24277
24296
24317
24340
24360
24381
24400
24419
24436
24455
24473
24495
24516
24536
24560
24577
24601
24622
24647
24668
24685
24711
24731
24749
24768
24788
24808
24830
24855
24875
24897
24918
24942
24963
24984
24999
25019
25035
25053
25072
25096
25115
25135
25155
25178
25197
25217
25238
25264
25280
25297
25316
25334
25356
25377
25399
25419
25441
25462
25480
25498
25518
25538
25558
25580
25596
25615
25637
25656
25674
25695
25717
25734
25756
25775
25796
25820
25839
25864
25888
25911
25935
25954
25973
25992
26009
26028
26049
26069
26092
26111
26131
26152
26170
26192
26213
26235
26255
26275
26294
26313
26332
26359
26378
26397
26416
26435
26455
26480
26498
26519
26538
26560
26580
26599
26620
26638
26656
26677
26696
26715
26736
26753
26768
26789
26811
26833
26853
26871
26890
26909
26926
26949
26975
26997
27017
27037
27059
27080
27102
27121
27139
27160
27180
27198
27217
27236
27255
27276
27296
27317
27336
27358
27378
27400
27422
27444
27465
27484
27503
27526
27546
27563
27584
27606
27623
27644
27664
27682
27704
27723
27740
27762
27782
27801
27823
27842
27861
27880
27904
27926
27946
27962
27987
28014
28036
28057
28074
28093
28109
28128
28150
28167
28188
28209
28232
28253
28272
28293
28314
28332
28356
28373
28401
28419
28437
28455
28473
28491
28512
28530
28551
28574
28597
28620
28640
28656
28677
28696
28716
28734
28753
28774
28794
28813
28834
28855
28877
28898
28916
28937
28955
28974
28994
29017
29036
29055
29078
29099
29116
29134
29153
29172
29190
29210
29230
29248
29270
29288
29306
29324
29342
29361
29382
29401
29420
29436
29454
29472
29491
29509
29527
29546
29564
29586
29605
29622
29640
29656
29675
29693
29713
29730
29751
29773
29799
29816
29837
29856
29880
29906
29924
29947
29965
29984
30007
30024
30040
30058
30080
30100
30118
30137
30155
30177
30192
30208
30229
30247
30265
30288
30306
30326
30345
30366
30386
30404
30420
30442
30461
30480
30501
30520
30540
30562
30578
30597
30614
30633
30650
30670
30687
30708
30724
30742
30761
30781
30802
30820
30838
30855
30873
30891
30909
30933
30956
30978
30997
31013
31033
31053
31075
31092
31113
31131
31149
31168
31186
31207
31229
31248
31271
31289
31306
31321
31337
31353
31374
31393
31413
31431
31452
31470
31487
31510
31529
31549
31567
31584
31608
31626
31644
31663
31683
31700
31718
31735
31755
31777
31793
31815
31834
31853
31872
31892
31913
31933
31951
31969
31987
32004
32025
32045
32064
32083
32101
32121
32141
32165
32185
32202
32220
32239
32260
32278
32297
32317
32336
32353
32375
32396
32415
32432
32451
32468
32489
32504
32526
32547
32564
32583
32606
32621
32642
32660
32681
32699
32719
32736
32753
32773
32791
32808
32828
32850
32869
32885
32901
32916
32935
32954
32972
32990
33009
33027
33043
33064
33080
33103
33120
33137
33155
33173
33192
33212
33229
33252
33272
33292
33312
33329
33350
33366
33382
33405
33424
33444
33465
33488
33505
33525
33549
33568
33589
33607
33627
33643
33662
33680
33700
33720
33740
33757
33777
33794
33814
33833
33849
33867
33884
33900
33917
33935
33955
33972
33990
34006
34024
34041
34062
34078
34096
34116
34135
34152
34171
34191
34207
34232
34249
34269
34288
34307
34326
34347
34363
34378
34397
34415
34434
34451
34468
34485
34504
34524
34542
34561
34579
34598
34617
34634
34649
34667
34688
34706
34726
34742
34761
34782
34802
34821
34843
34860
34878
34896
34917
34934
34953
34972
34992
35012
35029
35050
35069
35087
35106
35122
35139
35158
35177
35195
35214
35234
35253
35273
35295
35317
35335
35352
35371
35390
35409
35430
35449
35467
35485
35502
35518
35533
35550
35570
35590
35608
35627
35644
35662
35680
35702
35721
35738
35757
35775
35792
35811
35831
35847
35866
35886
35902
35919
35939
35956
35973
35995
36012
36033
36055
36075
36091
36108
36125
36142
36160
36179
36197
36216
36236
36254
36275
36294
36311
36330
36348
36365
36383
36399
36419
36437
36454
36471
36490
36509
36526
36544
36566
36584
36605
36624
36643
36660
36678
36697
36721
36743
36762
36781
36800
36818
36834
36853
36871
36888
36906
36922
36941
36957
36974
36994
37015
37034
37052
37073
37092
37111
37129
37150
37168
37186
37203
37224
37243
37261
37281
37304
37322
37338
37353
37373
37391
37408
37425
37445
37461
37480
37497
37515
37533
37552
37571
37590
37611
37629
37646
37666
37683
37702
37719
37735
37752
37769
37789
37806
37824
37844
37860
37878
37893
37912
37929
37948
37964
37980
37999
38017
38036
38053
38072
38093
38111
38128
38149
38169
38184
38201
38223
38241
38258
38277
38295
38313
38331
38348
38367
38387
38403
38422
38441
38460
38477
38494
38512
38532
38554
38573
38590
38611
38627
38645
38661
38680
38699
38717
38736
38754
38771
38789
38805
38825
38848
38867
38885
38909
38926
38942
38957
38976
38991
39006
39023
39039
39056
39073
39094
39111
39127
39145
39163
39178
39198
39216
39231
39249
39273
39292
39310
39329
39347
39365
39381
39396
39414
39432
39452
39469
39489
39507
39526
39544
39560
39577
39596
39615
39635
39651
39669
39690
39707
39725
39746
39764
39783
39800
39815
39832
39851
39868
39887
39904
39921
39940
39955
39972
39990
40006
40026
40042
40062
40081
40099
40116
40137
40158
40177
40198
40215
40238
40254
40271
40289
40308
40324
40345
40362
40381
40399
40416
40434
40453
40474
40490
40506
40528
40549
40566
40585
40606
40630
40648
40664
40680
40697
40715
40735
40755
40771
40786
40806
40825
40844
40865
40883
40903
40919
40937
40957
40973
40990
41009
41026
41043
41062
41084
41102
41119
41136
41154
41174
41197
41213
41231
41250
41268
41285
41303
41321
41342
41358
41375
41394
41412
41428
41446
41461
41478
41496
41515
41532
41550
41566
41581
41600
41618
41637
41658
41675
41690
41706
41723
41741
41760
41776
41796
41815
41833
41848
41866
41886
41902
41918
41938
41954
41972
41989
42009
42031
42047
42066
42087
42105
42125
42141
42162
42178
42200
42219
42236
42256
42277
42294
42311
42327
42349
42366
42384
42401
42418
42434
42449
42470
42487
42503
42521
42539
42556
42578
42594
42612
42634
42652
42671
42687
42705
42724
42745
42765
42782
42801
42820
42835
42852
42871
42888
42906
42925
42941
42956
42978
42997
43018
43038
43060
43076
43092
43108
43127
43144
43161
43180
43197
43214
43234
43249
43266
43285
43303
43322
43340
43358
43375
43390
43406
43424
43442
43461
43479
43495
43512
43528
43546
43561
43578
43597
43617
43634
43651
43667
43685
43702
43718
43733
43750
43768
43785
43803
43821
43838
43854
43874
43893
43911
43930
43945
43963
43979
44001
44017
44034
44054
44072
44089
44105
44123
44141
44160
44177
44195
44211
44229
44249
44268
44285
44304
44322
44341
44359
44375
44391
44406
44421
44438
44457
44473
44491
44508
44529
44547
44563
44579
44594
44610
44627
44645
44665
44680
44696
44712
44730
44747
44765
44782
44799
44818
44834
44851
44868
44885
44904
44922
44939
44954
44971
44987
45006
45023
45040
45057
45074
45090
45106
45122
45139
45157
45177
45198
45214
45230
45247
45266
45284
45302
45321
45337
45353
45373
45390
45405
45421
45440
45458
45475
45495
45511
45528
45547
45566
45583
45598
45615
45635
45651
45669
45688
45705
45724
45742
45760
45778
45796
45813
45830
45847
45865
45882
45897
45913
45929
45947
45965
45986
46004
46022
46041
46059
46075
46090
46106
46123
46141
46160
46175
46192
46211
46228
46247
46262
46279
46296
46314
46331
46349
46368
46388
46410
46426
46446
46462
46479
46498
46515
46533
46552
46572
46590
46610
46626
46647
46666
46685
46702
46721
46736
46753
46772
46788
46805
46822
46837
46854
46870
46887
46905
46922
46937
46953
46972
46990
47006
47023
47040
47057
47073
47089
47104
47123
47139
47157
47175
47192
47208
47223
47239
47256
47275
47293
47311
47330
47348
47366
47384
47399
47416
47435
47451
47471
47490
47506
47523
47544
47562
47578
47596
47614
47630
47647
47667
47684
47700
47719
47738
47753
47771
47791
47810
47828
47845
47861
47878
47897
47915
47932
47951
47967
47982
48003
48018
48036
48056
48072
48093
48113
48130
48148
48167
48183
48200
48219
48235
48253
48269
48289
48308
48329
48345
48361
48380
48397
48416
48433
48448
48465
48483
48498
48520
48538
48559
48577
48594
48610
48629
48650
48668
48685
48701
48719
48734
48751
48768
48783
48798
48816
48836
48854
48873
48890
48906
48926
48944
48960
48977
48994
49011
49026
49043
49058
49073
49092
49110
49127
49144
49160
49175
49194
49212
49230
49247
49264
49281
49297
49314
49329
49348
49365
49382
49399
49415
49431
49447
49465
49481
49497
49513
49529
49545
49561
49578
49594
49610
49629
49649
49667
49684
49701
49716
49733
49749
49767
49783
49800
49818
49833
49851
49866
49884
49902
49918
49935
49953
49970
49987
50004
50023
50041
50058
50076
50093
50111
50127
50142
50158
50175
50194
50209
50230
50248
50267
50283
50298
50316
50333
50353
50370
50388
50405
50421
50436
50451
50469
50489
50505
50523
50540
50557
50577
50593
50609
50628
50645
50663
50680
50698
50713
50729
50750
50769
50785
50803
50819
50836
50853
50871
50888
50904
50921
50937
50954
50970
50988
51003
51019
51034
51055
51074
51091
51107
51125
51141
51159
51176
51193
51209
51225
51242
51257
51274
51290
51307
51324
51341
51358
51377
51393
51413
51428
51445
51461
51476
51493
51511
51527
51544
51560
51575
51590
51606
51623
51644
51661
51677
51694
51711
51727
51743
51760
51776
51791
51808
51826
51842
51861
51879
51897
51915
51931
51949
51964
51979
51995
52015
52030
52048
52066
52081
52096
52111
52127
52142
52160
52179
52197
52212
52229
52247
52263
52279
52295
52312
52330
52347
52366
52385
52402
52418
52434
52451
52470
52485
52500
52517
52533
52549
52565
52581
52597
52615
52631
52647
52664
52679
52694
52710
52725
52741
52759
52775
52790
52808
52823
52839
52856
52874
52891
52908
52924
52941
52959
52974
52989
53004
53021
53038
53054
53070
53087
53104
53119
53135
53151
53166
53184
53202
53217
53233
53249
53264
53280
53296
53312
53329
53345
53361
53377
53392
53409
53424
53439
53455
53474
53490
53505
53522
53540
53556
53572
53587
53603
53619
53636
53654
53673
53689
53708
53723
53740
53759
53777
53793
53808
53827
53843
53860
53876
53892
53908
53924
53941
53957
53975
53994
54010
54028
54048
54065
54081
54098
54115
54131
54148
54164
54181
54196
54214
54229
54244
54260
54275
54292
54307
54322
54338
54356
54373
54390
54409
54425
54442
54461
54477
54493
54509
54528
54544
54562
54577
54594
54612
54632
54648
54664
54680
54697
54712
54728
54743
54759
54774
54790
54807
54823
54840
54855
54872
54888
54906
54921
54938
54954
54971
54986
55002
55018
55035
55051
55066
55082
55100
55117
55136
55152
55170
55185
55204
55220
55237
55252
55273
55293
55311
55328
55343
55359
55374
55390
55405
55423
55441
55457
55475
55493
55509
55526
55545
55562
55578
55593
55609
55626
55643
55661
55677
55693
55710
55725
55742
55759
55775
55790
55808
55825
55843
55861
55878
55896
55913
55930
55946
55961
55977
55993
56011
56028
56046
56062
56079
56095
56110
56128
56144
56163
56182
56199
56214
56229
56245
56263
56278
56294
56309
56325
56340
56358
56374
56391
56408
56424
56441
56457
56473
56489
56506
56521
56538
56554
56569
56584
56600
56616
56631
56648
56663
56681
56696
56713
56728
56744
56760
56777
56792
56808
56826
56842
56858
56874
56890
56906
56922
56941
56957
56973
56989
57007
57023
57041
57056
57072
57087
57103
57119
57135
57152
57169
57184
57201
57218
57234
57249
57265
57280
57297
57314
57333
57348
57363
57378
57395
57411
57431
57446
57461
57476
57492
57511
57527
57543
57558
57577
57593
57608
57624
57640
57656
57671
57686
57703
57719
57735
57754
57772
57788
57805
57820
57835
57850
57866
57882
57898
57913
57929
57944
57960
57976
57992
58008
58024
58039
58056
58071
58087
58104
58122
58141
58157
58175
58191
58206
58224
58242
58258
58274
58291
58306
58322
58337
58355
58371
58388
58404
58420
58435
58450
58467
58482
58499
58515
58532
58549
58565
58581
58596
58612
58629
58644
58659
58675
58691
58706
58724
58739
58754
58771
58787
58802
58819
58836
58851
58866
58881
58896
58911
58927
58942
58957
58974
58990
59007
59024
59040
59057
59073
59090
59106
59121
59138
59154
59169
59184
59201
59217
59232
59247
59263
59278
59294
59312
59327
59342
59358
59376
59395
59413
59428
59443
59458
59473
59489
59504
59521
59539
59554
59569
59585
59600
59615
59631
59647
59664
59680
59697
59714
59730
59745
59762
59777
59793
59808
59823
59839
59855
59871
59889
59906
59922
59937
59954
59970
59986
60001
60017
60033
60049
60067
60082
60097
60113
60128
60144
60161
60178
60195
60211
60229
60244
60259
60275
60293
60310
60325
60340
60357
60372
60389
60405
60421
60437
60455
60471
60486
60502
60518
60536
60551
60566
60582
60597
60612
60629
60647
60664
60680
60697
60716
60731
60750
60767
60782
60800
60815
60833
60851
60868
60884
60900
60916
60931
60946
60963
60979
60995
61012
61028
61044
61061
61079
61095
61112
61128
61144
61160
61176
61195
61211
61227
61246
61261
61277
61293
61310
61328
61346
61361
61377
61392
61409
61425
61441
61458
61473
61490
61505
61522
61537
61553
61568
61584
61601
61619
61634
61649
61667
61683
61698
61715
61733
61749
61764
61780
61797
61812
61828
61843
61859
61874
61890
61908
61923
61938
61953
61973
61989
62005
62020
62036
62052
62067
62084
62099
62114
62129
62144
62160
62175
62191
62207
62222
62239
62254
62271
62286
62302
62317
62332
62349
62364
62381
62397
62412
62428
62444
62460
62476
62491
62507
62524
62539
62556
62572
62590
62605
62622
62637
62653
62668
62684
62700
62716
62732
62747
62763
62780
62797
62813
62829
62844
62860
62877
62892
62909
62926
62941
62959
62974
62990
63006
63021
63037
63052
63067
63083
63100
63115
63131
63147
63162
63177
63196
63214
63229
63244
63261
63276
63292
63308
63324
63340
63355
63370
63387
63403
63418
63434
63451
63466
63481
63497
63512
63529
63544
63562
63580
63596
63612
63627
63642
63657
63672
63688
63703
63719
63735
63750
63766
63781
63797
63813
63829
63844
63860
63875
63892
63907
63924
63942
63959
63975
63991
64008
64025
64041
64058
64073
64090
64106
64121
64138
64154
64170
64185
64201
64219
64234
64249
64264
64279
64296
64312
64328
64344
64360
64375
64391
64407
64424
64439
64454
64469
64486
64503
64519
64534
64550
64565
64582
64600
64615
64631
64647
64662
64678
64694
64710
64727
64743
64759
64775
64790
64806
64821
64837
64853
64869
64884
64900
64915
64932
64947
64962
64978
64993
65012
65027
65043
65059
65074
65091
65106
65123
65138
65153
65169
65184
65199
65215
65231
65246
65261
65277
65293
65312
65327
65343
65358
65373
65388
65404
65419
65436
65451
65467
65483
65499
65516
65534
65550
65567
65584
65600
65618
65634
65651
65666
65682
65698
65713
65728
65744
65760
65775
65790
65807
65822
65839
65854
65869
65884
65901
65916
65933
65948
65964
65980
65995
66010
66026
66041
66058
66073
66088
66107
66124
66140
66156
66172
66190
66207
66223
66239
66254
66269
66284
66300
66316
66334
66351
66367
66383
66398
66414
66429
66445
66460
66478
66493
66509
66526
66541
66557
66573
66590
66607
66622
66637
66653
66668
66684
66699
66715
66731
66747
66763
66778
66794
66810
66825
66840
66858
66874
66889
66906
66921
66938
66954
66971
66986
67002
67018
67033
67049
67064
67081
67097
67112
67127
67143
67158
67174
67191
67206
67223
67238
67254
67270
67285
67302
67319
67334
67351
67366
67381
67397
67412
67427
67442
67457
67472
67487
67502
67517
67534
67549
67566
67582
67599
67614
67631
67647
67663
67678
67694
67709
67724
67740
67755
67770
67785
67801
67817
67835
67851
67866
67882
67898
67913
67928
67943
67958
67973
67988
68004
68020
68035
68053
68068
68083
68099
68115
68130
68146
68162
68178
68193
68209
68225
68240
68255
68270
68286
68301
68319
68335
68350
68367
68383
68398
68414
68431
68446
68463
68479
68494
68510
68526
68543
68558
68574
68589
68604
68619
68634
68649
68664
68679
68695
68712
68727
68743
68758
68775
68791
68806
68822
68837
68853
68869
68885
68902
68917
68933
68950
68965
68980
68995
69011
69028
69043
69061
69078
69094
69110
69126
69143
69159
69174
69189
69205
69222
69237
69253
69268
69283
69298
69313
69329
69345
69360
69375
69391
69407
69423
69439
69455
69470
69487
69502
69520
69536
69551
69568
69585
69600
69617
69633
69650
69666
69681
69697
69713
69729
69744
69761
69778
69793
69808
69825
69840
69855
69870
69885
69900
69916
69931
69947
69963
69978
69993
70008
70024
70040
70055
70074
70089
70107
70122
70138
70153
70169
70185
70201
70216
70231
70247
70262
70279
70298
70314
70330
70346
70361
70377
70392
70407
70422
70437
70452
70468
70483
70500
70515
70530
70545
70560
70575
70591
70607
70622
70637
70653
70669
70685
70701
70717
70732
70747
70762
70778
70794
70811
70828
70844
70859
70875
70891
70906
70921
70938
70954
70970
70986
71002
71018
71033
71049
71064
71080
71096
71113
71128
71143
71160
71176
71193
71209
71225
71240
71255
71272
71289
71304
71320
71335
71351
71367
71383
71399
71415
71430
71447
71462
71477
71494
71510
71525
71542
71558
71574
71589
71605
71620
71635
71650
71667
71682
71697
71714
71730
71745
71760
71775
71790
71806
71821
71836
71852
71867
71886
71901
71916
71931
71948
71963
71979
71995
72010
72027
72042
72057
72074
72092
72108
72123
72139
72155
72171
72186
72202
72217
72233
72249
72264
72280
72295
72311
72326
72343
72359
72375
72390
72405
72420
72435
72450
72465
72482
72497
72513
72528
72544
72560
72575
72591
72606
72621
72638
72653
72669
72687
72702
72717
72733
72749
72765
72780
72795
72811
72826
72843
72861
72876
72891
72906
72922
72937
72952
72968
72983
72999
73014
73029
73047
73062
73078
73094
73111
73126
73141
73157
73173
73189
73206
73222
73239
73254
73270
73285
73300
73317
73335
73351
73366
73382
73398
73416
73431
73447
73463
73479
73494
73509
73525
73542
73557
73573
73588
73605
73620
73637
73652
73667
73682
73698
73713
73729
73744
73760
73775
73791
73808
73827
73843
73859
73874
73889
73904
73920
73935
73950
73965
73982
73997
74014
74029
74044
74060
74078
74094
74109
74124
74141
74156
74172
74190
74206
74223
74240
74255
74270
74285
74301
74316
74332
74348
74364
74379
74394
74409
74425
74440
74456
74471
74486
74501
74516
74533
74550
74565
74580
74595
74610
74626
74641
74659
74675
74690
74705
74721
74739
74754
74769
74784
74799
74814
74829
74844
74859
74875
74890
74905
74920
74936
74951
74967
74982
74999
75014
75029
75046
75061
75076
75092
75107
75123
75140
75155
75173
75188
75203
75219
75235
75250
75265
75282
75297
75312
75327
75342
75358
75374
75390
75405
75420
75436
75452
75469
75484
75499
75514
75529
75545
75560
75576
75591
75607
75622
75638
75654
75670
75685
75700
75715
75730
75745
75761
75776
75792
75808
75823
75838
75853
75868
75886
75902
75917
75932
75948
75964
75979
75994
76009
76024
76041
76056
76071
76086
76101
76117
76132
76147
76164
76180
76196
76211
76226
76241
76257
76272
76289
76304
76321
76337
76353
76369
76384
76399
76414
76429
76446
76462
76478
76494
76510
76525
76540
76555
76571
76586
76601
76616
76632
76647
76662
76677
76692
76707
76722
76737
76752
76767
76782
76799
76814
76829
76844
76859
76875
76891
76906
76922
76937
76952
76968
76984
77000
77015
77030
77045
77062
77077
77093
77110
77126
77142
77157
77172
77187
77202
77218
77233
77248
77263
77278
77293
77308
77324
77340
77355
77371
77386
77402
77418
77433
77448
77463
77479
77495
77510
77526
77543
77559
77576
77591
77606
77623
77638
77653
77669
77685
77701
77716
77731
77746
77762
77777
77792
77808
77823
77838
77853
77868
77884
77899
77914
77929
77944
77959
77974
77989
78004
78019
78034
78049
78065
78081
78097
78113
78128
78143
78158
78173
78188
78203
78219
78234
78249
78265
78281
78296
78311
78326
78343
78359
78374
78390
78405
78420
78436
78453
78469
78484
78499
78514
78529
78544
78559
78574
78590
78605
78621
78636
78651
78666
78682
78698
78713
78729
78744
78759
78774
78789
78804
78820
78836
78852
78869
78885
78901
78916
78931
78949
78964
78981
78996
79012
79027
79042
79057
79073
79088
79103
79118
79133
79149
79164
79179
79195
79210
79225
79240
79256
79271
79287
79302
79318
79333
79348
79364
79379
79394
79409
79424
79440
79455
79470
79486
79501
79516
79531
79546
79562
79579
79594
79609
79625
79640
79655
79670
79685
79700
79715
79731
79748
79764
79781
79797
79812
79828
79843
79858
79874
79889
79905
79920
79935
79950
79965
79980
79996
80012
80027
80042
80057
80072
80087
80102
80119
80135
80152
80167
80182
80197
80212
80227
80243
80258
80273
80288
80303
80318
80334
80350
80366
80381
80397
80412
80427
80442
80458
80473
80488
80503
80518
80533
80550
80566
80582
80599
80614
80629
80644
80659
80674
80690
80705
80722
80738
80753
80770
80785
80801
80818
80834
80851
80867
80882
80897
80914
80930
80946
80961
80976
80991
81006
81022
81037
81052
81067
81083
81098
81113
81128
81146
81162
81177
81193
81210
81225
81241
81256
81272
81287
81302
81318
81334
81349
81364
81379
81396
81411
81427
81442
81457
81472
81487
81503
81518
81535
81550
81565
81581
81597
81614
81631
81646
81661
81678
81693
81708
81724
81739
81755
81770
81785
81800
81816
81832
81848
81863
81878
81893
81908
81924
81939
81954
81970
81985
82002
82017
82032
82049
82064
82079
82095
82110
82125
82141
82157
82172
82187
82203
82218
82233
82250
82266
82281
82297
82313
82330
82345
82360
82377
82392
82407
82422
82437
82452
82467
82483
82498
82513
82528
82545
82563
82579
82594
82610
82626
82641
82656
82672
82688
82703
82720
82736
82751
82766
82781
82796
82811
82826
82841
82857
82872
82887
82903
82920
82935
82951
82966
82982
82998
83013
83029
83044
83059
83074
83090
83106
83121
83137
83154
83169
83184
83199
83214
83231
83247
83262
83277
83292
83308
83325
83340
83355
83370
83385
83400
83418
83434
83450
83465
83480
83495
83512
83527
83542
83557
83572
83588
83603
83618
83633
83649
83664
83679
83694
83709
83724
83739
83754
83769
83784
83800
83815
83830
83845
83862
83877
83892
83909
83924
83939
83955
83970
83986
84001
84016
84032
84047
84062
84077
84092
84107
84123
84139
84154
84170
84185
84200
84216
84231
84246
84261
84277
84293
84308
84323
84338
84355
84370
84385
84401
84416
84431
84448
84463
84478
84493
84509
84524
84539
84554
84569
84585
84601
84616
84632
84647
84662
84677
84694
84709
84724
84740
84755
84770
84785
84800
84816
84831
84847
84862
84877
84893
84909
84924
84939
84954
84969
84985
85001
85016
85031
85046
85061
85076
85091
85106
85121
85136
85151
85166
85181
85196
85212
85227
85244
85261
85276
85292
85308
85323
85339
85354
85370
85385
85400
85417
85433
85449
85464
85480
85496
85512
85528
85544
85559
85575
85591
85606
85621
85637
85652
85668
85683
85698
85713
85728
85743
85758
85773
85788
85804
85819
85836
85851
85866
85881
85897
85912
85927
85942
85958
85973
85989
86004
86019
86034
86050
86065
86081
86099
86114
86131
86146
86161
86177
86192
86208
86223
86238
86253
86269
86286
86302
86318
86333
86349
86366
86382
86397
86413
86428
86443
86458
86473
86488
86503
86518
86533
86548
86563
86578
86594
86611
86628
86643
86659
86674
86691
86706
86721
86737
86752
86767
86782
86797
86812
86828
86843
86859
86875
86890
86905
86920
86935
86950
86967
86983
86999
87015
87033
87048
87063
87079
87095
87111
87127
87143
87158
87173
87188
87203
87219
87235
87250
87266
87281
87296
87312
87328
87345
87360
87375
87390
87406
87421
87436
87452
87468
87483
87498
87514
87529
87544
87560
87575
87591
87607
87623
87638
87654
87670
87686
87702
87718
87733
87749
87764
87779
87794
87812
87827
87843
87858
87873
87888
87904
87919
87934
87950
87966
87981
87996
88011
88026
88042
88057
88073
88088
88103
88118
88133
88148
88163
88178
88193
88209
88224
88240
88255
88270
88285
88300
88315
88330
88345
88361
88376
88391
88407
88423
88438
88453
88468
88483
88498
88514
88529
88545
88560
88575
88590
88605
88621
88636
88651
88666
88682
88697
88712
88728
88744
88760
88775
88790
88806
88821
88836
88852
88867
88883
88898
88915
88930
88945
88961
88977
88993
89008
89023
89038
89053
89068
89085
89100
89116
89131
89146
89161
89176
89191
89207
89222
89238
89253
89269
89285
89300
89316
89331
89347
89362
89377
89392
89407
89422
89437
89452
89467
89482
89498
89513
89528
89543
89558
89573
89589
89605
89621
89636
89651
89666
89681
89696
89713
89728
89744
89759
89776
89791
89807
89823
89838
89853
89868
89884
89899
89914
89931
89946
89962
89977
89993
90008
90023
90039
90054
90070
90086
90101
90116
90132
90147
90162
90177
90192
90207
90222
90237
90252
90267
90282
90297
90312
90327
90344
90360
90376
90391
90406
90421
90436
90451
90466
90481
90497
90512
90527
90543
90558
90573
90588
90603
90618
90634
90649
90664
90679
90694
90709
90724
90739
90754
90769
90785
90800
90816
90831
90846
90861
90877
90892
90907
90922
90938
90953
90969
90984
91000
91015
91030
91045
91060
91076
91091
91107
91122
91137
91152
91167
91183
91198
91213
91228
91243
91258
91274
91291
91306
91321
91336
91352
91367
91382
91397
91414
91431
91446
91462
91477
91493
91508
91523
91538
91553
91568
91583
91600
91616
91631
91646
91661
91676
91691
91706
91721
91736
91751
91766
91781
91796
91811
91826
91841
91856
91872
91887
91902
91918
91933
91948
91963
91978
91993
92009
92024
92040
92055
92070
92085
92102
92117
92132
92147
92163
92178
92193
92208
92223
92239
92256
92271
92286
92301
92316
92331
92346
92361
92376
92391
92406
92422
92437
92453
92468
92484
92499
92514
92529
92544
92559
92576
92591
92606
92621
92636
92652
92667
92682
92698
92713
92728
92743
92760
92776
92791
92806
92822
92838
92853
92868
92883
92898
92914
92930
92945
92960
92975
92990
93006
93021
93037
93052
93067
93082
93097
93112
93129
93145
93161
93176
93192
93207
93222
93237
93252
93267
93282
93297
93314
93331
93347
93364
93379
93395
93412
93427
93442
93459
93475
93491
93507
93522
93537
93553
93568
93583
93598
93613
93628
93643
93659
93674
93690
93705
93721
93736
93752
93767
93782
93798
93813
93830
93846
93862
93877
93892
93907
93922
93937
93953
93968
93984
94000
94015
94030
94046
94062
94078
94094
94110
94125
94140
94155
94171
94186
94203
94218
94233
94248
94263
94278
94293
94309
94324
94339
94354
94369
94385
94401
94417
94432
94447
94463
94478
94493
94509
94524
94539
94554
94569
94584
94599
94614
94630
94646
94661
94676
94691
94706
94721
94737
94752
94768
94783
94798
94813
94828
94843
94858
94873
94888
94903
94918
94933
94948
94963
94978
94993
95008
95023
95038
95053
95069
95084
95099
95114
95130
95145
95160
95175
95190
95205
95221
95236
95251
95266
95282
95299
95314
95329
95344
95359
95374
95389
95404
95419
95434
95449
95464
95480
95495
95510
95525
95540
95555
95572
95589
95604
95619
95634
95650
95666
95682
95698
95715
95730
95745
95760
95775
95790
95805
95820
95835
95851
95866
95881
95896
95911
95926
95941
95956
95971
95987
96002
96019
96034
96049
96064
96079
96094
96109
96124
96139
96154
96170
96185
96201
96217
96233
96248
96263
96278
96293
96308
96323
96338
96354
96369
96384
96399
96416
96431
96446
96461
96476
96491
96506
96521
96536
96553
96568
96583
96599
96614
96629
96644
96659
96675
96691
96706
96721
96736
96751
96766
96781
96796
96812
96827
96842
96857
96872
96889
96904
96919
96934
96949
96964
96979
96994
97009
97024
97039
97055
97070
97085
97100
97115
97130
97145
97160
97175
97190
97205
97220
97235
97250
97265
97282
97297
97312
97328
97343
97359
97375
97390
97405
97420
97435
97450
97465
97480
97495
97510
97526
97541
97556
97573
97588
97603
97618
97633
97648
97664
97679
97694
97709
97724
97739
97754
97769
97784
97799
97814
97829
97844
97859
97875
97890
97905
97922
97937
97954
97969
97985
98000
98015
98030
98045
98060
98075
98090
98105
98120
98135
98151
98166
98182
98197
98212
98227
98242
98257
98272
98287
98302
98319
98334
98349
98364
98380
98395
98411
98427
98442
98457
98472
98487
98502
98518
98533
98548
98563
98579
98594
98609
98624
98639
98654
98670
98685
98700
98715
98730
98745
98760
98776
98791
98806
98821
98836
98851
98867
98883
98898
98913
98929
98944
98959
98974
98989
99004
99019
99034
99049
99065
99081
99096
99111
99126
99142
99157
99172
99187
99203
99218
99235
99251
99266
99281
99296
99311
99326
99341
99356
99371
99386
99401
99417
99433
99449
99465
99481
99496
99511
99526
99541
99557
99572
99587
99603
99618
99633
99648
99663
99678
99693
99708
99723
99738
99753
99768
99783
99798
99813
99828
99843
99860
99875
99890
99905
99920
99935
99950
99965
99981
99996
100012
100027
100042
100058
100073
100089
100104
100120
100136
100151
100166
100182
100198
100215
100231
100246
100262
100277
100292
100308
100323
100338
100353
100368
100383
100398
100414
100430
100445
100460
100475
100490
100505
100520
100535
100550
100565
100582
100597
100612
100627
100642
100657
100672
100687
100702
100717
100732
100747
100762
100777
100792
100807
100822
100838
100853
100868
100883
100898
100914
100930
100946
100961
100976
100991
101007
101022
101037
101052
101067
101082
101097
101113
101128
101143
101158
101173
101188
101203
101218
101233
101248
101263
101279
101294
101309
101324
101339
101354
101369
101384
101399
101414
101429
101444
101459
101474
101489
101504
101519
101535
101550
101565
101580
101595
101610
101625
101640
101655
101670
101685
101700
101715
101730
101746
101762
101778
101793
101810
101825
101843
101858
101873
101888
101903
101918
101933
101948
101963
101978
101993
102008
102024
102039
102055
102070
102085
102100
102115
102131
102148
102163
102178
102193
102208
102223
102238
102254
102270
102286
102301
102316
102331
102346
102361
102376
102391
102407
102422
102437
102452
102467
102482
102497
102513
102528
102544
102559
102574
102589
102604
102620
102635
102650
102665
102680
102695
102710
102725
102740
102755
102770
102785
102800
102815
102831
102846
102862
102877
102892
102908
102924
102939
102954
102969
102984
102999
103015
103030
103045
103060
103075
103091
103106
103121
103136
103151
103166
103181
103196
103212
103227
103242
103257
103272
103287
103302
103317
103333
103348
103363
103378
103393
103408
103423
103438
103454
103469
103484
103499
103514
103529
103545
103561
103576
103591
103606
103622
103637
103652
103667
103682
103698
103715
103730
103745
103760
103775
103791
103806
103821
103837
103852
103867
103882
103898
103913
103929
103945
103960
103975
103990
104005
104020
104035
104051
104066
104081
104097
104113
104129
104145
104160
104175
104191
104206
104221
104236
104252
104267
104282
104297
104313
104328
104343
104358
104374
104390
104405
104421
104436
104451
104466
104481
104496
104511
104526
104541
104556
104571
104586
104601
104616
104631
104647
104662
104677
104692
104708
104723
104738
104754
104769
104784
104799
104814
104829
104844
104860
104875
104890
104905
104920
104935
104950
104965
104980
104997
105012
105028
105043
105059
105075
105092
105107
105122
105137
105152
105168
105183
105199
105214
105230
105245
105260
105275
105291
105307
105322
105337
105352
105367
105382
105397
105412
105429
105444
105459
105475
105491
105506
105523
105538
105553
105569
105584
105599
105614
105629
105644
105660
105675
105691
105707
105722
105737
105752
105767
105782
105797
105814
105829
105845
105860
105875
105891
105906
105921
105936
105951
105967
105982
105997
106012
106028
106043
106058
106073
106088
106104
106119
106134
106149
106164
106179
106194
106209
106224
106239
106254
106269
106284
106300
106316
106333
106348
106363
106379
106395
106410
106425
106440
106455
106470
106485
106500
106515
106530
106546
106561
106576
106591
106606
106621
106637
106652
106668
106683
106698
106713
106728
106743
106758
106773
106788
106803
106819
106834
106849
106864
106879
106894
106909
106924
106940
106955
106970
106985
107000
107015
107030
107045
107061
107076
107092
107107
107122
107137
107153
107168
107183
107198
107213
107228
107243
107259
107275
107290
107305
107320
107335
107350
107367
107383
107398
107413
107428
107444
107460
107475
107490
107505
107520
107535
107551
107566
107582
107597
107612
107627
107642
107657
107674
107689
107704
107719
107734
107749
107764
107781
107796
107812
107827
107842
107857
107873
107888
107903
107918
107933
107948
107963
107978
107994
108009
108024
108039
108054
108069
108084
108099
108114
108129
108144
108159
108174
108190
108205
108220
108235
108250
108265
108281
108296
108311
108326
108341
108356
108371
108386
108401
108416
108432
108447
108462
108477
108492
108507
108523
108538
108554
108570
108585
108600
108615
108630
108646
108662
108677
108692
108707
108722
108737
108753
108768
108783
108798
108813
108828
108843
108858
108873
108888
108903
108918
108933
108948
108963
108978
108994
109009
109025
109041
109056
109071
109086
109101
109117
109132
109147
109162
109177
109192
109207
109222
109237
109252
109268
109283
109298
109313
109328
109343
109358
109374
109389
109404
109419
109434
109450
109465
109481
109496
109511
109526
109541
109556
109571
109586
109601
109616
109631
109646
109661
109677
109692
109709
109724
109739
109754
109769
109784
109799
109814
109829
109844
109859
109874
109890
109905
109920
109935
109950
109965
109980
109995
110010
110025
110041
110056
110071
110086
110101
110116
110131
110146
110161
110177
110192
110207
110222
110237
110252
110267
110282
110298
110313
110328
110343
110358
110375
110390
110405
110420
110435
110450
110465
110480
110495
110510
110525
110540
110555
110570
110585
110600
110615
110630
110645
110660
110677
110693
110708
110724
110739
110754
110769
110784
110799
110814
110829
110844
110859
110874
110889
110904
110919
110934
110950
110965
110980
110995
111010
111025
111040
111055
111070
111085
111100
111116
111131
111146
111162
111177
111192
111208
111224
111239
111254
111269
111284
111299
111315
111330
111345
111360
111375
111390
111407
111422
111438
111454
111469
111484
111499
111514
111529
111544
111559
111574
111589
111604
111619
111634
111649
111664
111679
111695
111710
111725
111740
111755
111770
111785
111800
111815
111830
111845
111860
111876
111892
111907
111923
111938
111953
111968
111983
111999
112014
112029
112044
112059
112074
112090
112106
112121
112136
112151
112166
112182
112197
112212
112228
112243
112258
112273
112288
112303
112318
112334
112349
112364
112379
112394
112409
112424
112439
112454
112469
112484
112499
112514
112530
112545
112560
112575
112590
112605
112620
112635
112650
112665
112680
112695
112710
112725
112740
112755
112771
112786
112802
112818
112834
112849
112864
112879
112894
112909
112925
112941
112956
112971
112986
113001
113016
113031
113046
113061
113077
113092
113107
113122
113137
113153
113168
113184
113199
113214
113229
113244
113260
113275
113290
113306
113321
113336
113351
113366
113382
113397
113412
113427
113442
113457
113473
113489
113504
113519
113534
113549
113564
113579
113594
113609
113625
113640
113655
113670
113686
113701
113716
113731
113746
113761
113776
113791
113806
113821
113837
113852
113867
113883
113899
113915
113930
113945
113960
113975
113991
114006
114022
114037
114052
114068
114083
114098
114113
114128
114143
114158
114173
114188
114203
114219
114234
114249
114264
114280
114295
114310
114326
114341
114357
114372
114389
114406
114421
114437
114454
114469
114484
114499
114514
114529
114544
114559
114574
114589
114604
114619
114634
114649
114664
114679
114694
114709
114724
114739
114754
114769
114784
114799
114814
114829
114844
114859
114875
114890
114906
114921
114936
114952
114967
114983
114998
115013
115028
115043
115058
115073
115088
115103
115118
115133
115148
115163
115178
115193
115208
115223
115238
115253
115268
115285
115300
115315
115330
115345
115360
115376
115391
115406
115421
115436
115451
115466
115481
115497
115512
115527
115542
115558
115573
115588
115603
115618
115633
115648
115663
115678
115693
115709
115724
115740
115755
115770
115785
115800
115815
115830
115845
115861
115876
115891
115906
115921
115936
115951
115966
115981
115996
116011
116026
116042
116057
116072
116087
116102
116117
116132
116147
116162
116178
116194
116209
116224
116239
116254
116269
116284
116299
116314
116329
116344
116359
116374
116389
116404
116419
116434
116449
116464
116479
116494
116509
116524
116540
116556
116571
116586
116602
116617
116632
116647
116662
116677
116692
116707
116722
116738
116753
116768
116783
116798
116813
116828
116843
116858
116873
116889
116904
116919
116935
116950
116965
116980
116995
117010
117025
117040
117055
117070
117085
117100
117115
117131
117146
117161
117176
117192
117207
117222
117237
117252
117268
117283
117299
117314
117329
117344
117360
117377
117393
117408
117424
117440
117455
117471
117486
117501
117516
117531
117546
117561
117576
117591
117606
117621
117636
117651
117666
117681
117696
117711
117727
117742
117757
117772
117787
117802
117817
117832
117848
117863
117880
117895
117910
117925
117940
117955
117970
117985
118000
118015
118030
118045
118060
118075
118090
118105
118120
118136
118151
118166
118181
118196
118211
118226
118241
118256
118271
118286
118301
118317
118332
118347
118362
118377
118392
118407
118422
118437
118452
118467
118482
118497
118512
118527
118542
118557
118572
118587
118602
118617
118632
118647
118663
118678
118693
118708
118723
118738
118753
118769
118784
118799
118814
118829
118844
118859
118874
118889
118905
118921
118936
118951
118966
118982
118997
119012
119027
119042
119057
119072
119087
119103
119118
119133
119148
119163
119178
119193
119208
119223
119238
119253
119268
119283
119299
119314
119329
119344
119359
119374
119389
119404
119419
119434
119449
119464
119479
119494
119509
119524
119539
119555
119570
119585
119600
119616
119631
119646
119661
119676
119691
119706
119721
119737
119752
119767
119783
119798
119813
119829
119845
119861
119876
119891
119906
119921
119936
119951
119966
119981
119996
120011
120026
120042
120057
120072
120087
120102
120117
120132
120147
120163
120178
120193
120208
120225
120240
120255
120270
120286
120301
120316
120331
120346
120361
120377
120392
120407
120422
120437
120452
120467
120482
120498
120513
120528
120543
120558
120573
120588
120603
120618
120634
120649
120664
120680
120695
120710
120725
120740
120755
120770
120785
120800
120816
120831
