30
61
89
118
152
178
206
236
266
289
315
343
364
391
414
445
477
508
533
562
589
622
648
679
703
730
756
789
812
840
867
896
919
952
978
1006
1034
1064
1097
1122
1157
1192
1217
1241
1273
1300
1326
1360
1387
1416
1440
1468
1494
1521
1549
1584
1610
1629
1662
1693
1724
1750
1771
1800
1831
1861
1887
1913
1937
1963
1993
2023
2051
2084
2116
2146
2181
2215
2239
2267
2298
2327
2350
2377
2408
2431
2459
2491
2522
2546
2577
2607
2643
2671
2706
2735
2765
2793
2817
2844
2875
2902
2926
2954
2984
3005
3035
3067
3094
3121
3141
3172
3203
3230
3256
3285
3316
3348
3376
3402
3435
3461
3494
3528
3555
3580
3608
3637
3668
3700
3725
3752
3783
3815
3849
3872
3898
3931
3960
3985
4013
4041
4072
4103
4128
4157
4185
4206
4232
4263
4291
4319
4345
4373
4407
4439
4462
4496
4522
4553
4582
4609
4640
4670
4694
4728
4750
4776
4808
4840
4865
4886
4912
4937
4968
4999
5030
5065
5093
5131
5164
5193
5222
5251
5278
5313
5342
5366
5397
5425
5447
5474
5505
5533
5561
5590
5618
5652
5687
5716
5742
5769
5802
5831
5856
5878
5903
5931
5967
5990
6015
6046
6073
6101
6133
6155
6181
6213
6244
6278
6307
6333
6370
6393
6421
6453
6475
6501
6525
6551
6579
6611
6634
6660
6686
6720
6754
6782
6805
6830
6852
6882
6912
6943
6983
7009
7037
7071
7101
7125
7147
7177
7205
7238
7262
7285
7310
7337
7369
7397
7418
7445
7477
7507
7537
7563
7590
7622
7652
7681
7711
7743
7772
7796
7825
7857
7881
7912
7939
7967
7992
8019
8052
8079
8107
8144
8169
8191
8222
8246
8270
8306
8334
8360
8389
8417
8450
8475
8508
8532
8560
8589
8613
8644
8668
8696
8725
8750
8779
8807
8837
8870
8897
8918
8944
8972
8999
9031
9059
9087
9125
9149
9181
9207
9231
9263
9290
9322
9350
9380
9405
9435
9460
9494
9514
9540
9572
9594
9626
9653
9681
9703
9726
9755
9777
9797
9829
9865
9900
9925
9950
9973
10008
10036
10064
10096
10128
10158
10185
10215
10238
10264
10296
10320
10347
10371
10397
10428
10454
10475
10504
10541
10567
10594
10628
10654
10676
10703
10733
10761
10786
10816
10842
10876
10902
10934
10961
10991
11029
11057
11082
11106
11140
11168
11193
11223
11261
11289
11313
11343
11376
11398
11423
11451
11476
11498
11529
11563
11592
11617
11636
11663
11691
11722
11751
11781
11805
11834
11854
11878
11912
11940
11970
11993
12020
12044
12069
12100
12128
12155
12181
12208
12233
12268
12304
12326
12359
12391
12419
12442
12466
12499
12524
12552
12578
12604
12632
12655
12688
12714
12740
12760
12782
12817
12838
12860
12888
12909
12932
12964
12995
13024
13058
13086
13112
13143
13174
13193
13226
13252
13283
13304
13329
13360
13384
13410
13439
13459
13490
13517
13549
13581
13607
13634
13656
13691
13717
13743
13772
13798
13827
13851
13875
13902
13927
13956
13986
14011
14034
14059
14078
14106
14134
14151
14175
14210
14244
14268
14295
14314
14346
14370
14402
14430
14454
14484
14517
14547
14577
14607
14636
14665
14690
14715
14743
14767
14793
14820
14842
14876
14900
14924
14956
14978
15002
15031
15053
15083
15116
15143
15165
15185
15212
15237
15266
15294
15321
15342
15366
15394
15417
15448
15473
15508
15531
15558
15577
15601
15626
15654
15684
15712
15742
15762
15788
15815
15850
15878
15905
15934
15959
15985
16011
16037
16063
16089
16111
16140
16163
16187
16212
16241
16264
16293
16322
16345
16369
16395
16420
16442
16465
16493
16515
16544
16570
16591
16617
16642
16674
16700
16730
16756
16781
16804
16824
16845
16863
16888
16909
16932
16958
16984
17004
17036
17055
17080
17110
17137
17157
17181
17210
17235
17253
17274
17302
17326
17350
17377
17409
17431
17453
17477
17495
17522
17547
17570
17594
17624
17648
17677
17705
17733
17766
17785
17817
17841
17867
17895
17918
17940
17968
17992
18019
18056
18081
18102
18128
18154
18184
18209
18247
18269
18296
18319
18343
18371
18389
18414
18443
18466
18487
18514
18539
18563
18588
18616
18637
18668
18691
18713
18737
18762
18786
18810
18830
18852
18878
18900
18924
18946
18976
19001
19024
19049
19079
19105
19128
19156
19192
19225
19255
19287
19310
19330
19349
19375
19397
19424
19443
19463
19487
19511
19535
19559
19589
19618
19641
19665
19691
19723
19749
19771
19800
19820
19842
19870
19903
19925
19944
19971
20005
20030
20055
20075
20100
20130
20148
20172
20201
20225
20244
20267
20289
20311
20339
20361
20384
20412
20433
20457
20486
20505
20532
20551
20575
20598
20623
20644
20664
20689
20711
20733
20755
20784
20804
20828
20848
20874
20897
20923
20941
20968
20988
21020
21044
21069
21092
21124
21147
21171
21193
21217
21241
21271
21294
21317
21342
21365
21388
21411
21433
21458
21479
21505
21527
21554
21577
21602
21625
21653
21675
21698
21720
21745
21769
21794
21819
21842
21865
21897
21919
21942
21969
21995
22021
22040
22061
22084
22109
22136
22163
22189
22210
22235
22255
22275
22294
22316
22338
22369
22391
22415
22440
22463
22487
22509
22529
22551
22575
22598
22622
22647
22665
22687
22705
22731
22751
22777
22800
22820
22845
22873
22897
22926
22952
22978
23005
23032
23052
23074
23096
23128
23154
23182
23201
23223
23243
23267
23290
23308
23334
23360
23387
23408
23436
23458
23487
23513
23534
23554
23578
23601
23624
23650
23669
23693
23713
23739
23761
23784
23809
23834
23856
23879
23903
23925
23953
23974
24000
24020
24043
24069
24093
24118
24138
24166
24190
24213
24238
24266
24292
24316
24341
24363
24382
24403
24431
24451
24476
24497
24529
24550
24572
24591
24617
24640
24657
24677
24698
24721
24744
24765
24789
24809
24830
24858
24880
24910
24936
24964
24987
25012
25032
25058
25082
25109
25138
25163
25182
25201
25223
25244
25264
25282
25302
25328
25347
25371
25392
25418
25439
25462
25484
25509
25534
25553
25577
25601
25634
25660
25683
25707
25727
25746
25769
25788
25810
25839
25858
25883
25911
25936
25958
25980
26000
26021
26046
26067
26089
26108
26136
26154
26177
26203
26225
26248
26269
26292
26312
26337
26359
26385
26410
26438
26458
26481
26505
26524
26542
26571
26589
26609
26638
26657
26681
26711
26731
26753
26776
26795
26813
26836
26862
26878
26901
26921
26937
26957
26984
27005
27024
27048
27071
27091
27114
27134
27161
27182
27203
27229
27247
27272
27302
27325
27347
27369
27400
27426
27449
27464
27483
27504
27528
27553
27573
27593
27614
27632
27656
27679
27696
27721
27746
27767
27788
27811
27832
27858
27882
27904
27924
27945
27965
27987
28005
28028
28050
28072
28094
28117
28137
28156
28173
28199
28219
28242
28270
28293
28318
28337
28354
28381
28402
28420
28442
28468
28490
28513
28535
28558
28579
28598
28617
28633
28653
28673
28698
28720
28740
28757
28782
28802
28827
28848
28865
28887
28909
28932
28956
28978
28999
29021
29041
29068
29089
29107
29133
29155
29179
29200
29220
29240
29261
29280
29299
29319
29340
29360
29378
29400
29423
29446
29466
29483
29502
29523
29545
29565
29589
29611
29635
29655
29675
29701
29718
29738
29762
29784
29805
29825
29842
29865
29888
29913
29935
29956
29975
29999
30018
30037
30054
30081
30104
30127
30148
30172
30187
30207
30232
30258
30283
30305
30326
30349
30373
30395
30415
30434
30453
30472
30494
30515
30538
30557
30582
30600
30625
30644
30663
30687
30709
30731
30751
30773
30797
30820
30840
30864
30881
30898
30920
30942
30960
30982
31004
31024
31045
31064
31089
31110
31131
31148
31168
31184
31205
31223
31243
31262
31282
31305
31324
31342
31363
31381
31401
31423
31444
31461
31486
31504
31521
31538
31557
31576
31594
31612
31628
31647
31667
31689
31708
31727
31747
31767
31786
31807
31832
31851
31873
31893
31915
31933
31955
31976
31998
32019
32040
32061
32082
32103
32120
32139
32163
32187
32207
32226
32249
32269
32292
32314
32338
32364
32384
32403
32428
32449
32470
32494
32513
32535
32551
32567
32587
32605
32629
32648
32667
32691
32716
32739
32760
32780
32802
32821
32840
32859
32875
32896
32912
32935
32958
32983
32999
33019
33038
33058
33075
33093
33115
33139
33160
33184
33204
33222
33243
33262
33283
33302
33322
33341
33360
33385
33404
33423
33442
33460
33479
33499
33519
33538
33561
33580
33601
33619
33639
33660
33678
33699
33720
33740
33763
33787
33803
33821
33841
33866
33882
33903
33922
33948
33972
33992
34009
34029
34047
34067
34086
34110
34130
34152
34174
34197
34216
34234
34251
34271
34289
34306
34322
34343
34365
34388
34410
34430
34450
34469
34487
34511
34533
34554
34573
34591
34614
34635
34656
34681
34701
34720
34742
34764
34784
34803
34822
34839
34856
34874
34893
34913
34930
34946
34966
34986
35005
35023
35046
35063
35079
35096
35114
35138
35159
35179
35199
35219
35241
35263
35281
35297
35315
35335
35353
35371
35391
35408
35426
35445
35464
35488
35507
35526
35547
35568
35588
35607
35628
35650
35672
35689
35709
35728
35748
35765
35787
35805
35828
35846
35863
35881
35898
35915
35933
35954
35972
35996
36012
36030
36049
36067
36085
36102
36119
36137
36159
36182
36202
36219
36238
36255
36273
36292
36310
36328
36347
36365
36383
36404
36422
36440
36462
36479
36497
36515
36534
36552
36571
36588
36611
36630
36650
36668
36685
36704
36725
36743
36762
36779
36794
36814
36833
36852
36873
36890
36909
36928
36947
36967
36986
37007
37029
37045
37061
37079
37100
37119
37143
37158
37178
37202
37221
37239
37259
37276
37296
37314
37332
37353
37375
37392
37410
37431
37451
37470
37488
37506
37522
37543
37563
37583
37602
37620
37640
37658
37676
37694
37711
37729
37749
37767
37789
37808
37827
37844
37862
37880
37897
37913
37933
37952
37969
37991
38007
38032
38052
38067
38086
38103
38122
38140
38157
38174
38193
38214
38230
38249
38266
38289
38307
38327
38344
38361
38382
38399
38415
38435
38456
38475
38497
38514
38530
38547
38567
38586
38605
38626
38649
38669
38687
38705
38721
38741
38760
38775
38796
38811
38829
38845
38862
38878
38898
38915
38932
38949
38965
38984
39001
39021
39039
39059
39079
39096
39112
39132
39148
39167
39185
39203
39220
39237
39253
39268
39288
39304
39324
39342
39357
39376
39395
39414
39439
39455
39473
39493
39513
39528
39545
39562
39582
39601
39617
39635
39653
39671
39687
39707
39725
39745
39764
39783
39807
39827
39846
39865
39881
39898
39920
39939
39956
39977
39992
40012
40035
40052
40070
40088
40106
40122
40140
40156
40176
40193
40212
40229
40249
40269
40289
40306
40324
40342
40358
40373
40388
40410
40426
40447
40468
40486
40504
40522
40540
40561
40580
40598
40615
40632
40652
40667
40689
40708
40725
40741
40757
40775
40791
40810
40827
40843
40860
40879
40900
40918
40935
40952
40969
40986
41002
41019
41036
41053
41071
41086
41105
41123
41141
41156
41176
41193
41210
41225
41243
41258
41275
41291
41309
41326
41344
41365
41383
41404
41421
41437
41454
41471
41489
41508
41526
41545
41561
41579
41599
41617
41635
41660
41677
41692
41710
41726
41745
41764
41783
41801
41818
41834
41851
41869
41886
41905
41922
41940
41955
41972
41992
42009
42025
42042
42059
42076
42098
42116
42137
42152
42170
42186
42204
42221
42237
42253
42274
42291
42307
42324
42342
42365
42382
42398
42413
42433
42449
42465
42482
42499
42517
42535
42552
42569
42589
42609
42626
42641
42658
42677
42694
42712
42733
42751
42766
42783
42799
42815
42831
42848
42867
42885
42902
42919
42936
42954
42975
42993
43010
43025
43041
43059
43078
43094
43111
43127
43143
43163
43179
43196
43212
43229
43244
43260
43275
43290
43306
43321
43338
43356
43371
43387
43404
43420
43439
43458
43475
43491
43513
43533
43548
43564
43580
43600
43623
43641
43658
43675
43691
43708
43723
43740
43755
43770
43786
43803
43820
43837
43854
43869
43888
43908
43925
43941
43959
43974
43993
44008
44026
44043
44059
44079
44097
44114
44131
44148
44167
44186
44203
44219
44238
44255
44277
44293
44312
44329
44347
44363
44379
44398
44413
44431
44449
44468
44485
44506
44524
44539
44557
44574
44591
44607
44625
44642
44658
44674
44692
44709
44727
44744
44761
44777
44793
44811
44834
44851
44869
44884
44902
44921
44938
44955
44972
44992
45009
45030
45049
45065
45080
45100
45122
45137
45158
45175
45193
45212
45230
45248
45264
45282
45298
45315
45333
45351
45369
45387
45403
45418
45433
45453
45469
45485
45503
45520
45536
45553
45573
45595
45614
45633
45649
45665
45684
45701
45718
45735
45752
45769
45787
45806
45823
45841
45858
45876
45894
45912
45928
45947
45966
45982
46002
46019
46035
46053
46070
46088
46107
46124
46141
46159
46176
46194
46214
46235
46253
46269
46291
46309
46328
46347
46364
46383
46401
46418
46434
46452
46468
46484
46499
46519
46539
46556
46577
46593
46614
46632
46648
46666
46683
46700
46715
46735
46751
46769
46784
46800
46816
46836
46853
46873
46890
46905
46924
46942
46958
46974
46990
47009
47026
47042
47059
47078
47093
47111
47130
47148
47165
47181
47196
47213
47228
47244
47265
47282
47300
47319
47338
47353
47372
47389
47407
47423
47438
47456
47473
47495
47515
47533
47550
47568
47592
47609
47627
47646
47664
47681
47697
47712
47731
47749
47768
47784
47801
47818
47836
47854
47874
47891
47907
47928
47950
47968
47985
48000
48016
48035
48054
48073
48092
48110
48127
48146
48161
48181
48197
48215
48230
48248
48264
48282
48299
48314
48330
48346
48365
48382
48397
48413
48432
48451
48468
48485
48502
48519
48538
48557
48578
48595
48613
48628
48644
48661
48678
48693
48711
48728
48743
48759
48776
48794
48811
48833
48852
48872
48891
48906
48922
48940
48958
48976
48994
49013
49029
49045
49061
49077
49093
49109
49124
49142
49158
49175
49193
49211
49230
49247
49266
49283
49298
49313
49331
49348
49363
49378
49398
49416
49437
49455
49470
49486
49503
49519
49535
49552
49570
49585
49604
49621
49639
49657
49673
49691
49710
49726
49742
49764
49782
49799
49816
49837
49855
49872
49889
49909
49926
49945
49961
49980
49998
50016
50032
50052
50070
50086
50101
50119
50136
50154
50170
50185
50203
50220
50237
50254
50270
50287
50303
50318
50336
50352
50367
50385
50403
50419
50434
50451
50469
50487
50505
50521
50537
50553
50570
50586
50604
50620
50638
50653
50669
50685
50701
50716
50733
50751
50766
50784
50802
50818
50838
50854
50870
50888
50906
50922
50939
50957
50974
50991
51011
51027
51044
51064
51084
51101
51118
51137
51155
51172
51188
51207
51223
51240
51259
51276
51294
51310
51325
51344
51360
51376
51393
51408
51423
51439
51455
51473
51488
51507
51524
51539
51557
51572
51589
51605
51621
51638
51654
51670
51688
51704
51721
51737
51754
51772
51787
51803
51820
51836
51853
51872
51887
51903
51921
51938
51954
51970
51987
52003
52018
52035
52052
52069
52086
52104
52120
52140
52160
52176
52192
52208
52223
52239
52254
52270
52285
52300
52319
52335
52350
52367
52383
52399
52417
52433
52454
52471
52488
52505
52521
52536
52552
52569
52585
52604
52621
52639
52656
52672
52688
52704
52722
52738
52758
52775
52793
52811
52826
52842
52858
52877
52895
52913
52930
52945
52961
52977
52994
53010
53028
53044
53059
53075
53091
53109
53126
53141
53156
53174
53191
53207
53223
53238
53258
53274
53291
53307
53325
53341
53358
53374
53394
53411
53427
53442
53460
53477
53493
53508
53527
53542
53557
53572
53588
53604
53619
53636
53653
53671
53687
53702
53719
53736
53752
53768
53786
53801
53817
53834
53851
53867
53883
53899
53914
53931
53946
53962
53979
53996
54011
54027
54043
54060
54076
54093
54112
54129
54145
54161
54177
54193
54208
54225
54241
54260
54277
54295
54311
54327
54345
54362
54378
54395
54415
54432
54449
54464
54482
54499
54516
54534
54550
54566
54582
54598
54615
54631
54647
54667
54682
54698
54714
54730
54747
54764
54779
54797
54812
54827
54847
54863
54881
54896
54912
54927
54942
54960
54976
54992
55007
55024
55040
55056
55072
55091
55108
55123
55138
55153
55170
55186
55202
55218
55235
55250
55267
55282
55297
55312
55329
55344
55361
55376
55393
55410
55427
55443
55459
55476
55493
55510
55525
55541
55556
55572
55588
55605
55621
55638
55654
55669
55684
55700
55717
55736
55752
55770
55785
55801
55817
55836
55851
55867
55886
55904
55921
55938
55955
55971
55987
56003
56018
56039
56059
56076
56094
56111
56126
56142
56157
56173
56191
56208
56225
56242
56259
56275
56291
56308
56326
56341
56359
56374
56389
56405
56420
56437
56454
56470
56485
56503
56519
56535
56550
56566
56581
56600
56617
56634
56649
56665
56683
56698
56715
56733
56749
56765
56781
56796
56814
56830
56847
56864
56881
56896
56912
56928
56944
56959
56975
56991
57009
57026
57044
57061
57077
57094
57113
57130
57147
57162
57178
57196
57214
57229
57244
57259
57275
57290
57305
57321
57337
57353
57368
57384
57400
57419
57436
57452
57468
57484
57499
57516
57534
57550
57567
57582
57598
57614
57632
57647
57663
57679
57694
57710
57727
57746
57764
57780
57795
57813
57830
57845
57861
57877
57894
57909
57924
57939
57956
57972
57988
58003
58018
58035
58052
58068
58083
58099
58115
58130
58145
58166
58183
58198
58214
58230
58246
58261
58276
58295
58311
58329
58346
58363
58380
58395
58411
58428
58443
58461
58476
58491
58508
58525
58540
58555
58572
58590
58605
58622
58638
58653
58669
58685
58702
58717
58732
58748
58764
58779
58795
58811
58827
58844
58866
58882
58897
58915
58932
58948
58963
58978
58993
59008
59024
59040
59058
59073
59090
59106
59121
59137
59154
59169
59184
59200
59217
59232
59248
59264
59281
59298
59315
59331
59347
59364
59381
59398
59415
59431
59447
59462
59478
59494
59509
59524
59541
59558
59577
59594
59610
59629
59645
59663
59681
59697
59712
59727
59742
59758
59774
59789
59805
59822
59840
59857
59874
59890
59906
59923
59938
59955
59972
59990
60008
60024
60042
60058
60077
60094
60109
60124
60141
60156
60171
60187
60203
60219
60234
60249
60268
60285
60302
60317
60333
60348
60365
60381
60397
60412
60429
60445
60462
60478
60493
60509
60526
60541
60557
60572
60588
60606
60621
60638
60653
60668
60685
60701
60719
60737
60753
60770
60787
60802
60820
60837
60854
60870
60888
60905
60922
60938
60956
60973
60991
61009
61027
61043
61060
61076
61093
61110
61128
61143
61159
61175
61193
61211
61229
61247
61262
61277
61293
61308
61326
61342
61360
61378
61393
61410
61426
