0.16004109382629392
0.10669406034536076
0.20312487706542012
0.0
0.36427634954452504
0.20312481001019478
0.009938111528754233
0.018305839970707893
0.1112705301493406
0.21338824182748792
0.18749978765845293
0.06249994039535521
0.3200822174549102
0.0366116240620613
0.5464147441089152
0.10669407714158295
-4.254464308628413e-09
2.7939666136234113e-09
0.09106908738613126
0.2316940128803253
0.03124997112900018
0.12231898598838595
0.21338816825300455
0.39552607387304295
0.2133881896734237
0.36427630484104145
0.23169397749006745
0.04687500372529029
0.14330572076141831
0.2683055698871612
0.11584699433296916
0.08995868917554616
0.062499932944774614
0.062499947351651694
0.12499987799674271
0.033930791541934006
0.22254104510226708
0.027458712458610528
0.18749979029263206
0.002680813893675803
0.09682330861687657
0.03661160171031952
0.289617545902729
0.06786159612238406
0.007812496973201629
0.14330570282643992
0.1066941227763891
0.05491741001605986
0.031249941030215993
0.06249994412064551
0.04576453613117336
0.21338813207904933
0.14598652534186837
0.005361648276448249
0.16004110496907417
0.02745871315710246
0.39552634209394444
0.26673526689410204
0.003140824381262064
0.0983263701200485
0.24999977648258204
0.027458697557449337
0.0312499962747097
0.062499947845935815
0.05491738114506005
0.21338815393049312
0.18749986402690408
2.2351741781134675e-08
0.2290131840854883
0.24006176553666586
0.08002056926488876
0.10669405758380889
0.14330570679157967
0.42677629739046086
0.09374990625555456
0.09374990127980708
0.01909100217744708
0.09643072262406346
0.0732232481241226
0.10669410042464733
0.10669404733926056
0.018305810168385502
0.06249993480741976
0.1433057468384504
0.0915290117263794
0.03661164082586764
0.24999973177909846
0.1848189197480678
0.12499988451600072
0.036611620336771004
0.22332624346017838
0.08002055436372754
0.10179235041141507
0.06786159425973891
0.3117144000716507
0.18615943193435666
0.031249967636540525
0.4999996935948729
0.18749986775219438
0.010723294224590065
0.06115956977009772
0.07165283756330608
0.3467558696866035
0.03124997485429048
0.053347021341323846
0.07165284920483826
0.40925552323460573
0.03661159984767436
-1.1175870895473877e-08
0.2133881896734237
0.0624999483115971
0.08002061396837233
0.007812493480741979
0.036611629649996744
0.062499962747097
0.0419732613954693
0.39552631229162205
0.12231909483671186
0.031249965541064725
0.041973248124122606
0.15356902778148648
0.187499837949872
0.24921455979347223
0.4267762303352355
0.24999978393316263
0.11584695428609845
0.18749985843896863
0.027458696160465472
0.031249974525018317
0.03661161552036623
0.2812496908009052
-8.490330038010044e-17
0.12499987334012984
0.06786155980080365
0.054917387198656784
0.10669410228729247
-3.7252903033978315e-09
0.06249992064768482
0.0964307254180312
0.12499989569187164
0.018305806443095207
0.12499990873038766
0.0624999292194843
0.134545300155878
0.07165285199880599
0.1821381601438793
0.026673529297113408
0.027458723634481423
0.0107232928276062
0.013729344354942438
0.01830579154193401
0.20881174132227892
0.04576453194022177
0.09374993946403264
0.18749978020787236
0.09832633985206483
-3.441718909868995e-09
0.265624713152647
0.12499991377276695
0.10669403895735739
0.2499998360872268
0.1821381896734237
0.23169393092393872
0.10669411718845365
0.18481901288032526
0.2316940203309059
0.02745872922241687
0.07812490593641994
0.0405178777873516
0.0007851794362068176
0.06786159984767437
0.05792349088005721
0.031249951571226113
0.22254112729569892
0.041973263607360416
0.14330568406376318
0.01830580388195812
0.053347037173807614
0.06250000387136988
0.010723288869485256
0.06249995680469799
0.0
0.027458723634481427
0.01072329888120294
0.36695724725723255
0.18749977834522724
0.01562499068677425
0.2667351886630058
0.010053074918687338
0.2133881896734237
0.1600411534309387
0.16004112549126145
-3.7252902935847538e-09
0.045764480717480176
0.031249970197677605
0.12499991417653765
0.009152896702289578
0.2499997289851308
0.32008209824562067
0.027458697557449327
0.6401646435260772
0.08214617520570754
0.06786157935857771
0.04687496274709701
0.11584701389074323
0.3071381896734237
0.06249995157122611
0.18749986272060815
0.13415275793522594
0.0
0.0312499850988388
0.009152895213595745
0.009152911603450772
0.007812537252902978
0.08348653395660219
0.062499962747097
3.582400376345162e-09
0.21338813006877894
0.027458716183900826
0.07322322577238116
0.1249999180436134
0.1600411161780357
0.2656247429549694
-5.162578142758888e-09
0.03393079317174851
0.182923411950469
0.18749985238537178
0.2133881896734237
0.09374994551762936
0.09106910973787306
0.018305816474965427
0.09374986942314223
0.03661162219941615
0.03124997392296791
0.23169396817684168
0.015624987892806528
0.053347016684710966
0.19665269355755294
0.12499990355364153
0.062499951571226106
0.12499992735683917
4.546745424605091e-09
0.07322322053369133
0.023552458733320222
0.09643071517348287
0.1249998640269041
0.16004107706248757
0.1562498155981302
0.1433056805115873
0.06249995902180671
0.1249999158245669
0.03839224204421042
0.00402123318053782
0.36427631601691235
0.12231912417337298
1.862645151698915e-09
0.3200821988284587
0.0
0.11584695894271133
0.24999975413084025
1.862645149245646e-09
0.06249994598329066
0.26673523336648935
0.041973270010203116
0.03124997206032276
0.21338820457458493
0.15356904547661543
0.031249977648258195
0.12499989662319419
0.10669406503438947
0.07031244318932293
0.1705344272777438
0.062499981373548494
0.2133881896734237
0.18749979604035613
0.21495848894119257
0.01830581203103065
0.018420783337205645
0.018305808305740356
0.09832634404301642
0.10669406503438947
0.01830579712986946
0.0183058064430952
0.3200822174549102
0.3475409536622464
0.01585496217012405
0.12499987334012984
1.043876041162406e-09
0.06249993467504587
0.2133882157504558
0.3642764203250407
6.585427758665211e-10
0.05491745471954345
0.3124996852129697
0.05491744726896286
0.04197326535359024
0.0026808157563209573
0.06249998509883882
0.23437476530671114
0.03661162351817148
0.24463810026645658
0.018305810384182938
0.4267765879631042
0.0937498821546021
1.862645149245646e-09
0.0366116389632225
0.14062481640836588
0.3642765134572982
0.023437467331487213
0.09374991670622111
0.21338818222284314
0.18749980255961415
0.3227631505578756
0.1066941116005182
0.018305816723089837
0.18749991272845554
0.12231904827058314
0.018305791541934013
0.1446460583247244
0.06249993015080689
0.10803441051393746
0.21338820078311072
0.21338811144232747
0.02745870128273963
0.2133882194757461
0.16082631237804887
0.14330573379993436
0.06786157320465323
0.17187488591298458
0.10669405758380887
0.18213818781077856
0.2732072380604222
0.2133881952613592
0.018305801697166887
0.2316941358149051
0.062499922700226286
0.14330571610480544
0.18749988079071042
0.03124993294477462
0.03661165386438369
0.09374992642551659
0.2499998807907104
0.03661162833290787
0.10669410228729247
1.1175870890567337e-08
0.0716529216835
0.06249992735683918
0.004576448351144791
0.01830580585298835
0.09374989569187163
0.18213826417922968
0.05334704648703336
0.062499931082129465
0.018305826932191852
0.05334702972322702
0.1646175235509872
0.0
0.009152899030596018
0.0
0.14330574125051496
0.3370476551353931
0.0732232555747032
0.1977631542831659
0.13415280077606434
0.06250004284083843
0.23169404035434127
0.2316939905285835
0.16004110222722276
0.265624813735485
0.06249994784593581
0.24999980628490448
0.09240944311022757
0.12231903709471224
0.14330567698925728
0.21495848521590233
0.23169396554266503
0.018305814359337088
0.09374991711229085
0.009152907878160473
0.3955264659598469
0.06249994477918967
0.012063726782798757
0.018305815756320953
0.4001028011552989
0.036611641757190214
0.21338817477226255
0.3044573049992323
0.18749981559813023
0.031249938532710075
0.05792351812124251
0.3642764091491698
0.1874998402072858
0.29340871423482884
0.12499990950192051
0.2316939309239387
0.14330566208809611
0.16004106961190695
0.1341528333723545
0.018305810168385506
0.2082564234733581
0.06668376736342906
1.862645149245646e-08
0.187499850988388
0.12499986291941864
0.11584702134132382
0.062499962747097
0.12499986418036545
0.01830581482499838
0.1145065785385668
0.5464145466685294
0.2850411310791969
0.06249994039535521
0.05334702972322702
0.06786157190799712
0.06786159425973891
0.5932895690202712
0.0366116126390481
0.2667352426797151
0.1066941376775503
0.14330577105283732
0.03124996274709701
0.3241035230457782
0.1158469747751951
0.11584701202809808
0.10669411625713109
0.036611621952273875
0.3955264668911695
0.1066940566524863
0.26562472060322756
0.10669409856200218
0.0678616240620613
0.0007851942209526895
0.12499990960446537
0.3642762377858161
0.027458704076707363
0.21338817477226255
0.3642762750387191
0.3642762824892998
0.18749981373548505
0.05269658565521239
0.06786162219941616
0.07165286783128975
0.6401646435260772
0.02098663896322251
0.124999925494194
0.1772365048527717
0.16461755055934188
0.260655703023076
0.062499957159161554
0.28661141544580454
0.031249978805905586
0.3642766252160072
1.490116119396517e-08
0.027458705008029938
0.23169403197243807
0.1249999366700649
0.031249986961483966
0.062499975538470295
0.07322326817618095
0.03527124039828777
0.016965394839644425
0.018305797129869458
0.03124995792249518
0.0358264110982418
0.1326973736286163
0.10669410152154556
0.19665266573429102
0.10669410370767717
0.28124978020787234
0.05334704741835594
0.2149584367871284
0.046874938532710075
0.09374993130810602
0.12499992144634195
0.031250013038516045
0.2446382045745849
0.329235091805458
0.18749989254540497
0.18213820084929466
0.12499989256781016
0.10669407621026038
0.06786161847412586
0.09374991618096828
0.18213822320103643
0.1874999217689037
0.02248967811465263
0.10747932223603127
0.1158470259979367
0.03661161474883567
0.03661163048382159
0.09888159856200217
0.06249998509883879
0.2133882492780685
0.020986670628190037
0.010723307728767392
0.01372935157269239
0.00536166876554489
0.28504117205739016
0.18213828559964887
0.0
0.2499998623138508
0.03124996274709701
0.10669406935592327
0.21338830888271326
0.031249984167516225
0.06249992568409013
0.09374991990625857
0.6036874800920485
0.0800205983687192
0.06249996991410667
0.11584695801138875
0.036611622199416154
0.1524586174637079
0.09374993480741975
-1.179924646876884e-08
0.09374993015080689
0.14330566115677357
0.0366116315126419
0.1303614899516105
-1.1175870895473877e-08
0.0031407736241817526
0.27320719324052334
2.235174180076083e-08
0.29151307418942446
0.03661161102354526
0.06518078106455504
0.6584702432155608
0.1783469561487436
0.07165287435054778
0.12499988265335558
-6.88343870791641e-09
0.06249996460974215
0.04197321273386477
0.14330575987696645
0.18749987334012985
0.036611610092222684
3.725290298491292e-09
0.0
0.07812489476054905
0.21338810585439202
0.2133882120251655
0.12499995534331808
0.06249995793069445
7.450580596982584e-09
0.036611613351851695
0.12499989196658132
0.027458732482045882
0.018305819481611137
0.07322327047586441
0.18749983981251714
0.249999850988388
0.07322326116263865
0.018305816687643528
0.1874998416751623
0.0366116315126419
0.062499947845935835
0.12499991073481828
0.09374995157122612
0.0611595483496785
0.24463814093877917
0.002288216724991795
0.05334704369306564
-1.8626451467923765e-09
0.03661162603532286
0.1646175719797611
7.902529297609815e-09
0.04687491804361344
0.14330571284517643
0.4267763681709766
0.14330570958554742
0.1554646827280521
-4.656612873114115e-09
0.1874998706840447
0.13872925005853173
0.062499962747097
0.28504102490842337
0.36427649855613703
0.3475409075617789
5.587935447736938e-09
0.062499955296516405
0.18213822688505463
0.10669403523206711
0.03661166131496426
0.21338827908039087
0.21338813006877896
0.1874998398125171
0.15624991618096826
0.12499993480741976
0.18213823810219737
0.23169402405619616
0.249999850988388
0.009152911603450772
0.0624999813735485
0.0937499403953552
0.018305808305740356
0.031249981373548508
0.09374993659529006
0.07165287062525748
0.04174328688532113
0.12499992691980097
0.09793382696807383
0.041973251500166946
0.031249979510903345
0.364276461303234
0.09374993294477461
0.23169403008117
0.03661162407175355
5.587935445283669e-09
0.0624999739229679
0.21338817477226252
0.23504508659243578
0.036611616611480706
0.3642765060067176
0.0937498491257429
0.0624999739229679
0.062499952822127725
-6.588185885725293e-09
0.1433057468384504
0.2133883065778077
0.06249996740370989
0.0937498826533556
0.12499995529651639
0.1066941153258085
0.18749989816196352
0.3057977243443019
0.11584701063111422
0.21338820457458493
0.04576454870402813
0.0
0.4267764836393643
0.3642766177654266
0.06249995950117548
0.21338829025626177
3.564012140966355e-10
0.018305823672562834
0.0533470546543202
0.036611647810786956
0.12499988902916034
0.062499925494194024
0.09374990407377479
0.4267764315009116
0.07031242197964405
0.018305825069546696
0.1249999403953552
0.1737704314291477
0.12499993108212945
0.231694009155035
0.26673529211266883
0.07165288180112837
0.21338831819593904
0.005361653864383696
0.2774586379528045
0.009152906946837899
0.05491741001605989
0.031249977648258202
0.0366116315126419
0.15624985843896863
0.015624992083758112
0.15624989010393617
0.09374992549419402
0.10747932828962803
0.18749983608722684
0.07165283523499964
0.14330571889877317
0.3124997857958078
0.06249993480741975
0.06249998509883879
0.01830581575632095
0.07165288180112837
5.2154064178878084e-08
0.09374993108212946
0.06249997019767761
0.10669410606982853
0.05491749197244643
0.36427648365497584
0.003140773507766424
0.2133882865309715
0.06249994357708812
0.06249996120403133
0.3200823366641998
0.12499991152435538
0.0
0.32008234784007067
0.18749991524581275
1.4812336417260636e-17
0.09374994132667777
0.10669410601258277
0.3696381673216819
0.853552848100662
0.21338820457458493
0.02611829526722431
0.28124988637864584
0.24999978765845293
0.22254112642258403
0.046874949708580964
0.018305804114788767
0.12499985843896863
0.024452656274661415
0.21338813006877894
0.3955263495445251
0.022882275283336636
-7.450580587169507e-09
0.1821382567286491
0.187499962747097
0.04497933201491831
0.26830556988716125
0.09374995063990353
-7.4505801528346174e-09
0.2667353115975856
0.124999962747097
0.1928616017103195
0.03818200528621673
0.2133881608024239
0.12499993294477461
0.02745872037485242
0.21338820030373815
0.05334703344851731
0.1066941041499376
0.07054243981838225
0.018305811578406602
0.0
0.062499955296516405
0.03661163003576328
0.03661163151264189
1.850577646961195e-08
0.06786160729825495
0.018305802717804912
0.12499991059303281
0.2133882641792297
-2.0612397344521574e-09
0.008042477071285244
0.12499990795885593
0.2499998052963361
-3.725290303397831e-09
0.06786161940544842
0.005361642688512801
0.0366116277873516
0.10669410973787305
0.0366116464138031
0.036611620336771004
0.073223277926445
-7.450580596982584e-09
0.0183058138936758
0.14330574870109555
0.01987620093859732
0.01830581203103065
0.06249993630588423
0.031249984661800175
0.2225410789251327
0.06249992549419402
0.14330577750507809
0.07322329282760619
0.18749984732034372
0.036611657589673996
0.23169405013322825
0.01830584555864334
3.49973483526611e-09
0.010723298881202934
0.2149586714804172
0.21338823996484277
0.36427649855613703
0.2732073739171028
0.1066941265016794
1.8626451497363e-08
0.10669410228729247
0.13036160543560982
-2.952527111688142e-10
0.01830581482499838
0.18749990873038766
0.018305812962353223
0.0366116426885128
0.018305802717804905
0.018305800855159756
-1.8431585147027359e-09
0.1433057654649019
0.21338816830949825
0.03124996460974216
0.05792350880801676
0.2133882492780685
0.09374995715916155
0.1249999403953552
0.32923526316881174
0.06786158960312604
0.1737703839316964
0.395526498556137
0.18749987147748468
0.018305815756320946
0.16004118323326108
0.124999925494194
0.0899586798623204
0.018305819481611266
0.23169400542974466
0.0
0.09374990686774251
0.2446382232010364
0.0366116315126419
0.062499959953129285
0.010723298415541645
0.24999991059303278
0.19665277749300003
0.2316940370947122
0.16004113255607563
0.0
0.02232707478106022
0.009152899496257303
0.12499991804361342
0.1249999403953552
0.0624999590218067
0.1600411459803581
0.03661161980835414
0.182138305157423
0.010723302140831946
0.06249992987802843
0.11584701389074323
0.12499991690157994
0.018305821344256398
0.10669410880655048
0.12499994357508934
0.11584698967635629
0.03124998416751623
0.019090991467237466
0.10669407248497007
0.5464146845042706
0.2446382194757461
0.16004119254648683
0.10669413208961485
0.14330577477812767
0.062499975785613046
0.21338821202516553
0.1158469673246145
0.0624999739229679
0.42677650041878223
0.009152917191386226
0.09106909483671187
0.09374995114586947
0.018305821344256398
0.12499993853271005
0.12499994318932293
0.3642766177654266
0.18749990873038766
0.3933056667447089
0.160041157156229
0.05334706045687198
0.06249994970858096
0.2133882194757461
0.1433057356625795
0.13036162219941613
0.16004110313951966
0.031249992549419396
0.0
0.32008220255374903
0.2133881896734237
0.21338823437690732
0.12499988451600139
0.07165284315124153
0.062499944120645516
0.062499955296516405
0.10669408366084097
0.27320742234587664
0.0
0.999999403953552
0.3025616146624088
0.10669412557035683
0.062499955296516405
0.728553146123886
0.09374999999999997
0.09374994970858096
0.03661165013909339
0.24999981746077532
0.06249997685872109
0.19776313006877894
0.027458717115223404
0.24999976530671117
0.03661163663491606
0.031249989755451672
0.062499962747097
0.2850410658866167
0.07322325359564273
0.12499991059303281
0.8535530865192411
0.12499997019767758
0.14330576360225675
0.06249994784593581
0.5464146584272384
0.0
0.010723297484219073
0.3642766109649464
0.10669407807290551
0.21338827908039087
0.499999850988388
0.018305798061192032
0.36427644267678255
0.1874999368298544
0.3109293458983302
0.06249997393268457
0.21338815304597245
0.03661162034457798
0.06249995343387126
0.18749988824129102
0.7285529971122741
0.04197328584268688
0.036611611023545265
-1.887923942866528e-18
0.06249995902180671
0.07322326417512547
0.03661162988044352
-5.022985532333283e-27
0.1874999105930328
0.01072328537702559
0.01830582320690154
0.054917424917221055
0.005361648276448247
0.0366116352379322
0.1821382492780685
0.3642766252160072
0.24999984528596064
0.05413224268704652
0.36427658710267435
0.09374996926635501
0.02144660055637359
0.054132247343659394
0.4267765283584594
0.12499993810735342
0.0
0.2133882269263267
-3.441719353958205e-09
0.36427664756774897
0.21338827908039087
0.2133882939815521
0.6218587309122084
0.4165130257606505
0.00915291905403135
0.3799012973904609
0.3749998621642589
0.4892763718962668
0.03661160916090009
0.49999979138374323
0.2225410975515842
0.24999994039535517
0.018305803649127483
0.18749988079071042
0.03125000931322575
0.2133882939815521
0.15356907248497007
0.2133882939815521
5.587935450190207e-09
0.24463806673884386
0.2133882643210152
0.4267764389514922
7.450580606795661e-09
0.010723302606493235
0.0
0.1249999329447746
0.0
0.24999989569187162
0.2499998118728399
0.21338827535510058
0.42677659541368473
0.23169404268264768
0.2133881845047491
0.06249996460974215
0.03393079619854688
0.21338826604187486
0.32008244528796825
0.1249999077990651
0.21338827908039087
0.019876217469573017
0.054917435161769376
0.12499984353780788
0.12499992176889928
0.005361657589673994
0.0
0.073223277926445
0.4267766177654265
0.12499991618096827
0.1600411646068096
0.2499999208375811
0.12499988931439907
0.036611646413803094
0.0366116389632225
0.16004112269729373
0.062499955296516425
0.18749992363154885
0.0
0.0366116464138031
7.450580587169506e-09
0.04497934132814407
0.008042458444833762
0.1249999403953552
0.06249994039535521
0.18749980628490445
0.07322331517934799
0.036611630195552906
0.0366116389632225
0.10179241281002757
0.0
0.231694059446454
0.0366116389632225
0.031249988125637174
0.062499962747097
0.5366115123033522
0.03661163151264191
0.04118809290230273
0.1249999403953552
0.0
0.21338825672864908
0.04197328677400946
7.743866881071425e-09
0.036611645660681584
8.309043564302952e-09
0.062499977648258195
0.36427653580904007
0.06249994412064551
0.12499996647238729
0.09106910342545227
3.725290303397831e-09
0.19286161754280326
0.3357072994112968
0.018305818787312852
0.0624999701976776
0.010723298415541647
0.12499991804361342
0.02288227295503019
0.21338833868503565
0.03124998323619365
0.32008242607116694
0.24999997019767756
0.12499992363154885
0.18749988079071042
0.1874999329447746
0.062499977648258195
0.0
0.0624999664723873
0.031249998137354847
0.21338826790452
0.2667353525757789
0.09106914140284059
0.018305828794836995
0.036611642688512795
0.23169405013322827
0.0
0.18749987167019047
0.0
0.0624999701976776
0.036611629649996744
0.12499990314245223
0.21338815614581103
0.12499989033398677
0.018305808305740353
0.010723298415541647
0.12499999254941939
0.24999981932342047
0.14330573379993436
0.6089145690202712
0.0366116352379322
0.03661162778735161
1.277980499203579e-09
0.499999850988388
0.010723292827606198
0.21338829569657045
0.0366116389632225
0.010723294262101214
0.12499987706542012
0.0
0.12499990686774251
0.018305823206901547
0.1249999403953552
0.0
0.03661163917783893
0.06249998482606077
0.12499993563654696
0.32008243352174753
0.24463823065161702
0.03124999022111296
0.3642765060067176
0.16004122048616407
0.0732232630252838
0.06249997920187044
0.0366116352379322
0.3642765879631042
0.12499995017424223
0.24999983608722684
0.0
0.2316940128803253
0.2133882641792297
0.1874999068677425
0.018305810168385506
0.18749989196658132
0.10669409483671186
0.1249999403953552
0.0
0.03661162219941616
0.005361648276448248
0.1874999403953552
0.1249999292194843
0.062499951571226106
0.2316940231248736
0.036611642688512795
0.42677646130323404
0.062499957159161554
0.036611623163832256
0.07322328537702559
0.4267766289412975
0.21338832378387448
0.374999850988388
0.13415280263870952
0.4267763718962668
0.12499993108212946
0.0624999813735485
0.24999997019767756
0.06249994598329066
0.0937499329447746
0.031249984167516225
0.12499991804361342
0.36427664756774897
0.06249997019767762
0.21338827349245543
0.187499925494194
0.1874999068677425
0.249999925494194
0.3642765898257493
0.036611620697075846
0.018305817618966103
0.10669408552348614
0.2133882593002214
0.05491746030747889
0.16004106402397153
0.364276424050331
0.7499996349215506
0.073223277926445
0.21338827908039087
0.1249999393042429
0.36427665501832956
0.1249999776482582
0.010723300278186796
0.0366116389632225
0.0
0.018305825069546693
0.06249999254941939
0.12499990314245221
0.036611666902899735
0.12499995529651642
0.062499977648258195
0.036611642688512795
0.2499998807907104
0.24999991059303278
0.16004116646945474
0.1433057393878698
0.21338827908039087
0.1874999403953552
0.21338826231658453
0.3749999105930327
0.0
0.0678616091609001
0.2133882939815521
0.054917451925575726
0.18213824927806851
0.1433057785034179
0.036611642688512795
0.0
0.3200824093073606
0.2812497969716787
0.12499995529651642
0.19776322320103643
0.17834695801138875
0.12499997161502371
0.062499955296516405
0.10669413581490515
0.21338826604187452
0.03661162891770552
0.42677664756774897
0.3200823663983277
0.0366116389632225
0.12499992286001646
0.01830582320690155
0.0732232555747032
0.23169411718845362
0.03661163341365386
0.2133882492780685
0.12499994784593581
0.12499993385257323
0.21338824741542337
0.18749992735683912
0.7285529896616934
0.3124998584389686
0.12499994784593581
0.1874999105930328
0.0366116315126419
0.01830582693219185
0.06249996521718892
0.03661163473390425
0.0
0.4633882185444235
0.18213819712400436
-3.725290303397831e-09
0.0366116240620613
0.18749989854308513
0.2133882641792297
0.018305825069546693
0.06518078863155095
0.4999999105930328
0.3642764959219597
-4.496822446218444e-09
0.458026461303234
0.2499998178739586
0.1433057514950633
0.24999996274709696
0.18749985401518615
0.0
0.249999925494194
0.06786163710057734
0.24463828373700378
0.124999925494194
0.21338824543015789
0.21338826790452
0.32008244469761843
0.0
0.062499999999999986
0.010723300278186795
0.062499973922967904
0.1357232928276062
0.6401647999882698
0.07322328910231589
0.06249998509883879
0.2133882939815521
0.2499999366700649
0.4267765879631042
0.0
7.450580596982584e-09
0.062499952220079084
0.062499977648258195
0.03661163710057735
0.0624999813735485
0.085382261313498
0.0
0.018305819152339083
0.21338830888271326
0.3642766177654266
0.01830581575632095
0.05491746217012405
0.0624999813735485
0.24999997019767756
0.249999850988388
0.36427649855613703
0.42677662862171667
0.2133882492780684
0.12499998509883878
0.1874999403953552
0.10669413208961485
0.07812496274709699
0.12500000372529027
0.07322327133629424
0.18749989569187162
0.10669413224940458
0.036611646413803094
0.031249983236193653
0.03661163011565804
0.8535530567169187
0.06249997206032275
0.21338820457458493
0.04576453194022177
0.2499999552965164
0.06249998509883879
0.0
-9.31322574622823e-09
0.0366116389632225
0.2499999552965164
0.24463825300335879
0.018305813428014513
0.0
0.0
0.036611629649996744
0.12499995529651639
0.05491747148334979
0.031249990686774247
0.7499997541308401
0.2133882418274879
2.2607080395509316e-09
0.2133882431093443
0.0
0.0732232630252838
0.019876196980476372
0.2133882939815521
0.3749998916830103
0.21338824664389208
0.06249996679196855
0.21338831819593904
0.14330578688532108
0.03661163260375421
0.06786162825301288
0.0
0.0366116426885128
0.0
0.06249997019767762
1.1175870229251926e-08
0.1249999776482582
0.06249997469450052
0.10669409483671186
0.005361663177609439
0.0
0.24999991059303278
0.12500001490116117
0.21338823437690732
0.2499999552965164
0.031250002793967724
0.01072330307215452
0.2499999552965164
0.0
0.7285532504320144
0.010723307728767392
0.728553220629692
0.49999989010393614
0.37499995079969317
0.01072330307215452
0.0366116352379322
0.4267766177654265
0.0
0.062499972991645336
0.2133882269263267
0.033930797129869454
0.49999964982271183
0.06249997206032275
0.12499995157122609
0.0
0.42677660286426544
0.018305823206901547
0.16004116926342246
0.062499977648258195
0.21338829211890695
0.24999996647238729
0.3749998770654201
0.009152913000434635
0.49999988079071034
0.03661165758967398
0.21338827908039087
0.12499997019767758
0.036611642688512795
0.310929525643587
0.0937499776482582
0.2866114675998687
0.24999986058518472
0.03661164827644823
0.0
0.4999998807907104
-2.04552413896053e-09
0.0624999739229679
0.21338829398155207
0.1249999403953552
0.21338820457458493
0.0
0.37499982863664627
0.1874998845160007
0.4999999105930328
0.07322330027818678
0.42677646875381464
0.06249995157122611
0.0
0.4267763867974281
0.1249999776482582
0.06249997764825821
0.1977632422931492
0.010723299346864222
0.249999925494194
0.03661164827644824
0.0
0.03661162964999675
0.21338825169762882
0.23169406922534105
0.07165287621319293
0.06249996833503245
0.10983490571379659
0.15356906503438947
0.1874999180436134
0.21338827908039087
0.06249999254941939
0.1821382455527782
0.0
0.2133882939815521
0.34374995215330273
0.062499991910258235
0.1874999569061785
0.21338827908039087
0.3955265916883945
0.031249982770532363
0.24999997019767756
0.0624999813735485
0.06249999068677425
0.33570736832916737
0.062499985098838806
0.054917445406317704
0.49999994784593565
0.4999999105930328
0.018305821344256398
0.1874998919665813
0.0937499701976776
0.12499991804361342
0.01830581948161125
0.027458740398287763
0.374999813735485
0.6401647478342055
2.487900408115002e-16
0.06249997764825821
0.12499995529651639
0.0
0.12499997019767758
0.0
0.10669413208961485
0.12499998137354829
0.0
0.7285532504320144
0.21338823260316017
0.0
0.728553146123886
-2.171431701114556e-09
0.14330575428903103
0.4267766773700713
0.12500000285121368
0.0
0.0
0.12499995622783869
0.0366116389632225
0.0
0.031249986961483955
0.0
0.2499998987795033
0.054917468223720775
5.702426530973525e-09
0.4999999105930328
0.03661165293306112
0.2499999552965164
0.499999850988388
0.0
0.06249997578561306
0.24999989569187162
0.12499997019767763
0.010723307728767392
0.1821382045745849
0.1562499031424522
0.10179244447499511
0.0549174565821886
0.10669414699077603
0.12499998509883878
0.062499977648258195
0.015625022351741784
0.2133882641792297
0.12499997299164531
0.21338823065161702
0.4267765879631042
-3.1610134954007656e-08
0.12499997392296786
0.12499995515473093
0.3642766177654266
0.0366116538643837
0.2499999552965164
0.06249996647238731
0.12499997392296794
0.07322330027818678
0.2133882939815521
0.0732232630252838
0.054917469620704644
0.0
0.12499998277053237
0.2499999552965164
0.1821382455527782
0.0
0.4267766177654265
0.18749995343387124
0.2133882687552324
0.24999994039535517
0.49999988079071034
0.03661165386438369
0.1249999776482582
0.12499997392296788
0.0
0.249999925494194
0.4267765805125236
0.24999994039535517
0.249999925494194
0.0
0.24999994039535517
0.018305817618966103
0.0
0.0732233449816704
0.06249996460974215
0.49999988079071034
0.14330578967928884
0.24999991059303278
0.4267766773700713
0.21338823437690732
0.2499999925494193
0.0
0.0
0.24999991804361338
0.06249997508712112
0.0
0.2499999133870005
0.18749994039535522
0.32008242607116694
0.32008242607116694
0.0
0.0624999888241291
0.12499997019767758
0.031249988824129105
0.2133882939815521
0.12499993294477461
0.0
0.0
0.018305806443095204
0.24999989569187162
0.2133882939815521
0.1249999403953552
0.4999999403953551
0.036611646413803094
0.07322331145405768
0.0366116426885128
0.1874999329447746
0.1249999776482582
0.03661164641380308
0.031249992549419396
0.4267766773700713
0.3200824856758117
0.0
0.124999962747097
0.06250000465661286
0.2133882492780685
0.07322329282760619
0.018305804580450055
0.062499943189322935
0.32008237019181246
0.0366116389632225
0.062499954750958556
0.06249999254941939
0.1249999403953552
0.4267765879631042
0.49999988079071034
0.036611642688512795
0.03661162778735161
0.46338823437690724
0.42677655816078164
0.062499981373548494
0.04576452076435089
0.0
0.3109294921159744
0.37499976903200144
0.37499993667006487
0.3200823701918124
0.018305820412933823
0.07322331517934798
0.2499999552965164
0.23169410228729245
0.21338833868503565
0.39552664756774897
0.12499998882412906
0.06249998882412909
0.24999997019767756
-2.0161121661033117e-09
0.426776498556137
0.0
0.2133882939815521
0.2499999552965164
0.36427667737007136
0.062499977648258195
0.6401649564504622
0.07322329282760619
0.21338832378387448
0.21338833868503565
0.0
0.18749995948746806
0.5464149601757525
0.2133882939815523
0.4999999999999999
0.15624991431832308
0.0
0.4999999403953551
0.0366116315126419
0.0
0.2133882641792297
0.124999962747097
0.4267765879631042
0.21338833868503565
0.0
0.23169409856200213
0.9999998807907102
0.4450824428349733
0.28661161661148066
0.05491745844483374
2.8512137095759722e-09
0.0366116389632225
0.0312499850988388
0.062499977648258195
9.31322574622823e-10
0.07322330027818678
0.4999999403953551
0.14330573938786983
0.06249995955836074
0.036611642688512795
0.027458717580884688
0.21338832378387448
0.4999999776482581
0.1249999776482582
0.24999994039535517
0.4267766745882673
0.0
0.18749989569187162
0.062499945983290645
0.24999989941716189
0.073223277926445
0.2499999552965164
0.2133882939815521
0.07322328537702559
0.10669411890931334
0.0
0.073223277926445
0.4999999105930327
0.0366116389632225
0.07322328537702559
0.0
0.0
0.018305821344256398
0.036611642688512795
0.07322328537702559
0.2499999552965164
0.21338833868503565
0.0624999850988388
0.0
-5.587935445283669e-09
0.4267765879631042
0.0937499552965164
0.0
0.0
0.21338832378387448
0.0366116315126419
0.21338833868503565
0.03661165200173854
0.06249998509883879
0.12499996460974215
0.0
0.0
0.07322329282760619
0.124999962747097
0.6401648931205272
0.24999997019767756
0.0
0.0
0.4267765879631042
0.0
0.10669413581490514
0.42677664756774897
0.062499955296516405
0.07322329282760619
0.07322330027818678
0.14330577105283734
0.2133882082998752
0.12499998509883878
0.07322329282760619
0.0
0.12499997019767758
-1.1175870890567337e-08
-1.376687741583282e-08
0.12499996833503245
0.24999997019767756
0.0624999888241291
0.9999998807907102
0.12499996489331308
0.2499999552965164
0.1249999329447746
0.0366116464138031
0.06249999813735484
0.12499994835190173
0.21338827503552157
0.21338827360694768
0.12499998882412931
0.49999997019767756
0.3749998249113559
0.3200823254883288
0.4999999105930328
0.3642765879631042
0.0366116389632225
0.49999997019767756
0.6401649005711079
0.1874999105930328
0.2133882939815521
0.4267765879631042
0.2499999552965164
0.06249996647238731
0.2133882939815521
0.06249999254941939
0.4999999999999999
0.0
0.4999999403953551
0.10669415444135665
0.1249999776482582
0.1874999105930328
0.018305817618966103
0.2133882492780685
0.4267766177654265
0.0624999888241291
0.062499977648258195
0.07322329282760619
0.07322330027818678
0.4999999105930328
0.0624999743886292
0.12499998509883878
-3.725290293584753e-09
0.12499999254941939
0.0624999925494194
0.0732232704758644
0.49999982118606556
0.24999997019767756
0.036611611023545265
0.2133882455527782
0.0
0.24999997019767756
0.4999999105930328
0.21338826917620518
0.21338830888271326
0.06250001303851603
0.36427664756774897
0.07322328537702559
0.0
0.42677664756774897
0.05491745844483374
0.2133882939815521
0.2133882641792297
0.24999997019767756
0.036611642688512795
0.2499999552965164
0.24999994039535517
0.21338828466832635
0.0624999888241291
0.1249999776482582
0.4267766773700713
0.12499997764825818
-2.107342211843388e-08
0.4267766177654265
0.036611646413803094
0.4999999105930328
0.036611642688512795
0.42677661776542664
0.4999999403953551
0.12499995793069416
0.036611646413803094
0.2133882194757461
0.2133882939815521
0.062499981373548494
0.24999994039535517
0.0
0.49999997019767756
0.03661165013909339
0.4999999403953551
0.036611642688512795
0.12499997019767758
0.0
0.4267765879631042
0.49999988079071034
0.3200825005769729
0.03661165013909339
0.3749997280538081
0.010723304003477093
0.9999999403953551
0.36427664756774897
0.3200824428349733
0.4267766773700713
0.24999994039535517
0.24999997019767756
0.12499998696148393
0.4267766177654265
0.21338833868503565
0.2133882641792297
0.0366116389632225
0.4999999701976775
0.06249995902180671
0.07322330027818678
0.4999999403953551
0.2499999552965164
0.4267766773700713
0.12499997019767758
0.1874999105930328
0.28661156632006163
0.24999997019767756
0.21338833495974538
0.24999997019767756
0.0
0.21338833682239053
0.249999925494194
0.0624999813735485
0.4267766177654265
0.010723301209509371
0.187499925494194
0.9999998211860656
0.26673532929271454
0.21338827187185294
0.4267766773700713
0.0
0.21338832378387448
0.4267766177654265
0.0
0.4267765879631042
0.1433057179674506
0.12499998323619363
0.4267766475677489
0.07322330027818678
0.07322329282760619
0.1249999776482582
0.4267766773700713
0.4267766773700713
0.0
0.07322329282760619
0.21338833868503565
0.4999999105930328
0.07322329282760619
0.14330577803775668
0.7285531908273697
0.21338832378387448
0.4999999999999999
0.4267766177654265
0.4999999403953551
0.0
0.49999988079071034
0.0
0.2133882939815521
-3.4417191319136005e-09
0.3749999105930327
0.21338833868503565
0.0
0.2133882977068424
0.24999997019767756
0.4999999999999999
0.0
0.036611642688512795
0.49999997019767756
0.42677661031484593
0.1249999776482582
0.0
0.12499998509883878
0.7285532951354979
0.036611646413803094
0.4267766177654265
0.036611642688512795
0.21338833868503565
0.0366116389632225
0.0624999701976776
0.49999988079071034
0.2133882939815521
0.49999997019767756
0.0
0.031249989755451672
0.4999999403953551
0.12499995343387137
0.4999999403953551
0.4267766773700713
0.24999994039535517
0.0
0.4267766773700713
0.06249998509883879
0.24999997019767756
0.4267765879631042
5.587935450190207e-09
0.21338830888271326
0.0732233002781868
0.4999999403953551
0.2499999552965164
0.4999999403953551
0.4999999403953551
0.49999997019767756
0.2499999552965164
0.24999997019767756
0.24999997019767756
0.4999999180436133
0.4999998166489305
0.24999997019767756
0.24999998509883878
0.010723302140831946
0.4267765879631042
0.06249999068677425
0.03661165013909339
0.0
0.49999997019767756
0.21338830888271326
0.23169409856200213
0.4999999105930328
0.0
0.4267766177654265
0.0
0.39552642405033106
0.06249999441206454
0.24999998509883878
0.21338833868503565
0.0
0.0
0.49999989569187153
0.24999997019767756
0.21338833868503565
0.4999999999999999
0.42677666991949076
0.0
0.0
0.4999999105930328
0.10669412463903426
0.0
0.3124998174607753
0.21338827162981028
0.06249997764825821
-6.883438263827201e-09
0.1874999850988388
0.1464466005563736
0.0
0.36427667737007136
0.0312499850988388
0.03661164082586764
0.49999997019767756
0.031249986030161374
0.4999999403953551
0.06249998509883879
0.2499999552965164
0.36427667737007136
0.036611652001738534
0.0
0.21338830888271326
0.49999997019767756
0.4999999403953551
0.21338832378387448
0.062499942258000374
0.0
0.010723304003477095
0.2499999552965164
0.23169408738613123
0.24999997392296788
0.14644658565521237
0.062499955296516405
0.4999999813735484
0.07322328537702559
0.06250000097162721
0.21338832378387448
0.062499977648258195
0.21338826790452
0.21338830888271326
0.24999997019767756
0.0
0.0
0.0
0.36427670717239374
0.6401649303734303
0.12499997592739852
0.4267766773700713
0.4999999100258909
0.03661165013909339
0.1249999776482582
0.4999999105930328
0.4999999403953551
0.010723301209509371
0.24999997019767756
0.4999999403953551
0.1249999776482582
0.05491745658218859
0.0624999888241291
0.24999994039535517
0.12499998509883878
0.07322328537702559
0.21338830888271326
0.24999991776004246
0.24999997019767756
0.4999999403953551
0.12499995017424223
0.4267766773700713
0.24999989569187162
0.073223277926445
0.21338833868503565
0.07322330027818678
0.24999991059303278
0.010723295621573923
0.24999997019767756
0.062499977648258195
0.3642766177654266
0.24999994039535517
0.3749998807907104
0.24999997019767756
0.42677654698491085
0.21338831819593904
0.2133882939815521
0.07322329282760619
0.24999994039535517
0.2499999506971495
0.21338830888271326
0.21338833868503565
0.036611646413803094
0.2499999552965164
0.4267766773700713
-6.88343870791641e-09
0.0
0.0
0.24999997019767756
0.12499999999999997
0.0
0.49999997019767756
0.03661165013909339
0.0
0.06249997392296788
0.1249999776482582
0.0
0.4999999105930328
0.8535531759262084
0.0
0.24999997019767756
0.2499999552965164
0.07322329282760619
0.21338830888271326
0.21338832378387448
0.036611642688512795
0.036611646413803094
0.2499999552965164
0.21338830888271326
0.06249998509883882
0.12499998509883878
0.21338827908039087
0.0
0.07322329282760619
0.24999997019767756
0.24999997019767756
0.2133882939815521
0.018305819481611252
0.03661165013909339
0.4267765879631042
0.4999999403953551
0.2499999552965164
0.036611642688512795
0.24999998509883878
0.10669414699077605
0.4999999105930328
0.036611642688512795
0.06249997764825821
0.07322328537702559
0.1874999329447746
0.0
0.12499998509883878
0.49999997019767756
9.734651751358568e-09
0.062499988824129035
0.21338827908039087
0.036611642688512795
0.0
0.036611642688512795
0.124999962747097
0.036611642688512795
0.499999850988388
0.36427664756774897
0.21338833868503565
0.036611646413803094
0.07322328537702559
0.21338828094303608
0.07322328537702559
0.42677664756774897
0.07322332262992857
0.49999997019767756
0.1821383126080036
0.24999996647238726
0.07322329282760619
0.2133882939815521
0.0
0.0
0.21338830888271326
0.0366116352379322
0.49999997019767756
0.036611642688512795
0.4267766773700713
0.21338833682239053
0.49999997019767756
0.24999994039535517
0.12499997764825818
0.2133882492780685
0.249999925494194
0.49999997019767756
0.12499994039535522
0.10669414699077605
0.2133882790803909
0.24999997019767756
0.4999999105930328
0.4267765879631042
0.07322328537702559
0.4999999403953551
0.8535531908273696
0.2499999105930328
0.4999999403953551
3.4417191319136005e-09
0.0
0.24999997019767756
0.37499994039535517
0.4267766773700713
0.24999998509883878
0.24999997019767756
0.853553235530853
0.2133882641792297
0.10669415630400178
0.7285531610250472
0.3566941196331754
0.24999992893591336
0.36427667737007136
0.4999999999999999
0.03661162592470645
0.24999998509883878
0.03661164635730895
0.4267766773700713
0.24999998509883878
0.0
0.24999995902180666
0.12499996102623756
0.21338828466832635
0.4999999105930328
0.12499998509883878
0.0
0.06249996724391958
0.48927655816078175
0.42677664756774897
0.18749992735683912
0.4999999105930328
0.12499998509883878
0.24999997019767756
0.24999997019767756
0.21338830888271326
0.036611642688512795
0.12499999999999997
0.07322330027818678
0.4999999403953551
0.1249999664723873
0.12500000745058057
0.36427664756774897
0.06249998509883879
0.28661159519106144
0.0
0.12499995672212325
0.1249999776482582
0.42677655816078175
0.2499999552965164
0.4267766773700713
0.0
0.21338833868503565
0.49999988079071034
0.4267766177654265
0.1249999776482582
0.2499999552965164
0.49999997019767756
0.1249999701976776
0.49999997019767756
0.12499994784593581
-6.88343870791641e-09
0.21338830888271326
0.4999999999999999
0.4267765879631042
0.4999999105930328
0.4267766177654265
0.12499998509883878
0.49999997019767756
0.12499997951090333
0.03661165013909339
0.49999982118606556
0.36427660286426533
0.03661164734512567
0.07322329282760619
0.018305819481611252
0.0
0.2499999552965164
0.1874999403953552
0.062499981373548494
0.010723300278186796
0.18749998509883878
0.2133882939815521
0.07322327105794099
0.073223277926445
0.24999997019767756
0.12499998509883878
0.12499998509883878
0.24999991059303278
0.24999997019767756
0.24999998509883878
0.21338833868503565
0.49999997019767756
0.03661165013909339
0.49999988079071034
0.2499999552965164
0.21338832378387448
0.49999988079071034
0.036611635237932205
0.21338830888271326
0.4267766140401362
0.249999925494194
0.07322330027818678
0.24999997019767756
0.21495866634359112
0.0
0.7499998733401297
0.3200823804363608
0.426776498556137
0.4999999403953551
0.24999997019767756
0.9999998211860656
0.12499997019767758
0.4999999105930328
0.07322329282760619
0.1249999776482582
0.3642766177654266
0.4999999403953551
0.4999999105930328
0.4999999180436133
0.21338830888271326
0.42677655816078175
0.4267766773700713
0.24084696173667905
0.12499997951090333
0.24999998509883878
0.4999999999999999
0.4267766177654265
0.24999995157122606
0.4999999403953551
0.2499999552965164
0.36427655816078175
0.3642766177654266
0.036611642688512795
0.49999997019767756
0.9999999403953551
0.0732233002781868
0.4267766177654265
0.42677664756774897
0.24999994039535517
0.42677658796310414
0.23169411718845362
0.24999997019767756
0.06250000077153282
0.4999999403953551
0.0
0.4267766773700713
0.0
0.42677664756774897
0.07322328910231587
0.4999999403953551
0.07322330027818678
0.0
0.42677664756774897
0.0
0.03661165572702884
0.0
0.4999999403953551
0.4267766773700713
0.4999999403953551
0.21338825114071364
0.4999999105930327
0.07322328021444706
0.49999997019767756
0.0
0.21338833495974538
0.0366116352379322
0.49999997019767756
0.0
0.2499999552965164
0.49999997019767756
0.49999988079071034
0.0
0.06249999254941939
0.2133882939815521
0.1249999776482582
0.4267766773700713
0.07322328537702559
0.24999994039535517
0.02144660055637359
0.2499999552965164
0.1464465707540512
0.24999997019767756
0.2499999552965164
0.4267766773700713
0.49999988079071034
0.07322328537702559
0.4999999999999999
0.21338832378387448
0.036611646413803094
0.42677662675907235
0.0
0.2499999552965164
0.21338833868503565
0.036611646413803094
0.4999999105930328
0.07322328537702559
0.4999999999999999
0.4999999105930328
0.4999999105930328
0.0
0.2499999552965164
0.2316941358149051
0.124999962747097
0.24999997019767756
0.4999999105930328
0.24999997019767756
0.10669414699077605
0.4999999999999999
0.4267766177654265
0.3749998658895492
0.24999997019767756
0.18749997951090333
0.7499998137354851
0.12499997764825822
0.12499994784593581
0.2499999552965164
0.24999994039535517
0.0366116464138031
0.0
0.24999998509883878
0.49999997019767756
0.073223277926445
0.010723302140831946
0.24999994039535517
0.124999962747097
0.24999997019767756
0.8535532504320144
0.37499986961483944
0.4267765283584594
0.124999962747097
0.46338828094303597
0.2133882939815521
0.7285532504320144
0.4267766177654265
0.4267766773700713
0.0
0.0
0.8535531759262084
0.1249999776482582
0.21338830888271326
0.21338830888271326
0.2499999552965164
0.4999999999999999
0.21338826790452
0.0
0.4999999217689036
0.24999997019767756
0.4267766773700713
0.21338830888271326
0.4999999403953551
0.3749998807907104
0.12499997019767758
0.49999997019767756
0.0
0.4267766773700713
0.12499998509883878
-6.88343870791641e-09
0.2499999552965164
0.49999988079071034
0.24999997019767756
0.24999997019767756
0.2133882828056812
0.24999997019767756
0.12499998509883878
0.054917466361075626
0.12499998509883878
0.24999997019767756
0.24999997019767756
0.4267766773700713
0.249999925494194
0.4999999999999999
0.18749998137354848
0.4999999403953551
0.49999997019767756
0.21338830888271326
0.24999991059303278
0.49999997019767756
0.2499999552965164
0.12499998509883878
0.1874999105930328
0.4999999105930328
0.0
0.1249999776482582
0.4999999403953551
0.4999999999999999
0.010723304003477095
0.24999995529651636
0.12499998509883878
0.2499999552965164
0.03661165013909339
0.4267766773700713
0.10669415071606633
-4.032225220385043e-09
0.499999850988388
0.4999999403953551
0.4267766773700713
0.4267765879631042
0.12499997392296788
0.4999999999999999
0.2133882939815521
0.07322330027818678
0.12499998509883878
0.24999994902010497
0.12499998509883878
0.24999997019767756
0.06249998696148394
0.42677655816078175
0.4267766773700713
0.06249999254941939
0.4999999105930328
0.010723299346864222
0.0
0.49999997019767756
0.12499998509883878
0.4999999105930328
0.0
0.24999993294477452
0.07322328537702559
0.0
0.24999993638649398
0.24999997019767756
0.24463832378387446
0.0732232704758644
0.12499999813735482
0.4999999403953551
0.0624999813735485
0.14330577850341794
0.49999997019767756
0.124999962747097
0.0
0.4999999105930328
0.42677664756774897
0.4999999999999999
0.4999999999999999
0.24999995157122606
0.24999997019767756
0.426776573061943
0.0732233002781868
0.49999997019767756
0.4999999999999999
0.07322329469025139
0.0
0.4267766177654265
0.03661165013909339
0.12499998137354848
0.24999993322834552
0.4999999999999999
0.4267766773700713
0.073223277926445
-5.587935447736938e-09
0.06249999254941939
0.4999999999999999
0.49999997019767756
0.374999925494194
0.24999997019767756
0.4999999403953551
0.010723305866122248
0.49999997019767756
0.06249998509883879
0.2499999552965164
0.12499998795005249
0.07322330027818678
0.21338830888271326
0.4267766773700713
0.8535532951354979
0.49999997019767756
0.4267765283584594
0.07322328537702559
0.4999999403953551
0.0
0.21338830888271326
0.49999997019767756
0.24999998509883878
0.4999999403953551
0.07322322577238083
0.4999999403953551
0.4267766177654265
0.07322328537702559
0.07322329282760619
0.2499999552965164
0.24999998509883878
0.24999994039535517
0.4999999403953551
0.12499998509883878
0.2499999552965164
0.4999999403953551
0.24999997019767756
0.24999997019767756
0.0
0.12499998509883878
0.0
0.24999997019767756
0.24999998509883878
0.24999997019767756
0.06249997578561305
0.24999997019767756
0.24999997019767756
0.010723301675170657
0.24999998509883878
0.0366116389632225
0.24999997019767756
0.499999850988388
0.49999982118606556
0.1464465707540512
0.24999997019767756
0.24999998509883878
0.0732232853770256
0.49999997019767756
0.49999997019767756
0.21338830888271326
0.1249999776482582
0.2133883163332939
0.2133882939815521
0.0
0.12499998509883878
0.4999999403953551
0.0
0.036611646413803094
0.9999998807907102
0.2133883163332939
0.0
0.24999997019767756
0.4999999403953551
0.4999999105930328
0.07322328537702559
0.4999999105930328
0.06249998882412909
0.24999997019767756
0.12499997019767758
0.3642765879631042
0.07322329282760619
0.49999988079071034
0.24999994039535517
0.4267765879631042
0.4267766773700713
0.2499999552965164
0.12499997019767758
0.4267766773700713
0.4999999403953551
0.24999997392296788
0.12499995529651639
0.7285532504320142
0.42677664756774897
0.24999994039535517
0.4267766773700713
0.24999997019767756
0.12499998509883878
0.24999997019767756
0.24999997019767756
0.4999999105930328
0.4999999403953551
0.0366116352379322
0.4999999999999999
0.24999997019767756
0.062499981373548494
0.24999997019767756
0.24999997019767756
0.853553235530853
0.24999997019767756
0.24999998509883878
0.4267766773700713
0.24999994039535517
0.24999998509883878
0.24999994039535517
0.4999999776482581
0.4267766773700713
0.4999999999999999
0.24999997019767756
0.12499998509883878
0.24999997764825815
0.21338833868503565
0.24999997019767756
0.49999997019767756
0.24999998509883878
0.06249999254941939
0.21338833868503565
0.49999997019767756
0.49999997019767756
0.4267766177654265
0.12499998509883878
0.12499997019767758
0.24999998882412905
0.4999999999999999
0.24999997019767756
0.02144660428166389
0.49999997019767756
0.1249999776482582
0.49999997019767756
0.3749998919665813
0.07322329282760619
0.12499998509883878
0.24999998509883878
0.7499999105930327
0.0
0.4267766773700713
0.21338832378387448
0.24999998509883878
0.07322327792644501
0.24999997019767756
0.4999999999999999
0.0
0.124999962747097
0.49999997019767756
0.21338830888271326
0.4267766773700713
0.49999997019767756
0.24999997019767756
0.21338830888271326
0.12499997019767758
0.14644657075405118
0.2499999552965164
0.24999998509883878
0.49999997019767756
0.4267766773700713
0.4999999999999999
0.2499999552965164
0.4999999999999999
0.24999998509883878
0.0
0.14644660055637357
0.036611642688512795
0.2499999552965164
0.4267766177654265
0.36427667737007136
0.4267765283584594
0.49999997019767756
0.49999989569187153
0.4267764906536033
0.2133882865309715
0.2499999552965164
0.0
0.4999999403953551
0.49999997019767756
0.4267766773700713
0.0
0.03661165013909339
0.24999997019767756
0.12499997622265134
0.2499999552965164
0.2499999552965164
0.010723304003477095
0.03661165013909339
0.24999998509883878
0.2133882939815521
0.036611642688512795
0.42677664756774897
0.4267766773700713
0.07322329282760619
0.12499998509883878
0.0
0.4999999999999999
0.24999994039535517
0.2499999552965164
0.12499998509883878
0.12499998509883878
0.18749995157122612
0.21338830888271326
0.24999997019767756
0.24999997019767756
0.21338830888271326
0.07322330027818678
0.36427660286426533
0.24999997019767756
0.21338830888271326
0.24999998509883878
0.24999997019767756
0.0
0.07322330027818678
0.0
0.4999999403953551
0.12499998509883878
0.36427667737007136
0.24999997019767756
0.124999962747097
0.12499998509883878
0.42677661776542664
0.21338833868503565
0.06249997764825821
0.9999998807907102
0.0366116426885128
0.4267766773700713
0.0
0.24999997019767756
0.4999999403953551
0.07322330027818678
0.24999997019767756
0.24999989103525874
0.24999997019767756
0.2499999552965164
0.7285532429814338
0.036611646413803094
0.24999997019767756
0.12499997019767758
0.24999994039535517
0.12499997019767758
0.4999999999999999
0.06249999441206454
0.36427664756774897
0.1874999403953552
0.4999999999999999
0.24999998509883878
0.49999997019767756
0.0
0.4999999999999999
0.24999997019767756
0.49999997019767756
0.24999998509883878
0.2133882939815521
0.49999997019767756
0.2499999552965164
0.0
0.4267766326665878
0.24999997019767756
0.4999999403953551
0.036611642688512795
0.4267766326665878
0.2499999925494193
0.07322328537702559
0.12499998509883878
0.24999997019767756
0.07322328537702559
0.4999999999999999
0.12499998509883878
0.24999997019767756
0.1249999776482582
0.2499999552965164
0.4999999105930328
0.12499998509883878
0.0
0.4999999403953551
0.21338833868503565
0.03661163759876453
0.24999997019767756
0.07322329282760619
0.49999986872525776
0.062499979117103685
0.24999998509883878
0.0
0.24999997019767756
0.49999997019767756
0.21338833868503565
0.49999997019767756
0.4999999999999999
0.49999997019767756
0.4999999403953551
0.12499999068677423
0.0
0.4999999105930328
0.4999999105930328
0.4267766773700713
0.4999999403953551
0.4999999999999999
0.4999999999999999
0.4999999403953551
0.0
0.4267766177654265
0.49999997019767756
0.0
0.2499999552965164
0.4999999403953551
0.9999999403953551
0.24999997019767756
0.12499998509883878
0.24999998509883878
0.4999999403953551
0.0
0.24999997019767756
0.2499999552965164
0.24999998509883875
0.24999997019767756
0.21338830888271326
0.4999999999999999
0.24999997019767756
0.49999997019767756
0.036611646413803094
0.24999997019767756
0.4999999999999999
0.4999999999999999
0.4999999403953551
0.0
0.49999997019767756
0.4999999999999999
0.4999999403953551
0.24999997019767756
0.24999998509883878
0.24999998323619363
0.24999997019767756
0.4999999999999999
0.24999997019767756
0.07322328537702559
0.03661165013909339
0.8535532280802725
0.4999999999999999
0.4999999403953551
0.4999999403953551
0.4999999999999999
0.4267766773700713
0.24999997019767756
0.4999999403953551
0.24999997019767756
0.249999925494194
0.49999997019767756
0.24999997019767756
0.0
0.2133883275091648
0.0624999888241291
0.24999998509883878
0.24999998509883878
0.2499999552965164
0.1249999776482582
0.4999999403953551
0.4267766773700713
0.07165288738906382
0.24999997019767756
0.0732233002781868
0.4999999403953551
0.4999999403953551
0.24999997019767756
0.0
0.4267766773700713
0.4999999403953551
0.24999997019767756
0.2499999552965164
0.07322330027818678
0.4999999403953551
0.4999999403953551
0.24999997019767756
0.4999999105930328
0.07322328537702559
0.12499998509883878
0.0
0.24999997019767756
0.12499997764825824
0.24999994039535517
0.8535532653331755
0.0
0.03661165013909339
0.24999998509883878
0.4999999999999999
0.0
0.0
0.2499999552965164
0.4267766773700713
0.4999999403953551
0.1249999776482582
0.4999999403953551
0.24999997019767756
0.8535532504320144
0.21338830888271326
0.24999994039535517
0.12499996647238729
0.24999997019767756
0.4999999403953551
0.4999999776482581
0.2499999552965164
0.24999997019767756
0.49999997019767756
0.24999998509883878
0.4267766177654265
0.4999999403953551
0.1249999776482582
-6.88343870791641e-09
0.0
0.1249999776482582
0.0
0.12499998509883878
0.036611638963222504
0.24999998882412905
0.07322329282760619
0.4999999105930328
0.0
0.0
0.0
0.12499998509883878
0.4999999403953551
0.21338830888271326
0.24999997019767756
0.4267766773700713
0.124999962747097
0.24999997019767756
0.49999997019767756
0.4999999105930328
0.0
0.24999997019767758
0.4999999999999999
0.24999998509883878
0.2499999552965164
0.4999999403953551
0.0
0.4999999999999999
0.2499999552965164
0.49999997019767756
0.0
0.07322329282760619
0.4999999999999999
0.49999997019767756
0.4999999105930328
0.07322327792644501
0.4267766773700713
0.49999997019767756
0.4267766773700713
0.24999998509883878
0.12499998509883878
0.49999997019767756
0.24999997019767756
0.24999997019767756
0.4999999105930328
0.12499998509883878
0.4267766773700713
0.1249999776482582
0.4267766177654265
0.4999999999999999
0.4267766773700713
0.12499999999999997
0.24999994039535517
0.2133882939815521
0.2499999552965164
0.8535532951354979
0.49999988079071034
0.4999999999999999
0.124999962747097
0.12499999441206452
0.12499998509883878
0.49999988079071034
0.4999999403953551
0.24999994039535517
0.2499999552965164
0.07322330027818678
0.18749997019767758
0.2133882939815521
0.0624999888241291
0.49999988079071034
0.21338833868503565
0.1249999776482582
0.07322329282760619
0.4999999105930328
0.24999997019767756
0.4999999105930328
0.0
0.4999999403953551
0.49999997019767756
0.4267766773700713
0.036611638963222504
0.0366116389632225
0.4267766773700713
0.1249999776482582
0.9999998807907102
0.24999998509883878
0.21338833868503565
0.24999998509883878
0.24999997019767756
0.036611646413803094
0.12499995529651639
0.12499997578561303
0.12499998509883878
0.06249998509883879
0.2499999552965164
