0.8310686051845547
0.8264944702386855
0.8287673592567442
0.8366333097219465
0.8209697008132933
0.8366333097219465
0.82968071103096
0.826479062438011
0.8297178745269774
0.8343074321746824
0.8264791518449781
0.8342700600624083
0.8296806961297988
0.826442003250122
0.8343504220247266
0.8394407480955123
0.8342919945716857
0.8320876508951185
0.8155035376548765
0.8265403509140012
0.8296806365251539
0.832012668251991
0.8342700302600858
0.8219074010848998
0.8320081532001493
0.8241563588380811
0.8342920392751692
0.8342919945716857
0.8375966399908065
0.8343074470758436
0.8287673592567442
0.8375966697931287
0.8310562223196027
0.8241997510194776
0.8366334140300749
0.8219074010848998
0.831056237220764
0.8366333097219465
0.8274232596158979
0.8382999151945112
0.8241562545299528
0.8375590294599531
0.83201265335083
0.8287673592567442
0.8366333246231078
0.830690264701843
0.8255286961793898
0.8274014443159101
0.8375590145587919
0.8241562545299528
0.8352487683296203
0.8365959227085112
0.8218923211097715
0.8287303894758222
0.8274165391921996
0.8241562545299528
0.8366332948207853
0.8219290822744367
0.8264664262533186
0.8186839669942854
0.834773689508438
0.8241562545299528
0.8330070376396177
0.8264572322368621
0.825522258877754
0.8297178894281385
0.8320126831531522
0.8241562545299528
0.8382401466369628
0.8241562545299528
0.8366333246231078
0.8329696357250211
0.8342700600624083
0.8352487832307813
0.8310562074184416
0.8297178894281385
0.8310686051845547
0.8375965803861616
0.8340013772249221
0.8264572322368621
0.8297178596258161
0.8209481984376905
0.8281458765268324
0.8274232447147367
0.831981912255287
0.8352487832307813
0.8375966399908064
0.8287304192781446
0.8310686498880384
0.8209481984376905
0.8209758698940275
0.8155035376548765
0.8264790475368498
0.8352489173412322
0.8375967741012572
0.8308366835117338
0.8241562545299528
0.8320260792970656
0.8319754600524901
0.8219074457883833
0.8375870734453199
0.8320126384496687
0.8241563588380811
0.8320127278566358
0.8311499059200285
0.8319754600524901
0.8352487683296201
0.8287148773670195
0.8218923211097715
0.8264791518449781
0.826442003250122
0.8218923211097715
0.8232121765613554
0.8320259898900983
0.831056237220764
0.8371069580316542
0.8251373767852781
0.8343074470758436
0.8330070227384565
0.820932939648628
0.8329695910215376
0.8310562074184416
0.8310931026935575
0.8251374363899229
0.834318310022354
0.8311499208211897
0.836265444755554
0.8375589251518247
0.8186839669942854
0.8310686051845549
0.8310562223196027
0.8287304192781446
0.8342919945716857
0.8274537175893781
0.8319818526506422
0.8218923211097715
0.8280690312385557
0.8352711498737333
0.8264944702386855
0.8310561925172805
0.8352487832307813
0.831056237220764
0.8287584781646727
0.832969546318054
0.831025034189224
0.8342700600624083
0.8241562545299528
0.8367086648941039
0.8229255378246306
0.832012668251991
0.8343074470758436
0.8375589251518247
0.8375590145587919
0.8320127278566358
0.8311499059200285
0.8343074470758436
0.8319754749536512
0.8365959227085112
0.8342700600624083
0.8297123014926908
0.8319754600524901
0.8343074470758436
0.834625095129013
0.8342700600624083
0.8320126384496687
0.8422197997570036
0.8265601694583891
0.8251374363899229
0.8342920392751692
0.8209849298000335
0.8264791518449781
0.8319754600524901
0.8319754749536513
0.8343074470758436
0.8306902945041655
0.8320127278566358
0.831056237220764
0.8352489024400709
0.8382778614759443
0.8164351433515546
0.8274233788251875
0.8310561925172805
0.8264355957508086
0.8366333097219465
0.8264944702386855
0.8297178596258161
0.824665307998657
0.8265601843595504
0.8367086499929427
0.8219660520553587
0.8310562074184416
0.8342700600624083
0.831981912255287
0.8342700600624083
0.8274232447147367
0.8296806961297988
0.8209632784128188
0.8219660520553587
0.8264664262533186
0.8241562545299528
0.8343074470758436
0.8219660520553587
0.8342920839786527
0.8310562223196027
0.8297026306390761
0.8287673592567442
0.8264792710542677
0.8209759294986723
0.8320260047912595
0.826442003250122
0.8375589698553083
0.8209758698940275
0.8385599702596664
0.8319755047559736
0.8366426676511765
0.8366333246231078
0.831981912255287
0.8375966399908065
0.8342919945716857
0.8297025859355924
0.8330070823431013
0.8287673592567442
0.8196584433317182
0.8196897655725478
0.8242082744836806
0.8366333246231078
0.8306902945041655
0.8186839669942854
0.8265601694583891
0.8287304192781446
0.8242082744836806
0.8329696059226988
0.8241563588380811
0.8330070078372953
0.8264944553375242
0.8343074321746825
0.8287511318922041
0.8320876359939574
0.8371146619319914
0.8287584781646727
0.8375589996576307
0.8241562545299528
0.8329695314168928
0.8343074321746824
0.8311499208211897
0.8210195004940032
0.8297178894281385
0.8319754749536512
0.8274233788251875
0.8274675160646436
0.8297178745269774
0.8352489173412322
0.8310686051845549
0.8319818824529646
0.8264944702386855
0.8385599702596664
0.8342700600624083
0.8264791518449781
0.8382511138916013
0.8365959823131559
0.8284484744071959
0.8413739204406736
0.8343074321746825
0.8343074321746824
0.8320260643959043
0.8366332948207853
0.8297178596258161
0.8342700600624083
0.826479226350784
0.8343074470758436
0.8366332948207854
0.8290457725524901
0.8367086648941039
0.8320127278566358
0.833863168954849
0.8311499059200285
0.8290609717369077
0.8366333097219465
0.8241563588380811
0.8236916959285735
0.8264356404542921
0.8319818079471586
0.8319818079471586
0.8320876210927962
0.8366333097219465
0.8366333097219465
0.8319755047559736
0.8342700600624083
0.8319818079471586
0.8342700600624083
0.8319818079471586
0.8297178745269774
0.8310686051845547
0.831056237220764
0.8274537175893781
0.8319754153490064
0.8366333246231078
0.8343074321746824
0.8375589102506636
0.8320126831531522
0.8241562545299528
0.8297178745269774
0.83201265335083
0.835248902440071
0.8296806961297988
0.8319818079471586
0.8320126831531522
0.8287584781646727
0.8319819122552871
0.8375589400529859
0.8375966399908065
0.8241563588380811
0.8342700600624083
0.8375590145587919
0.8310621082782743
0.8264572322368621
0.8394407480955123
0.8330071270465849
0.8218923211097715
0.830690264701843
0.831056237220764
0.8251374959945678
0.8427218198776244
0.8343074321746825
0.8155035376548765
0.8264356553554534
0.832976460456848
0.8310562223196027
0.8251799046993255
0.8287673592567442
0.831056237220764
0.8320260047912595
0.8367086499929427
0.8375589996576307
0.832012668251991
0.8264944255352018
0.8218923211097715
0.8370694667100904
0.8342700600624083
0.8265403509140012
0.8352711498737333
0.8320127278566358
0.8265601843595504
0.8352489173412322
0.8186839669942854
0.8264792114496229
0.8209545314311979
0.8241562545299528
0.8218923211097715
0.8209849298000335
0.8342700302600858
0.8320127278566358
0.8366333246231078
0.8320126831531522
0.8287892788648604
0.8209481984376905
0.8352489173412322
0.8385599702596662
0.8343074470758436
0.8342920392751692
0.8385599255561828
0.8219660520553587
0.8287584781646727
0.8274233937263488
0.8264664262533186
0.8352808505296705
0.8366332948207853
0.8343074470758436
0.8241562545299528
0.8320876359939574
0.832976460456848
0.8342700600624083
0.8219290822744367
0.8241563588380811
0.8264355957508086
0.8342920839786527
0.8264663666486738
0.8274232596158979
0.8366333246231078
0.830690264701843
0.8367086499929427
0.8329696357250211
0.8329696357250211
0.8241563588380811
0.8352489024400709
0.8241563588380811
0.8209481984376905
0.8352489173412322
0.8219074010848998
0.82968071103096
0.8209759294986723
0.8241563588380811
0.8343074321746824
0.8343074321746824
0.8274536430835722
0.8297178745269774
0.8320082426071166
0.8336198180913924
0.8241715580224989
0.8306902945041655
0.8264944702386855
0.8394030779600142
0.8264572322368621
0.8370881974697111
0.8319818079471586
0.8375589400529859
0.8367086499929427
0.8287773579359052
0.8287365138530729
0.8320126831531522
0.8219290822744367
0.8280909210443494
0.8287304192781446
0.82968071103096
0.8319754153490064
0.8274014592170714
0.8219376951456068
0.831056237220764
0.8296806961297988
0.8196584433317182
0.827453553676605
0.8352489173412322
0.8365959823131559
0.8296806961297988
0.831130564212799
0.8296806365251539
0.8296872228384016
0.831981912255287
0.8264664262533186
0.8296872675418853
0.8210195004940032
0.8241562545299528
0.8338573873043059
0.8375967442989347
0.8196584582328794
0.8320127278566358
0.8287673592567442
0.8251373767852781
0.8241562545299528
0.8264572322368621
0.8186839669942854
0.8242082744836806
0.8342920839786527
0.8287673592567442
0.8274232447147367
0.8352489024400709
0.8235626965761182
0.8352711349725721
0.8375589251518247
0.8241562545299528
0.83315010368824
0.8241562545299528
0.8352487683296203
0.8209481984376905
0.8330071270465849
0.8329765200614928
0.8320126384496687
0.8310562223196027
0.8264663666486738
0.8306902945041655
0.8319818079471586
0.8342700600624083
0.8320126086473463
0.8343074321746824
0.8343074321746825
0.8343516141176222
0.8392144888639448
0.825163275003433
0.834767147898674
0.8319818079471586
0.8387460857629774
0.8320260047912595
0.8218923211097715
0.8264356851577757
0.8196584433317182
0.8287673592567442
0.8186906278133391
0.8329695761203765
0.8297178745269774
0.8352487683296201
0.8330070227384565
0.8241823613643644
0.8320126384496687
0.8366333097219465
0.8371069580316542
0.8366333097219465
0.831981912255287
0.8320260047912595
0.8218923211097715
0.8287304192781446
0.8242082744836806
0.8365959823131559
0.8336572200059889
0.8366332948207854
0.8352487832307813
0.8319818079471586
0.8310562223196027
0.8343074470758436
0.8219660520553587
0.8342919945716857
0.8399224132299422
0.8241715580224989
0.8329765796661375
0.82968071103096
0.8366333097219465
0.8352487385272978
0.8320126831531522
0.8209849298000335
0.8196584433317182
0.8319818079471586
0.8287304192781446
0.8241562545299528
0.8241563588380811
0.831025034189224
0.8297024965286253
0.8343074470758436
0.8342920839786527
0.8342700600624083
0.8296872675418853
0.8297178745269774
0.8366333097219465
0.8264944255352018
0.8385599255561826
0.8264572322368621
0.8311499208211897
0.8352487385272978
0.8241562545299528
0.831981912255287
0.8264791518449781
0.8369197547435759
0.8274233192205427
0.8319818526506422
0.8241998702287672
0.8264572322368621
0.8241563588380811
0.8320260792970656
0.8352807164192197
0.8274233937263488
0.8342700600624083
0.8310562223196027
0.8242082744836806
0.8287304192781446
0.8320876508951185
0.8375589400529859
0.8366332948207854
0.8367086648941039
0.8320126682519912
0.8274233937263488
0.8375589996576307
0.8241562545299528
0.8264356404542921
0.8340013623237608
0.8264791518449781
0.8375967741012572
0.8319818824529646
0.8186906278133391
0.8366332948207853
0.8264944702386855
0.8366333246231078
0.8319754153490064
0.8342700600624083
0.8264944702386855
0.8342700600624083
0.8320876359939574
0.8210195004940032
0.8297025859355924
0.8187705129384992
0.8287304192781446
0.8375589698553083
0.8365959227085112
0.8352487385272978
0.8274232149124143
0.832969546318054
0.8296872675418853
0.8264791518449781
0.8319818079471586
0.8320126831531524
0.8241562545299528
0.8264663815498351
0.832976460456848
0.8197021037340163
0.8210195004940032
0.8274675160646436
0.8375589251518247
0.831981912255287
0.8209849298000335
0.8229255080223081
0.8210195004940032
0.8319754749536512
0.8352488428354262
0.8343074470758436
0.8280689418315885
0.8311499208211897
0.8281104415655134
0.8329696357250211
0.8164866417646407
0.8218923211097715
0.8242082744836806
0.8352711498737333
0.83296962082386
0.82968732714653
0.8297178894281385
0.8310562223196027
0.8274232447147367
0.83296962082386
0.8241563588380811
0.8352489173412322
0.8342700600624083
0.8297178596258161
0.831056237220764
0.8219660520553587
0.8296806365251539
0.8371479213237761
0.8274536430835722
0.8310562223196027
0.8264944702386855
0.8329695314168928
0.8219359219074247
0.8319754749536513
0.8392145484685897
0.8287304192781446
0.8375966697931287
0.8274166882038114
0.8287304192781446
0.832012668251991
0.831056237220764
0.8297178745269774
0.8367086648941039
0.832976460456848
0.8241562992334365
0.8209481686353681
0.8219290822744367
0.8241562545299528
0.8342919945716857
0.8342700600624083
0.831130564212799
0.8264791518449781
0.8352487832307813
0.8274233192205427
0.8241562843322752
0.8375966697931287
0.8196584433317182
0.8375589698553083
0.831981912255287
0.8375589996576307
0.8264572322368621
0.831981912255287
0.8264791518449781
0.8186839669942854
0.8359253406524656
0.8343074321746824
0.83201265335083
0.8320260792970656
0.8330014050006864
0.8320126384496687
0.8366333097219465
0.8209632784128188
0.8343504220247266
0.8342920839786527
0.8274165391921996
0.8241877704858778
0.8269554078578947
0.8370959609746932
0.8209545314311979
0.8274232745170591
0.8375589400529859
0.8352487385272978
0.8427140116691588
0.8310562074184416
0.8319818079471586
0.8287365138530729
0.8343074321746824
0.8375589400529859
0.8385599255561826
0.8264944255352018
0.8342920392751692
0.8329696357250211
0.8343074321746825
0.8343074321746824
0.8343074321746824
0.831056237220764
0.8165215402841566
0.8343074470758436
0.8319754749536513
0.8342700302600858
0.843198925256729
0.8210195451974868
0.8320126086473463
0.8264355957508086
0.8264791518449781
0.8385600149631499
0.8241563588380811
0.8320127129554746
0.8287773579359052
0.8375589251518247
0.8219074159860609
0.8385599404573438
0.8186906278133391
0.8352487683296203
0.8297178745269774
0.8370959758758544
0.8219290822744367
0.8287673592567442
0.8392144143581389
0.8320876359939574
0.831981912255287
0.8274233937263488
0.8375966697931287
0.8264356404542921
0.8241562545299528
0.8342700302600858
0.8392144143581389
0.833006978034973
0.8264664262533186
0.8296872675418853
0.8229255080223081
0.8241563588380811
0.831056237220764
0.8366333097219465
0.8403695672750472
0.8241562545299528
0.8196584582328794
0.820969834923744
0.8352487683296203
0.8375967442989347
0.8343074470758436
0.8218923211097715
0.8342700600624083
0.8342920839786527
0.8342920392751692
0.8264790475368498
0.8241562545299528
0.8310685902833936
0.8264663368463515
0.8352487683296201
0.8329695165157316
0.8209545314311979
0.8385599702596664
0.83296962082386
0.8330071270465849
0.832702338695526
0.8342919945716857
0.8342700600624083
0.8264572322368621
0.8287673592567442
0.8219359219074247
0.8264944553375242
0.8264663666486738
0.8342700600624083
0.8319754600524901
0.8297178745269774
0.8329765200614928
0.8352711498737333
0.8385599702596664
0.8375589251518247
0.8264791518449781
0.8274232149124143
0.8343019634485244
0.8264944702386855
0.8330070078372953
0.8219660520553587
0.8375589996576307
0.8241562545299528
0.8274232298135755
0.840396076440811
0.8241563588380811
0.8297178745269774
0.8241562545299528
0.8342700600624083
0.8241562843322752
0.831056237220764
0.8242206424474715
0.8218923211097715
0.8297178745269774
0.8287673592567442
0.8367086499929427
0.8375966399908065
0.8340013474225996
0.8342700600624083
0.8209849298000335
0.8186839669942854
0.8297178745269774
0.8329764455556868
0.8241563588380811
0.8319754600524901
0.8218923211097715
0.8320126086473463
0.8320126384496687
0.8264944702386855
0.8319818526506422
0.8320876508951185
0.8365959227085112
0.8367086648941039
0.8297025859355924
0.8264944255352018
0.8255222290754316
0.8241563588380811
0.8319754749536513
0.8310686498880384
0.8265030384063718
0.8342700600624083
0.8352487683296201
0.8264791518449781
0.8241562545299528
0.8375589698553083
0.8296806961297988
0.8287365138530729
0.8342700600624083
0.8255286961793898
0.8342700600624083
0.8343074321746825
0.8342700600624083
0.8209849298000335
0.8297025859355924
0.8352487683296203
0.8365959227085112
0.8366333097219465
0.8366332948207853
0.8310686498880384
0.8320876210927962
0.8219290822744367
0.8352489173412322
0.8375589996576307
0.8375589698553083
0.8218923211097715
0.8343074470758436
0.8319755047559736
0.8366332948207853
0.831981912255287
0.8310562223196027
0.8287892788648604
0.8296806961297988
0.8352487385272978
0.8342920392751692
0.8352487683296201
0.8218923211097715
0.8274232447147367
0.8329764306545255
0.8352752476930616
0.8366333097219465
0.8274233788251875
0.8251373767852781
0.8287673592567442
0.8319818526506422
0.8319818526506422
0.8375967442989347
0.8311499059200285
0.8352489173412322
0.8251374959945678
0.8367086648941039
0.8375590145587919
0.8264572322368621
0.827416658401489
0.8255222290754316
0.8241562545299528
0.8380670100450514
0.8284414112567899
0.8297178745269774
0.8375589698553083
0.8274012506008146
0.8310931026935575
0.8274231851100919
0.8209545314311979
0.838251158595085
0.8274232149124143
0.8319818079471586
0.8186839669942854
0.831025034189224
0.8352489024400709
0.8319916427135465
0.8229255080223081
0.831981912255287
0.8342700302600858
0.8343074321746824
0.8264572024345397
0.8241563588380811
0.827416658401489
0.832012668251991
0.8427029997110366
0.8247090727090834
0.8287673592567442
0.8310686051845549
0.8196584433317182
0.8367086499929427
0.8164501339197158
0.8375966697931287
0.834767013788223
0.8264572322368621
0.8310562223196027
0.829252630472183
0.8310562223196027
0.8241563588380811
0.8392145484685896
0.8297025859355924
0.83201265335083
0.827467545866966
0.8252034485340116
0.8287148773670195
0.8352752625942228
0.8310562223196027
0.8287892788648604
0.830690264701843
0.8320125937461851
0.8342919945716857
0.8251374363899229
0.8394784629344938
0.8218923211097715
0.8287584781646727
0.827467307448387
0.8274674564599989
0.8310562223196027
0.8319754600524901
0.8342920392751692
0.8219074010848998
0.8241563588380811
0.8366333097219465
0.8319754749536512
0.8241562545299528
0.831130564212799
0.8264664262533186
0.8352487683296201
0.8241715580224989
0.8287304192781446
0.8343074470758436
0.8210195004940032
0.831981912255287
0.8427218496799468
0.8241562545299528
0.8264572322368621
0.8241563588380811
0.8348046094179151
0.8241562545299528
0.8287148773670195
0.8310622274875639
0.8342919945716857
0.8366333246231078
0.8241997510194776
0.8319754749536512
0.8229255080223081
0.837596610188484
0.8219290822744367
0.83113057911396
0.8385599702596662
0.8342919945716857
0.8375589251518247
0.8241823613643644
0.8385599255561826
0.8210195004940032
0.8264944553375242
0.8342919945716857
0.8186839669942854
0.8342919945716857
0.8241563588380811
0.8209481686353681
0.8375589698553083
0.8319818079471586
0.8352489173412322
0.8255286961793898
0.8408701121807097
0.8264792114496229
0.8319754451513289
0.8264663368463515
0.8264572322368621
0.8297178745269774
0.8365959227085112
0.8342700600624083
0.8287148773670195
0.8382778614759443
0.8274590820074079
0.8296806961297988
0.8320876210927962
0.8264663666486738
0.8311499208211897
0.8329695761203764
0.8287673592567442
0.8319754749536512
0.8375966399908064
0.8352487683296203
0.8264572322368621
0.8382401466369628
0.8251373767852781
0.8287304192781446
0.8264356404542921
0.8320126384496687
0.8375965803861616
0.8241563588380811
0.8319818079471586
0.8264664262533186
0.8342700600624083
0.8296872228384016
0.830690264701843
0.8296806365251539
0.8319755047559736
0.8218923211097715
0.8320127278566358
0.8218923211097715
0.8296806365251539
0.8375589400529859
0.8343074321746824
0.8422386050224302
0.8255222290754316
0.8366333097219465
0.8375590294599531
0.8287304192781446
0.8320126384496687
0.8375589996576307
0.8367086499929427
0.8241563588380811
0.8320126384496687
0.8366333097219465
0.8319754749536513
0.8343074470758436
0.8382401466369628
0.8352487683296203
0.8427219241857526
0.8265601694583891
0.8264572024345397
0.8319754600524901
0.8241562545299528
0.8218923211097715
0.826472535729408
0.8365959227085112
0.8241563588380811
0.8310562074184416
0.82196606695652
0.8274536430835722
0.8315558433532715
0.8297025859355924
0.8264944702386855
0.8366333246231078
0.8297178745269774
0.8330070972442626
0.8274232447147367
0.8287892788648604
0.8280909210443494
0.8320259749889373
0.8296872675418853
0.8218923211097715
0.8297026306390761
0.8310562223196027
0.837103635072708
0.8320126384496687
0.8342700600624083
0.8365959227085112
0.8164780437946317
0.8343074321746825
0.8366333097219465
0.8241562545299528
0.8319755047559736
0.8297605663537977
0.8296806961297988
0.8164351433515546
0.8219660520553587
0.8251373767852781
0.8365959227085112
0.8306902945041655
0.8367086648941039
0.8264572322368621
0.8367086648941039
0.8375589996576307
0.8330070376396177
0.8287365138530729
0.8287673592567442
0.8209849298000335
0.8366332948207853
0.8370881676673889
0.8241563588380811
0.8320521414279936
0.8385599255561826
0.8241563588380811
0.8297232836484907
0.8343127965927122
0.8241563588380811
0.8365959227085112
0.8320127278566358
0.8219290822744367
0.8342920392751692
0.8375589251518247
0.8297178745269774
0.8366333097219465
0.8375589251518247
0.8209481984376905
0.8319818079471586
0.8287892788648604
0.8287673592567442
0.8232121765613554
0.8352488428354262
0.8365959227085112
0.8329695910215376
0.8287892788648604
0.8320876508951185
0.831056237220764
0.8287673592567442
0.8287892788648604
0.8219290822744367
0.8319818526506422
0.8385599702596664
0.8352488428354262
0.8342920392751692
0.8297026455402373
0.8287673592567442
0.8319754600524901
0.8375967442989347
0.8297025859355924
0.8310686051845547
0.8218923211097715
0.8219660520553587
0.8287304192781446
0.826442003250122
0.8264572322368621
0.8209481984376905
0.8330070376396177
0.8342700600624083
0.8408701121807097
0.8229255080223081
0.8219074457883833
0.8155035376548765
0.8343074470758436
0.8274232447147367
0.8342700600624083
0.8241563588380811
0.8264944702386855
0.8264572322368621
0.8287892788648604
0.8343570977449415
0.8352487832307813
0.8342700600624083
0.8264572322368621
0.8264944553375242
0.8375589698553083
0.8264944702386855
0.8329695910215376
0.8218923211097715
0.8287365138530729
0.8366333097219465
0.8320127278566358
0.8342919945716857
0.8297178745269774
0.8264356404542921
0.8375966697931287
0.8264572322368621
0.8287892788648604
0.8209481686353681
0.8375589996576307
0.8329696059226988
0.8343074321746824
0.8375589996576307
0.8352487683296201
0.8274233788251875
0.8264355957508086
0.8366333097219465
0.827453553676605
0.8352487683296201
0.8375590145587919
0.8296806365251539
0.831981912255287
0.8274232596158979
0.8342919945716857
0.8329696059226988
0.8375589996576307
0.8343074470758436
0.8164501339197158
0.8251374959945678
0.8366333097219465
0.8320260643959043
0.8319754749536513
0.8264572322368621
0.8209481984376905
0.8352487385272978
0.8241563588380811
0.8342920839786527
0.8343504071235655
0.8210061788558959
0.8264663368463515
0.8264944553375242
0.8218923211097715
0.8241562545299528
0.8296806961297988
0.8375966399908065
0.8210497945547102
0.8280734270811079
0.8264663815498351
0.8241562545299528
0.8366333097219465
0.8342920839786527
0.8287585228681562
0.8342700600624083
0.8319819122552871
0.8274014592170714
0.8186906278133391
0.8265030384063718
0.8385599702596662
0.8362654745578764
0.8264791667461393
0.8342920839786527
0.8320127278566358
0.8274233937263488
0.8209759443998335
0.832012668251991
0.8310562223196027
0.8219290822744367
0.8330070972442625
0.831981912255287
0.8219660520553587
0.8229255080223081
0.8191636502742766
0.8366333097219465
0.8343074321746824
0.8375589698553083
0.831056237220764
0.8274233788251875
0.8242531269788741
0.8264572322368621
0.831981912255287
0.8319754600524901
0.827453553676605
0.8342700600624083
0.8320127278566358
0.8229254931211469
0.8398783802986144
0.8196584582328794
0.8375589996576307
0.8380781859159468
0.8218923211097715
0.8343127965927122
0.8219074606895445
0.8209481984376905
0.8352487385272978
0.8320126831531522
0.8365959823131559
0.8219290822744367
0.8264663666486738
0.8342700600624083
0.831056237220764
0.831981912255287
0.8342920392751692
0.8274674564599989
0.8352711349725721
0.8287304192781446
0.8336307406425474
0.8343074321746824
0.8343074470758436
0.8399033695459365
0.8342700600624083
0.8320126086473463
0.8296806365251539
0.8392144143581388
0.8375966697931287
0.8297026455402373
0.8310686051845549
0.8366333246231078
0.8366333246231078
0.8241878300905225
0.8365959227085112
0.8241562545299528
0.8320127278566358
0.8264356404542921
0.8385599255561826
0.8287673592567442
0.8218923211097715
0.8196584433317182
0.8342700302600858
0.8264791518449781
0.8296806961297988
0.8310562223196027
0.8366333097219465
0.8264572322368621
0.8366333246231078
0.8280689418315885
0.8209545314311979
0.8265601843595504
0.8241562992334365
0.831056237220764
0.8319818079471586
0.8366333246231078
0.8399049639701842
0.8296806961297988
0.8210497945547102
0.8366333097219465
0.8342700600624083
0.8287365138530729
0.8287148773670195
0.8319818079471586
0.8403695374727247
0.8352711498737333
0.8196584433317182
0.8366333097219465
0.82968071103096
0.8342920839786527
0.8398783802986144
0.8297178745269774
0.8342919945716857
0.8264356851577757
0.82196606695652
0.8397281765937803
0.8241563588380811
0.8319754749536512
0.8274232596158979
0.8164866417646407
0.8352487683296203
0.8274233788251875
0.8375589996576307
0.8280690461397169
0.8320876508951185
0.8297025859355924
0.8274233788251876
0.8342920839786527
0.8219290822744367
0.8343074470758436
0.8274232447147367
0.8197021037340163
0.8352711498737333
0.8375589698553083
0.8385600149631499
0.8310562223196027
0.8274232447147367
0.8296872675418853
0.833007127046585
0.8241563588380811
0.8241563588380811
0.8352489173412322
0.8375966697931287
0.8219290822744367
0.8342919945716857
0.83296962082386
0.831981912255287
0.8310562223196027
0.838251158595085
0.8415512889623641
0.8366333097219465
0.8251374959945678
0.8367086499929427
0.8264355957508086
0.8264791518449781
0.8287304192781446
0.8320521414279936
0.8342700600624083
0.8394404500722883
0.8375589251518247
0.8251374959945678
0.8343074470758436
0.8367086499929427
0.8219660520553587
0.8320260047912595
0.8241562545299528
0.8218923211097715
0.8342700600624083
0.8320521414279936
0.8209481984376905
0.8241563588380811
0.8219290822744367
0.8297300636768339
0.8367086648941039
0.827453553676605
0.8306902348995208
0.8320127278566358
0.8196584582328794
0.8264572322368621
0.8174395561218261
0.8297025412321088
0.8229254782199857
0.8394217640161513
0.8311499208211897
0.8264572322368621
0.8352487683296201
0.8306902796030043
0.8359849154949186
0.8385599702596664
0.8219290226697921
0.8274232447147367
0.8366333097219465
0.8264356851577757
0.8219290822744367
0.8241562545299528
0.8342700600624083
0.8310685902833936
0.8366332948207854
0.8287584781646727
0.8255286067724228
0.8329696357250211
0.8219290226697921
0.8265403509140012
0.8241563588380811
0.8232121765613554
0.8229254931211469
0.8342920839786527
0.8264572322368621
0.8186839669942854
0.8330070376396177
0.8310686498880384
0.8264356851577757
0.8342700600624083
0.8296806365251539
0.8319818079471586
0.8352489173412322
0.8297178596258161
0.8264944553375242
0.8342700600624083
0.831981912255287
0.8187164217233656
0.8219660967588422
0.8287304192781446
0.8352487683296201
0.8320127278566358
0.8264356851577757
0.8264944702386855
0.8311499208211897
0.830690264701843
0.8347935080528257
0.8241562545299528
0.8264791965484617
0.8297178596258161
0.82196606695652
0.830690264701843
0.832976460456848
0.8343074321746824
0.8320876210927962
0.8342700600624083
0.831056237220764
0.8274232447147367
0.8320260643959043
0.8320127278566358
0.8287304192781446
0.8342920392751692
0.826479062438011
0.831025034189224
0.8219290971755979
0.8366333246231078
0.8329765796661375
0.8385599702596662
0.8274232447147367
0.8196584433317182
0.8251374959945678
0.8264944702386855
0.8375966399908065
0.8219660967588422
0.831025034189224
0.8342700600624083
0.8297025859355924
0.8209632784128188
0.8218923211097715
0.8343074470758436
0.8336198180913924
0.8342920392751692
0.8186906278133391
0.8320260494947431
0.8229255080223081
0.8343074470758436
0.8352487683296201
0.8330071270465849
0.8330026268959043
0.8264572322368621
0.8375966697931287
0.8310686051845547
0.8264355361461637
0.8219358772039411
0.8274536430835722
0.8342700600624083
0.8366333246231078
0.8310562223196027
0.8186839669942854
0.8218923211097715
0.8375965803861616
0.8219074010848998
0.8287365138530729
0.8320127278566358
0.830690264701843
0.8241563588380811
0.8264944702386855
0.8375589698553083
0.8375966697931287
0.8274014592170714
0.8342700600624083
0.831981912255287
0.8287584781646727
0.8219358772039411
0.8287303894758222
0.830690264701843
0.8319754600524901
0.8342700600624083
0.8342919945716857
0.8241563588380811
0.8342700600624083
0.8219290822744367
0.8365959227085112
0.8197021037340163
0.8319755047559736
0.8352711498737333
0.8342919945716857
0.8319818079471586
0.8241562545299528
0.8274014443159101
0.8365959227085112
0.8297178745269774
0.8342700600624083
0.8241563588380811
0.8375589996576307
0.8241563588380811
0.8264944255352018
0.8264508694410322
0.8264664262533186
0.8399033695459365
0.831056237220764
0.8343074321746824
0.8352710008621215
0.8209758698940275
0.8338353037834165
0.8352489024400709
0.8297178745269774
0.8264572322368621
0.8164350688457488
0.8320260792970656
0.8297025859355924
0.8264572322368621
0.8369154334068296
0.8264664262533186
0.826479062438011
0.8187119364738462
0.8371036797761916
0.8219660967588422
0.8287585228681562
0.8320126831531522
0.8229255080223081
0.8365959227085112
0.8297178745269774
0.8375967741012572
0.8399033695459365
0.8366333097219465
0.8218923211097715
0.8264944553375242
0.8342920392751692
0.8319818079471586
0.8274232447147367
0.831981912255287
0.8264355957508086
0.8343074470758436
0.8366332948207854
0.8329695910215376
0.8343074321746824
0.8264572322368621
0.8320081532001493
0.8297178745269774
0.831056237220764
0.8330070078372953
0.8336197584867475
0.8287892788648604
0.8274014592170714
0.8342920392751692
0.8264791518449781
0.8375967442989347
0.8310562223196027
0.8155035376548765
0.8241563588380811
0.8264356404542921
0.8210195004940032
0.83296962082386
0.8375590145587919
0.8251374959945678
0.8366333097219465
0.8287304192781446
0.8296806961297988
0.8241562545299528
0.831056237220764
0.8338320553302764
0.8408699929714201
0.8343074470758436
0.8209632784128188
0.831981912255287
0.8209697008132933
0.8241563588380811
0.8241562545299528
0.8319818079471586
0.8320260047912595
0.8385600149631499
0.8241562545299528
0.8366333097219465
0.8264355957508086
0.8320876508951185
0.8354755938053129
0.8241563588380811
0.8287673592567442
0.837590917944908
0.83296962082386
0.8297025859355924
0.8320127278566358
0.8264356404542921
0.8330070227384565
0.8241562545299528
0.8274233192205427
0.8229255378246306
0.8209758698940275
0.8251374959945678
0.8375966697931287
0.8342919945716857
0.8347857445478438
0.8251374959945678
0.8320126831531522
0.8342920839786527
0.8342919945716857
0.8241563588380811
0.8375589251518247
0.8343074470758436
0.8352487683296203
0.8324910104274748
0.8385599702596664
0.8287304192781446
0.8297178745269774
0.8385599255561826
0.8342700600624083
0.8375589996576307
0.8375590145587919
0.8265403509140012
0.8310562223196027
0.8196897953748702
0.8241713941097257
0.8375590145587919
0.8385599702596664
0.830690264701843
0.8319818079471586
0.8375589698553083
0.8342700600624083
0.8366333097219465
0.8209632784128188
0.8320127278566358
0.8366332948207854
0.8342700600624083
0.8319818079471586
0.8319818079471586
0.8352711498737333
0.8365959227085112
0.8352489024400709
0.8319818079471586
0.8241562843322752
0.8352488428354262
0.8343074321746825
0.8319818526506422
0.8310931026935575
0.8287148773670195
0.8385599702596662
0.8218923211097715
0.8287365138530729
0.8209481984376905
0.8241563588380811
0.8343074321746824
0.8326631039381025
0.8297178745269774
0.8343074321746824
0.83201265335083
0.8320127129554746
0.8352487683296203
0.838251158595085
0.8367086648941039
0.8241562545299528
0.8352487832307813
0.8375743776559827
0.8219660967588422
0.8352487385272978
0.8287148773670195
0.8264572322368621
0.8219290822744367
0.8375589251518247
0.8219660520553587
0.8343074470758436
0.8346251249313352
0.8274014592170714
0.8274014592170714
0.8210195451974868
0.8366332948207853
0.8287304192781446
0.8319754749536513
0.8229255080223081
0.8306902945041655
0.8218923211097715
0.8229255080223081
0.8264792710542677
0.8274165391921996
0.8375589400529859
0.8232121765613554
0.8287304192781446
0.8342700600624083
0.8375589698553083
0.8287304192781446
0.8375589698553083
0.8320259898900983
0.832012668251991
0.8352711349725721
0.8342700600624083
0.8342920392751692
0.8287585228681562
0.8343074321746824
0.8218923211097715
0.8164351433515546
0.8375589400529859
0.8241562545299528
0.8274233937263488
0.831056237220764
0.8342700600624083
0.831056237220764
0.8264664262533186
0.8375589400529859
0.8366333097219465
0.8209481984376905
0.8382401466369628
0.8297178894281385
0.8343074321746824
0.8319754749536513
0.8241562545299528
0.8352487683296201
0.8297178596258161
0.8196584433317182
0.8310562074184416
0.8319818973541259
0.8365959823131559
0.8342700600624083
0.8352487832307813
0.8218923211097715
0.8348045647144317
0.8287673592567442
0.8375590294599531
0.8274232149124143
0.8241563588380811
0.8329695910215376
0.8366332948207854
0.8241715580224989
0.8297025859355924
0.8241562545299528
0.8264663666486738
0.8287892788648604
0.8343074470758436
0.8255286067724228
0.8296806961297988
0.8241562992334365
0.8219660967588422
0.8297026306390761
0.831981912255287
0.8209481686353681
0.8319818079471586
0.8264355957508086
0.8343074470758436
0.8241563588380811
0.8354744762182233
0.8251374959945678
0.8296806961297988
0.8218923211097715
0.8365959227085112
0.8319754600524901
0.8342920392751692
0.8366333097219465
0.825522258877754
0.8218923211097715
0.8281458765268324
0.8197021037340163
0.8320126384496687
0.8319755047559736
0.8241562545299528
0.830690264701843
0.8296806365251539
0.839884579181671
0.826442003250122
0.8241562545299528
0.8297178596258161
0.8362654745578764
0.8218923211097715
0.8366332948207854
0.8219290822744367
0.8287682235240935
0.8320126086473463
0.8320003151893615
0.8366333246231078
0.8320260047912595
0.8274232447147367
0.8165215402841566
0.8187097311019896
0.8375965654850004
0.8382778614759443
0.8329695761203764
0.8320126831531524
0.8196584433317182
0.8366333097219465
0.8343074321746825
0.8366332948207854
0.831056237220764
0.8352487832307813
0.8251373767852781
0.8342700600624083
0.8264356404542921
0.8287584781646727
0.8292381167411802
0.8320127278566358
0.8186839669942854
0.8319818526506422
0.8342700600624083
0.8274232447147367
0.8297178745269774
0.8320876359939574
0.833863168954849
0.832969546318054
0.8287585228681562
0.8186839669942854
0.8209697008132933
0.8343074321746824
0.8320126086473463
0.8274233788251875
0.8352489173412322
0.8274233937263488
0.8274233192205427
0.8329765200614928
0.8353018611669539
0.831981912255287
0.831056237220764
0.8310561925172805
0.8241563588380811
0.8251373767852781
0.8342700600624083
0.8455308228731153
0.8310931026935575
0.8219660520553587
0.8352489173412322
0.8310562223196027
0.833006978034973
0.8297178596258161
0.8264572024345397
0.8287511616945265
0.8209849298000335
0.8241563588380811
0.8343074321746825
0.8209758698940275
0.8330070376396177
0.831025034189224
0.8371257185935973
0.8343074470758436
0.8320876508951185
0.8366332948207854
0.83201265335083
0.8342700600624083
0.830690264701843
0.8310562223196027
0.835248902440071
0.8241563588380811
0.8347858190536497
0.8320876210927962
0.818710833787918
0.8342920839786527
0.8264572322368621
0.8310562223196027
0.8375589251518247
0.8241997510194776
0.8366333246231078
0.8241562545299528
0.8343074321746825
0.8343074321746824
0.8196584433317182
0.8310562223196027
0.8347857445478438
0.8375965654850004
0.8241562545299528
0.8241562545299528
0.8264944702386855
0.8320876359939574
0.8375967741012572
0.8297178745269774
0.8264664262533186
0.8297178745269774
0.825522258877754
0.8319754749536513
0.832669287919998
0.8219290822744367
0.8320126831531522
0.8319754749536513
0.8382778465747832
0.8366333097219465
0.8366333097219465
0.835248902440071
0.8186906278133391
0.8310685902833936
0.8319818079471586
0.8287148773670195
0.831981912255287
0.8375967741012572
0.8385599702596662
0.8392145633697509
0.8186906278133391
0.8342919945716857
0.8375589251518247
0.8375589996576307
0.8342700600624083
0.8320876508951185
0.8367086648941039
0.8348154574632642
0.8287584781646727
0.8342920392751692
0.8296806961297988
0.8343516141176222
0.8264572322368621
0.8319818079471586
0.8264944255352018
0.8365959227085112
0.8320126831531522
0.8241715580224989
0.8287584781646727
0.8218923211097715
0.8214536160230634
0.8343074321746825
0.8319754749536512
0.8365959227085112
0.8367086648941039
0.8241563588380811
0.8264791518449781
0.8375966697931287
0.8352487683296201
0.8352711498737333
0.8342920392751692
0.8320126384496687
0.8196584433317182
0.8186839669942854
0.8366333246231078
0.831981912255287
0.838559955358505
0.8375966399908065
0.8366333246231078
0.8264508694410322
0.8329765200614928
0.8342919945716857
0.8164779841899871
0.8342920839786527
0.8219290822744367
0.8320260047912595
0.833006978034973
0.8343074321746824
0.832969546318054
0.8287304192781446
0.8310562223196027
0.831056237220764
0.8196584582328794
0.8264356851577757
0.8296806961297988
0.8320127278566358
0.8274232596158979
0.8251374959945678
0.82196606695652
0.8241563588380811
0.8232121765613554
0.8264572322368621
0.826479062438011
0.831981912255287
0.8274232149124143
0.8415400981903074
0.8329764306545255
0.8352487683296201
0.8232121765613554
0.831981912255287
0.8367086499929427
0.8380516618490217
0.8352711498737333
0.8196584433317182
0.8219290822744367
0.8320126384496687
0.8264663666486738
0.8330071270465849
0.8219290822744367
0.8352711498737333
0.8375590145587919
0.8241563588380811
0.8237101733684538
0.8287148773670195
0.8342920392751692
0.8196584433317182
0.8365959227085112
0.836265444755554
0.8342700600624083
0.827453553676605
0.8320260047912595
0.8431957513093946
0.8319818079471586
0.8296806961297988
0.8352487683296201
0.8287303894758222
0.8274232447147367
0.8352710008621215
0.8385599702596664
0.8343516141176222
0.8366333097219465
0.8329696357250211
0.8375966697931287
0.8366332948207854
0.8366333097219465
0.8287304192781446
0.8264663666486738
0.8329695165157316
0.8352487683296203
0.8352711349725721
0.8342700600624083
0.8274233937263488
0.8310562223196027
0.8241562545299528
0.8366332948207854
0.8375966697931287
0.8287584781646727
0.8209849298000335
0.8342700600624083
0.8319754749536512
0.8287673592567442
0.8264355361461637
0.8319818079471586
0.8241562545299528
0.8297026306390761
0.8329696357250211
0.8297178745269774
0.8241823613643644
0.8342700600624083
0.833006978034973
0.8329765200614928
0.8241562545299528
0.8375589698553083
0.8242082744836806
0.8375589400529859
0.8251374363899229
0.8310685902833936
0.8342700600624083
0.8375589251518247
0.8241997510194776
0.8164866417646407
0.831981912255287
0.8366333097219465
0.83296962082386
0.8342700600624083
0.8320260494947431
0.8320260643959043
0.8164779841899871
0.8241562545299528
0.8320127278566358
0.8287584781646727
0.8366332948207854
0.8186906278133391
0.8320260792970656
0.8320127278566358
0.8319818079471586
0.8319819122552871
0.8287304192781446
0.8362654745578764
0.8343074321746824
0.8347936272621154
0.8352487683296201
0.8287584781646727
0.8310562223196027
0.8320876359939574
0.8264944702386855
0.8264355957508086
0.832018047571182
0.8320126086473463
0.8375965803861616
0.8365959227085112
0.8320127129554746
0.8352487385272978
0.8320289254188535
0.8342700600624083
0.8264356404542921
0.8343074470758436
0.8343516141176222
0.8219660520553587
0.8336198329925536
0.8274233639240263
0.8375589549541471
0.8287673592567442
0.8398893922567365
0.8287304192781446
0.8319818079471586
0.8241715580224989
0.8375589251518247
0.8320127278566358
0.8319818079471586
0.836265444755554
0.8264792114496229
0.8310562223196027
0.8210497945547102
0.8320125937461851
0.8352710008621215
0.8274536132812498
0.8274014592170714
0.8297178745269774
0.8343074321746824
0.8264508694410322
0.8164567798376082
0.8375589251518247
0.8320876210927962
0.8274232298135755
0.8241563588380811
0.8287304192781446
0.827423334121704
0.8330071270465849
0.8219290822744367
0.8241563588380811
0.8209481984376905
0.8186839669942854
0.8320126831531524
0.8343504220247266
0.8274233788251875
0.8209632784128188
0.8241562545299528
0.8342920839786527
0.8342919945716857
0.8365959227085112
0.8241562545299528
0.8274232447147367
0.8365959227085112
0.8403694927692411
0.8241715580224989
0.8320876210927962
0.8264356404542921
0.8219074457883833
0.8219074159860609
0.8320876508951185
0.8287365138530729
0.8274233788251875
0.8297178745269774
0.8319754600524901
0.8366332948207854
0.8352487683296201
0.8329765200614928
0.8264663666486738
0.8366332948207853
0.8241563588380811
0.8375589251518247
0.826965570449829
0.8209481984376905
0.825522258877754
0.8241562545299528
0.8342700600624083
0.8343074470758436
0.826472535729408
0.8264572322368621
0.8287673592567442
0.8352487683296203
0.8296806365251539
0.8342919945716857
0.831981912255287
0.8310562223196027
0.830690264701843
0.8264356404542921
0.8296806961297988
0.8264572322368621
0.8241562843322752
0.8274231851100919
0.8320260643959043
0.8218923211097715
0.8241562545299528
0.8274232298135755
0.8342700600624083
0.835248902440071
0.833007127046585
0.8241562545299528
0.8196584582328794
0.831056237220764
0.8375589698553083
0.8229255229234693
0.8246760964393616
0.8241563588380811
0.8366333097219465
0.8241562545299528
0.8450554311275481
0.8264663666486738
0.8310562223196027
0.8287148773670195
0.8342920839786527
0.8287673592567442
0.8320876359939574
0.8320876359939574
0.8352489024400709
0.8375589996576307
0.8319818079471586
0.8229255080223081
0.8237101733684538
0.8348046243190764
0.8320127278566358
0.8327023833990096
0.8218923211097715
0.8320876359939574
0.8209849298000335
0.8352489173412322
0.8241997510194776
0.8241563588380811
0.8320126384496687
0.8264944553375242
0.8241562545299528
0.8310561925172805
0.8329765200614928
0.8264572322368621
0.8186839669942854
0.8366333097219465
0.8287148773670195
0.8320260643959043
0.8241563588380811
0.8218923211097715
0.8209481984376905
0.8264944255352018
0.8287304192781446
0.832012668251991
0.8155035376548765
0.832976460456848
0.831981912255287
0.8342700600624083
0.8265601843595504
0.8196584433317182
0.8320876508951185
0.8342700600624083
0.8343074321746825
0.8264944255352018
0.8375589400529859
0.8320127278566358
0.8297026455402373
0.83296962082386
0.8241562545299528
0.8255286067724228
0.8274233788251875
0.8366333246231078
0.8366333246231078
0.8209849298000335
0.8264572322368621
0.8319916427135465
0.8343074470758436
0.8287304192781446
0.8290457725524901
0.8375966697931287
0.8191635906696318
0.8197021037340163
0.8288153558969497
0.8380781412124633
0.8319754600524901
0.8382401168346403
0.8310686051845547
0.8219660520553587
0.8287304192781446
0.8342919945716857
0.8274232298135755
0.8196584582328794
0.831056237220764
0.8287148773670195
0.8319818079471586
0.8297178894281385
0.8241997510194776
0.8241562545299528
0.8310685902833936
0.8310562223196027
0.8352487832307813
0.8375965803861616
0.8274536430835722
0.8375966399908065
0.8366332948207853
0.8329695761203764
0.8241562545299528
0.8385599255561826
0.838251158595085
0.8319818079471586
0.8375965654850004
0.8296872228384016
0.8255286961793898
0.8352711498737333
0.8274233192205427
0.8196584433317182
0.831056237220764
0.8219290822744367
0.8352487683296201
0.8229255378246306
0.8296872228384016
0.8241562545299528
0.8310562223196027
0.8232121765613554
0.8287584781646727
0.8366333246231078
0.8320127278566358
0.8290457725524901
0.8241562545299528
0.8241562545299528
0.8251374363899229
0.8375589251518247
0.8320126831531522
0.8403882384300231
0.8342700600624083
0.8422197997570036
0.8241562545299528
0.8343516141176222
0.831981912255287
0.8342700600624083
0.8287304192781446
0.8274536430835722
0.8142229020595548
0.8241563588380811
0.8319818526506422
0.8241562545299528
0.8297178596258161
0.8343074321746824
0.8366333097219465
0.8320876508951185
0.8365959227085112
0.8366333097219465
0.8264944702386855
0.8292764723300933
0.8320876210927962
0.8296806961297988
0.8320127129554746
0.8387305140495298
0.8450554013252257
0.8342919945716857
0.8366333097219465
0.8251373767852781
0.8219074606895445
0.8352487385272978
0.8365959227085112
0.8241563588380811
0.8352489024400709
0.8320260643959043
0.8241563588380811
0.830690249800682
0.8297440409660337
0.8410584032535551
0.8241563588380811
0.8219290226697921
0.8264572322368621
0.8287584781646727
0.8241562545299528
0.8296806961297988
0.8196584433317182
0.8342700600624083
0.8382511138916013
0.8196584433317182
0.8367086499929427
0.8319818824529646
0.8274232447147367
0.8219290822744367
0.8342919945716857
0.824199929833412
0.838753744959831
0.8274233937263488
0.8319818824529646
0.8375589996576307
0.8241563588380811
0.831981912255287
0.8366333097219465
0.8366333246231078
0.8352487385272978
0.8375589996576307
0.8380781263113021
0.8320126831531522
0.8287304192781446
0.8352489173412322
0.8310562074184416
0.8246946036815642
0.8287585228681562
0.8329765796661375
0.8264572322368621
0.8320260643959043
0.8280909210443494
0.8342920839786527
0.834625095129013
0.8347857445478438
0.8319818079471586
0.8186839669942854
0.8352487385272978
0.8342700600624083
0.8186839669942854
0.8365959227085112
0.8209849298000335
0.8251374363899229
0.832969546318054
0.8251374959945678
0.8186839669942854
0.8274674564599989
0.8359849154949186
0.8319818079471586
0.8375966399908064
0.8366333246231078
0.8352808654308317
0.831981912255287
0.8342920839786527
0.8274232298135755
0.8287304192781446
0.8264663666486738
0.8296806365251539
0.8352711349725721
0.8155035376548765
0.8264944553375242
0.8319818079471586
0.8352489024400709
0.8366333097219465
0.8329975754022596
0.8301999270915984
0.8264944702386855
0.8218923211097715
0.8320127278566358
0.83113057911396
0.832976460456848
0.8296872675418853
0.8264355361461637
0.8297178745269774
0.8367086499929427
0.831056237220764
0.8352487683296201
0.8251373767852781
0.8310686051845547
0.8366333097219465
0.8287673592567442
0.8320126384496687
0.8287673592567442
0.8241562545299528
0.8342700600624083
0.8347857892513274
0.8329696357250211
0.8232121765613554
0.8343074321746825
0.8264944553375242
0.8236992955207824
0.8385599255561828
0.8319818079471586
0.8320126384496687
0.83296962082386
0.8365959227085112
0.8196584433317182
0.8342700600624083
0.8274537175893781
0.8343230038881301
0.831981912255287
0.8366332948207853
0.8265403509140012
0.8387350887060164
0.8251373767852781
0.8352711498737333
0.8375589251518247
0.8342700600624083
0.8287304192781446
0.8241563588380811
0.8352487385272978
0.8342700600624083
0.8218923211097715
0.826479062438011
0.8297178745269774
0.8320876508951185
0.8320260643959043
0.8320876508951185
0.8320876508951185
0.8251374363899229
0.8186839669942854
0.8310562074184416
0.8319754600524901
0.8329695910215376
0.8352488428354262
0.8352489024400709
0.8366333097219465
0.8375589996576307
0.8287892788648604
0.8287584781646727
0.8287584781646727
0.8241715580224989
0.8241563588380811
0.8241562992334365
0.8319818079471586
0.8375966697931287
0.8186839669942854
0.8241562545299528
0.8164717853069304
0.8359557092189787
0.8274493962526321
0.8241563588380811
0.8375965803861616
0.8264944255352018
0.8264572322368621
0.8174395561218261
0.8343074321746825
0.8375588953495023
0.8287584781646727
0.8241562545299528
0.8319754153490064
0.8375590145587919
0.8287303894758222
0.8343074321746825
0.8274232447147367
0.8380859494209287
0.8264572322368621
0.8287365138530729
0.82196606695652
0.8229255080223081
0.8320876508951185
0.8155035376548765
0.8287673592567442
0.8342920094728469
0.8287673592567442
0.8241563588380811
0.8241563588380811
0.8241562545299528
0.8251374363899229
0.8264944255352018
0.8342920839786527
0.8287611752748488
0.8352711498737333
0.8296872675418853
0.8287673592567442
0.8186839669942854
0.8219660520553587
0.8264572024345397
0.8264663666486738
0.8186839669942854
0.8375966399908064
0.8319818526506422
0.8319818079471586
0.8352711349725721
0.8367086499929427
0.825203388929367
0.8315220177173613
0.8287148773670195
0.8319818824529646
0.8264944702386855
0.831056237220764
0.8287673592567442
0.8241563588380811
0.8320876508951185
0.8287148773670195
0.831981912255287
0.8342700600624083
0.8296806961297988
0.8320127278566358
0.8297026306390761
0.8297605961561201
0.8366333097219465
0.8287304192781446
0.8142229020595548
0.8410529941320417
0.8287365138530729
0.825522258877754
0.832702338695526
0.8264944255352018
0.8387305140495298
0.8209632784128188
0.8241562545299528
0.8241562545299528
0.835248902440071
0.8319818079471586
0.8264356851577757
0.8287584781646727
0.8287892788648604
0.8274165391921996
0.8329695910215376
0.8219074457883833
0.8366333097219465
0.8310562074184416
0.8375967741012572
0.82968071103096
0.8375965654850004
0.8343074470758436
0.8241563588380811
0.8297025859355924
0.8218923211097715
0.839598774909973
0.8251373767852781
0.8329695761203764
0.8365959227085112
0.8218923211097715
0.831025034189224
0.8287585228681562
0.8330070972442626
0.8242082744836806
0.8366333246231078
0.8297026306390761
0.8310562223196027
0.8342700600624083
0.8241563588380811
0.8241562545299528
0.8186839669942854
0.8310931026935575
0.8241562545299528
0.8274537175893781
0.8366333246231078
0.8287673592567442
0.8375588953495023
0.8219290226697921
0.8209545314311979
0.8241562545299528
0.8274233937263488
0.833007127046585
0.8382401466369628
0.8219290822744367
0.826479226350784
0.8375589251518247
0.8186839669942854
0.8264356404542921
0.8310562223196027
0.8241562545299528
0.8352711498737333
0.8310685902833936
0.8274675160646436
0.8241562545299528
0.831056237220764
0.8241997510194776
0.830690264701843
0.8342700600624083
0.8352489173412322
0.8319818526506422
0.8375589698553083
0.8370694667100904
0.8241562545299528
0.8274232298135755
0.8398783802986144
0.8320126086473463
0.8375589400529859
0.8174247741699217
0.8287304192781446
0.8274232447147367
0.831025034189224
0.8375589549541471
0.8241562545299528
0.8375589996576307
0.835248902440071
0.8264725208282468
0.831997290253639
0.8229255080223081
0.831981912255287
0.8375589996576307
0.8343074321746824
0.8241562545299528
0.8343353122472762
0.8209758698940275
0.8264356404542921
0.8352489024400709
0.8352487832307813
0.8375589400529859
0.8366333097219465
0.8209758698940275
0.8352488428354262
0.8209481984376905
0.837096020579338
0.8342700302600858
0.8287673592567442
0.8241563588380811
0.8367086499929427
0.8366332948207853
0.8342700600624083
0.8352711349725721
0.8264944702386855
0.8264664262533186
0.8310562223196027
0.8329696357250211
0.8338259160518645
0.8310562223196027
0.8241563588380811
0.8287892788648604
0.8320126086473463
0.8218923211097715
0.8352489024400709
0.8287304192781446
0.8310562223196027
0.8320126086473463
0.8342700600624083
0.833006978034973
0.8264572322368621
0.8264944255352018
0.8408700227737426
0.8382512032985686
0.8394030779600142
0.8310527801513671
0.8287303894758222
0.8241563588380811
0.8352489024400709
0.8352487683296201
0.8366333097219465
0.8319818079471586
0.8399224132299422
0.833006978034973
0.8366333097219465
0.8264355957508086
0.8375967442989347
0.8375966399908065
0.8210195004940032
0.8264664262533186
0.8366333097219465
0.8219290822744367
0.8241562545299528
0.8241563588380811
0.8330070972442625
0.8342700302600858
0.8241563588380811
0.8264572322368621
0.8375589698553083
0.8319754749536512
0.8352711498737333
0.8385599255561828
0.8352487832307813
0.8330070078372953
0.8218923211097715
0.8287304192781446
0.8274014443159101
0.8287673592567442
0.831056237220764
0.8287585228681562
0.825522258877754
0.8297178745269774
0.8320180773735044
0.8342700600624083
0.8320180773735044
0.8387305140495298
0.8264663368463515
0.8385600149631499
0.8186839669942854
0.8370915800333021
0.8366333097219465
0.8342920392751692
0.8342700600624083
0.8264944702386855
0.8367086648941039
0.8264664113521574
0.8357834815979003
0.8241562545299528
0.8320127278566358
0.8287584781646727
0.8229255378246306
0.8375589251518247
0.8366332948207853
0.8319818079471586
0.8296806961297988
0.8367086648941039
0.8287673592567442
0.8287892788648604
0.8251373767852781
0.8219376951456068
0.831981912255287
0.8303854912519454
0.8264572322368621
0.8308367282152175
0.8319818079471586
0.8366333097219465
0.8287673592567442
0.8319818079471586
0.8264944553375242
0.8366333097219465
0.837596610188484
0.8319754600524901
0.8343018889427183
0.8366333097219465
0.8366332948207854
0.8366332948207854
0.831056237220764
0.8264572322368621
0.8218923211097715
0.8343128263950346
0.8366333246231078
0.8342700600624083
0.8342700600624083
0.8319754600524901
0.8264664262533186
0.8342700600624083
0.8196584433317182
0.8264944553375242
0.8365959823131559
0.839922472834587
0.8219440877437589
0.8264572322368621
0.8164350837469099
0.8366333246231078
0.835925444960594
0.8287673592567442
0.8284263908863067
0.8342920839786527
0.8196584582328794
0.8342920839786527
0.8218923211097715
0.8241563588380811
0.8297178745269774
0.8310931026935575
0.8366333097219465
0.8319754600524901
0.8296806961297988
0.8155035376548765
0.8367086499929427
0.8375589996576307
0.8320876210927962
0.8319819122552871
0.83113057911396
0.8241562545299528
0.8241562992334365
0.8209481984376905
0.8296872228384016
0.8398846089839934
0.8343074321746824
0.8209849298000335
0.8319754451513289
0.8427219241857526
0.82196606695652
0.8218923211097715
0.8320260643959043
0.8297178745269774
0.8218923211097715
0.8366333097219465
0.8366333097219465
0.8264944553375242
0.8385599255561826
0.8352807164192197
0.8241562545299528
0.8366332948207854
0.8274537175893781
0.8219510167837142
0.8251374363899229
0.8297178596258161
0.8210061788558959
0.8241562992334365
0.8264572322368621
0.8366333097219465
0.8367086648941039
0.8297025859355924
0.8320126831531522
0.8342700600624083
0.8241563588380811
0.8210195004940032
0.8251374363899229
0.8352487683296201
0.8365959227085112
0.8297178596258161
0.8237426578998563
0.8319818079471586
0.8296806961297988
0.8366332948207853
0.8196584433317182
0.8367086499929427
0.8310562223196027
0.8375590145587919
0.8342920392751692
0.8209481984376905
0.8366333246231078
0.8209481984376905
0.8366333246231078
0.8319819122552871
0.8352487385272978
0.8241562545299528
0.831056237220764
0.8287148773670195
0.8365959227085112
0.8287365138530729
0.8264356851577757
0.8366332948207853
0.8251373767852781
0.8366332948207854
0.8297178745269774
0.8342700600624083
0.8241562545299528
0.831056237220764
0.8264356404542921
0.8287304192781446
0.8219290822744367
0.8274233788251875
0.8241563588380811
0.8264664262533186
0.8264944702386855
0.8343074321746825
0.8352488428354262
0.8342920392751692
0.8367086648941039
0.8367086499929427
0.8375966399908065
0.834778070449829
0.8218923211097715
0.8366333097219465
0.8219660967588422
0.8354744762182233
0.827467307448387
0.8375589400529859
0.8264944255352018
0.8264944702386855
0.8320260792970656
0.8297178596258161
0.8319818526506422
0.8287148773670195
0.835951894521713
0.8251373767852781
0.8241562545299528
0.8274233788251875
0.8291976898908613
0.8343074470758436
0.8296806961297988
0.8375966399908064
0.8251374959945678
0.8241562545299528
0.8287673592567442
0.8264944702386855
0.835248902440071
0.8375589251518247
0.8287673592567442
0.8385599702596662
0.8219290226697921
0.8186906278133391
0.8410640209913252
0.8241562545299528
0.8343074470758436
0.831056237220764
0.8365959227085112
0.8241562545299528
0.8422385454177855
0.8209481984376905
0.827453553676605
0.8319754749536513
0.8375589698553083
0.8218923211097715
0.8385809957981109
0.8366333246231078
0.836265444755554
0.82196606695652
0.8352488428354262
0.8375589251518247
0.8375589549541471
0.8375589251518247
0.82196606695652
0.8296806961297988
0.8219290226697921
0.8375589400529859
0.8375966697931287
0.8330070227384565
0.8319818079471586
0.8251373767852781
0.8287673592567442
0.8375589549541471
0.8241562545299528
0.8274014443159101
0.8342700600624083
0.8287304192781446
0.831056237220764
0.8375589251518247
0.8264792710542677
0.8320876508951185
0.8375967442989347
0.8287673592567442
0.8310621082782743
0.8287892788648604
0.831056237220764
0.8241563588380811
0.8269477933645247
0.8241563588380811
0.8366332948207854
0.8279322683811186
0.8209545314311979
0.8297605663537977
0.8274536430835722
0.82196606695652
0.8287585228681562
0.831025034189224
0.8352489024400709
0.8196584433317182
0.8219358772039411
0.8297178745269774
0.8366333246231078
0.8319754153490064
0.8274232447147367
0.8320126384496687
0.8264356404542921
0.8264791965484617
0.8209545314311979
0.831981912255287
0.8336572349071502
0.8241562545299528
0.8320126831531524
0.8369252681732176
0.8342700600624083
0.8209849298000335
0.8264572322368621
0.8241563588380811
0.8165215402841566
0.8164866417646407
0.8264791518449781
0.8209758698940275
0.8219290822744367
0.8287303894758222
0.8241562545299528
0.8219290822744367
0.8186839669942854
0.8359365761280058
0.8209481984376905
0.831056237220764
0.8330071270465849
0.8385599255561826
0.831981912255287
0.827453553676605
0.8241563588380811
0.8310562223196027
0.8310562223196027
0.8209632784128188
0.8320126384496687
0.8241562545299528
0.8210195451974868
0.8241563588380811
0.8320127278566358
0.8274232298135755
0.8375589698553083
0.8209849298000335
0.827423334121704
0.8375590294599531
0.8310686498880384
0.8264944255352018
0.8264572322368621
0.8342920392751692
0.8241563588380811
0.8320126384496687
0.8320260047912595
0.8287304192781446
0.8375967741012572
0.8329696059226988
0.8241715580224989
0.8274014592170714
0.8352489173412322
0.8274233937263488
0.8320876210927962
0.8264572322368621
0.8320260643959043
0.8366333097219465
0.8264356404542921
0.8241562545299528
0.8218923211097715
0.8370694667100904
0.8186906278133391
0.8310562074184416
0.8264572322368621
0.8297178745269774
0.8186906278133391
0.8310621082782743
0.826472535729408
0.8329765796661375
0.8352955430746076
0.8264663666486738
0.8342700600624083
0.8342700600624083
0.8365959227085112
0.8264572322368621
0.8311499059200285
0.8297178596258161
0.8329696059226988
0.8264572322368621
0.8375589698553083
0.831056237220764
0.8319755047559736
0.8186839669942854
0.8348046094179151
0.8352487683296201
0.8164501339197158
0.8330070078372953
0.8264355957508086
0.8218923211097715
0.8329696506261823
0.8196584582328794
0.8366333246231078
0.8297178894281385
0.8319754749536512
0.8241563588380811
0.8320260643959043
0.8264572322368621
0.8375965803861616
0.8343074321746824
0.8209481686353681
0.8287304192781446
0.8241563588380811
0.8274232149124143
0.8385599255561828
0.8296806961297988
0.8264572322368621
0.8287304192781446
0.8264356404542921
0.8366332948207853
0.8274536430835722
0.8310562074184416
0.8366333097219465
0.8287584781646727
0.8320127278566358
0.8306902945041655
0.8342700600624083
0.8264356851577757
0.8219660967588422
0.8352487683296201
0.8367086648941039
0.8264725208282468
0.8319818526506422
0.8264572322368621
0.8287673592567442
0.8336263746023176
0.8336572200059889
0.8319819122552871
0.8313623070716857
0.8187119364738462
0.8297178745269774
0.8296872228384016
0.8329696059226988
0.8330070376396177
0.8315109908580778
0.8352752625942228
0.824199929833412
0.8219074606895445
0.8352753221988677
0.8241562992334365
0.8319754600524901
0.8241563588380811
0.8365959227085112
0.8352487832307813
0.8342919945716857
0.8218923211097715
0.831981912255287
0.8264356851577757
0.8342700600624083
0.8310686051845547
0.8375590145587919
0.8366333246231078
0.8352487683296203
0.8320126831531522
0.8241562545299528
0.8319754749536512
0.8375590145587919
0.8241563588380811
0.831981912255287
0.8375589996576307
0.8375967442989347
0.8366333097219465
0.8310562074184416
0.8264663815498351
0.8382778614759443
0.8375967741012572
0.8297026455402373
0.8274232149124143
0.8366333097219465
0.8274232447147367
0.8399033695459365
0.8394217491149901
0.8274232447147367
0.8218923211097715
0.8287584781646727
0.8241562545299528
0.8320127278566358
0.831981912255287
0.8196584433317182
0.8375589996576307
0.8319818079471586
0.8375589996576307
0.8365959823131559
0.8319819122552871
0.8264572322368621
0.8310931026935575
0.8343074321746825
0.8287892788648604
0.8218923211097715
0.8209545314311979
0.8343074470758436
0.8255286961793898
0.8342919945716857
0.8274233788251875
0.8209481984376905
0.8264572322368621
0.8219660967588422
0.839421659708023
0.8264572322368621
0.8241562545299528
0.8352489173412322
0.8209758698940275
0.832012668251991
0.831025034189224
0.8297123014926908
0.8209697008132933
0.8319754749536512
0.8329958617687224
0.8264572322368621
0.8375589996576307
0.8251373767852781
0.8319754600524901
0.8342700600624083
0.8375590145587919
0.8366333097219465
0.8342700600624083
0.8241562545299528
0.8296872228384016
0.8367086499929427
0.8352489024400709
0.8264663666486738
0.8310562223196027
0.8343074470758436
0.8296806961297988
0.8265403509140012
0.8366333246231078
0.8310562074184416
0.8352489173412322
0.8290899395942687
0.831981912255287
0.8287365138530729
0.8297178894281385
0.8375589251518247
0.8287673592567442
0.8410529494285581
0.8319754749536512
0.8343074470758436
0.83296962082386
0.8287673592567442
0.8241563588380811
0.8320259898900983
0.8274232149124143
0.8287365138530729
0.8342920392751692
0.8343074470758436
0.831981912255287
0.8320126831531522
0.8209545314311979
0.8251373767852781
0.8320126831531522
0.8319818079471586
0.8306902348995207
0.830690264701843
0.833006978034973
0.832702338695526
0.8218923211097715
0.831056237220764
0.8241563588380811
0.8241563588380811
0.8297178745269774
0.8287565708160398
0.8385599702596664
0.8329695761203765
0.8375589400529859
0.839895576238632
0.8209849298000335
0.8297026306390761
0.8264944702386855
0.8274232596158979
0.8242082744836806
0.830690264701843
0.8319754749536513
0.8214633613824843
0.8209697902202605
0.8375589698553083
0.8296806961297988
0.8297123461961745
0.8366332948207854
0.8251373767852781
0.830690264701843
0.8209481984376905
0.830230042338371
0.8209481984376905
0.8310562223196027
0.8319755047559737
0.8264355361461637
0.8329695761203765
0.8287304192781446
0.8210195004940032
0.8371069580316542
0.8319818079471586
0.8427029997110366
0.8336572349071502
0.8343074321746824
0.8375966697931287
0.8209481984376905
0.8375966697931287
0.835248902440071
0.8375589698553083
0.8246760368347166
0.8241715580224989
0.830690264701843
0.833006978034973
0.8330070078372953
0.8366333246231078
0.8264944553375242
0.8296806365251539
0.8219290226697921
0.8241562545299528
0.8241563588380811
0.8232121765613554
0.8342700600624083
0.8362862765789031
0.8320876508951185
0.8218923211097715
0.8274233043193815
0.8264944702386855
0.8366333097219465
0.8186839669942854
0.8242289572954178
0.8264664262533186
0.8319818079471586
0.8342700600624083
0.8366333097219465
0.8264663666486738
0.8366333097219465
0.8209632933139799
0.8338573873043059
0.8352488428354262
0.8241563588380811
0.8320127129554746
0.831981912255287
0.8385599702596664
0.8343074470758436
0.8218923211097715
0.8398846089839934
0.8375965803861616
0.8264791518449781
0.8186906278133391
0.8287673592567442
0.8320876508951185
0.8320126384496687
0.8329695314168928
0.8297178745269774
0.8287584781646727
0.8264944702386855
0.8319818079471586
0.8264572322368621
0.832702338695526
0.8352487683296201
0.8310562074184416
0.8274233192205427
0.8352487683296201
0.8330070227384565
0.8365959227085112
0.8287304192781446
0.832969546318054
0.8342920392751692
0.8274233788251875
0.8209632784128188
0.8287673592567442
0.8274233937263488
0.8320127278566358
0.8330070972442625
0.8375589400529859
0.8241562545299528
0.8338259160518645
0.8319754600524901
0.8274232298135755
0.8342700600624083
0.8251373767852781
0.8310562223196027
0.8274232298135755
0.8366333246231078
0.8264944702386855
0.8287892788648604
0.8242082744836806
0.8329696357250211
0.8218923211097715
0.8352711498737333
0.8385599702596664
0.8375589996576307
0.8329695761203764
0.8310562074184416
0.8186839669942854
0.8287584781646727
0.8264572024345397
0.831056237220764
0.8297123461961745
0.8196584582328794
0.8366333097219465
0.8209849298000335
0.8264944702386855
0.8287574946880338
0.8367086648941039
0.8310562074184416
0.8241562545299528
0.8352488428354262
0.8367086648941039
0.8196584433317182
0.8320081532001493
0.8329696357250211
0.830690264701843
0.8264791518449781
0.8241563588380811
0.8342919945716857
0.8218923211097715
0.8264944255352018
0.8297026455402373
0.8241562545299528
0.8366333097219465
0.8218923211097715
0.8241563588380811
0.8365959227085112
0.8241877257823942
0.832012668251991
0.8343338817358016
0.8218923211097715
0.8371036797761916
0.8274165391921996
0.8342700600624083
0.8291976898908613
0.8296872228384016
0.8241562545299528
0.8375589996576307
0.8324867784976957
0.8310562223196027
0.8218923211097715
0.8311499059200285
0.8367086499929427
0.8241563588380811
0.8329696357250211
0.8366333097219465
0.8330070376396177
0.8320126831531522
0.8330070078372953
0.8264572322368621
0.8410640209913252
0.8297178745269774
0.8219074308872222
0.8336198180913924
0.8297178596258161
0.8297178596258161
0.8342700302600858
0.8319818526506422
0.8352487832307813
0.8265403509140012
0.8342700600624083
0.826479062438011
0.8210195451974868
0.8329696059226988
0.8241562545299528
0.8348046094179151
0.8274232447147367
0.8264572322368621
0.8342920392751692
0.8287682235240935
0.8165215402841566
0.8365959823131559
0.8241562843322752
0.8210195004940032
0.831025034189224
0.8229255080223081
0.8330070972442625
0.8320876359939574
0.8241563588380811
0.8219660520553587
0.8375589400529859
0.8352711349725721
0.8352487683296201
0.8310686051845547
0.8365959227085112
0.8320127278566358
0.8366333246231078
0.8366333246231078
0.8241562545299528
0.8380516171455382
0.8329696357250211
0.8265403509140012
0.8320126831531522
0.8319755047559736
0.8375966697931287
0.8375589251518247
0.8352710008621215
0.8264356553554534
0.8343074321746825
0.835958644747734
0.831056237220764
0.8218923211097715
0.8362654149532317
0.8375589996576307
0.834001377224922
0.8319818079471586
0.8352487683296201
0.8342919945716857
0.8219660520553587
0.8342700600624083
0.8319754153490064
0.8362654149532317
0.8251374363899229
0.8319818526506422
0.8209545314311979
0.8274536430835722
0.8274232596158979
0.8352487683296201
0.8219660967588422
0.8264944553375242
0.8297178596258161
0.8274536132812498
0.8241562545299528
0.8375589549541471
0.824199929833412
0.8320127278566358
0.8343074321746825
0.8264572322368621
0.8287584781646727
0.8375965654850004
0.8310931026935575
0.8320876359939574
0.8265601694583891
0.8297026008367536
0.8210195004940032
0.8311499208211897
0.8343074470758436
0.825522258877754
0.8241562545299528
0.8209481984376905
0.8375589698553083
0.8319755047559737
0.8319754749536512
0.8342700600624083
0.8366332948207853
0.8264663666486738
0.8342700600624083
0.8219074606895445
0.8387460112571714
0.8329695761203764
0.8319818079471586
0.8264791518449781
0.8210195004940032
0.8241562545299528
0.8319754749536512
0.8311499059200285
0.8375966697931287
0.8292086869478223
0.8310562074184416
0.8196584582328794
0.8366333246231078
0.8219660520553587
0.836265444755554
0.8196584582328794
0.8310562223196027
0.8343074321746824
0.8343074321746824
0.8287892788648604
0.839225500822067
0.8340013623237609
0.8155035525560377
0.830690264701843
0.8352489024400709
0.838251158595085
0.8366333097219465
0.83296962082386
0.8342700600624083
0.8186839669942854
0.8343074470758436
0.831056237220764
0.830690264701843
0.8310686498880384
0.83201265335083
0.8385599702596664
0.8352487683296201
0.8165215402841566
0.8241562843322752
0.8241563588380811
0.8218923211097715
0.8241562545299528
0.8375589251518247
0.8375589400529859
0.8343074470758436
0.8352711498737333
0.8352488428354262
0.8320876210927962
0.8319818079471586
0.8342919945716857
0.8251374363899229
0.8297178745269774
0.8375966697931287
0.8365959227085112
0.8296806365251539
0.8352487683296203
0.8342700600624083
0.8186839669942854
0.8264663666486738
0.8251374363899229
0.8342919945716857
0.8241562545299528
0.8264663368463515
0.8367086648941039
0.8375589698553083
0.8310931026935575
0.8319754749536512
0.8343074470758436
0.8342700600624083
0.8209481686353681
0.8310686051845549
0.8340013921260832
0.8251374363899229
0.8352807611227034
0.8287148773670195
0.8352487683296201
0.8297178596258161
0.8342700600624083
0.8375589400529859
0.8366333097219465
0.8343074321746824
0.8320127278566358
0.8251374959945678
0.8352807164192197
0.8264664262533186
0.8241562545299528
0.8342700600624083
0.8320876508951185
0.8330071270465849
0.8342920392751692
0.8365959227085112
0.8352489173412322
0.8297178745269774
0.8297025859355924
0.8375589549541471
0.8164501339197158
0.8241562545299528
0.8219290822744367
0.8392145484685896
0.8342964351177214
0.8340013474225996
0.8343074321746824
0.8375590145587919
0.831056237220764
0.8375589400529859
0.8320126682519912
0.8320127278566358
0.8375966399908065
0.8343074470758436
0.8264572322368621
0.8343074321746824
0.831981912255287
0.8241562545299528
0.8296806961297988
0.8366333097219465
0.8274536430835722
0.8264572322368621
0.8287304192781446
0.8352489173412322
0.8241563588380811
0.8320127129554746
0.8287303894758222
0.8264663368463515
0.8352489173412322
0.8196584433317182
0.8352487683296201
0.831981912255287
0.8320126831531522
0.8264944553375242
0.8366332948207854
0.8352488428354262
0.8380781412124632
0.8310931026935575
0.8274232149124143
0.8224345892667768
0.8375965803861616
0.8320126384496687
0.8287584781646727
0.8330071270465849
0.8366333246231078
0.825522258877754
0.8375589698553083
0.8287673592567442
0.8319818079471586
0.8241562545299528
0.8264791518449781
0.8219074010848998
0.8297232836484907
0.8365959227085112
0.8219660520553587
0.8320876359939574
0.8241562545299528
0.8365959823131559
0.8366333097219465
0.831056237220764
0.8287303894758222
0.830690264701843
0.8320126384496687
0.8274232149124143
0.8187705129384992
0.8264944255352018
0.8264791518449781
0.8274232447147367
0.8218923211097715
0.8375589996576307
0.8392144143581389
0.8218923211097715
0.8366333097219465
0.8251374959945678
0.826442003250122
0.831056237220764
0.8375967741012572
0.831981912255287
0.8241563588380811
0.8352487683296203
0.8310931026935575
0.8292086869478223
0.8359849154949186
0.8210195004940032
0.8196584433317182
0.8352489173412322
0.8319818824529646
0.8310686051845547
0.8320126831531522
0.8274233788251875
0.8219290226697921
0.8342700600624083
0.8370915800333021
0.8297026455402373
0.8320126086473463
0.837085038423538
0.8320260643959043
0.8264944255352018
0.8264572322368621
0.82196606695652
0.8264508694410322
0.8352488428354262
0.8385599255561828
0.8264356404542921
0.8343074470758436
0.8342920392751692
0.8242082744836806
0.8264944702386855
0.8287365138530729
0.8264790475368498
0.8343074470758436
0.8218923211097715
0.8343074470758436
0.8197021037340163
0.8342700600624083
0.8342700600624083
0.8274536430835722
0.8219290822744367
0.8319755047559736
0.831981912255287
0.8218923211097715
0.8209481984376905
0.8329764306545255
0.8352710008621215
0.835248902440071
0.8287673592567442
0.8352698683738706
0.8287673592567442
0.8343074321746824
0.83201265335083
0.832976460456848
0.8142229020595548
0.8343074321746825
0.827416658401489
0.8343074470758436
0.8320876359939574
0.8241562545299528
0.8241563588380811
0.8320289254188535
0.8264508694410322
0.8297178745269774
0.8287304192781446
0.832700341939926
0.8319818079471586
0.8347780853509901
0.8352487385272978
0.8287673592567442
0.8342700600624083
0.8209481984376905
0.8343074321746825
0.8297178745269774
0.8241562545299528
0.824199929833412
0.8320126086473463
0.8343074470758436
0.8264356851577757
0.8209481984376905
0.831056237220764
0.8343074470758436
0.8343074470758436
0.8287882208824157
0.831981912255287
0.8218923211097715
0.8297178596258161
0.8343074470758436
0.8375589251518247
0.8251373767852781
0.8320127278566358
0.8287303894758222
0.8218923211097715
0.8264944553375242
0.8264944702386855
0.8375589698553083
0.8251373767852781
0.8319818526506422
0.8219074010848998
0.8310931026935575
0.8186839669942854
0.8320127278566358
0.8265601694583891
0.8375589996576307
0.8265403509140012
0.8367086499929427
0.8310562074184416
0.8310562223196027
0.831056237220764
0.8342700600624083
0.8311499059200285
0.8319754749536513
0.8186839669942854
0.8281104415655134
0.8251374363899229
0.8310931026935575
0.8274233192205427
0.8352487385272978
0.8219508677721021
0.8297025859355924
0.8287584781646727
0.8297178745269774
0.8297178745269774
0.8264355957508086
0.8251373767852781
0.832976460456848
0.8155035376548765
0.8301999270915984
0.8219290822744367
0.8375590145587919
0.8241562545299528
0.8320127278566358
0.8241563588380811
0.8320127278566358
0.8310562074184416
0.832969546318054
0.8218923211097715
0.8287673592567442
0.8297232836484907
0.8274232596158979
0.8422197997570036
0.8336197584867475
0.8296806961297988
0.8320126682519912
0.8241563588380811
0.8375590145587919
0.8375967442989347
0.8264355957508086
0.8352489173412322
0.8310562223196027
0.833007127046585
0.8352808505296705
0.8366333246231078
0.833006978034973
0.8370881676673889
0.8241563588380811
0.8297123461961745
0.8274233937263488
0.8264664262533186
0.8264663368463515
0.8164351433515546
0.8342700600624083
0.8342920392751692
0.8264944255352018
0.8366333097219465
0.8310562223196027
0.8264572322368621
0.8319971859455108
0.8375966399908065
0.8319818079471586
0.8366333097219465
0.8297026008367536
0.8296806961297988
0.8287892788648604
0.8352489173412322
0.8252034485340116
0.8319818079471586
0.8218923211097715
0.8375589996576307
0.8352488428354262
0.8187705129384992
0.8342700600624083
0.826479226350784
0.8264572024345397
0.8264944702386855
0.8403695672750472
0.8367086648941039
0.8342700600624083
0.8352489173412322
0.8352487683296201
0.8342920392751692
0.8352489173412322
0.8342920392751692
0.8408701121807097
0.8347736895084379
0.8274233788251876
0.826479062438011
0.8287673592567442
0.8375589400529859
0.8365959227085112
0.831981912255287
0.835248902440071
0.8241563588380811
0.8241562545299528
0.8342700600624083
0.8274537175893781
0.8352487385272978
0.8365959227085112
0.8366332948207853
0.8264944702386855
0.8274233937263488
0.83201265335083
0.8218923211097715
0.8287584781646727
0.8366333246231078
0.83296962082386
0.8265403509140012
0.8209481686353681
0.8342919945716857
0.8210497945547102
0.8186839669942854
0.8241563588380811
0.8241562545299528
0.8296872228384016
0.8241563588380811
0.8343127965927122
0.8342700600624083
0.8375967442989347
0.832012668251991
0.8310562223196027
0.8264663368463515
0.827423334121704
0.8296806961297988
0.831056237220764
0.8251373767852781
0.8375589400529859
0.8375589251518247
0.8343074470758436
0.8311499208211897
0.8352489024400709
0.8338818550109862
0.8371257185935973
0.8367086499929427
0.8310562074184416
0.8287673592567442
0.8320260643959043
0.8352487832307813
0.831056237220764
0.8297025859355924
0.8375588804483411
0.8241562992334365
0.8311499059200285
0.8342920392751692
0.8375590145587919
0.8210195451974868
0.8274233937263488
0.8209481984376905
0.8252035379409788
0.834625110030174
0.8342700600624083
0.838559955358505
0.8352487683296201
0.8219290822744367
0.8342700600624083
0.8450554311275481
0.8292086869478223
0.8284485638141631
0.8287584781646727
0.8209849298000335
0.8218923211097715
0.8352487385272978
0.8342964500188826
0.8366333246231078
0.8287892788648604
0.8342700600624083
0.8241563588380811
0.8342700600624083
0.8264664262533186
0.8320260792970656
0.8375965654850004
0.8274232149124143
0.8329764455556868
0.831056237220764
0.8297178745269774
0.827416658401489
0.8342920392751692
0.8284263610839842
0.8366333097219465
0.831056237220764
0.8241563588380811
0.8343074470758436
0.8320126831531522
0.8320127129554746
0.8385599255561826
0.8186839669942854
0.8375967442989347
0.8218923211097715
0.8385600149631499
0.8375588953495023
0.8342700600624083
0.8319818079471586
0.8296806961297988
0.8274233937263488
0.8209481984376905
0.8241562545299528
0.8367086648941039
0.8296806961297988
0.8380782008171082
0.8352711498737333
0.8264356404542921
0.8329695761203764
0.8287673592567442
0.8241562545299528
0.834318310022354
0.8352973759174346
0.8375589251518247
0.8296806961297988
0.8329695761203765
0.8219660520553587
0.8375967442989347
0.8342700600624083
0.8241563588380811
0.8241563588380811
0.832508787512779
0.8274232447147367
0.8319754600524901
0.8196584582328794
0.8297026306390761
0.8264944255352018
0.8310931026935575
0.8320127278566358
0.8342920839786527
0.8338321298360822
0.8219074457883833
0.831056237220764
0.8219290822744367
0.8264663368463515
0.826442003250122
0.8352488428354262
0.8264572322368621
0.8287365138530729
0.8330070376396177
0.8385599702596664
0.8296806961297988
0.8375589251518247
0.8287892788648604
0.8241563588380811
0.8241562545299528
0.8219074308872222
0.8343074321746825
0.8319818079471586
0.8342700302600858
0.8375589698553083
0.83296962082386
0.8385599702596664
0.8296806961297988
0.8352808654308317
0.8274232447147367
0.8251374363899229
0.8264944255352018
0.8219660520553587
0.8210195451974868
0.8343516141176222
0.8287673592567442
0.82196606695652
0.8218923211097715
0.8196584433317182
0.8264944702386855
0.8287673592567442
0.8375966697931287
0.8209481984376905
0.8232121765613554
0.8352711498737333
0.8196584433317182
0.8265403509140012
0.8296806961297988
0.832976460456848
0.8209481984376905
0.8209758698940275
0.8375966697931287
0.8241563588380811
0.8352487683296201
0.8241562545299528
0.8343074321746824
0.8241562545299528
0.8296872228384016
0.831025034189224
0.8343074321746825
0.8329695910215376
0.8319818079471586
0.8366332948207854
0.8342700600624083
0.8320126384496687
0.8320127278566358
0.8366332948207854
0.826442003250122
0.8343074470758436
0.8186839669942854
0.8343228995800017
0.8264356404542921
0.8296806961297988
0.8264572322368621
0.8310562223196027
0.8342700600624083
0.8264663666486738
0.8219074457883833
0.831056237220764
0.8287304192781446
0.8274232149124143
0.8310562223196027
0.8218923211097715
0.8297025859355924
0.8343019634485244
0.8366333246231078
0.8366333097219465
0.8320127278566358
0.8219290822744367
0.8241562545299528
0.8365959227085112
0.8375966697931287
0.8292195051908491
0.8342920392751692
0.8342700600624083
0.8274232447147367
0.8296806365251539
0.8320876359939574
0.8343074321746825
0.8366333097219465
0.8296806961297988
0.8366332948207854
0.8297178894281385
0.8274232447147367
0.8342700600624083
0.8319818079471586
0.8320127278566358
0.8209758698940275
0.8287584781646727
0.8229255080223081
0.8413893729448317
0.8229255080223081
