31
60
90
122
142
168
200
231
258
285
309
347
371
400
426
452
477
503
535
561
593
625
647
681
709
735
764
795
823
850
882
919
951
981
1016
1042
1072
1093
1127
1155
1183
1216
1246
1284
1311
1335
1364
1391
1420
1453
1487
1515
1549
1577
1605
1636
1666
1701
1728
1754
1779
1800
1832
1863
1886
1917
1951
1974
2008
2045
2080
2106
2136
2161
2190
2218
2251
2278
2306
2338
2368
2399
2430
2460
2484
2510
2533
2567
2599
2630
2660
2690
2718
2749
2776
2812
2848
2883
2913
2945
2970
2997
3025
3056
3089
3119
3143
3168
3200
3231
3263
3295
3325
3360
3395
3420
3454
3486
3517
3547
3583
3607
3633
3658
3694
3730
3766
3798
3822
3850
3883
3917
3947
3983
4015
4045
4078
4102
4128
4155
4184
4213
4240
4270
4301
4338
4363
4393
4423
4451
4485
4515
4547
4580
4606
4642
4666
4701
4725
4749
4783
4809
4837
4863
4893
4927
4957
4983
5009
5038
5066
5093
5115
5148
5178
5206
5234
5264
5293
5322
5347
5385
5416
5453
5477
5500
5528
5558
5591
5621
5650
5681
5711
5744
5777
5816
5845
5874
5905
5940
5968
6002
6026
6053
6079
6104
6145
6168
6186
6219
6252
6278
6307
6341
6376
6403
6437
6457
6488
6512
6545
6572
6602
6633
6664
6694
6721
6744
6768
6787
6815
6846
6878
6906
6937
6959
6993
7018
7048
7073
7100
7130
7155
7192
7225
7257
7285
7309
7343
7371
7409
7435
7460
7485
7518
7541
7570
7588
7617
7642
7672
7705
7737
7770
7800
7825
7852
7875
7908
7940
7972
7997
8023
8049
8071
8098
8128
8159
8193
8222
8247
8275
8302
8328
8361
8386
8418
8441
8474
8504
8538
8563
8591
8624
8651
8680
8709
8740
8772
8799
8829
8854
8888
8919
8956
8984
9005
9040
9075
9109
9139
9165
9190
9212
9242
9275
9309
9340
9364
9389
9409
9441
9470
9502
9537
9563
9598
9619
9642
9669
9696
9726
9753
9777
9809
9840
9870
9895
9920
9945
9976
10004
10039
10067
10100
10122
10151
10182
10214
10245
10271
10302
10332
10357
10385
10419
10447
10474
10505
10534
10559
10588
10621
10654
10679
10703
10730
10759
10784
10823
10855
10887
10911
10947
10979
11009
11041
11076
11098
11131
11158
11186
11217
11242
11270
11301
11336
11363
11390
11414
11442
11474
11508
11541
11575
11605
11630
11664
11693
11722
11749
11774
11812
11841
11871
11899
11930
11958
11983
12007
12038
12066
12091
12122
12153
12180
12205
12237
12260
12290
12316
12337
12366
12392
12418
12442
12471
12501
12536
12571
12600
12629
12659
12690
12721
12752
12781
12804
12829
12856
12888
12929
12956
12980
13013
13043
13071
13101
13137
13164
13190
13222
13248
13274
13306
13332
13359
13387
13410
13441
13462
13490
13523
13552
13583
13617
13649
13676
13710
13740
13767
13805
13832
13862
13899
13922
13947
13976
14006
14037
14059
14087
14120
14146
14176
14203
14228
14258
14283
14309
14341
14368
14392
14419
14445
14474
14507
14526
14558
14582
14607
14631
14665
14690
14716
14740
14775
14799
14833
14862
14889
14914
14946
14981
15006
15041
15067
15089
15126
15153
15179
15202
15232
15260
15288
15318
15346
15381
15417
15451
15471
15502
15530
15563
15582
15607
15633
15652
15684
15711
15737
15760
15788
15820
15847
15878
15907
15939
15965
15998
16035
16066
16102
16131
16167
16197
16225
16262
16290
16322
16357
16392
16422
16455
16482
16510
16535
16560
16587
16611
16643
16676
16706
16733
16760
16795
16828
16859
16890
16921
16957
16994
17021
17052
17085
17114
17143
17178
17203
17236
17268
17297
17327
17363
17388
17408
17440
17467
17498
17526
17552
17581
17605
17634
17667
17697
17719
17751
17780
17812
17844
17868
17898
17930
17965
17988
18011
18040
18072
18098
18126
18162
18189
18213
18237
18260
18286
18317
18348
18378
18414
18447
18476
18504
18530
18556
18586
18616
18641
18672
18704
18735
18763
18790
18810
18841
18870
18900
18934
18961
18990
19020
19051
19075
19103
19129
19157
19179
19203
19231
19268
19300
19328
19359
19389
19411
19439
19470
19498
19527
19558
19584
19614
19647
19678
19706
19742
19764
19793
19822
19847
19875
19903
19930
19966
19991
20026
20047
20077
20103
20134
20161
20191
20214
20240
20264
20287
20316
20345
20370
20392
20421
20449
20472
20501
20528
20556
20580
20612
20640
20664
20693
20725
20760
20787
20815
20841
20861
20894
20924
20958
20982
21012
21040
21075
21099
21127
21154
21184
21211
21234
21262
21289
21322
21362
21384
21414
21444
21470
21498
21530
21556
21586
21611
21646
21675
21702
21728
21758
21779
21806
21840
21865
21886
21912
21933
21964
21993
22019
22047
22073
22104
22134
22161
22185
22217
22248
22278
22300
22329
22350
22376
22408
22442
22474
22502
22527
22557
22583
22608
22636
22667
22698
22729
22753
22778
22801
22833
22868
22900
22928
22957
22983
23006
23030
23064
23095
23121
23151
23177
23211
23235
23262
23296
23326
23355
23378
23405
23433
23467
23496
23527
23553
23578
23607
23636
23673
23698
23722
23747
23779
23810
23838
23860
23894
23920
23957
23984
24015
24043
24062
24094
24124
24154
24181
24197
24224
24255
24294
24322
24354
24378
24404
24436
24464
24495
24520
24553
24580
24600
24628
24658
24686
24713
24739
24774
24800
24822
24847
24872
24905
24929
24954
24983
25013
25045
25084
25118
25144
25166
25196
25219
25250
25277
25298
25321
25348
25373
25400
25426
25453
25481
25507
25529
25556
25586
25610
25636
25662
25691
25715
25752
25777
25802
25824
25849
25876
25901
25931
25953
25978
26014
26042
26073
26097
26122
26149
26184
26207
26233
26269
26295
26322
26352
26379
26404
26433
26467
26498
26525
26552
26570
26600
26630
26661
26685
26704
26730
26754
26779
26806
26838
26864
26885
26914
26937
26958
26984
27011
27038
27065
27089
27120
27148
27172
27195
27221
27253
27278
27297
27321
27351
27381
27406
27434
27454
27489
27518
27551
27579
27609
27641
27662
27687
27715
27742
27776
27802
27829
27859
27886
27912
27945
27965
27994
28024
28052
28080
28108
28129
28149
28174
28198
28219
28245
28274
28299
28326
28349
28371
28392
28424
28446
28470
28495
28518
28545
28574
28606
28629
28657
28678
28702
28733
28760
28786
28812
28833
28856
28880
28902
28926
28960
28983
29003
29032
29063
29086
29117
29138
29168
29197
29223
29250
29271
29292
29313
29338
29364
29392
29413
29440
29467
29493
29524
29550
29577
29604
29625
29653
29678
29709
29731
29753
29773
29803
29832
29859
29891
29915
29942
29964
29998
30022
30054
30088
30120
30147
30172
30197
30223
30247
30276
30303
30332
30356
30388
30411
30432
30455
30481
30503
30533
30559
30583
30612
30639
30666
30694
30715
30741
30762
30787
30818
30852
30880
30899
30919
30943
30976
31003
31025
31051
31073
31096
31122
31144
31165
31191
31218
31247
31276
31302
31323
31347
31365
31393
31421
31449
31477
31504
31530
31552
31579
31606
31635
31659
31683
31704
31725
31751
31773
31800
31830
31855
31886
31912
31938
31959
31985
32008
32037
32074
32091
32119
32149
32176
32204
32228
32253
32282
32308
32341
32371
32397
32428
32458
32481
32506
32529
32565
32594
32623
32642
32669
32695
32721
32745
32774
32802
32831
32861
32890
32913
32945
32970
33000
33023
33043
33069
33097
33121
33152
33182
33212
33237
33266
33287
33313
33338
33372
33393
33420
33440
33469
33497
33521
33546
33568
33593
33618
33640
33664
33695
33721
33744
33774
33807
33826
33849
33879
33904
33927
33950
33967
33989
34018
34042
34070
34096
34121
34145
34170
34185
34210
34232
34262
34292
34313
34333
34361
34384
34407
34432
34456
34482
34503
34521
34546
34577
34603
34624
34646
34668
34691
34714
34752
34779
34807
34837
34864
34894
34917
34941
34967
34988
35010
35037
35062
35085
35110
35137
35159
35183
35202
35229
35250
35274
35294
35325
35344
35368
35387
35413
35433
35461
35485
35503
35520
35543
35568
35592
35617
35635
35660
35696
35721
35746
35771
35797
35823
35848
35875
35902
35930
35953
35980
36007
36030
36052
36078
36102
36128
36149
36174
36197
36216
36238
36262
36291
36315
36341
36361
36382
36405
36436
36461
36490
36510
36533
36558
36585
36603
36635
36660
36680
36705
36726
36753
36779
36811
36831
36851
36873
36902
36935
36964
36988
37011
37033
37063
37091
37122
37147
37167
37189
37206
37228
37253
37272
37298
37320
37341
37370
37395
37417
37442
37466
37493
37518
37547
37571
37598
37619
37640
37664
37685
37708
37734
37760
37781
37803
37829
37853
37879
37904
37931
37952
37978
38004
38024
38050
38073
38093
38122
38143
38164
38193
38211
38240
38263
38288
38310
38328
38352
38369
38390
38416
38435
38464
38486
38516
38534
38557
38584
38604
38627
38654
38675
38697
38718
38739
38765
38794
38814
38836
38863
38891
38910
38931
38955
38981
39010
39032
39057
39076
39103
39124
39156
39179
39201
39222
39242
39259
39281
39306
39331
39353
39375
39398
39420
39437
39458
39483
39505
39535
39557
39582
39601
39629
39656
39684
39715
39734
39758
39778
39795
39814
39838
39861
39885
39908
39932
39954
39976
39999
40028
40044
40066
40092
40118
40139
40167
40190
40215
40236
40257
40282
40306
40332
40352
40379
40405
40428
40449
40472
40493
40525
40546
40569
40593
40613
40638
40668
40695
40717
40736
40753
40778
40800
40819
40840
40858
40879
40905
40934
40953
40973
41002
41020
41042
41068
41090
41119
41138
41156
41177
41198
41220
41238
41270
41291
41313
41335
41355
41379
41407
41430
41451
41472
41494
41512
41534
41557
41583
41605
41628
41648
41671
41693
41713
41735
41756
41780
41799
41818
41842
41873
41899
41918
41940
41962
41983
42005
42026
42043
42072
42095
42118
42142
42167
42192
42211
42235
42253
42274
42294
42321
42344
42370
42394
42416
42440
42463
42482
42503
42524
42546
42568
42593
42613
42636
42657
42679
42705
42731
42752
42773
42798
42814
42836
42858
42878
42904
42923
42943
42969
42991
43012
43028
43047
43068
43091
43112
43134
43159
43183
43200
43220
43239
43262
43284
43309
43334
43357
43376
43402
43428
43456
43473
43495
43518
43539
43557
43580
43602
43625
43644
43666
43686
43713
43733
43752
43779
43797
43821
43845
43866
43887
43913
43937
43959
43980
44005
44023
44048
44071
44095
44117
44138
44159
44180
44207
44232
44253
44275
44296
44322
44340
44361
44383
44404
44427
44447
44465
44486
44503
44529
44556
44581
44603
44628
44651
44671
44691
44715
44734
44756
44773
44797
44819
44839
44867
44887
44912
44934
44954
44979
45000
45028
45046
45068
45094
45116
45143
45168
45187
45212
45237
45256
45282
45301
45334
45356
45381
45403
45426
45456
45479
45503
45521
45543
45566
45583
45600
45621
45639
45660
45688
45708
45727
45747
45772
45790
45815
45838
45862
45888
45908
45932
45957
45985
46008
46035
46058
46080
46097
46121
46142
46163
46189
46210
46231
46251
46275
46293
46313
46339
46362
46386
46410
46437
46460
46481
46500
46520
46540
46568
46591
46615
46640
46664
46683
46702
46731
46754
46777
46795
46816
46839
46861
46878
46901
46922
46943
46959
46981
47005
47025
47051
47075
47100
47118
47137
47157
47178
47205
47229
47250
47269
47295
47313
47337
47358
47376
47400
47420
47445
47465
47485
47505
47525
47552
47574
47594
47620
47644
47663
47683
47705
47723
47749
47774
47804
47825
47851
47866
47888
47914
47937
47959
47983
48011
48039
48064
48081
48101
48122
48141
48163
48187
48217
48237
48259
48278
48300
48317
48336
48361
48385
48405
48426
48448
48467
48490
48510
48527
48543
48566
48590
48607
48628
48647
48665
48681
48703
48724
48745
48766
48792
48812
48832
48859
48878
48905
48926
48951
48972
48991
49009
49028
49059
49088
49108
49129
49157
49177
49196
49217
49240
49257
49283
49302
49324
49348
49369
49387
49403
49422
49442
49463
49482
49507
49530
49553
49571
49592
49611
49637
49666
49684
49705
49723
49741
49764
49781
49798
49819
49839
49863
49880
49903
49925
49948
49977
49992
50011
50034
50055
50084
50105
50128
50150
50170
50190
50219
50241
50264
50290
50309
50332
50355
50377
50399
50420
50443
50463
50483
50506
50528
50551
50571
50593
50615
50634
50664
50686
50709
50732
50756
50778
50800
50826
50849
50873
50892
50910
50932
50954
50972
50991
51008
51031
51051
51073
51102
51125
51142
51160
51179
51203
51225
51244
51266
51285
51305
51329
51352
51376
51403
51423
51446
51461
51482
51509
51529
51549
51574
51594
51616
51638
51657
51679
51701
51723
51743
51763
51784
51807
51827
51852
51870
51890
51907
51926
51946
51965
51985
52008
52032
52050
52068
52086
52103
52124
52148
52168
52192
52210
52231
52249
52272
52294
52312
52330
52349
52369
52387
52409
52427
52444
52464
52486
52506
52530
52548
52571
52594
52616
52638
52658
52680
52701
52725
52746
52769
52787
52808
52830
52852
52873
52892
52911
52935
52953
52975
53003
53028
53047
53066
53086
53111
53131
53151
53175
53191
53221
53242
53259
53279
53298
53317
53335
53357
53377
53402
53421
53446
53463
53482
53499
53520
53538
53563
53586
53607
53629
53646
53663
53680
53698
53721
53744
53763
53785
53807
53832
53848
53875
53894
53910
53926
53951
53972
53992
54010
54032
54056
54075
54100
54122
54147
54164
54182
54199
54217
54236
54253
54274
54299
54317
54341
54363
54378
54399
54421
54440
54458
54477
54500
54516
54541
54561
54580
54600
54626
54651
54668
54686
54705
54725
54745
54765
54781
54804
54820
54840
54860
54881
54903
54918
54939
54960
54983
54999
55014
55031
55057
55074
55093
55117
55141
55162
55183
55205
55222
55238
55258
55277
55298
55320
55340
55357
55379
55396
55417
55439
55459
55475
55498
55514
55537
55560
55578
55597
55614
55632
55652
55671
55691
55712
55731
55752
55772
55795
55814
55832
55854
55876
55899
55916
55934
55955
55974
55991
56015
56039
56056
56075
56095
56117
56134
56152
56168
56183
56199
56218
56238
56256
56275
56294
56314
56333
56350
56375
56393
56413
56435
56454
56475
56501
56522
56544
56561
56578
56597
56616
56637
56657
56677
56696
56722
56741
56763
56783
56799
56819
56842
56859
56876
56893
56908
56932
56950
56976
56991
57012
57028
57045
57066
57089
57106
57122
57143
57163
57179
57200
57222
57246
57267
57285
57301
57322
57342
57365
57382
57404
57423
57441
57458
57480
57499
57517
57540
57559
57578
57595
57613
57636
57653
57670
57694
57712
57738
57758
57779
57796
57814
57834
57854
57874
57894
57914
57935
57953
57973
57989
58007
58023
58038
58059
58079
58100
58117
58137
58160
58181
58199
58217
58238
58256
58274
58290
58308
58329
58346
58363
58386
58402
58422
58438
58454
58479
58499
58522
58540
58556
58578
58601
58621
58640
58658
58676
58698
58713
58735
58752
58774
58793
58816
58839
58860
58878
58902
58922
58939
58956
58974
58994
59010
59030
59053
59077
59096
59115
59139
59163
59182
59208
59227
59247
59267
59288
59307
59326
59343
59366
59387
59403
59425
59448
59467
59486
59503
59518
59535
59554
59573
59593
59612
59628
59647
59666
59684
59701
59721
59740
59760
59777
59799
59818
59835
59854
59871
59893
59912
59929
59952
59970
59990
60006
60025
60043
60070
60089
60106
60133
60153
60175
60196
60215
60234
60251
60271
60291
60313
60333
60353
60371
60391
60410
60427
60448
60466
60483
60502
60522
60542
60562
60581
60602
60620
60639
60662
60680
60697
60716
60733
60751
60771
60790
60807
60822
60838
60855
60871
60889
60908
60925
60948
60964
60981
60998
61024
61043
61063
61083
61106
61128
61145
61162
61182
61199
61221
61239
61260
61277
61296
61314
61332
61350
61370
61392
61410
61430
61451
61472
61492
61512
61534
61554
61571
61588
61608
61627
61647
61663
61681
61703
61722
61741
61759
61776
61795
61816
61835
61854
61872
61891
61909
61929
61945
61965
61988
62008
62027
62048
62067
62085
62102
62120
62145
62163
62181
62200
62219
62239
62256
62274
62296
62314
62333
62351
62372
62391
62412
62434
62456
62477
62498
62514
62536
62556
62577
62594
62615
62632
62652
62673
62692
62709
62732
62749
62770
62789
62808
62827
62852
62869
62891
62912
62930
62949
62967
62987
63003
63023
63042
63058
63076
63092
63110
63132
63149
63169
63187
63209
63229
63250
63267
63284
63299
63318
63336
63352
63370
63393
63410
63428
63449
63465
63481
63499
63518
63540
63560
63581
63600
63622
63642
63660
63678
63700
63720
63737
63756
63773
63791
63811
63829
63847
63863
63879
63899
63920
63941
63960
63980
63998
64017
64036
64054
64073
64090
64111
64133
64150
64168
64185
64205
64225
64242
64259
64279
64298
64314
64329
64354
64376
64394
64412
64428
64448
64466
64485
64504
64523
64544
64562
64582
64602
64620
64641
64658
64678
64697
64714
64733
64754
64773
64792
64812
64832
64856
64877
64893
64909
64932
64951
64972
64991
65008
65028
65046
65063
65080
65103
65124
65142
65163
65181
65204
65220
65238
65254
65272
65292
65307
65323
65342
65360
65377
65397
65416
65432
65450
65472
65488
65509
65526
65548
65570
65594
65614
65643
65662
65683
65701
65722
65742
65764
65789
65808
65827
65846
65864
65882
65899
65920
65938
65955
65970
65989
66010
66030
66049
66066
66085
66107
66127
66152
66171
66189
66206
66222
66244
66262
66283
66305
66328
66348
66371
66392
66409
66426
66446
66463
66484
66502
66524
66544
66563
66580
66601
66619
66636
66662
66684
66704
66722
66741
66758
66779
66797
66816
66834
66855
66873
66892
66908
66928
66948
66964
66984
67000
67017
67036
67055
67072
67095
67114
67132
67151
67170
67192
67212
67233
67249
67265
67285
67301
67319
67336
67356
67375
67394
67418
67435
67456
67474
67495
67515
67534
67556
67578
67597
67615
67637
67652
67672
67689
67708
67726
67746
67766
67785
67803
67821
67840
67855
67871
67890
67909
67928
67946
67967
67987
68008
68027
68052
68075
68097
68115
68136
68154
68175
68200
68220
68238
68253
68272
68290
68310
68328
68346
68367
68386
68404
68428
68445
68463
68483
68504
68522
68545
68563
68583
68605
68624
68643
68660
68678
68698
68713
68728
68746
68768
68786
68812
68835
68854
68871
68887
68906
68927
68947
68964
68983
69002
69020
69044
69068
69085
69100
69121
69139
69162
69177
69196
69218
69235
69259
69275
69293
69309
69329
69348
69365
69385
69405
69426
69446
69464
69485
69503
69522
69542
69564
69585
69604
69623
69643
69661
69680
69696
69712
69736
69755
69775
69798
69818
69836
69858
69875
69899
69918
69939
69957
69978
69995
70016
70036
70059
70079
70099
70121
70140
70163
70182
70200
70225
70248
70270
70296
70317
70338
70354
70376
70395
70417
70438
70454
70479
70498
70518
70539
70562
70583
70600
70621
70638
70657
70677
70692
70712
70733
70754
70774
70793
70809
70828
70847
70863
70884
70902
70921
70941
70959
70980
71001
71021
71039
71054
71073
71091
71114
71133
71152
71169
71192
71211
71228
71246
71267
71285
71304
71324
71344
71362
71380
71402
71423
71444
71466
71485
71510
71530
71553
71577
71597
71616
71640
71660
71681
71702
71722
71743
71771
71789
71808
71828
71848
71868
71885
71904
71921
71947
71966
71985
72002
72022
72045
72064
72082
72100
72119
72138
72158
72177
72195
72214
72236
72256
72274
72295
72318
72338
72360
72383
72404
72424
72442
72464
72484
72509
72526
72542
72562
72580
72606
72632
72650
72676
72700
72717
72737
72754
72776
72795
72814
72831
72852
72871
72888
72910
72930
72949
72965
72985
73007
73028
73047
73068
73089
73113
73134
73154
73171
73191
73209
73225
73248
73269
73292
73309
73328
73355
73374
73391
73408
73430
73451
73471
73487
73511
73530
73554
73572
73593
73614
73640
73658
73678
73699
73723
73750
73768
73787
73810
73830
73849
73869
73895
73918
73937
73955
73976
74000
74019
74040
74061
74077
74097
74114
74135
74156
74182
74201
74224
74243
74265
74286
74304
74324
74348
74372
74390
74409
74427
74453
74477
74496
74513
74539
74557
74580
74601
74620
74638
74657
74674
74693
74713
74732
74754
74776
74794
74813
74835
74854
74875
74894
74915
74934
74953
74969
74997
75016
75034
75054
75073
75090
75109
75129
75146
75165
75188
75211
75237
75259
75280
75307
75329
75352
75373
75392
75415
75434
75455
75482
75504
75524
75543
75568
75586
75608
75626
75644
75665
75686
75714
75735
75758
75784
75801
75821
75840
75859
75878
75901
75927
75950
75974
75995
76011
76032
76050
76069
76088
76108
76132
76157
76176
76198
76219
76240
76257
76276
76296
76316
76335
76354
76372
76394
76413
76435
76455
76474
76492
76513
76534
76559
76580
76598
76623
76642
76663
76682
76703
76723
76744
76764
76781
76804
76822
76838
76856
76873
76892
76917
76937
76956
76981
76998
77020
77038
77055
77074
77094
77110
77132
77152
77177
77197
77217
77234
77255
77272
77294
77311
77329
77349
77371
77389
77410
77431
77453
77476
77499
77521
77542
77560
77580
77605
77628
77646
77665
77685
77704
77726
77747
77770
77786
77803
77825
77843
77868
77885
77903
77922
77938
77958
77976
77998
78019
78039
78062
78085
78102
78122
78142
78164
78181
78199
78221
78241
78259
78276
78297
78316
78333
78351
78370
78391
78410
78431
78450
78468
78487
78505
78521
78543
78565
78585
78606
78628
78648
78669
78689
78710
78732
78758
78779
78798
78816
78836
78853
78875
78895
78918
78936
78956
78982
79005
79025
79044
79062
79082
79103
79125
79150
79170
79186
79204
79223
79243
79262
79281
79304
79325
79344
79364
79383
79404
79420
79440
79465
79488
79506
79527
79548
79570
79586
79605
79624
79647
79664
79680
79702
79723
79745
79765
79789
79812
79830
79845
79870
79893
79914
79932
79951
79970
79995
80019
80040
80061
80087
80112
80141
80159
80186
80205
80230
80251
80276
80297
80318
80338
80357
80375
80395
80413
80435
80451
80473
80496
80514
80539
80561
80581
80599
80619
80639
80659
80679
80699
80722
80739
80762
80781
80803
80822
80839
80862
80883
80904
80921
80944
80966
80988
81008
81031
81051
81074
81089
81113
81133
81151
81170
81190
81212
81231
81253
81272
81291
81311
81337
81357
81380
81406
81426
81445
81463
81485
81504
81528
81550
81570
81592
81611
81631
81652
81673
81694
81715
81734
81753
81772
81788
81808
81828
81846
81864
81885
81907
