0.0
0.4999999701976776
0.0
0.14330577850341797
0.0
0.1249999850988388
0.21338830888271332
0.1249999850988388
0.0366116501390934
0.0366116501390934
0.0
0.1249999850988388
0.2499999701976776
0.42677661776542664
0.2499999701976776
0.1249999850988388
0.1249999850988388
0.12499997764825821
0.1249999850988388
0.2499999701976776
0.24999995529651642
0.1249999850988388
0.0
0.0366116501390934
0.1249999850988388
0.3124999701976776
0.1249999850988388
0.42677661776542664
0.0732232853770256
0.21338830888271332
