0.16004107147455213
0.12003087019547817
0.03582640364766122
0.15234352275729177
0.42677640914916987
0.1433057142421603
0.011718744412064547
0.1158469896763563
0.09374998975545165
0.10669413524383396
0.1874998667135617
0.15624979324638844
0.182138193398714
0.1433057063259184
0.036611644551157944
0.1249999403953552
0.12499989878741556
0.0
0.036611621035262935
0.031249977648258202
0.2446380988694727
0.320082277059555
0.320082408376038
0.10251018963754174
0.006864674389362332
0.018305798992514607
0.06786162336356936
-5.87537929419568e-09
0.23169400729238987
0.21338819246739146
0.3642762973904609
0.06916831061244011
0.2745476961135864
0.06249996088445185
0.10669405758380889
0.05223659612238406
0.24329774081706995
0.05491744494065641
0.1874998449347913
0.06518075754866003
0.14330568723380563
0.005361642688512809
0.062499955296516425
0.1512807636754587
0.031249964609742158
0.2133882939815521
0.06786160962656139
0.3642765181139111
0.15356904268264768
0.06249994225800037
5.221562619749421e-10
0.062499962747097015
0.11584698408842085
0.02098666131496429
0.10669408738613127
0.009152902290225027
0.027458701282739636
0.062499951571226106
0.001340419054031374
0.3124996423721313
0.4892762759700417
0.18213827535510058
0.062499944120645516
3.725290298491292e-08
0.2316939937882125
0.12578511051833627
0.18749979790300128
0.3109293095767498
0.013729353633750826
0.11584692820906638
0.2446380462598756
0.05334705859422683
0.01372935529798269
0.033930801786482334
0.2316940538585186
-1.7606795577052022e-08
0.0250078581739217
0.23682565614581105
0.12499987240880726
0.07812493667006493
0.10803451016545293
0.23169396072626108
0.07031241245567797
0.21338814496994013
0.30713818222284317
0.010723308427259324
0.1357232183218002
0.00915293022990226
0.06249993667006504
0.06786154955625533
0.06249994752635646
0.32008215039968485
0.03661162964999675
0.2133881896734237
0.10669410508126018
0.21338806301355356
0.0053616687655448705
0.054917450994253145
0.1249999233465715
0.031249934807419773
0.18749988079071042
0.1249998924322426
0.031249992549419403
0.06249990686774253
0.18749984726309774
0.03582644090056419
0.21606901660561562
0.070542422181461
0.0366116128861904
0.01909100485499948
0.0716528072953224
0.004576425999402995
0.1433057282119989
0.17377048544585702
0.23169387504458422
0.0366116389632225
0.06249996235018734
0.0632851757109165
0.07322324812412262
0.3071380611509084
0.20005130395293236
0.32008241117000574
0.009152913315998738
0.18749988824129102
0.09374989941716193
0.24093306809663773
0.13281236030161378
0.036611612886190414
0.24463827349245545
0.11584697291254994
0.08069072477519511
0.3437496796250343
0.06786157377064227
0.054917346686124795
0.022882279008626924
0.09374991059303282
0.11127048917114732
0.0937499403953552
0.24463822785764933
-3.725290293584753e-09
0.18749988079071042
0.031249970197677616
0.11892039980739352
0.03661161183647276
0.12499989569187162
0.17377042537555093
0.1600411832332611
0.11071531288325784
0.03124997299164533
0.28504094481468195
0.07322325929999352
0.06249991431832313
0.1082644984126091
0.005361634306609629
0.2446381751265991
0.10669409483671187
0.23169401334598658
0.06249992921948432
0.213388193398714
0.42677640565286357
0.02745870780199766
0.4275616854429244
0.0026808339171111575
0.06249999254941938
0.32008222863078106
0.13493799977004525
0.14598650764673946
0.1066941243870203
0.21338824927806854
0.06249995157122667
0.10669407248497008
0.09374992549419402
0.062499968149781086
0.06021175580099224
0.06249992855601571
0.009152896702289576
0.031249988824129098
0.1066940929740667
0.0366116240620613
0.1821382045745849
0.4267765879631042
0.036611614626103066
0.30713802389800543
0.19665266945958132
0.26830568909645075
0.33570724725723255
0.026348296552896493
0.12499992735683915
0.18481897911988196
0.015625003725290295
0.2732072658836841
0.11718733515590427
0.18749988079071042
0.06786157563328742
0.0390624962747097
0.16785362083464858
0.22254106053151188
0.21338816732168192
0.01830581948161125
0.07165283057838677
0.08230880508199334
0.10669406130909917
0.031249965381274995
0.006146839819848536
0.080020559951663
0.2133882194757461
0.12499979352719758
0.12499993294477461
0.12499991059303281
0.06864680536091328
0.0716528259217739
0.11584697663784024
0.24463813472539184
0.36427637771703314
0.21338807232677937
0.322763224132359
0.018305800855159756
0.18749992176890368
0.0624999371357262
0.21338824369013307
0.26830562949180603
0.32008233698377914
0.026673525571823117
0.0366116277873516
0.09453508816659449
0.39552634209394444
0.21338818222284317
0.124999925494194
0.20005144178867335
0.42677646875381464
0.1066941041499376
0.016084939590655264
0.15624982677400112
0.196652740240097
0.21338817477226255
0.010723305866122246
0.07812483236193656
0.21495861932635302
0.3475409597158432
0.03661162754020941
0.1433056881651282
0.27320735901594156
-5.2683559736976796e-09
0.21338812820613381
0.2667351802811026
0.004021242260932928
0.01830581575632095
0.010723300278186795
0.0312499726058808
0.009152915328741074
0.05491741001605987
0.22901321947574613
0.200836569070816
0.2316940166056156
0.11584695801138875
0.24999989569187117
0.1821382790803909
0.0026808083057403504
0.02288226038217544
0.0366116166114807
0.018305811099708073
0.18749982118606565
0.15624984353780744
0.12499988824129103
0.11584697663784027
0.0026808306574821507
0.1066940929740667
0.10669412091374395
0.1646175868809223
0.010723296552896496
0.018305801786482327
-3.2888460288482682e-09
0.28124970197677607
0.124999925494194
0.062499962747097015
0.48012341558933247
0.06786159891635178
0.0678616454824805
0.06786157377064227
0.018305794801563025
0.03661164361983537
0.10669410973787306
0.018305797129869468
7.450580596982584e-08
0.17377045005559916
0.1249999081848315
0.04576452495530246
0.21338828653097147
0.09374994039535521
0.12231908738613126
0.02745868824422358
0.0053616473451256735
0.3200822547078132
0.02745873038657009
0.06786160124465822
0.15624991618096828
0.03661161571502846
0.10669408924877641
0.1966527178883552
0.11584700773178988
0.24006160721182818
0.0366116277873516
-9.734649530912519e-09
0.07812494970858096
0.3612701246051632
0.1874998342245817
0.21338821575045583
0.04174328222870825
0.062499927356839166
0.09374992921948432
0.13336767628788945
0.28661136701703066
0.0
0.10669411346316338
0.12499990127980708
0.18749984679743645
0.009152870625257492
0.16004114504903552
0.062499947845935794
0.0366116277873516
0.14330576360225675
0.031249962747097
0.26830559142399574
0.04687494458630681
0.42945705354213703
0.06518079061061142
0.24463810212910173
0.1249999292194843
0.42677648365497584
0.10669408272951839
0.0624999436263609
0.013729348778724674
0.0651807803660631
0.06249999441206454
0.45344968885183323
0.01830580271780491
0.01072331517934799
0.06249990686774254
0.0366116297394301
0.18213819712400434
0.2446382194757461
0.053347051143646226
0.2316938936710357
0.21338819624992772
0.05491740046235659
0.0624999590218067
0.09374988824129102
0.2675203271210193
0.06249994412064551
0.07054241932928561
0.10669410601258277
0.0
0.05491739977151154
0.06249995529651639
0.031249999999999997
0.17499582562595606
0.0
0.09374995343387126
0.23169396817684168
0.364276498556137
0.21338820457458493
0.00915292091667652
0.09832632541656491
0.4801233559846877
0.031249977648258213
0.32008235156536097
0.06518074590712784
0.1848190054297447
0.0624999813735485
0.124999925494194
0.036611622199416174
0.009152887389063839
0.03661161879370566
0.08002055808901785
0.0
0.12499988050713992
0.3720888271927833
0.4999994337558745
0.39631170779466623
0.005361659452319145
0.06786156818270682
0.10669411905109881
0.028243921697139733
0.12499990127980708
0.249999850988388
0.14330566488206384
0.37767046689987177
0.06249996833503245
0.10669408571095039
0.0624999701976776
0.32008234038949
0.10669402312487361
0.18749986193142829
0.1249998789280653
0.16674318537116048
0.15624990873038766
0.15356905758380887
0.23169398680329323
0.05334705114364623
0.0
0.1249999776482582
0.18749986588954923
0.020986627787351605
0.42677630763500923
0.14330569794401524
0.15624985098838806
0.15245859790593383
0.0
0.2499998807907104
0.18749990779906509
0.06249994412064552
0.031249977648258202
0.21338826790452003
0.24463808536529535
0.11434390489012
0.06786159425973894
0.32008226937614376
0.24463805219448403
0.0533470558002591
0.10669407129323803
1.4688456007050375e-09
0.21338823996484277
3.725290298491292e-09
0.21338820084929466
0.18749988079071042
0.19776319200173015
0.24463814776390785
0.31249977275729174
0.02745871804654598
0.41762335598468775
0.018305812031030655
0.10669411532580851
0.07165284547954795
0.12768074870109555
0.23169396874398357
0.009152904152870183
0.07165287139113762
0.21338810026645655
0.0800205897539854
0.12499994970858096
0.07165286689996718
0.07812489755451678
-7.450580587169506e-09
0.005361644551157951
0.018305795267224312
0.3200822475662652
0.2400616947561502
0.03661160729825495
0.04197322204709052
0.08995867520570752
0.2133882336641039
0.033930785022675984
0.054917432367801666
0.13572326302528379
0.06786159053444861
0.5857070684432981
0.1066940971650183
0.03124996274709701
0.39552635047584767
0.046874962747097
0.18749988079071042
0.031249975319951766
0.14062485098838803
0.18749986030161378
0.21417338028550145
0.03661162302147913
0.10669410228729247
0.009152909740805624
0.025170482695102685
0.240061619086191
0.03661161847412585
0.01830575987696646
0.1249999403953552
0.03661162964999675
0.109767512883991
0.06249997112900017
0.2656248118728399
0.0
0.23169402778148646
0.32008222676813597
0.30713813379406923
0.06249994342215358
0.10278781503438948
0.00804247275711639
0.027458706870675087
0.07812494412064551
0.0
0.09832637570798396
0.08538222685456275
0.32923529168157833
0.02098665204474925
-3.4417184657797853e-09
0.234374888241291
0.18749988550934077
0.03124997175369914
0.12499986496541246
0.11584699153900145
0.10669411781243036
0.10669406782835719
0.031249977648258202
0.23169409856200215
-3.725290298491292e-09
0.24999974668025968
0.12499995529651639
0.062499962747097
0.018305821344256398
0.031249972525984042
0.42677650600671757
0.32008215226233
0.4267764836549758
0.15624989103525871
0.5464146994054316
0.1066940563669778
0.05491741727419695
0.12499995529651639
0.10669410973787305
0.7285529077053068
0.027458725497126572
0.036611614748835564
0.21338823810219765
0.1066940587479621
0.06249998323619364
0.03661162033677101
4.583779334742433e-25
0.46338793635368336
0.1116631031036377
0.09106909343972801
0.3444674797356128
0.018305823206901547
0.10736420005559917
0.062499977648258195
0.018698401399888095
0.00915289297699928
0.345841621980071
0.03661164175719023
0.0007851952686905873
0.23247921466827387
0.21338820457458493
0.09374989456566829
0.18213818222284314
0.1977632120251655
0.3642765581607818
0.12499991804361342
0.12499989537228637
-1.1175870895473877e-08
0.15624988451600072
0.12499992033882631
0.21338817678784358
0.23169406797404754
0.24999973922967905
0.18213822878897185
0.42677631974220265
0.21338815987110132
0.2133882492780685
0.24463810455819582
0.04687495529651642
0.05334707722067833
0.018305819481611245
0.07165289018303156
0.20557565428316593
0.12499985490088504
0.21338813751935953
0.1821382343769073
0.4267762844937359
0.03661162266507744
0.10669407248497009
0.09374994396524272
0.3749998249113559
0.12499990314245223
0.018305817269720134
0.24463808257132766
0.013174131512641902
0.366957189515233
0.018305809594450714
0.010723297724205464
0.0549174384213984
0.0274587497115135
0.06518076360225676
0.027458716649562117
-8.769834636268568e-09
0.21338814310729498
0.06786160846240817
0.010723300278186795
0.244638230651617
0.2133882492780685
0.1821381580084562
0.12499989569187162
0.13415283802896735
0.0366116315126419
0.0015703942626714709
0.01072328444570303
0.26026309281587595
0.046874940395355225
0.09374991059303282
0.19207625091075894
0.06249998509883878
0.005361648276448255
0.06786160171031952
0.06249997206032275
0.435929350554943
0.14330572308972475
0.03739682004355537
0.21338818967342374
0.036611646413803094
0.11383629031479356
0.06249993480741979
0.312499850988388
0.26215859502553934
0.1718748481944203
0.02343748649582266
0.18213820457458493
0.027458721771836277
0.0
-5.5879354452836695e-09
0.0937499003484845
0.06249997951090333
0.0366116352379322
0.1433057244867086
1.3760355077607753e-09
0.2602631971240043
0.4267763495445251
0.031249954164227926
0.18749982118606562
0.0366116277873516
0.06249995017424225
0.12499992914665346
0.15624986030161378
0.12499989941716193
0.13415278401225805
0.027458705008029945
0.05491745099425315
0.0053616473451256735
0.05736827477812767
0.062499932944774614
0.23169395187869665
0.18213822599500415
0.036611620336771004
0.3124997243285178
0.036611635237932205
0.2133882492780685
0.03164256666786968
0.08995866030454634
0.33570716157555575
0.036611653864383704
0.24999989569187162
0.18749988637864584
0.3642762747551482
0.12499988079071042
0.10669407328333044
0.031249988824129098
0.4267765954136848
0.16004111990332598
0.03124997299164533
0.07322320714592934
0.24463810026645658
0.018305806443095204
0.1249999137492421
0.1249999407022897
0.20312480907887218
0.26673519238829607
0.15356898773461578
0.019876200938597318
0.1066940630119546
0.12499987191452346
0.06249995320104062
0.010723295621573923
0.06518074311316013
0.08995868591591714
0.010723291896283625
0.36427646689116944
0.06786160357296465
0.21338823623955247
0.06518078129738568
0.24463812704198057
0.12499988451600072
0.14330570446327326
0.036611601710319505
0.010723301209509371
0.09374990011565386
0.0
0.06249996647238731
0.045764528214931474
0.05491740250223352
0.016084939241409302
0.13493796437978742
0.23169398307800287
0.1333675868809223
0.2133882194757461
0.05334704183042048
0.2499998807907104
0.09374988824129103
0.0
0.3642763569951057
0.10669411718845365
0.07678451435640453
0.21338815987110132
0.09374994318932293
0.03661161661148071
0.2621586918830871
0.3642763346433639
0.36963807734757287
0.09374992363154885
0.14252051431685683
0.23437476903200144
0.18749979138374326
0.24463823717087507
0.013174141000490634
0.16429241793230176
0.015624989755451677
0.24463817477226252
0.10669413302093742
0.1600411068083167
0.10669405013322829
0.062499922234565006
0.005361648276448249
0.12499992978662622
0.05334704741835593
0.2133882492780685
0.21338815936707373
0.12499990314245223
0.018305812031030648
0.18749989914139562
-2.235174180076083e-08
0.06249995630847692
0.06518074497580528
0.2499997913837433
0.32008226774632925
0.19586758781224486
0.10669409483671186
0.031249985098838796
0.24463824927806851
0.0366116240620613
0.23169405199587342
0.3955263793468475
0.12499984376094805
0.0
0.19586752634495494
0.21338813006877894
0.3642764202343675
0.12499988035367214
0.12499990070878929
0.5243176817893981
0.187499925494194
0.06249995203688739
0.14252047287300226
0.03661166131496428
0.062499977648258195
0.062499973922967904
0.19776312448084352
0.12231912463903424
0.09374990127980709
0.019091002643108364
0.21338819497851297
0.01830581575632094
0.3200822286307811
0.14330572681501516
0.00915291905403137
0.0366116501390934
0.12499991431832312
0.3200823329389095
0.10669407807290551
0.17834695801138878
0.21338817477226252
0.12499992603975006
0.10669410973787305
0.21338813726605105
0.143305629491806
0.04197327606379985
-5.8753801823741e-09
0.021446589380502697
0.06249995809048413
0.29877034714445466
0.10803446918725965
0.3200822468008972
0.0366116088123034
0.13415275886654854
0.03661164295017837
0.09374991711229085
-1.2666871319556858e-24
0.03661162639036774
0.322763148928061
0.07812491804361342
0.29151304811239237
0.036611595634428167
0.0026808306574821516
0.07322324812412262
0.0
0.09374987054616211
0.4267762526869773
0.04576451797038316
0.14252046216279263
0.04687497019767762
0.37499972060322756
0.18213823065161702
0.26673522219061846
0.06249992746982745
0.0670763999223709
0.4534499570727347
0.07812487892806527
0.005361643619835375
0.06249990686774253
0.036611620336771004
0.4267763644456863
0.07812488824129103
0.06249996647238731
0.04197326395660638
0.062499975785613046
0.005361652933061123
0.2667351830750703
0.01830578595399856
0.2667352855205536
0.12499995902180669
0.010723307728767392
0.06786159901769177
0.06249997227690672
0.0937498938292265
0.010723312298624775
0.09374994691461323
0.0
0.028243912383913994
0.10669400636106727
0.2400617711246013
0.027458725497126572
0.07322324626147746
0.03259039297699927
0.28124977776315063
0.010493306443095204
0.018305811924932632
0.3642763495445251
0.24463810306042433
0.005361661314964296
0.26562472805380816
0.01340412627905607
0.060269228182733045
0.0
0.3749998807907104
0.2149586305022239
0.3008384332060814
0.010723296552896498
0.06249994039535521
0.0007851985283195968
0.1562498696148395
0.18749986588954923
0.15624985331669447
0.08002055808901785
0.023437470197677605
0.28961757197976107
0.16004109382629392
1.9288309027458071e-16
0.0732232704758644
0.10669410228729247
0.2133881671798967
0.015625000931322575
0.28504094481468195
0.06249998137354851
0.062499903142452254
0.1066941153258085
0.37499984178965423
0.062499955353762175
0.03538620006293058
0.053347039036452756
0.4999999403953551
0.062499962747097
0.09374992642551659
0.24999976158142084
0.13036156259477136
0.21338814805605996
0.10669405758380889
0.1874998770654201
0.12499991059303281
0.005361634772270919
0.1562499031424522
0.15624987147748468
0.0
0.0366116240620613
0.2316940571181476
0.062499953433871255
-7.4505805871695075e-09
0.12231910601258275
0.23437480255961413
0.0
0.0
-3.1464655880775175e-09
0.36427649855613703
0.21338820643723005
0.05491740070283412
-5.875381031943515e-09
0.10669406503438947
0.3955264627002179
0.37499979883432377
0.06786159425973891
0.05184400826692579
0.06249996733281656
0.05491744067323695
0.16004115249961612
0.4267765283584594
0.12499991059303281
0.12499989569187162
0.03661164082586764
0.21338821913678083
0.0312499701976776
0.18749981334071683
0.0678616091609001
0.10061457380652428
0.018305819328675362
0.18213822506368157
0.32008219882845873
0.04687496460974216
0.07322327341161759
0.0183058064430952
0.14330566767603156
0.1966527374461293
0.3642765283584594
0.2400616407394409
0.03393081296235322
0.187499925494194
0.3642763819072538
0.1874997615814209
0.004021221539005636
0.10669408831745383
0.19665282964706418
0.3124998211860656
0.08995862305164334
0.1357231959700584
0.018305797129869454
0.13036162219941616
0.0732233002781869
0.062499965541064725
0.1874998733401298
0.24999976251274345
1.6763806340757544e-08
0.5932894684374331
0.36427643895149225
0.01830580882344934
0.17187481466680762
0.7910528481006621
0.12499993705877975
0.09374994412064551
0.2499998730886927
0.5464146286249161
0.7285527028143405
0.3200824856758117
0.24006168916821474
0.3642764113740576
0.3642766177654266
0.24999986396975998
0.010493315756320943
0.15379896108061072
0.21338820457458493
-8.81307293809641e-09
0.13036161474883554
0.3200823068618774
0.08917344547808169
0.0
0.05491742491722106
0.10669412557035682
0.033930795267224305
0.04576454125344752
0.18749977275729177
0.07165287435054778
0.05373965576291083
0.033930781297385686
0.426776498556137
0.23169405758380884
0.15624984726309774
0.30713810771703715
0.24542331276461476
0.08995870279613881
0.06249995243165572
0.010723295625000987
0.004021227126941084
0.016084941104054448
0.026673514395952218
0.42677666991949076
0.2732073403894901
0.12499994039535521
0.03661161381751298
1.1175870893020606e-08
0.374999850988388
0.0
0.2667353376746177
0.11584703158587215
0.12499991804361342
0.21338823437690732
0.42677640914916987
0.06249995006255448
0.0
0.18749986588954923
0.07322324439883231
0.12499997019767758
0.2133882492780685
0.036611627787351594
0.5464146547019482
0.07165290787816045
0.027458722703158904
0.06249994784593581
0.06249994970858096
0.018305804580450055
0.14330571284517643
0.12499993294477461
0.0
0.0366116315126419
0.4267763862302862
0.04687494644895195
0.10669405758380887
0.17834696173667905
0.18749986030161378
0.09374996833503244
0.2667353227734566
5.702427183967099e-09
0.018305814439231956
0.0
0.1600411711260676
0.03661162033677101
0.10669412463903424
0.21495856344699854
0.05223662126809357
0.4267763793468474
0.015624970197677616
0.32008239626884455
0.001570390071719884
0.018305830657482158
0.18749987147748468
0.12231907993555069
0.10669419728219506
0.4267764720420663
0.29687476158142084
0.5464147552847862
0.062499944120645516
0.0781249552965164
0.426776498556137
0.0
0.14330568630248305
0.07322325134367168
0.0638403696939349
0.2133881896734237
0.05373962270095941
0.2499998807907104
0.0312499850988388
0.4267763538603212
0.12499990174546835
0.1562499217689037
0.0732232704758644
0.374999850988388
0.46338817477226246
0.24006182351149616
0.0937499329447746
0.09832638874650002
0.11584697756916282
0.03661162778735169
0.4267766177654265
0.28661149274557823
0.15624980628490448
0.11584700271487233
0.23169395327568051
0.0549174305051565
0.031249973922967904
0.04118807101622223
0.24999983766630104
0.24463813193142409
0.12499992083758113
0.1562499403953552
0.0026808232069015434
0.06249995809048413
0.3642763791992211
0.32008224725723267
0.2656247652486704
0.018305806443095204
0.4267766177654265
0.0
0.3955263718962668
0.426776498556137
0.0624999376013875
0.12499991245567796
0.31550597213208675
0.09374995902180669
0.1249999403953552
0.17834695335477588
0.4267764343876798
0.2133882194757461
-1.5732327270308825e-09
0.3642765805125236
0.2866115197539329
0.18749984353780744
0.07322321087121962
0.0624999701976776
0.182138230651617
0.06249998882412911
0.12499995522368554
0.04821534594520926
0.22254109382629392
0.1223191078752279
0.20557580702006814
0.062499973922967904
0.1249999526623384
0.2133882409831262
0.21338827721774575
0.036611635237932205
0.018305812962353226
0.32008228264749045
0.10669413208961485
0.42677640542387957
0.2499998180279188
0.2812498807907104
0.46338817477226246
0.24999983608722684
0.09374994225800037
0.03661163151264191
0.06249994784593582
0.13036151230335236
0.06249995995312928
0.24999980442225928
0.24999991059303278
0.171874850988388
0.32008235901594156
0.621858924627304
0.249999850988388
0.3200824595987796
0.10669412463903424
0.24999989569187162
0.426776498556137
0.0732232555747032
0.15624987503651352
0.11473656911402938
0.356694018933922
0.10669408924877642
0.3437498253770172
0.03661161847412586
0.2866115012694341
0.11584699153900144
0.4999997615814208
0.0366116315126419
0.10669407341629267
0.24999994039535517
0.10669411160051821
0.12499988451600072
0.1958676530048251
0.03124997299164533
0.10669410228729247
0.0183058176189661
0.10826446211345718
0.18749986588954923
0.03393078036606311
0.09374994412064551
0.4633880555629729
0.0937499441206455
0.022882275283336636
0.2133882157504558
0.21338824655499475
0.12499991059303281
0.054917391389608376
0.062499953433871255
0.09374989569187163
0.18749996074266637
0.3071382343769073
0.1066940613090992
0.24999975133687252
0.2133881896734237
0.036611613139173375
0.1433056518435478
0.10669408459216354
0.1276807221584022
0.132812425494194
0.031249984167516225
0.035826411098241806
0.06249997206032275
0.07165283709764479
0.21338823387287928
0.010723301209509371
0.12499995947375984
0.1874998901039362
0.03661162598343703
0.21338820939098732
0.18213816359639162
0.36427643895149225
0.18749989941716194
0.018305806443095204
0.21338830888271326
0.031250007683411234
0.24463817244395608
0.06786159798502787
0.01830581948161125
0.24999980385124174
0.1562499192077666
0.30713829770684237
0.1562498677521944
0.24999982118606562
0.28124985331669444
0.2656248472630977
0.018305817618966103
0.34374970197677607
0.21338823437690732
0.0
0.062499959160609235
0.018305815756320953
0.5932894498109816
0.37499975785613054
0.06786161102354527
0.1249999403953552
0.073223277926445
0.11718740547075865
0.09375000372529028
0.46338808536529535
0.3642763458192348
0.18749995715916154
0.0
0.4267763793468474
0.010723300278186894
0.37499962747097015
0.12499993294477461
0.3642763793468475
0.7285529077053069
0.23169399518519637
0.49999997019767756
0.21338823437690732
0.0183058176189661
0.3410689420998096
0.16004115715622896
0.07165288738906382
0.4267765283584594
0.0624999522801537
0.37499987334012974
0.010723301209509371
0.09374994039535521
0.21338830888271326
0.1977632716298103
0.010723300278186795
0.24999985733590788
0.15624992270022628
0.3696380257606506
0.03661163232503072
0.0366116352379322
0.7285531498491762
0.426776498556137
0.0419732742011547
0.5624998211860656
0.07812494412064551
0.499999850988388
0.005361633375287061
0.364276452793673
0.0
0.06249996453884942
0.7499996498227118
0.07322327792644494
0.0366116240620613
0.28661144338548183
0.2133882475572088
0.3642764687538147
0.23169405199587342
0.281249850988388
0.3955264429837164
0.15624995529651642
0.12499998509883878
0.0
0.1874999746071483
0.02745874598622321
0.03661163896322249
0.32008242607116694
0.4267765879631042
-2.0650304121939826e-08
0.37499992134354726
0.10669412836432454
0.010723308660089968
0.05334703996777535
0.36427649855613703
0.018305823206901543
0.3410689244046807
0.4267766177654265
0.3642765581607818
0.06249996088445185
0.2133881790646947
0.10669416002929205
0.04687497485429048
0.4267765879631042
0.10669410973787306
0.29340880131348956
0.2133882047163704
0.3200823869556188
0.10669411718845367
0.24999986588954923
0.12499995529651639
0.09643073752522466
4.4703483581895507e-08
0.062499910593032844
0.07322323322296141
0.23169404268264768
0.21338825357437685
0.11071533337235448
0.06249995529651641
0.36427664756774897
0.1821382604539394
0.11584699386730789
0.14330572914332146
0.28961756825447077
0.21338829398155212
0.062499962747097
0.12499997019767758
0.2133882492780685
0.3642765263432101
0.06249995529651552
0.3642765283584594
0.2732072514378167
3.725290303397831e-09
0.28124985494650895
0.2133882492780685
0.3098188102594576
0.2667354037985205
-4.462693037650896e-25
0.07322328537702559
0.426776498556137
0.13415281567722556
0.0732232630252838
0.06249995902180671
0.06249993015080689
0.10669414326548576
0.3642765879631042
0.18749988007206617
0.0
0.027458690106868747
0.12499994225800035
0.03661161474883556
0.49999983608722676
0.4267765283584594
0.010723301209509371
0.31092927977442736
-5.875379238684529e-09
0.0
0.26830568909645075
0.124999962747097
0.18749991038012734
0.3044572882354259
0.3669572733342647
0.36427664656382314
0.1433057216927409
0.499999850988388
0.3200824856758117
0.4267765879631042
0.05491747253451464
0.009152913466095926
0.07322328537702559
0.1562499515712261
0.073223277926445
0.24999997019767756
0.07322328537702559
0.37499970197677607
0.3109294474124908
0.16461760597303507
0.16004121303558347
0.2133882492780685
0.0
0.0
0.0678616017103195
0.42677655816078175
0.42677652072615174
0.125000037252903
0.23169408552348608
0.21338823437690732
0.1874999105930328
0.32008228451013554
0.36427641636906477
0.15356914140284061
0.24999991059303278
0.31249982025474304
0.23169409902766344
0.062499951571226106
0.24463817849755282
0.02745872060768306
0.23169407993555063
0.12499993294477461
0.1249998863270214
0.4999999403953551
0.34754108265042294
0.07322328537702559
0.23169413488358254
0.14330568350851533
0.14330580830574033
0.07322322577238084
0.17834693193435666
0.12499999254941938
0.09374994039535521
0.036611642688512795
0.14330575941130513
0.0732232257723808
0.10669416375458235
0.054917467758059474
0.21338830888271326
0.46338817477226246
0.18749988079071042
0.4267766773700713
0.3200823366641998
0.426776498556137
0.3642764315009116
0.12499997610519253
0.42187478393316263
0.28504115715622896
0.3749999292194843
0.18749990686774248
0.21338825891087373
0.1874999366700649
0.36427661761780045
0.21338827134623892
0.005361649207770823
0.24463826417922968
0.03147995797917246
0.4267765879631042
0.4267766177654265
0.10669411160051821
0.04576453007757663
0.24999991059303278
0.07165287435054778
0.2667353004217147
0.1874999403953552
0.42677640914916987
0.4267766177654265
0.06249994225800036
0.3642766177654266
0.09374990686774251
0.2499999552965164
0.10747929895296691
0.13572326302528379
0.05491744447499513
0.49999988079071034
0.426776498556137
0.4267766773700713
0.12499997764825818
0.42677640914916987
0.12499995902180669
0.3642765879631042
0.3642765581607818
0.6401648186147212
0.0
0.49999979138374323
0.4267764389514922
0.3642765581607818
3.725290303397831e-09
0.09374991431832312
0.36427649855613703
-7.450580606795661e-09
0.4267765879631042
0.027458690106868737
0.10061463341116904
0.2446381896734237
0.21338822101881177
0.36427667364478106
0.0624999643697858
0.0183058138936758
0.42677655816078175
0.42945715785026545
0.4267764622345566
0.29340885579586024
0.24999985430317917
0.320082450897297
0.06249998509883879
0.7499995529651641
0.062499994940418566
0.2499999552965164
0.3642764091491698
0.4267766177654265
0.4999999105930328
0.3292351439595222
0.018305819481611245
0.3642765581607818
0.03393085300922394
0.24463818967342374
0.4267765879631042
0.124999962747097
0.10669414699077603
0.24999992270022628
0.36427643895149225
-6.883437375648781e-09
0.499999850988388
0.03661161474883556
0.3200823236256837
0.1821383498609066
0.42677664756774897
0.018305812031030655
0.4999999403953551
0.10669403895735735
0.21338832378387448
0.24999991059303278
0.1600411694962531
0.3642765283584594
0.0183058138936758
0.018305821628141313
0.3749999022111296
0.12499995671386208
0.08995869383215903
0.4267766177654265
0.0
0.07322325557470322
0.499999850988388
0.10669412463903426
0.39552655816078175
0.10669412890988193
0.2866115272045135
0.21338821797994792
0.36427664756774897
0.05491746356710791
0.39552640914916987
0.24999986588954923
0.10669414111926967
0.36427649855613703
0.18213832750916478
0.3642765283584594
0.42677655816078175
0.312499898020178
0.4999999105930328
0.426776498556137
0.42677655816078175
0.3749999105930328
0.49999974381345597
0.28661161661148066
0.2133882194757461
0.4267766177654265
0.42677655816078175
0.4267765721474719
0.426776498556137
0.21338829025626177
0.24999986588954923
0.4267763793468474
0.036611638963222504
0.4999999105930328
0.3200824558734893
0.0624999813735485
0.24999990370959407
0.3642765283584594
0.09374994505196807
0.24999994039535517
0.4999999105930328
0.42677655816078175
0.2866115570068359
0.24999991059303278
0.4999997615814208
0.24999982118606567
0.49999979138374323
0.0624999813735485
0.4267766326665878
0.06249995343387115
0.0
0.49999982118606556
0.4267766773700713
0.062499973922967904
0.42677646875381464
0.10669414699077605
0.07322327792644498
0.07322328537702559
0.10669416934251785
0.4267765283584594
0.249999925494194
0.42677640914916987
0.49999982118606556
-5.87538151464173e-09
0.0
0.36427649882606106
0.4267765879631042
0.1066941365864381
0.3749999231945107
0.18907019495964048
4.521415686298268e-09
0.2866114675998687
0.249999850988388
0.3642766177654266
0.0732232555747032
0.3749998211860656
0.4267765283584594
0.03661165758967399
0.49999979138374323
0.031249988824129098
0.24999989569187162
0.426776498556137
0.21338832378387448
0.036611650139093385
0.4267765283584594
0.036611642688512795
0.4267764389514922
0.3200824428349733
0.36427649855613703
0.6401647925376892
0.31249997019767756
0.49999997019767756
0.010723298415541647
0.49999982118606556
0.3642766177654266
0.03661162805724615
0.32008246146142477
0.4267765805125236
0.1464464962482452
0.2133881663331134
0.4267765879631042
0.24999994039535517
0.49999988079071034
0.07322329282760619
0.14330576732754705
0.2499999552965164
0.21338823437690732
0.010723296552896498
0.07322324998676775
0.4999999105930328
0.4267765283584594
0.12499997019767758
0.1874999143183231
0.4999999403953551
0.426776498556137
0.06249998509883879
0.42677631974220265
0.49999988079071034
0.39552659355103964
0.7285529524087904
0.4999997615814208
0.42677655816078175
0.46338814496994013
0.49999982118606556
0.2499999552965164
0.21338827908039087
0.036611652001738555
0.4999997615814208
0.36427664756774897
0.4999998429706655
0.5312499180436133
0.2499998701819814
0.0
0.2133882641792297
0.073223277926445
0.3642764948308467
0.12499997392296788
0.3475410938262939
0.23169405758380884
0.4999999105930328
0.3749998956918716
0.2133882286553121
-1.0325154176094028e-08
0.0732232630252838
0.4267765879631042
0.2290132455527782
-3.725290293584753e-09
0.3642764016985893
0.1249999217689037
0.14330571331083772
0.10669412463903426
0.36427664756774897
0.426776573061943
0.01072330307215452
0.21338826288858498
0.24999991059303278
0.426776498556137
0.7499997392296789
0.21338818408548826
0.42677646875381464
0.4267766177654265
0.499999850988388
0.21338834241032595
0.3642765879631042
0.49999988079071034
0.1249999403953552
0.42677655816078175
0.46338814496994013
0.24999994039535517
0.2446382474154234
0.0732232630252838
0.2133882492780685
0.0
0.42677646875381464
0.49999988079071034
0.49999988079071034
0.49999988079071034
0.49999973177909846
0.4267766028642654
0.1249999962747097
0.49999997019767756
0.3642764687538146
0.4267766177654265
0.07322328537702559
0.3642765581607818
0.4999999105930328
0.49999982118606556
0.013729374732178942
0.07322329282760619
0.35669403197243804
0.41762370616197575
0.21338822972029442
0.49999997019767756
0.3642766177654266
0.01072330586612224
0.46338823437690724
0.12499992456287143
0.3642764687538146
0.07322330027818678
0.2343748668208718
0.07165287435054779
0.3642766177654266
0.0366116389632225
0.4999999105930328
0.35669395129662
0.312499850988388
0.24999982118606562
0.249999850988388
0.3749997977432115
0.3200822323560714
0.4267766773700713
0.4267765879631042
0.49999982118606556
0.3642764687538146
0.3642764240503311
0.39552656374871725
0.4267766177654265
0.4267766177654265
0.499999850988388
0.36427649855613703
0.42677646875381464
0.4267766177654265
0.3642765283584594
0.12499997299164531
0.3749998807907104
0.426776498556137
0.49999973203747355
0.4999999105930328
0.0
0.3955265879631042
0.39552646875381464
0.499999850988388
0.7285531088709829
0.036611646413803094
0.3642764911055564
0.36427649855613703
0.03393081016838549
0.4267766773700713
0.12499999627470967
0.4999999105930328
0.499999850988388
0.4267766177654265
0.49999979138374323
0.49999988079071034
0.49999988079071034
0.24999986588954923
0.062499982304871075
0.42677664756774897
0.06249999254941939
0.0
0.49999991626241913
0.2499998807907104
0.4267764389514922
0.3566938415169716
0.187499925494194
0.36427653580904
0.4267766177654265
0.36427664756774897
0.3642766177654266
0.2133882194757461
0.4267764389514922
0.42677646875381464
0.36427649855613703
0.4267765283584594
0.42677664756774897
0.426776498556137
0.4111513569951057
0.2133882939815521
0.49999982118606556
0.499999850988388
0.36427664756774897
0.42677640914916987
0.0
0.4999999105930328
0.05491745378822087
0.6218590550124644
0.3642766177654266
0.4267766177654265
0.4267765283584594
0.4267765283584594
0.49999988079071034
0.28124979138374323
0.0
0.49999982118606556
0.42677655816078175
0.4999999403953551
0.426776498556137
0.3749998807907104
0.49999982118606556
0.499999850988388
0.3642765879631042
0.4267765283584594
0.031249999999999993
0.2499999552965164
0.4267765879631042
0.062499977648258195
0.4267766177654265
0.0366116315126419
0.499999850988388
0.31249980442225933
0.4267765283584594
0.4267766177654265
0.0
0.4999999105930328
0.21338827908039087
0.3955265283584594
0.49999988079071034
0.49999973177909846
0.3642766177654266
0.12499995573355459
0.24999994039535517
0.49999988079071034
0.49999982118606556
0.3642765045459513
0.07322327233850943
0.09374993480741978
0.21338829025626177
0.426776498556137
0.49999997019767756
0.146446518599987
0.4999997615814208
0.06249999254941939
0.42677648801942863
0.12499999254941939
0.0678616017103195
0.4267765586260816
0.23169410228729245
0.4267766773700713
0.49999988079071034
0.9999996721744535
0.4267765879631042
0.24999997019767756
0.3955263793468475
0.36427649855613703
0.42677653580904024
0.49999988079071034
0.499999850988388
0.2133882641792297
0.49999994784593593
0.0
0.36427643895149275
0.395526498556137
0.46338830050081004
0.2499999552965164
0.2133882641792297
0.12499994039535524
0.4999999403953551
0.499999850988388
0.4267766177654265
0.4267766177654265
0.499999850988388
0.10669409856200215
0.4999999403953551
0.4267765283584594
0.0732232704758644
0.0
0.4267766773700713
0.4267765283584594
0.21338833868503565
0.42677655816078175
0.24999995157122606
0.49999982118606556
0.49999982118606556
0.2499999552965164
0.49999964925556617
0.42677664756774897
0.8535528033971785
0.0
0.3955265879631042
0.49999988079071034
0.36427667737007136
0.4999999403953551
0.4267765879631042
0.49999973177909846
0.21338810026645655
0.49999988079071034
0.42677655816078175
0.124999925494194
0.2499999552965164
0.36427667737007136
0.49999988079071034
0.499999850988388
0.749999850988388
0.499999850988388
0.49999997019767756
0.49999988079071034
0.49999988079071034
0.3642765581607818
0.49999988079071034
0.42677664756774897
0.4267765879631042
0.42677655816078175
0.42677655816078175
0.4267765879631042
0.426776498556137
0.28661153651773924
0.3642765879631042
0.4999999403953551
0.42677655816078175
0.49999988079071034
0.6401649080216884
0.0937499701976776
0.4999999105930328
0.12499995902180672
0.21338823437690732
0.4267765879631042
0.24999994039535517
0.4999999403953551
0.4999999403953551
0.4267765283584594
0.12499997019767749
0.12499998882412908
0.49999997019767756
0.4999999403953551
0.24999991804361343
0.24999992363154888
0.12499990314245223
0.49999997019767756
0.4999999105930328
0.21338832378387446
0.4999999105930328
0.26830571889877314
0.4999999105930328
0.49999982118606556
0.4267765283584594
0.4267765879631042
0.4999999403953551
0.21338831260800356
0.49999988079071034
0.3642765283584594
0.24999988451600072
0.4267765283584594
0.49999982118606556
0.07322326209396125
0.4999999403953551
0.36427656108850165
0.4267766177654265
0.4999999403953551
0.4999999403953551
0.4999999105930328
0.3642765283584594
0.3642765581607818
0.49999988079071034
0.49999988079071034
0.4267765879631042
0.426776498556137
0.7499998733401297
0.2133882492780685
0.4267765879631042
0.0366116426885128
0.49999988079071034
0.4999997615814208
0.07322329282760619
0.3642765879631042
0.42677640914916987
0.2133882492780685
0.4999999403953551
0.4999999403953551
0.499999850988388
0.49999982118606556
0.4267765879631042
0.4267765879631042
0.4999999776482581
0.249999925494194
0.4267765879631042
0.4999997615814208
0.499999850988388
0.12499990534161617
0.4267765879631042
0.21338831260800356
0.49999997019767756
0.4267766177654265
0.49999982118606556
0.499999850988388
0.31249997019767756
0.37499994039535517
0.4999999403953551
0.42677664756774897
0.49999988079071034
0.426776573061943
0.499999850988388
0.3200822911056957
0.4999999403953551
0.2133882939815521
0.4999999403953551
0.24999997019767756
0.062499977648258195
0.4267766177654265
0.4999999403953551
0.3642765581607818
0.24999991059303284
0.0
0.4267765879631042
0.42677655816078175
0.4267766177654265
0.4267765283584594
0.6218590959906578
0.49999982118606556
0.49999988079071034
0.499999850988388
0.4267766177654265
0.499999850988388
0.4999999105930328
0.49999997019767756
0.499999850988388
0.4999999105930328
0.49999997019767756
0.49999988079071034
0.4633882045745849
0.4999999105930328
0.426776498556137
0.49999982118606556
0.49999988079071034
0.4999999105930328
0.4999999105930328
0.4999999999999999
0.4267765283584594
0.499999850988388
0.4999999403953551
0.4999997615814208
0.6401648856699466
0.49999982118606556
0.4999999403953551
0.4999999105930328
0.49999979138374323
0.4267766177654265
0.4999999105930328
0.4267766177654265
0.46338817477226246
0.49999997019767756
0.4999999105930328
0.07322329282760619
0.4267765879631042
0.49999988079071034
0.42677665501832956
0.4267766177654265
0.24999989569187162
0.4267766177654265
0.499999850988388
0.4999999403953551
0.4267766177654265
0.4999999105930328
0.4267765879631042
0.42677664756774897
0.499999850988388
0.46338817477226246
0.36427661969506164
0.4267765879631042
0.499999850988388
0.21338833868503565
0.46338825672864903
0.24999994039535517
0.24999995063990355
0.36427649855613703
0.49999988079071034
0.426776498556137
0.4267765879631042
0.4267765283584594
0.21338825300335879
0.24999991059303278
0.24999997019767756
0.2133883237838745
0.24999999254941935
0.4999997615814208
0.4999999105930328
0.4999999105930328
0.3124998211860656
0.07322328537702559
0.36427642963826645
0.4267765879631042
0.49999988079071034
0.49999988079071034
0.4999999105930328
0.4267766773700713
0.4999999999999999
0.24999989569187162
0.4267765879631042
0.48169389367103566
0.3955265879631042
0.2866115942597389
0.4999999105930328
0.499999850988388
0.49999988079071034
0.4267765283584594
0.4267765283584594
0.49999982118606556
0.4267765879631042
0.4267765879631042
0.499999850988388
0.4999999105930328
0.4999999403953551
0.4999999105930328
0.4267765879631042
0.4999999403953551
0.42677655816078175
0.4267765879631042
0.0678616426885128
0.3749998807907104
0.49999972085129674
0.49999997019767756
0.24999991059303278
0.49999997019767756
0.49999997019767756
0.4999999403953551
0.12499995529651639
0.4267765820877231
0.499999850988388
0.24999997019767756
0.4267766177654265
0.4999999105930328
0.4999999105930328
0.2866114974021911
0.4267765283584594
0.7499998062849045
0.4999999999999999
0.49999997019767756
0.4267765879631042
0.49999984353780735
0.06249998509883879
0.4999999403953551
0.4267765879631042
0.49999979138374323
0.4999999105930328
0.4267766177654265
0.42677655816078175
0.4267766773700713
0.4267765879631042
0.499999850988388
0.4999999105930328
0.4999999403953551
0.499999850988388
0.426776498556137
0.49999997019767756
0.48927658796310414
0.4999999403953551
0.4999999403953551
0.49999988079071034
0.249999925494194
0.426776498556137
0.7499998807907103
0.4267766773700713
0.4999999105930328
0.49999988079071034
0.42677664756774897
0.7499998882412908
0.49999988079071034
0.499999850988388
0.37499998044222604
0.4999999105930328
0.49999997019767756
0.4267765879631042
0.24999994039535517
0.42677664756774897
0.49999997019767756
0.499999850988388
0.4267765879631042
0.49999997019767756
0.4999999403953551
0.4999999403953551
0.4267764389514922
0.4999999999999999
0.42677655816078175
0.14644657820463178
0.03661163100861401
0.4999999403953551
0.0
0.4999999403953551
0.4267766773700713
0.49999988079071034
0.14644657820463175
0.4999999403953551
0.4267765879631042
0.4267765283584594
0.4267766177654265
0.49999997019767756
0.42677664756774897
0.49999997019767756
0.8535531982779501
0.4267766177654265
0.4999999403953551
0.4999999105930328
0.0
0.4999999403953551
0.4999999403953551
0.4267766773700713
0.4999999105930328
0.3200824856758117
0.4267766177654265
0.42677664756774897
0.42677655816078175
0.4999999403953551
0.49999982118606556
0.07322328537702559
0.4999999105930328
0.4999999403953551
0.0
0.4999999105930328
0.4999999403953551
0.4999999403953551
-5.875381958730939e-09
0.4267765879631042
0.4999997615814208
0.4999999999999999
0.4267766773700713
0.4999999105930328
0.42677655816078175
0.49999997019767756
0.4267765879631042
0.49999982118606556
0.4999999999999999
0.4999999999999999
0.37499994039535517
0.4999999105930328
0.4999999999999999
0.4267766773700713
0.4999999105930328
0.49999997019767756
0.4267765879631042
0.4999999105930328
0.49999988079071034
0.21338827908039087
0.4999999403953551
0.07322328537702559
0.49999988079071034
0.49999988079071034
0.49999997019767756
0.4267766177654265
0.24999997019767756
0.249999925494194
0.426776498556137
0.4267765879631042
0.4999999105930328
0.4633882045745849
0.49999988079071034
0.4999999403953551
0.49999997019767756
0.4267766177654265
0.4999999105930328
0.499999850988388
0.42677664756774897
0.49999997019767756
0.0
0.49999982118606556
0.4999999403953551
0.4267766773700713
0.49999988079071034
0.28661159984767437
0.4999999403953551
0.4999999403953551
0.4267765879631042
0.49999988079071034
0.4999999403953551
0.4999999105930328
0.4999999105930328
0.0
0.21338833868503565
0.49999988079071034
0.49999997019767756
0.4267765879631042
0.49999997019767756
0.49999997019767756
0.49999988079071034
0.49999979138374323
0.4267766773700713
0.49999988079071034
0.4999999105930328
0.49999982118606556
0.4999999999999999
0.4267766177654265
0.4999998733401298
0.49999988079071034
0.46338823437690724
0.4999999105930328
0.4267765879631042
0.21338827908039087
0.499999850988388
0.4267765283584594
0.49999997019767756
0.4999999105930328
0.49999988079071034
0.42677664756774897
0.42677664756774897
0.21338830888271326
0.4999999022111296
0.4999999403953551
0.2133882641792297
0.49999988079071034
0.4999999403953551
0.4999999105930328
0.49999997019767756
0.4999999105930328
0.499999850988388
0.49999997019767756
0.1249999776482582
0.3642766177654266
0.3642765879631042
0.49999997019767756
0.499999850988388
0.4999999999999999
0.49999997019767756
0.24999997019767756
0.4999999403953551
0.4999999403953551
0.49999988079071034
0.4999999105930328
0.4633882045745849
0.4999999403953551
0.49999988079071034
0.4999999403953551
0.42677664756774897
0.49999997019767756
0.49999997019767756
0.4999999105930328
0.4267766177654265
0.4267766177654265
0.2499999552965164
0.4999999105930328
0.4999999403953551
0.42677655816078175
0.4999999105930328
0.073223277926445
0.499999850988388
0.4999999999999999
0.4999999999999999
0.4999999403953551
0.4999999403953551
0.4999999403953551
0.4999999105930328
0.4999999403953551
0.2866114974021911
0.4267766177654265
0.4999999403953551
0.4999999403953551
0.49999988079071034
0.42677646875381464
0.3200824782252311
0.3642765879631042
0.4999999403953551
0.28661164268851275
0.49999988079071034
0.4999999403953551
0.21338827908039087
0.4999999105930328
0.4267766773700713
0.42677666991949076
0.49999973177909846
0.4999999105930328
0.4267766177654265
0.4267766773700713
0.4999999105930328
0.4267765879631042
0.49999988079071034
0.49999988079071034
0.4999999403953551
0.49999997019767756
0.2499999552965164
0.4999999403953551
0.4999999403953551
0.4267765879631042
0.49999997019767756
0.4267766773700713
0.4999999403953551
0.42677655816078175
0.499999850988388
0.4267765879631042
0.0
0.4999999403953551
0.49999997019767756
0.4267766177654265
0.4267766177654265
0.4999999105930328
0.4267765879631042
0.2133882604539394
0.49999997019767756
0.499999850988388
0.4999999403953551
0.4999999403953551
0.49999988079071034
0.49999982118606556
0.4267766177654265
0.4999999403953551
0.42677655816078175
0.4267766177654265
0.4999999403953551
0.4999999105930328
0.49999997019767756
0.4999999999999999
0.4999999999999999
0.4999999105930328
0.4999999403953551
0.4267765879631042
0.49999997019767756
0.49999997019767756
0.49999986844618416
0.4999999403953551
0.49999997019767756
0.49999997019767756
0.4999999105930328
0.49999988079071034
0.4999999403953551
0.4267766177654265
0.49999997019767756
0.48169411439448584
0.4267766773700713
0.4267766773700713
0.4999999403953551
0.12499995529651639
0.49999988079071034
0.4999999403953551
0.4999999403953551
0.49999988079071034
0.4999999403953551
0.4267766773700713
0.42677664756774897
0.4267766773700713
0.018305819481611255
0.4267765879631042
0.49999997019767756
0.4999999403953551
0.4999999403953551
0.4267766177654265
0.4999999105930328
0.4999999403953551
0.4267766773700713
0.42677664756774897
0.4267765879631042
0.4999999403953551
0.24999997019767756
0.3749998879217115
0.4999999403953551
0.4999999403953551
0.42677664756774897
0.4999999105930328
0.4999999105930328
0.499999850988388
0.4999999999999999
0.49999997019767756
0.42677664756774897
0.4999999403953551
0.499999850988388
0.49999988079071034
0.49999997019767756
0.4999999403953551
0.4267765879631042
0.4267766773700713
0.0
0.49999997019767756
0.49999997019767756
0.4999999403953551
0.4999999403953551
0.49999997019767756
0.4999999105930328
0.4267765283584594
0.4999999403953551
0.4999999999999999
0.4999999403953551
0.42677664756774897
0.4999999403953551
0.4999999999999999
0.49999982118606556
0.4999999403953551
0.4999999403953551
0.4999999403953551
0.4999999105930328
0.49999988079071034
0.14330577384680507
0.24999991059303278
0.49999988079071034
0.36427667737007136
0.42677664756774897
0.4267765283584594
0.4267765879631042
0.499999850988388
0.4999999105930328
0.4999999999999999
0.0
0.4999999403953551
0.4999999105930328
0.4999999999999999
0.49999997019767756
0.4999999105930328
0.4267766736447813
0.49999988079071034
0.4999999403953551
0.49999997019767756
0.4999999403953551
0.49999988079071034
0.42677655816078175
0.24999989569187162
0.499999850988388
0.4999999403953551
0.49999988079071034
0.49999988079071034
0.4999999999999999
0.4999999105930328
0.4999999105930328
0.4999999105930328
0.4999999403953551
0.49999997019767756
0.4999999403953551
0.49999988079071034
0.49999997019767756
0.4999999403953551
0.4999999999999999
0.4999999403953551
0.4999999403953551
0.49999979138374323
0.4267765879631042
0.4999999403953551
0.49999997019767756
0.4999999105930328
0.49999997019767756
0.4999999403953551
0.4267766773700713
0.49999988079071034
0.4267766773700713
0.49999988079071034
0.4999999403953551
0.4999999403953551
0.49999997019767756
0.4999999403953551
0.4999999403953551
0.4999999403953551
0.3044573366641998
0.49999997019767756
0.49999997019767756
0.4267765879631042
0.4999999105930328
0.24999997019767756
0.4999999999999999
0.4267766773700713
0.42677655236541057
0.4999999403953551
0.4999999999999999
0.4999999776482581
0.4999999776482581
0.4999999105930328
0.4999999403953551
0.499999850988388
0.4267766177654265
0.499999850988388
0.4267766177654265
0.4999999403953551
0.49999973177909846
0.4999999403953551
0.4999999403953551
0.24999997019767756
0.21338833868503565
0.4999999403953551
0.4267765879631042
0.4999999403953551
0.4267765879631042
0.49999988079071034
0.4999999403953551
0.4999999403953551
0.4999999105930328
0.4267766177654265
0.42677664756774897
0.42677655816078175
0.49999988079071034
0.4999999403953551
0.49999997019767756
0.42677655816078175
0.4267766177654265
0.4267765879631042
0.4999999105930328
0.24999994039535517
0.4999999105930328
0.3749998807907104
0.4999999999999999
0.4999999999999999
0.4999999999999999
0.49999997019767756
0.4999999403953551
0.49999997019767756
0.4999999999999999
0.4999999403953551
0.4999999403953551
0.4267766773700713
0.2499999249901662
0.4999999403953551
0.4267766177654265
0.4999999105930328
0.49999997019767756
0.4999999403953551
0.49999997019767756
0.4999999999999999
0.4999999403953551
0.4999999105930328
0.49999988079071034
0.4999999105930328
0.42677664756774897
0.4267766773700713
0.4999999105930328
0.49999997019767756
0.249999925494194
0.42677655816078175
0.4999999403953551
0.49999988079071034
0.4999999776482581
0.32008244702698846
0.2133882939815521
0.49999988079071034
0.49999997019767756
0.4999999105930328
0.4999999403953551
0.4999999403953551
0.4999999105930328
0.4999999105930328
0.4999999999999999
0.4999999105930328
0.4999999403953551
0.4999999403953551
0.49999997019767756
0.49999997019767756
0.2499999552965164
0.49999993351191707
0.49999982118606556
0.4267766177654265
0.4999999105930328
0.49999988079071034
0.4999999403953551
0.499999850988388
0.49999988079071034
0.4267766773700713
0.4267766773700713
0.4999999403953551
0.4267766773700713
0.4267766773700713
0.4999999403953551
0.4999999403953551
0.499999850988388
0.49999997019767756
0.4999999999999999
0.42677664756774897
0.4999999105930328
0.49999997019767756
0.4999999999999999
0.4999999403953551
0.4999999403953551
0.4999999105930328
0.4999999403953551
0.4999999999999999
0.24999997019767756
0.49999988079071034
0.4999999403953551
0.49999997019767756
0.4999999105930328
0.4999999105930328
0.4999999105930328
0.0
0.49999988079071034
0.499999850988388
0.49999997019767756
0.49999982118606556
0.49999997019767756
0.2133882939815521
0.4999999403953551
0.4999999403953551
0.4999999999999999
0.426776498556137
0.4999999999999999
0.4267766773700713
0.4999999403953551
0.4999999403953551
0.499999850988388
0.49999997019767756
0.49999997019767756
0.49999997019767756
0.49999988079071034
0.49999988079071034
0.4267766773700713
0.4999999403953551
0.4999999403953551
0.42677655816078175
0.4999999105930328
0.4999999403953551
0.499999850988388
0.4999999403953551
0.42677664011716815
0.4999999403953551
0.4267766177654265
0.49999997019767756
0.21338833868503565
0.07322328537702559
0.49999997019767756
0.49999997019767756
0.4999999105930328
0.49999997019767756
0.4999999403953551
0.4999999999999999
0.4999999403953551
0.4999999403953551
0.4999999999999999
0.49999988079071034
0.4999999403953551
0.4999999999999999
0.4999999403953551
0.49999982118606556
0.49999997019767756
0.42677664756774897
0.49999997019767756
0.4999999403953551
0.4999999403953551
0.499999850988388
0.4999999403953551
0.4999996721744537
0.49999988079071034
0.49999997019767756
0.49999988079071034
0.499999850988388
0.4999999105930328
0.4999999403953551
0.49999988079071034
0.4999999403953551
0.4999998876274216
0.49999997019767756
0.4999999105930328
0.49999997019767756
0.4999999999999999
0.4999999105930328
0.4999999105930328
0.4999999403953551
0.4999999999999999
0.4999999105930328
0.4267766177654265
0.4267766773700713
0.4999999999999999
0.4999999105930328
0.4999999403953551
0.46338823437690724
0.4999999403953551
0.49999988079071034
0.4267766177654265
0.4999999105930328
0.4999999999999999
0.4999999999999999
0.49999988079071034
0.49999997019767756
0.42677664756774897
0.4267765879631042
0.49999988079071034
0.4999999403953551
0.49999988079071034
0.4999999403953551
0.4267765879631042
0.4999999403953551
0.49999997019767756
0.4999999999999999
0.42677664756774897
0.4999999105930328
0.49999997019767756
0.2499999552965164
0.4999999105930328
0.4999999403953551
0.4999999403953551
0.49999997019767756
0.49999997019767756
0.4267765879631042
0.4999999403953551
0.499999850988388
0.4267766773700713
0.4999999403953551
0.49999997019767756
0.42677655816078175
0.49999997019767756
0.24999993294477457
0.4267765879631042
0.49999997019767756
0.4267766773700713
0.4999999105930328
0.49999997019767756
0.4999999105930328
0.4999999403953551
0.49999997019767756
0.4999999403953551
0.42677664756774897
0.4999999403953551
0.4999999403953551
0.49999997019767756
0.4999999403953551
0.4999999403953551
0.4267766177654265
0.4999999105930328
0.49999988079071034
0.4999999105930328
0.4999999105930328
0.4999999105930328
0.4999999105930328
0.49999997019767756
0.4999999999999999
0.4999999999999999
0.4999999105930328
0.4999999403953551
0.4999999105930328
0.4999999403953551
0.0
0.49999988079071034
0.49999988079071034
0.4999999999999999
0.4999999105930328
0.4999999403953551
0.4267766773700713
0.49999988079071034
0.4999999105930328
0.4999999403953551
0.426776498556137
0.49999988079071034
0.49999997019767756
0.8535532429814336
0.4999999999999999
0.4999999403953551
0.4999999403953551
0.4999999105930328
0.49999997019767756
0.4267766177654265
0.4999999999999999
0.499999850988388
0.4999999999999999
0.49999982118606556
0.49999997019767756
0.4999999999999999
0.49999997019767756
0.4999999105930328
0.4999999403953551
0.4999999403953551
0.24999998509883878
0.4999999403953551
0.39552664756774897
0.4999999105930328
0.4999999403953551
0.499999850988388
0.49999997019767756
0.4999999403953551
0.49999997019767756
0.4999999403953551
0.49999997019767756
0.499999850988388
0.4267765283584594
0.4999999403953551
0.4999999105930328
0.49999997019767756
0.4999999403953551
0.49999997019767756
0.4999999403953551
0.4999999403953551
0.49999997019767756
0.4999999105930328
0.4999999403953551
0.49999988079071034
0.4999999105930328
0.4999999105930328
0.49999997019767756
0.49999997019767756
0.4999999403953551
0.49999997019767756
0.49999982118606556
0.4267765879631042
0.4999999105930328
0.49999979138374323
0.4267766773700713
0.4999999105930328
0.49999997019767756
0.4999999105930328
0.4999999105930328
0.49999997019767756
0.4267766773700713
0.49999997019767756
0.3642765581607818
0.4999999403953551
0.49999988079071034
0.499999850988388
0.4999999403953551
0.4999999999999999
0.49999997019767756
0.49999997019767756
0.4267766211954633
0.49999997019767756
0.4999999403953551
0.49999988079071034
0.4999999105930328
0.4999999999999999
0.49999982118606556
0.426776498556137
0.49999997019767756
0.4999999403953551
0.42677655816078175
0.49999988079071034
0.4999999403953551
0.4999999105930328
0.4999999999999999
0.2133882939815521
0.49999997019767756
0.4999999403953551
0.49999997019767756
0.4999999403953551
0.4999999999999999
0.4999999105930328
0.4999999403953551
0.49999997019767756
0.49999997019767756
0.4999999403953551
0.4999999403953551
0.4267766773700713
0.4999999105930328
0.499999850988388
0.4999999105930328
0.4267765879631042
0.4999999105930328
0.3642765879631042
0.4999999403953551
0.4999999105930328
0.4267766177654265
0.4999999403953551
0.4999999105930328
0.4999999403953551
0.42677664756774897
0.49999997019767756
0.49999988079071034
0.4999999403953551
0.4999999180436133
0.4999999105930328
0.4267765283584594
0.49999997019767756
0.49999982118606556
0.49999997019767756
0.49999979655025845
0.4999999403953551
0.4999999403953551
0.4999999403953551
0.499999850988388
0.4999999403953551
0.4267766773700713
0.4999999105930328
0.4633881151676177
0.4999999105930328
0.4999999403953551
0.4267765283584594
0.49999997019767756
0.4999999105930328
0.49999988079071034
0.4999999105930328
0.073223277926445
0.49999997019767756
0.49999988079071034
0.49999979138374323
0.4267766177654265
0.49999988079071034
0.4999999105930328
0.4999999105930328
0.49999988079071034
0.4999999403953551
0.49999988079071034
0.4999999403953551
0.2499999158613879
0.4999999105930328
0.4999999105930328
0.4267766177654265
0.3642766177654266
0.49999997019767756
0.4999999403953551
0.4999999403953551
0.4999999105930328
0.4999999403953551
0.49999988079071034
0.49999997019767756
0.24999997019767756
0.49999988079071034
0.49999988079071034
0.4999999403953551
0.4999999105930328
0.4999999999999999
0.4267766773700713
0.49999988079071034
0.499999850988388
0.49999982118606556
0.4999999999999999
0.49999997019767756
0.4999999403953551
0.4999999403953551
0.4267765879631042
0.4999999105930328
0.499999850988388
0.4999999403953551
0.4999999999999999
0.4999999403953551
0.4999999403953551
0.42677655816078175
0.49999997019767756
0.49999997019767756
0.49999997019767756
0.4999999403953551
0.49999988079071034
0.4999999105930328
0.4999999999999999
0.4999999403953551
0.4999999403953551
0.4999999105930328
0.4999999838205208
0.4999999403953551
0.4999999999999999
0.49999997019767756
0.49999982118606556
0.42677664756774897
0.499999850988388
0.49999988079071034
0.4999999403953551
0.499999850988388
0.4999999105930328
0.42677655816078175
0.4267765879631042
0.4999999403953551
0.49999979138374323
0.4999999105930328
0.49999988079071034
0.4999999403953551
0.499999850988388
0.499999850988388
0.499999850988388
0.4999999105930328
0.49999988079071034
0.49999997019767756
0.4999999105930328
0.4999999403953551
0.49999988079071034
0.49999997019767756
0.4999999403953551
0.4999999999999999
0.4999999403953551
0.4267766773700713
0.49999988079071034
0.4999999105930328
0.49999997019767756
0.49999982118606556
0.4999999105930328
0.49999979138374323
0.07322329282760619
0.4999999105930328
0.49999988079071034
0.4999999403953551
0.4999999105930328
0.4999999403953551
0.4999999403953551
0.49999982118606556
0.4999999403953551
0.4999999105930328
0.4267766773700713
0.4999999403953551
0.4999999403953551
0.4999999105930328
0.24999994039535517
0.4999999105930328
0.49999988079071034
0.4999999403953551
0.499999850988388
0.499999850988388
0.499999850988388
0.4999999105930328
0.4999999403953551
0.463388293981552
0.49999997019767756
0.499999850988388
0.49999980628490426
0.4999999403953551
0.49999982118606556
0.4999999105930328
0.49999997019767756
0.499999850988388
0.49999988079071034
0.4999999403953551
0.49999997019767756
0.49999997019767756
0.49999997019767756
0.4999999105930328
0.4267766177654265
0.49999997019767756
0.36427664756774897
0.49999997019767756
0.49999988079071034
0.4999999403953551
0.49999997019767756
0.4999999403953551
0.49999997019767756
0.49999979138374323
0.4999999403953551
0.4999999403953551
0.499999850988388
0.426776498556137
0.49999997019767756
0.49999997019767756
0.4999999403953551
0.4999999403953551
0.49999997019767756
0.499999850988388
0.4999999105930328
0.46338817477226246
0.4999999403953551
0.4999999105930328
0.23169406875967977
0.4999999403953551
0.49999997019767756
0.4999999403953551
0.4999999105930328
0.4999999403953551
0.4999999105930328
0.4267766177654265
0.4999999105930328
0.4999999105930328
0.4999999403953551
0.4999999403953551
0.4999999105930328
0.49999988079071034
0.499999850988388
0.499999850988388
0.49999988079071034
0.24999994297860928
0.49999988079071034
0.49999982118606556
0.42677664756774897
0.0
0.4999999105930328
0.4999999403953551
0.49999988079071034
0.4999999105930328
0.4999999403953551
0.4999999105930328
0.49999997019767756
0.4999999403953551
0.4999999403953551
0.499999701976776
0.49999988079071034
0.4999999403953551
0.4999999105930328
0.4999999403953551
0.49999988079071034
0.4999999403953551
0.4999999105930328
0.49999988079071034
0.6401648148894309
0.49999997019767756
0.49999988079071034
0.4999999403953551
0.4999999105930328
0.49999982118606556
0.4999999403953551
0.4999999105930328
0.499999701976776
0.49999988079071034
0.49999997019767756
0.4999999105930328
0.4999999403953551
0.4999999403953551
0.49999988079071034
0.4999999105930328
0.4999999105930328
0.49999988079071034
0.4999999403953551
0.499999850988388
0.24999990314245218
0.4999999105930328
0.4999999105930328
0.4999999105930328
0.49999997019767756
0.4999999105930328
0.4999999403953551
0.499999850988388
0.499999850988388
0.4999999403953551
0.4999999403953551
0.4999999403953551
0.4267766177654265
0.4999999105930328
0.49999997019767756
0.4999999403953551
0.4999999403953551
0.4267766773700713
0.49999988079071034
0.49999997019767756
0.499999701976776
0.14644658565521235
0.4999999999999999
0.49999987960969927
0.49999988079071034
0.4999999403953551
0.4999999403953551
0.499999850988388
0.4999999105930328
0.49999988079071034
0.49999979138374323
0.4999999105930328
0.4267766773700713
0.4999999105930328
0.4999999403953551
0.499999701976776
0.0
0.37499994877725834
0.49999988079071034
0.49999997019767756
0.4999999105930328
0.499999850988388
0.499999850988388
0.49999979138374323
0.2499999850988388
0.4999999403953551
0.4999999209590919
0.4999999105930328
0.49999988079071034
0.4267766177654265
0.4999999105930328
0.49999997019767756
0.499999850988388
0.4999999403953551
0.499999850988388
0.499999933511917
0.4999999105930328
0.32008236646652216
0.4999999105930328
0.4999999105930328
0.4999999999999999
0.4999999403953551
0.4999999403953551
0.4999999105930328
0.4999999105930328
0.374999850988388
0.4999999105930328
0.4999999105930328
0.4999999999999999
0.4999999105930328
0.4999999105930328
0.4999999403953551
0.4999999403953551
0.4999999105930328
0.49999988079071034
0.499999850988388
0.49999997019767756
0.3749999105930328
0.4999999105930328
0.4999999403953551
0.4999999999999999
0.4999999105930328
0.499999850988388
0.4999999403953551
0.4999999403953551
0.4999999105930328
0.4999999403953551
0.4999999105930328
0.4999999105930328
0.42677655816078175
0.4999999105930328
0.4999999403953551
0.4999999403953551
0.4999999105930328
0.4999999105930328
0.49999982118606556
0.4999999403953551
0.4999999105930328
0.49999988079071034
0.49999988079071034
0.499999850988388
0.4999999403953551
0.49999997019767756
0.4999999105930328
0.49999988079071034
0.4999999105930328
0.4999999403953551
0.499999850988388
0.4267766773700713
0.4999999403953551
0.4999999105930328
0.4999999403953551
0.2500000074505805
0.4267765879631042
0.0
0.4999999105930328
0.49999988079071034
0.4999999105930328
0.4999999105930328
0.4999999403953551
0.49999997019767756
0.4999999999999999
0.4999999105930328
0.49999997019767756
0.2499999552965164
0.49999997019767756
0.426776498556137
0.249999925494194
0.49999997019767756
0.49999997019767756
0.4999999403953551
0.4999999403953551
0.4999999105930328
0.4999999999999999
0.49999997019767756
0.49999988079071034
0.49999979138374323
0.49999988079071034
0.49999988079071034
0.4999999403953551
0.499999850988388
0.42677652892560136
0.499999850988388
0.4999999403953551
0.4999999403953551
0.4999999105930328
0.4999999403953551
0.49999988079071034
0.49999988079071034
0.4999999105930328
0.4999999105930328
0.499999850988388
0.4999999403953551
0.4999999403953551
0.4267765879631042
0.4267765879631042
0.4999999105930328
0.49999997019767756
0.4999999403953551
0.49999997019767756
0.2499999552965164
0.12499999999999994
0.49999997019767756
0.4999999105930328
0.4999999403953551
0.4999999999999999
0.4999999403953551
0.49999988079071034
0.4999997615814208
0.4999999105930328
0.4633882045745849
0.4999999403953551
0.4999999403953551
0.49999997019767756
0.49999988079071034
0.4999999105930328
0.4999999403953551
0.4999999403953551
0.4999999105930328
0.499999850988388
0.4999999403953551
0.4999999105930328
0.4999999403953551
0.4999999403953551
0.4999999403953551
0.4999999105930328
0.4999999403953551
0.4999999403953551
0.4267765879631042
0.4999999105930328
0.4999999105930328
0.49999988079071034
0.499999850988388
0.4999999105930328
0.49999997019767756
0.4999999403953551
0.49999997019767756
0.4267766177654265
0.42677664756774897
0.49999979138374323
0.499999850988388
0.4999999105930328
0.499999850988388
0.49999988079071034
0.49999988079071034
0.49999988079071034
0.4267766177654265
0.49999997019767756
0.4999999403953551
0.49999982118606556
0.4999999105930328
0.2499999552965164
0.4999999105930328
0.499999850988388
0.499999850988388
0.4999999105930328
0.49999979138374323
0.499999850988388
0.4999999403953551
0.4999999105930328
0.4999999105930328
0.4999999403953551
0.42677664756774897
0.4267766177654265
0.4999999403953551
0.49999988079071034
0.4999999403953551
0.4999999403953551
0.499999850988388
0.49999997019767756
0.4999999403953551
0.4267766177654265
0.4999999105930328
0.4999999105930328
0.4999999105930328
0.4999999105930328
0.4999999105930328
0.4999999403953551
0.49999988079071034
0.499999850988388
0.42677655816078175
0.4999999105930328
0.4999999105930328
0.49999988079071034
0.4999999105930328
0.4999998208283331
0.4999999403953551
0.4999999105930328
0.4999999105930328
0.42677664756774897
0.4999999403953551
0.4999999105930328
0.499999850988388
0.49999988079071034
0.4999999105930328
0.4999999403953551
0.49999982118606556
0.4999999403953551
0.4999999403953551
0.4999999105930328
0.49999988079071034
0.499999850988388
0.4999999105930328
0.4999999403953551
0.0
0.4999999403953551
0.49999988079071034
0.4999997615814208
0.4999999403953551
0.4999999105930328
0.49999979138374323
0.2499999552965164
0.49999982118606556
0.4999999403953551
0.4999997615814208
0.4999999999999999
0.3642765879631042
0.49999982118606556
0.010723293758928774
0.4999999403953551
0.4999999105930328
0.4999999403953551
0.49999988079071034
0.49999997019767756
0.49999982118606556
0.49999988079071034
0.4999999105930328
0.4999999999999999
0.4999999105930328
0.49999982118606556
0.4999997615814208
0.4999999105930328
0.49999988079071034
0.49999988079071034
0.4999999105930328
0.4999999403953551
0.49999988079071034
0.4267765879631042
0.4999999105930328
0.4999999105930328
0.49999988079071034
0.4999999403953551
0.499999850988388
0.4999999403953551
0.499999850988388
0.4999999403953551
0.49999988079071034
0.4999999105930328
0.4999999403953551
0.4999999105930328
0.4267765879631042
0.4999997615814208
0.4999999105930328
0.4267765879631042
0.4267766177654265
0.49999982118606556
0.4999999105930328
0.4999999105930328
0.4999999403953551
0.4999999105930328
0.4999999403953551
0.4999999403953551
0.4999999105930328
0.4999999403953551
0.4999999105930328
0.4999999403953551
0.4999999105930328
0.49999988079071034
0.49999997019767756
0.4999999403953551
0.49999979138374323
0.4999999403953551
0.3642765879631042
0.49999988079071034
0.4999999105930328
0.4999999105930328
0.4999999105930328
0.4999999105930328
0.4999999105930328
0.4999999105930328
0.4999999105930328
0.4267765879631042
0.4999999105930328
0.4999999999999999
0.4999999999999999
0.4999999105930328
0.49999982118606556
0.4999999105930328
0.4999999105930328
0.4999999105930328
0.4999999999999999
0.4267765879631042
0.4999999105930328
0.4999999105930328
0.4999999403953551
0.4999999403953551
0.49999988079071034
0.499999701976776
0.49999988079071034
