27
56
87
120
145
168
195
224
251
278
310
339
370
400
431
457
480
507
532
562
596
629
651
678
708
735
765
791
818
848
878
904
926
955
987
1021
1042
1066
1097
1126
1154
1176
1206
1241
1276
1299
1326
1358
1389
1413
1439
1466
1493
1517
1552
1587
1613
1642
1667
1697
1726
1757
1782
1811
1847
1880
1915
1946
1976
2010
2034
2067
2095
2123
2151
2187
2223
2252
2286
2310
2335
2357
2393
2423
2452
2482
2505
2541
2574
2603
2636
2666
2702
2732
2766
2795
2827
2864
2891
2921
2943
2977
3006
3037
3065
3095
3126
3153
3181
3212
3240
3272
3295
3326
3355
3381
3413
3446
3470
3493
3522
3555
3583
3612
3634
3661
3690
3713
3744
3774
3800
3824
3852
3875
3907
3937
3966
3994
4026
4061
4085
4111
4133
4167
4199
4227
4262
4296
4321
4347
4371
4399
4420
4447
4476
4498
4525
4560
4595
4625
4655
4684
4710
4732
4757
4789
4823
4854
4890
4925
4949
4976
5003
5039
5070
5100
5126
5149
5175
5207
5236
5265
5293
5330
5359
5390
5417
5441
5474
5505
5530
5558
5578
5609
5638
5667
5696
5723
5747
5776
5803
5838
5871
5903
5933
5957
5982
6009
6043
6080
6113
6145
6166
6197
6227
6255
6287
6319
6351
6386
6415
6446
6473
6498
6526
6555
6587
6611
6641
6665
6696
6724
6752
6786
6813
6843
6872
6898
6922
6944
6974
7007
7033
7062
7094
7117
7149
7176
7205
7231
7260
7284
7314
7341
7370
7406
7443
7475
7499
7527
7561
7585
7613
7639
7672
7697
7722
7745
7777
7804
7834
7867
7897
7927
7951
7981
8010
8042
8070
8098
8133
8157
8191
8219
8246
8273
8304
8339
8366
8397
8424
8447
8479
8505
8539
8562
8588
8616
8644
8675
8703
8727
8754
8789
8814
8841
8870
8895
8919
8950
8977
9011
9036
9062
9087
9114
9136
9157
9182
9206
9232
9255
9278
9306
9335
9365
9385
9409
9437
9469
9496
9523
9553
9584
9614
9647
9678
9701
9725
9758
9784
9810
9836
9861
9884
9908
9931
9964
9992
10016
10046
10083
10112
10135
10160
10187
10215
10244
10271
10298
10326
10353
10378
10399
10429
10456
10493
10520
10549
10578
10609
10638
10668
10693
10719
10749
10776
10808
10830
10859
10888
10911
10943
10972
11006
11033
11062
11088
11120
11144
11175
11202
11241
11263
11290
11315
11344
11377
11398
11427
11451
11475
11495
11518
11539
11566
11591
11620
11646
11666
11692
11712
11739
11765
11799
11826
11848
11870
11900
11930
11952
11982
12017
12048
12082
12111
12141
12165
12198
12226
12251
12278
12316
12346
12365
12390
12415
12438
12461
12486
12509
12536
12560
12587
12615
12642
12670
12699
12721
12749
12775
12796
12823
12844
12876
12898
12923
12951
12972
12990
13017
13041
13069
13089
13112
13137
13165
13190
13213
13238
13265
13293
13322
13345
13372
13399
13428
13453
13474
13506
13531
13554
13583
13612
13641
13667
13699
13727
13759
13781
13808
13839
13862
13885
13914
13942
13966
13992
14016
14049
14077
14101
14131
14151
14174
14198
14230
14256
14278
14302
14327
14356
14382
14407
14437
14460
14485
14518
14543
14568
14596
14629
14654
14678
14700
14721
14751
14780
14803
14821
14844
14865
14887
14915
14943
14971
14993
15015
15038
15063
15090
15110
15139
15165
15193
15217
15239
15263
15294
15319
15344
15370
15397
15432
15460
15482
15510
15535
15567
15591
15617
15641
15663
15684
15713
15735
15767
15797
15824
15846
15872
15902
15936
15961
15986
16010
16034
16061
16091
16110
16134
16159
16180
16205
16239
16266
16291
16313
16342
16366
16391
16420
16442
16473
16505
16529
16551
16572
16592
16615
16646
16673
16701
16722
16749
16776
16799
16823
16851
16874
16904
16927
16953
16972
16999
17023
17055
17079
17097
17123
17151
17179
17202
17222
17250
17278
17302
17322
17345
17366
17387
17415
17442
17469
17498
17531
17559
17585
17609
17642
17668
17693
17720
17745
17773
17801
17823
17850
17870
17894
17918
17948
17970
17998
18022
18042
18064
18087
18115
18138
18161
18184
18208
18232
18258
18284
18307
18327
18349
18378
18405
18426
18448
18474
18497
18519
18542
18573
18600
18622
18652
18673
18699
18721
18739
18763
18785
18810
18836
18863
18887
18907
18930
18957
18980
19001
19024
19044
19067
19096
19118
19144
19169
19188
19216
19240
19260
19286
19310
19333
19354
19381
19409
19431
19463
19488
19513
19536
19555
19581
19602
19626
19647
19674
19699
19731
19754
19775
19799
19825
19853
19885
19909
19931
19954
19979
20005
20027
20055
20074
20096
20124
20146
20176
20194
20217
20242
20261
20283
20303
20324
20347
20370
20397
20426
20453
20474
20496
20521
20548
20569
20592
20622
20648
20676
20700
20723
20747
20768
20792
20812
20838
20856
20877
20909
20938
20965
20984
21014
21041
21063
21084
21105
21130
21157
21177
21201
21219
21242
21266
21287
21312
21337
21365
21391
21419
21442
21467
21489
21516
21537
21562
21584
21609
21629
21651
21673
21694
21719
21740
21768
21790
21811
21838
21860
21880
21905
21939
21966
21986
22008
22030
22051
22077
22101
22128
22154
22176
22200
22227
22251
22275
22298
22323
22351
22373
22391
22409
22433
22455
22481
22503
22525
22550
22575
22604
22629
22655
22679
22700
22720
22744
22765
22786
22805
22831
22858
22879
22899
22923
22946
22972
22995
23017
23040
23064
23084
23103
23122
23145
23169
23191
23218
23242
23266
23285
23309
23332
23359
23383
23401
23429
23451
23478
23504
23522
23542
23566
23587
23613
23631
23653
23671
23696
23716
23742
23766
23786
23811
23831
23856
23884
23902
23925
23956
23982
24004
24025
24050
24071
24092
24117
24144
24166
24190
24208
24231
24256
24275
24297
24321
24342
24368
24391
24414
24435
24457
24478
24508
24531
24556
24578
24603
24629
24648
24670
24693
24710
24730
24753
24769
24788
24806
24824
24846
24870
24887
24905
24928
24954
24976
24997
25021
25041
25063
25087
25114
25139
25160
25189
25210
25228
25251
25270
25291
25320
25342
25361
25384
25410
25436
25456
25478
25504
25526
25544
25567
25591
25610
25630
25652
25676
25699
25717
25736
25759
25782
25802
25827
25845
25865
25888
25909
25931
25950
25970
25991
26012
26037
26058
26085
26107
26127
26149
26168
26191
26217
26242
26264
26295
26319
26343
26367
26385
26407
26433
26460
26480
26498
26519
26541
26562
26581
26603
26623
26642
26661
26680
26700
26723
26746
26766
26792
26813
26833
26856
26879
26899
26925
26947
26973
26991
27010
27031
27048
27068
27091
27106
27125
27149
27171
27192
27212
27230
27248
27271
27293
27312
27333
27356
27383
27398
27419
27434
27461
27489
27508
27533
27549
27569
27588
27611
27632
27656
27681
27701
27721
27744
27766
27784
27803
27819
27838
27859
27882
27904
27922
27948
27969
27987
28006
28034
28054
28072
28093
28112
28137
28157
28177
28196
28216
28244
28266
28291
28309
28325
28346
28369
28390
28415
28433
28457
28484
28503
28522
28543
28564
28585
28608
28628
28654
28679
28696
28714
28736
28757
28774
28796
28823
28841
28860
28877
28894
28922
28938
28960
28979
29000
29025
29043
29063
29080
29099
29119
29142
29163
29185
29208
29232
29252
29269
29290
29313
29333
29354
29372
29391
29414
29435
29453
29473
29491
29513
29535
29551
29567
29588
29606
29625
29643
29660
29679
29696
29716
29734
29755
29773
29795
29811
29830
29853
29880
29896
29924
29948
29969
29993
30013
30035
30056
30077
30094
30113
30132
30151
30172
30194
30214
30235
30257
30277
30293
30315
30341
30359
30379
30398
30420
30439
30463
30486
30505
30525
30547
30564
30584
30608
30630
30650
30670
30691
30709
30729
30749
30766
30786
30803
30825
30844
30865
30883
30902
30921
30945
30967
30988
31011
31030
31046
31065
31082
31100
31118
31139
31154
31173
31193
31210
31232
31251
31268
31288
31309
31326
31346
31363
31379
31395
31413
31436
31455
31470
31489
31505
31523
31541
31556
31577
31593
31609
31627
31645
31662
31683
31699
31720
31743
31764
31782
31800
31821
31841
31863
31885
31907
31928
31949
31969
31986
32010
32031
32048
32067
32089
32107
32125
32147
32162
32181
32203
32225
32241
32262
32282
32303
32323
32342
32359
32377
32397
32415
32433
32457
32476
32491
32509
32528
32543
32564
32587
32607
32625
32645
32665
32685
32705
32724
32745
32767
32786
32804
32823
32845
32863
32881
32902
32923
32941
32965
32983
33003
33025
33043
33059
33078
33096
33115
33132
33151
33173
33197
33213
33229
33244
33264
33281
33298
33314
33337
33352
33369
33389
33408
33426
33448
33472
33489
33504
33524
33540
33558
33576
33595
33612
33631
33651
33669
33688
33706
33724
33742
33764
33782
33800
33816
33837
33859
33876
33893
33911
33927
33943
33962
33985
34003
34024
34040
34060
34079
34095
34113
34133
34154
34170
34191
34210
34227
34248
34269
34288
34308
34332
34350
34367
34390
34415
34431
34448
34467
34484
34501
34520
34539
34560
34577
34596
34613
34633
34652
34668
34685
34705
34725
34741
34759
34777
34793
34814
34831
34849
34865
34886
34905
34924
34942
34961
34977
34993
35011
35030
35053
35075
35093
35110
35127
35145
35162
35179
35196
35215
35237
35255
35272
35290
35312
35328
35346
35362
35384
35403
35423
35443
35461
35478
35497
35513
35529
35550
35566
35582
35601
35618
35635
35657
35673
35691
35710
35728
35746
35768
35785
35803
35823
35842
35861
35882
35898
35914
35931
35949
35968
35985
36004
36020
36040
36057
36074
36092
36113
36131
36150
36170
36188
36205
36223
36242
36260
36278
36297
36314
36334
36354
36372
36390
36409
36431
36449
36465
36483
36506
36521
36540
36559
36577
36595
36612
36633
36652
36671
36687
36707
36726
36745
36763
36779
36798
36817
36834
36851
36870
36889
36909
36930
36948
36966
36985
37006
37021
37045
37060
37082
37101
37117
37136
37155
37175
37197
37213
37230
37249
37267
37283
37301
37319
37334
37352
37369
37389
37409
37426
37443
37462
37477
37498
37514
37531
37548
37571
37593
37611
37628
37645
37662
37679
37696
37713
37730
37748
37765
37780
37799
37816
37833
37849
37866
37885
37900
37916
37934
37950
37967
37982
38001
38018
38036
38053
38071
38091
38107
38123
38139
38155
38173
38194
38215
38233
38250
38270
38289
38305
38323
38344
38365
38382
38404
38421
38438
38455
38473
38491
38507
38526
38543
38562
38581
38599
38616
38634
38649
38668
38689
38714
38734
38750
38772
38791
38809
38825
38843
38862
38878
38894
38910
38927
38944
38959
38978
38993
39014
39032
39051
39069
39087
39104
39119
39134
39152
39171
39190
39209
39226
39241
39257
39275
39292
39307
39326
39349
39368
39389
39405
39422
39438
39456
39472
39492
39510
39527
39546
39565
39581
39597
39614
39629
39645
39663
39680
39699
39715
39734
39753
39772
39790
39809
39824
39844
39862
39877
39893
39912
39929
39949
39965
39982
39997
40015
40031
40049
40068
40085
40101
40116
40138
40156
40172
40188
40205
40221
40236
40252
40269
40288
40304
40322
40338
40357
40375
40395
40413
40430
40446
40465
40481
40498
40514
40531
40548
40565
40583
40601
40617
40633
40652
40668
40686
40704
40719
40735
40754
40770
40785
40804
40823
40842
40864
40881
40899
40915
40932
40951
40967
40983
41000
41016
41033
41051
41073
41091
41107
41125
41145
41162
41182
41200
41215
41232
41249
41265
41280
41295
41311
41327
41347
41365
41383
41399
41417
41433
41451
41466
41481
41499
41515
41533
41551
41568
41584
41604
41621
41637
41653
41669
41685
41701
41717
41733
41752
41769
41785
41800
41817
41836
41852
41869
41887
41907
41927
41944
41962
41980
42000
42015
42032
42048
42066
42084
42100
42116
42134
42154
42170
42186
42205
42220
42236
42253
42270
42289
42305
42324
42345
42361
42378
42397
42415
42433
42453
42474
42489
42506
42523
42542
42561
42577
42594
42609
42626
42643
42660
42679
42698
42714
42730
42746
42763
42779
42795
42811
42831
42850
42868
42885
42901
42917
42935
42952
42969
42985
43006
43021
43036
43051
43069
43088
43104
43122
43138
43156
43174
43192
43207
43224
43244
43259
43275
43291
43307
43324
43342
43357
43374
43390
43405
43422
43441
43457
43472
43491
43509
43524
43539
43556
43573
43589
43607
43623
43639
43655
43671
43687
43704
43723
43739
43757
43774
43790
43808
43825
43846
43865
43880
43895
43912
43927
43943
43960
43976
43993
44012
44030
44045
44063
44081
44098
44115
44134
44150
44169
44187
44204
44221
44237
44256
44272
44287
44305
44320
44337
44354
44370
44389
44407
44428
44444
44460
44476
44496
44513
44529
44546
44565
44583
44599
44616
44634
44651
44667
44684
44701
44718
44735
44751
44767
44784
44800
44818
44834
44850
44866
44883
44904
44921
44937
44953
44974
44989
45005
45021
45040
45058
45076
45092
45108
45127
45142
45157
45175
45193
45212
45227
45244
45260
45278
45295
45310
45328
45345
45361
45378
45394
45410
45428
45445
45463
45482
45498
45515
45530
45547
45564
45583
45599
45616
45633
45649
45669
45685
45702
45717
45734
45752
45769
45785
45803
45818
45836
45852
45870
45886
45903
45919
45936
45952
45969
45986
46002
46020
46035
46051
46067
46085
46102
46117
46134
46150
46167
46183
46198
46216
46231
46248
46269
46287
46303
46319
46337
46352
46368
46385
46403
46419
46434
46451
46470
46485
46503
46518
46535
46550
46569
46584
46600
46617
46632
46649
46665
46684
46702
46717
46734
46750
46767
46784
46801
46816
46833
46849
46866
46883
46899
46917
46933
46952
46968
46985
47001
47020
47037
47052
47068
47086
47103
47121
47136
47151
47168
47184
47201
47220
47238
47254
47271
47287
47303
47321
47337
47353
47369
47386
47403
47418
47433
47449
47464
47481
47496
47513
47529
47547
47566
47581
47598
47614
47630
47645
47660
47676
47691
47708
47725
47741
47757
47774
47790
47805
47822
47839
47854
47870
47885
47903
47922
47941
47959
47975
47992
48008
48025
48043
48061
48079
48099
48114
48130
48147
48162
48179
48195
48213
48228
48247
48262
48277
48295
48315
48331
48346
48363
48379
48397
48413
48429
48444
48462
48478
48494
48511
48529
48545
48562
48577
48592
48608
48623
48639
48655
48670
48686
48702
48718
48735
48752
48769
48786
48803
48820
48835
48851
48868
48884
48899
48914
48930
48946
48963
48979
48995
49011
49026
49042
49060
49075
49090
49105
49120
49135
49151
49168
49183
49200
49216
49231
49246
49262
49281
49296
49312
49327
49342
49357
49373
49388
49403
49420
49437
49452
49470
49487
49503
49521
49537
49552
49571
49586
49604
49620
49635
49650
49666
49681
49697
49713
49731
49747
49762
49777
49793
49809
49826
49843
49859
49874
49889
49904
49921
49937
49953
49969
49984
50002
50019
50034
50049
50066
50085
50104
50120
50138
50155
50170
50186
50201
50218
50234
50251
50266
50283
50299
50317
50333
50349
50367
50382
50397
50412
50427
50444
50462
50477
50493
50508
50525
50541
50556
50573
50590
50607
50622
50637
50653
50668
50684
50702
50718
50734
50751
50767
50784
50800
50816
50832
50851
50867
50883
50900
50915
50933
50948
50963
50978
50994
51009
51024
51040
51055
51072
51088
51104
51121
51137
51153
51169
51186
51201
51216
51234
51250
51268
51284
51299
51316
51331
51348
51366
51381
51398
51416
51431
51447
51464
51479
51497
51512
51528
51543
51559
51574
51589
51605
51622
51637
51654
51671
51689
51704
51720
51735
51751
51767
51783
51800
51818
51833
51850
51866
51881
51897
51913
51929
51946
51961
51976
51992
52010
52026
52042
52058
52073
52089
52106
52122
52137
52154
52170
52185
52200
52216
52231
52248
52263
52279
52294
52310
52325
52341
52360
52376
52392
52409
52425
52440
52455
52470
52485
52501
52518
52535
52553
52571
52586
52605
52621
52637
52652
52667
52684
52700
52716
52733
52749
52764
52780
52797
52815
52831
52847
52863
52878
52894
52911
52927
52943
52958
52975
52990
53005
53022
53037
53052
53067
53082
53098
53115
53131
53151
53166
53181
53196
53212
53228
53245
53260
53276
53294
53309
53328
53344
53360
53378
53395
53410
53427
53443
53458
53474
53491
53507
53522
53537
53554
53570
53585
53602
53619
53637
53653
53668
53685
53702
53719
53736
53752
53768
53783
53799
53815
53832
53849
53864
53880
53896
53914
53930
53946
53965
53981
53998
54015
54033
54048
54064
54080
54095
54112
54129
54144
54161
54177
54192
54209
54224
54239
54257
54274
54290
54306
54322
54337
54355
54371
54386
54401
54417
54432
54447
54462
54478
54494
54512
54528
54544
54560
54578
54593
54610
54626
54641
54656
54671
54689
54704
54719
54734
54750
54766
54782
54798
54813
54829
54848
54863
54880
54895
54910
54926
54943
54958
54974
54991
55008
55023
55041
55057
55074
55092
55110
55126
55142
55159
55175
55192
55209
55225
55240
55255
55271
55289
55306
55321
55336
55352
55367
55382
55398
55415
55431
55450
55465
55480
55496
55512
55529
55546
55563
55580
55595
55611
55627
55643
55658
55673
55689
55704
55721
55737
55752
55768
55784
55799
55814
55832
55848
55863
55879
55895
55911
55926
55942
55958
55974
55990
56005
56021
56038
56053
56068
56087
56103
56120
56135
56150
56167
56182
56198
56214
56230
56246
56261
56278
56296
56311
56327
56342
56359
56374
56390
56408
56425
56441
56458
56474
56489
56506
56524
56539
56554
56569
56586
56602
56617
56633
56648
56664
56680
56695
56711
56727
56744
56760
56777
56792
56808
56824
56840
56856
56871
56889
56906
56922
56942
56957
56973
56989
57004
57019
57036
57053
57068
57084
57100
57115
57131
57147
57163
57178
57195
57210
57229
57245
57262
57279
57294
57312
57327
57342
57357
57372
57387
57403
57419
57435
57452
57467
57482
57499
57514
57530
57545
57561
57576
57591
57610
57625
57641
57656
57671
57687
57703
57720
57736
57751
57766
57782
57797
57813
57829
57845
57860
57878
57895
57910
57925
57943
57959
57974
57991
58006
58021
58037
58054
58069
58085
58102
58117
58133
58150
58166
58181
58200
58215
58233
58249
58266
58282
58299
58316
58333
58349
58364
58384
58401
58417
58434
58450
58465
58481
58497
58513
58531
58548
58563
58578
58595
58610
58627
58642
58657
58675
58691
58706
58721
58738
58754
58771
58788
58806
58822
58838
58855
58871
58886
58901
58917
58933
58949
58965
58980
58996
59011
59026
59042
59058
59075
59092
59107
59124
59142
59160
59176
59191
59207
59223
59239
59255
59270
59286
59302
59319
59336
59352
59367
59384
59400
59415
59430
59445
59462
59479
59495
59511
59527
59543
59558
59574
59590
59606
59622
59638
59653
59669
59686
59702
59718
59733
59749
59764
59780
59795
59811
59827
59844
59861
59878
59893
59910
59926
59942
59957
59973
59988
60004
60019
60036
60055
60071
60087
60103
60118
60135
60150
60165
60181
60196
60213
60228
60244
60259
60275
60291
60308
60323
60340
60355
60372
60387
60403
60418
60434
60449
60465
60481
60496
60511
60527
60544
60560
60578
60593
60610
60628
60644
60660
60677
60692
60709
60726
60741
60757
60772
60788
60804
60820
60836
60851
60866
60881
60898
60914
60930
60946
60962
60978
60994
61009
61026
61041
61057
61073
61089
61106
61123
61139
61154
61170
61185
61200
61215
61233
61249
61265
61281
61299
61315
61330
61346
61361
61376
61391
61406
61422
61437
