0.1562499105930328
0.10669404268264769
0.2133880984038114
0.09374990500509736
0.10669409483671186
0.06250000372529028
0.36427645385265345
0.10669407248497007
0.1433056965470314
0.12499992456287144
0.12499985262505645
0.30713807418942446
0.15546460822224617
0.24329765513539311
0.24463817663490772
0.04687496833503245
0.18749988079071042
-1.490116119396517e-08
0.0
0.0053616203367710235
0.1433056952299425
0.21338813100010154
0.18749988079071042
0.24999978393316263
0.062499920066048535
0.2850410416722297
0.1433056332170963
0.0716528296470642
0.01562495902180671
0.09374992270022629
0.12499987721803762
0.3200822621583938
0.13572321645915503
0.09374991431832312
0.28504100069403643
0.031249955296516415
0.2667352184653282
-7.450580606795661e-09
0.18442647904157633
0.33570714294910425
0.0533470483496785
0.01830580923706293
0.06249994039535521
0.005361644551157952
0.010723296552896507
0.06249996036726535
0.21338815893977875
0.01608494133688509
0.7129279673099518
9.3132257486815e-09
0.2446381067857146
0.03124997345730662
0.06518077291548251
2.8512137095759722e-09
0.24988470971584315
0.0366116240620613
0.018305814359337088
0.22901312634348864
0.10669409111142157
0.1874998230487108
0.018305810168385502
0.106694096699357
0.005361620336771015
0.2133880667388439
0.24463795125484464
0.3749996125698089
0.09152900986373422
0.07054244726896285
0.19665272813290352
0.32008218765258784
0.23169399797916407
0.07054243329912423
0.04576455056667328
0.031249970197677595
0.22901316732168195
0.2149585280567407
0.0716528668999672
0.0930221565067768
0.23662920668721193
0.0366116277873516
0.010493300855159766
0.18749986402690405
0.06518067978322505
0.10669407248497008
0.37499965913593764
0.08917346782982348
0.062499944120645516
0.12499984935171592
0.12499988451600072
0.03661162406206131
0.2133882316401854
0.10669405898079275
0.05491740923137422
0.21338817477226255
0.21338812960311768
0.23169399797916407
0.3955262564122677
0.1646174103952944
0.036611628931354716
0.009938095696270464
0.24999981890199446
0.21338812261819837
0.10669402219355105
0.022882261779159304
0.24463806301355356
0.018305819481611255
0.18347854539752
0.0183058176189661
-1.0979658241239028e-09
0.10826443880796431
0.14330571399818234
0.08995862770825623
0.22254106402397153
0.06249993946403264
0.05334704183042049
0.2602631421759724
0.01830581203103065
0.031249985098838792
0.23169405944645402
0.009152894839644429
0.12499983587893124
0.06249994039535522
0.06249994970858096
0.09374994784593581
0.0366116277873516
0.13493801280856127
0.04497934132814407
0.0183058213442564
0.05223658867180346
0.0678615979850292
0.036611622199416154
0.1433057356625795
0.01830580767357359
0.3642764091491698
0.0632851580157876
0.15624980255961418
0.036611622199416154
0.018305814824998375
0.018305825069546703
0.2732072621583938
0.0107232931798788
0.10669409111142157
0.015624983236193655
0.24999977516549338
0.036611601710319505
0.12231904361397028
0.031250010244548314
0.291513130068779
0.03661162033677101
0.06786159053444862
0.0366116112495205
0.062499932944774614
0.1562499105930328
0.05491742119193076
0.2683056462556123
0.26673524081706995
0.02098662871867418
0.17327271215617654
0.015624996274709696
0.07622930407524106
0.05491742631420492
0.005361661287548446
0.46070716530084604
0.053347042761743055
0.21338823251426217
0.03661160077899694
0.04576450586318969
0.009152915328741072
0.03124999627470971
0.08002052176743744
0.027458705008029924
0.15356901194900272
0.23169398540630934
0.10179234576180794
0.13336759619414804
0.24463814124464983
0.009152922377161142
0.0366116389632225
0.14330568537116048
0.015624971129000183
0.06249996168031206
0.3200823045956061
0.21495860069990153
0.07165278471074998
0.027458714786916968
0.12499988824129102
0.031249983236193653
0.106694096699357
0.18749979510903353
0.21606896817684168
0.2316940128803253
0.33436682075262064
0.14330573379993436
0.21338815987110132
0.0060318543110042784
0.06518077373381681
0.1874998807907104
0.12499989305769364
0.2499997829445941
0.17834698781371114
0.12499988824129102
0.05792349204421042
0.033930774778127656
0.12657027691602704
0.013729357382146463
0.14330576732754705
0.06249994225800036
0.21338822692632672
0.05491732805967331
0.018305789679288864
0.004021245404146612
0.06249991245567796
0.3642764911055564
0.21338809654116625
0.01585499197244644
0.20502053201198575
0.15624986216425893
1.2637790258729351e-09
0.10669403709471223
0.02288229018449783
0.5533465445041656
0.062499955296516405
0.2667352356947958
0.02098664268851279
-1.862645149245646e-09
0.06249994784593582
0.14788214676082131
0.24463822133839125
0.022882282733917247
0.09832637989893554
0.026348275598138564
0.12499988329251453
0.03124996274709701
0.036611620336771004
0.2225410938262939
0.19665275514125818
0.14330572262406346
0.3200822044163942
0.01830583531409502
0.4267764799296856
0.1874997969716787
0.041973277926445
0.17834694357588887
0.0457645202986896
0.23169391788542268
0.12499994784593581
0.16004108404740688
0.06249993667006491
0.036611615320836004
0.11127053201198575
0.046874982246663414
0.10669411160051821
0.09374992549419402
0.23169396817684168
0.0015703989192843474
0.12499980694705035
0.010493310168385504
0.0
0.02634828393715582
0.11584696918725965
0.06746897473931311
0.11584693659096953
0.09643071144819258
0.11584695335477588
0.24999976561364579
0.2225410602986812
0.036611612886190414
0.12499991059303281
0.1433056648820638
0.3642764687538146
0.00915290245001432
0.19665268063545224
0.031249973922967918
0.14252052828669545
0.013729332014918324
0.22901304066181177
0.10669407993555066
0.14330568909645078
0.49440786242485035
0.24999976015580513
0.004576423271781981
0.003140780143439769
0.05491742119193076
0.24463811330497262
0.3642764035612344
0.2968748435378074
0.08995860815048215
0.05089616682380437
0.009152897527972324
0.38715846091508854
0.23035348579287523
0.008042473345994948
0.07812494483928989
0.21338821435347194
0.054917395114898696
0.07322326093666197
0.06249999345332568
0.24999970756471152
0.12768067605793473
0.1459865574724972
0.10179237276315689
0.15624985471367833
0.018305808305740367
0.09374992549419403
0.17377045378088948
0.03661160916090011
0.3292351737618446
0.09374993946403264
0.17377048917114732
0.03582640551030635
0.031249963817589828
0.20312475319951767
0.09374991245567797
0.2667352482676506
0.1874998472630977
0.09374992083758116
0.10669409856200217
0.031249977648258202
0.426776498556137
0.018305812729522582
0.09374990686774252
0.031249977648258202
0.06786159239709376
0.12499991059303281
0.0312499813735485
0.15356905199587342
0.4999997615814208
0.21338820457458493
3.725290298491292e-09
0.007812489233298691
-2.171897883970795e-25
0.18749982118606565
0.04576449235901235
0.10669403677513564
0.1707644052803516
0.04687493480741977
0.0266735078766942
-1.008055638962446e-09
0.07812493480741976
0.08002053014934062
0.7285529077053069
0.06249995157122611
0.23169399937614793
0.0964307617396116
0.062499962747097
0.18749988824129105
0.09374996395597213
1.2779804436924278e-09
0.18749987520277495
0.0366116426885128
0.13036151975393293
0.06328511238098145
0.0
0.041973271872848265
-4.646915741091106e-09
0.016965444432571527
0.44753302633762354
0.013336729258298867
0.2133882194757461
0.12499988079071042
0.03661161847412586
0.187499844549027
0.320082277059555
0.12499990873038766
0.2133880704641342
0.03661162066319389
0.062499918043613434
0.09374989755451678
0.019876186735928055
1.8626436504298734e-09
0.03661163710057735
0.01830581948161125
0.018305803041100074
4.496821401500137e-09
0.01830581061723979
0.2446381412446499
0.05491744726896287
0.0716528296470642
0.13036156166344878
0.36695722490549076
0.2149585178121924
0.10669411718845366
0.17377045005559918
0.37990131694823503
0.1066940277814865
0.36427637675584096
0.12499990325694418
0.06249996460974215
0.19776314729824657
0.0
0.018305817618966103
0.10669406503438947
0.18213808909058568
0.10983489453792569
0.05334702879190444
0.36427644640207285
0.20881166681647295
0.13660364458337426
0.14330576360225675
0.03661161288619387
0.07812495855614542
0.0624999813735485
0.10669407993555068
0.18749986961483953
0.0
-1.1175870890567337e-08
0.0026808176189661013
0.037396820378489785
0.09374990686774251
0.0624999701976776
0.32008227519690985
0.12499992148533279
0.40624962747097015
0.18213821947574613
0.07165282219648361
0.266735129058361
0.03661162033677101
0.3071381337940692
0.06786158774048089
0.4111512722447514
0.07322326100284891
0.24006161279976365
0.1158468968888453
0.09374986963256624
0.26673507974674754
0.12499995326213353
0.09374989569187163
0.12499990159938656
0.24463813006877894
0.10669409111142157
0.027458743192255494
0.058651179075241096
0.027458719327114516
0.06249994179233907
0.03124996274709701
-1.8626451467923769e-09
0.1874999031424522
0.0366116389632225
0.3200823068618774
0.18749980628490442
0.18749984912574288
0.0522366128861904
0.035826428793370724
0.14330574497580525
0.24463815987110135
0.04497934132814407
0.0015703835524618632
0.21338820457458493
0.10669409483671186
0.1017924156039953
0.06249999999999999
0.24999991059303278
0.24463817104697222
0.0
0.06249991800103415
3.4417191319136005e-09
0.09643069049343465
0.0312499962747097
0.21338827475248417
0.010723300278186795
0.018305830657482137
0.3955264091491699
0.21338822692632672
0.06249999441206454
0.1829233784228563
0.1874998770654201
0.4267764389514922
0.0366116315126419
0.062499978484457756
0.031249984633177512
0.06249995063990354
4.470348360152166e-08
0.021446589380502697
0.1249999403953552
0.11071532033383845
0.12499992563598003
0.24463808164000508
0.19743798347190017
0.03582644492687936
0.016965385526418686
0.1366036422550678
0.143305734032765
0.21338816184823803
0.5464145690202713
0.05413222602267269
0.10669409157708284
0.4359290748834609
0.015624996274709695
0.1066940650343895
-3.4417185768020886e-09
0.23169397562742228
0.3021690398454666
0.37990149855613703
2.851213309895683e-08
0.280464420095086
0.10669407155364749
0.21338823251426214
0.062499999999999986
0.12499998882412908
0.2810197547078132
0.21338814496994013
0.1874998162599832
0.13872928253840652
0.320082314312458
0.1874998658895492
0.01830580819138383
0.18749973294568173
0.21338816732168192
0.16004116088151932
0.3642764762043952
0.4176234304904937
0.10447320342063901
0.2133882027119398
0.018305808305740356
0.0716528408229351
0.3642763867974281
0.14843738079071042
0.09106905932164766
0.0
0.031249965075403445
0.4267763048410415
0.22254099138081068
0.18749987849299193
0.09374991478398441
0.32008239999413485
0.12499993667006645
0.01222632452845572
0.14330574256760384
0.12499996833503244
0.21338830888271332
0.06249994784593582
0.0468749850988388
0.12499990649966
0.12499985635392805
0.12231901194900273
0.12499989662319419
0.0
0.46070728078484524
0.18749989010393617
0.06786160555202514
0.03661160217598058
3.725290298491292e-09
0.11517678201198578
0.11584700271487233
0.2225410714745521
0.0
0.0
0.18749989569187164
0.10669404454529283
0.0
0.010723300278186798
0.2316939495503902
0.18749982863664624
0.002680832054466008
0.28393058059737086
0.018305823206901543
0.2446380760520696
0.019876194186508652
0.16004112749789454
0.2915130979381501
0.106694096699357
0.130361532792449
2.8512137095759722e-09
0.09374997392296788
0.05334705114364621
0.21338824369013307
0.09374986978834385
0.1249998982022684
0.054917449131607995
0.018305819481611266
0.249999925494194
0.10669412650167939
0.009152918122708797
0.10669411346316338
0.06249993853271006
0.06249996460974215
0.214958575611438
0.2621586844325065
0.018305838108062734
3.441719353958205e-09
0.2133882343769073
1.490115381086454e-08
0.1433057691901922
0.32008225098252285
0.04576451331377029
0.2667351653799414
0.018305815038645697
0.0183058362454176
0.16004110127687451
0.2133881896734237
0.21338814869523043
0.03661163151264189
0.0366116389632225
0.018305809702724215
0.04687493667006492
0.10669409483671186
0.2133882492780685
0.1249999292194843
0.03661162778735161
0.23169402033090586
0.005361653864383691
0.035826429259032004
0.21338818967342374
0.1874998976254095
0.0
0.18749980283977763
0.10447326302528379
0.0732232704758644
0.09374989569187162
0.0
0.18749981461083903
0.2133881896734237
0.42677633464336384
0.2499999552965164
0.3749996908009051
0.249999850988388
0.265624753369047
0.0366116240620613
0.4267765767872333
0.048215374350547784
0.005361633744685567
0.041973277926445
0.0937499701976776
0.016084947856143113
0.11127052456140515
0.09374992735683915
0.009152892976999283
0.010723298415541647
0.05491748079657555
0.018305812031030655
0.018305826466530558
0.045764517039060607
0.00457644579000771
0.21338816141416747
0.2031248416751623
0.16004111617803568
0.42677631974220265
0.0366116277873516
0.062499944120645516
0.03661161256604827
0.06249993108212948
0.14330567140132186
0.06249996274709701
0.28504104353487486
0.3749996758997439
0.3642765283584594
0.018305814824998375
0.3044572481885552
0.03661164455115794
0.21338823251426217
0.1935793424490839
0.24999977648258204
0.0
0.18749981767735666
0.10669408086687324
0.2149586137384176
0.1249999478459358
0.062499960884451866
0.2133882194757461
0.13036158587783572
0.12499997019767758
0.12499993294477461
0.041973279789090163
0.1066941116005182
0.018305804580450055
0.12499991030946188
0.018305819481611245
0.2850410863757133
0.08995867054909466
0.07165284920483825
0.21338820457458493
0.03661160264164209
0.2133882194757461
0.06786160264164207
0.12499991695250157
0.031249986961483952
0.06518078967928885
0.18481902778148646
0.36427628993988026
0.2133881533518433
0.17187487147748468
0.09374993294477461
0.0732232630252838
0.07165289530530569
0.12499993294477461
0.062499949708580964
0.1066941004246473
0.0624999888241291
0.018305812962353223
0.018305815756320946
0.06249997019767778
0.11584702692925927
0.36427646728506624
0.0
0.08482699282467365
0.0937499292194843
0.21338830236345527
0.18749992176890373
0.21338818967342374
0.15624989755451676
0.0937499441206455
0.02745873946696519
0.12499991618096827
0.10983487591147423
0.0366116538643837
0.06384037621319293
0.37499975785613054
0.0732232630252838
0.0533470599912107
0.03124998882412911
0.3955264538526534
0.0678615914657712
0.05491745844483375
0.2133882641792297
0.031249973922967904
0.09374989708885548
0.3071381719782948
0.0678615691140294
0.10669412463903424
0.1249999217689037
0.18749988079071042
0.1249999241359001
0.2133882492780685
0.21338820457458493
0.10669407993555066
0.15624984959140417
0.36427650228142733
0.18749989010393617
0.18749997252598402
0.3642765283584594
0.2667351514101028
0.018305790610611435
0.2316940193995833
0.3200824484229087
0.018305793404579156
0.32008235529065127
0.018305808305740356
-3.725290293584753e-09
0.01830581482499838
0.3955265544354915
0.12499993294477461
0.12499994341171836
0.18749987706542012
0.1783469342626631
0.03661163349170238
0.09374989010393618
0.10669411346316336
0.9267764091491698
0.10669412958115608
0.10669410927221176
0.21338815987110132
0.2316940007731318
0.09074390307068823
0.2316939756274223
0.02667353115975856
0.42677638883122254
1.5299945754776445e-09
0.18749990650136047
0.062499944120645516
0.006146839237771928
0.07165288925170897
0.1874999105930328
0.036611584946513176
0.06249993530170439
0.04687495250254869
0.031249978579580777
0.21338821649634007
0.009152902290225029
0.13036163710057733
0.36427643686734107
0.0
0.03661162197318062
0.010723292827606198
0.062499979510903345
0.05792346270754932
0.12499990827125716
0.1829234082251787
-7.450580587169506e-09
0.31249973922967905
0.1600410579703748
0.010723300278186795
0.21338825300335879
0.22254110965877769
0.018305826932191856
0.11166319996118543
0.06249995157122611
0.01072329329326749
0.1874999441206455
7.360549552028378e-17
0.5307897329330443
0.14330574870109555
0.005361665040254586
0.09643077105283736
0.26830555265769357
0.11584700783714649
1.1858942994269484e-09
0.32008226774632925
0.16004116088151932
0.010723295122196963
0.34754092306782874
0.0716528974007815
0.23169396072626108
0.0
0.031249977648258202
0.062499973922967904
1.1175870900380414e-08
0.34754105284810055
0.16004115156829354
0.03124997951090336
0.03661163710057735
0.5307895019650459
0.18213829211890695
0.21338821888524062
0.12231907621026036
0.7285528779029844
0.03124998789280652
0.01830581203103065
0.11584697291254996
0.018305817618966103
0.21338823121095368
0.4999998193234205
0.3642764661196369
0.01830579340457916
0.31249970197677607
0.18749986030161378
0.07165284827351569
0.03661162578292098
0.031249981373548508
0.01830581948161125
0.18749982677400107
0.09374994784593581
0.21338815987110132
0.05491745285689829
0.2133882082998752
0.031249973922967904
0.009152881801128387
0.374999850988388
0.06249998509883879
0.1406249068677425
0.187499850988388
0.11584702879190444
0.09374997299164534
0.12231910042464732
0.10669410973787305
0.2133881896734237
0.10669408366084096
0.010723303072154518
0.1874998416751623
0.18749987334012982
0.0
0.8535532653331755
0.09374994132667777
0.249999925494194
0.21338825300335879
0.0183058176189661
0.18749988247501112
0.2133882194757461
0.03124997299164533
0.1874999747833978
0.12499990314245223
0.3200823348015546
0.07812490733340381
0.0366116277873516
0.3200822472572326
0.01830580784007907
0.062499918043613434
0.062499977648258195
0.06249994784593582
0.1249999776482582
0.062499955296516405
0.34374970197677607
0.12499994691461325
0.3200822621583938
0.1890029036439955
0.18749984353780744
0.010723301675170662
0.5464147627353667
0.0031407801434397693
0.21338820457458493
0.0732232704758644
0.0366116389632225
0.018305812031030655
0.010723296552896496
0.10669410228729247
0.32008220255374903
-1.175076436155109e-08
0.10669415257871148
0.033930808305740356
0.03124999441206453
0.02144660428166389
0.36427658051252354
0.21495861187577242
0.0
7.450580596982584e-09
0.12499995157122609
0.12499992363154887
0.0183058138936758
0.21338822963968515
0.018305818550288677
0.2812499105930328
0.07165287062525748
0.2225411087274551
0.374999850988388
0.018305830657482144
0.10669406317174433
0.0
0.0
-1.8626451467923765e-09
0.03661160916090011
0.3642764091491698
0.21338831860964808
0.18213822320103643
0.23169403709471223
0.2133882865309715
0.0156249925494194
0.24999998323619363
0.4267764389514922
0.010723291829295682
0.07322327792644498
0.0366116426885128
0.22254114225506777
0.23169406130909914
0.10669410321861506
0.2133882194757461
-3.7252902935847534e-09
0.06249996324334628
0.18749994225800037
0.018305821344256398
0.018305794801563025
0.1874998887069523
0.12231908552348611
0.05491744214668869
0.21338825191224758
0.36427636444568623
0.24999982118606562
0.2499999403953552
0.00915291719138622
0.2133882939815521
0.0366116389632225
0.12499993294477461
0.4999999403953551
0.12499996088445187
0.036611642688512795
0.12499994784593581
0.23169400170445437
0.26215886697173113
0.42677664756774897
0.010723301209509371
0.281249850988388
0.07812494458630681
0.24463827162981028
0.5464148297905921
0.21338813379406926
0.07322327792644501
0.0624999739229679
0.12499993667006491
0.12499990829334925
0.12499993294477461
0.2499998323619365
0.12231906503438947
0.3124998584389686
0.21338827908039087
0.06518080458045004
0.21338825672864908
0.2133882194757461
0.04118808731436729
0.10669415257871148
0.01830581157968086
0.036611642688512795
0.2446381859481334
0.00536163710057736
0.0624999813735485
0.03661162964999664
0.19776319712400434
0.4267766177654265
0.009152913146516227
0.018305823206901547
0.30713814496994013
0.0
0.24999991059303278
0.4111514165997504
0.10669413581490515
0.01987620489671826
0.0
0.3955266065895557
0.42677640914916987
0.1249999403953552
0.21338833868503565
0.0366116240620613
0.06249998789280652
0.12499995529651639
-3.7854568160633476e-09
0.0
0.12499997019767758
0.0
0.062499975785613046
0.2133882120251655
0.062499962028452746
0.09374992363154885
0.32008243724703783
0.32008218020200724
0.13036158494651315
0.06250000041407222
0.21338820470272488
0.4267765231764464
0.24999984353780744
0.05334703833796083
0.3071381710469722
0.12499997019767758
0.013404116034507748
0.320082301273942
0.42677657306194294
0.3044572696089744
0.0
0.36427654325962067
0.09832640551030633
0.24463814124464986
0.0
0.0
0.10669412091374395
0.018305817064957926
0.2408469449728727
0.2133882641792297
0.21338831151689058
0.36427649736318013
0.2133882492780685
0.10669414699077603
0.10669414699077605
0.32008239440619946
-1.8626451467923765e-09
3.725290303397831e-09
0.21338827908039087
0.005361652001738546
0.010723300278186795
0.36427654400042897
0.05491744814207777
0.10669412929564712
0.010723301209509371
0.15624985843896863
0.3109292978843004
0.06249995890881843
0.12499996833503245
0.010723255574703213
0.10669413954019544
0.49999988079071034
0.0937499739229679
0.18749989111515397
0.0
0.18749991338700053
0.10669405618682504
0.1874999050050974
0.49999987965642656
0.0419732742011547
0.0
0.2133882492780685
0.24999979510903356
0.018305814824998375
0.0
0.3124999199062585
0.013729358091950417
0.19776314496994016
0.0
0.05491745192557572
0.37499995529651636
0.3200822696089744
0.3642763644456863
-1.0080563050962608e-09
0.018305812031030655
0.2133882977068424
0.4267765283584594
1.1175870895473877e-08
0.036611642688512795
0.12499993294477461
0.18749989569187162
0.031249996274709695
0.21338827908039087
0.0624999701976776
0.06249996088445185
0.36427664756774897
0.2499999366700649
0.07322327792644498
0.0366116389632225
0.0
0.2316941227763891
0.0
0.28504116833209986
0.5700823217630384
0.07165287528187035
0.12499995529651639
0.0
0.1066941597000195
0.2667351588606834
0.21338824927806851
0.036611651070415974
0.24999994039535517
0.03661163151264191
0.2133882194757461
0.054917439818382256
0.2133882492780685
0.0
0.10669410228729247
0.06249995359366099
0.1433057729154825
0.21338825114071364
0.2812498807907104
0.2133882641792297
0.10669411718845365
0.2499998360872268
0.10669410973787305
0.062499965759583935
0.21338823437690732
0.18749984540045256
0.031249970197677605
0.24999994039535517
-5.905056443822331e-10
0.1249999590218067
0.01987619372084736
0.018305813893675804
0.3642764315009116
0.21338831819593904
0.05491748871281743
0.3200823352672159
0.18749993108212942
0.24999997019767756
0.12499993294477461
0.018305808305740346
0.06250000558793543
0.2316941046155989
0.09374989336356518
0.14330577431246636
0.0
0.24999998509883878
0.4267766177654265
0.062499939464032636
0.4267765879631042
0.1874999610262373
0.18749996997170099
0.2133882939815521
0.10669409856200215
0.062499977648258195
0.062499977648258195
0.12499998509883878
0.0366116389632225
0.2499999552965164
0.18213832005858416
0.37499985843896855
0.0
0.06249998368814679
0.03661163803189992
0.10669413954019545
0.21338827108425404
0.1249999776482582
0.0624999701976776
0.0
0.10669414326548575
0.42677660286426544
0.24999992176890368
0.01830580085515976
0.23169408831745386
0.0
0.0366116464138031
0.4267765283584594
0.21338830888271326
0.0
0.0624999888241291
0.4999999105930328
0.0624999813735485
-3.725290303397831e-09
0.21338830143213267
0.0366116389632225
0.12499995701737605
0.24999991804361338
0.06249998509883879
0.2133882492780685
0.0
0.009152920916676521
0.14330576360225675
0.03661165261064561
0.24999997019767756
0.12499997578561303
0.12499996088445184
0.009152916027233005
0.07322327792644501
0.14330573007464406
-3.725290293584753e-09
0.018305808305740356
0.18749988584278252
0.2732073925435543
0.21338823437690732
0.124999962747097
0.036611648276448465
0.24999997019767756
0.1249999776482582
0.1249999776482582
0.1874999403953552
0.0183058213442564
0.143305754289031
0.2133882604539394
0.2499999552965164
0.0937499701976776
0.03661163710057734
1.2585866571157563e-08
0.2499999329447746
0.18213826790452
0.073223277926445
0.0
0.036611642688512795
0.1249999403953552
0.010723307728767392
0.0624999701976776
0.06249998662940886
0.1249999259312323
0.21338822133839125
0.12499989196658132
0.07322330027818678
0.12499999441206452
0.0624999813735485
0.14330575847998256
0.18749991618096828
0.06249996833503245
0.3642765581607818
0.4999999403953551
0.0732232704758644
0.0
0.06249999254941939
0.036611646413803094
0.3642765656113624
0.1066941116005182
0.0
0.062499977648258195
0.0
0.04687497764825821
0.1874999655410647
0.3642764687538147
0.018305810168385506
0.09374993480741975
0.18749993853271005
0.853553235530853
0.0624999888241291
0.18749997019767758
0.249999925494194
0.03661164641380309
0.2133882641792297
0.1249999403953552
0.42677664756774897
0.10669416375458235
0.10669413581490514
0.2499999552965164
0.42677655816078175
0.01072330307215452
0.4267766177654265
0.2499999552965163
0.21338823437690732
0.2133882641792297
0.062499970197677626
0.4267766773700713
0.0
0.8535532653331755
0.49999993480741967
0.24463826883584258
0.093749962747097
0.24999998509883878
0.031249998137354847
0.24463828559964895
0.2133882939815521
0.1249999776482582
0.1249999776482582
0.010723301209509371
0.07322329282760619
0.4267766773700713
0.3642765879631042
0.2499999552965164
0.036611638963222504
0.5464148744940757
0.249999925494194
0.10826453194022177
0.23169402033090586
0.036611646413803094
0.8535532653331754
0.21338831819593904
0.0
0.42677646875381464
0.1524586798623204
0.036611635149427606
0.32008241862058634
0.49999994039535517
0.07322324067354202
0.0
0.49999997019767756
0.010723299346864222
0.12499997019767758
0.23169411718845362
0.249999925494194
0.21338826747135625
0.12499999254941939
0.12499998509883878
0.062499977648258195
0.4999999105930328
0.4267766773700713
0.3749997913837432
0.036611657589673996
0.21338833868503565
0.21338830888271326
0.12499999254941938
0.0
0.12499990779906503
0.36427659541368473
0.249999925494194
0.24999994412064547
0.2133882158922411
0.1249999403953552
0.1874999552965164
0.12499991618096827
0.0
0.4999999999999999
0.07322327606379983
0.2499999515712261
0.4999999403953551
0.010723300278186795
0.0678615942597389
0.24999992549419398
0.426776573061943
0.21338827908039087
0.07322328537702559
0.0624999888241291
0.24463829025626177
0.3955265879631042
0.4267765879631042
0.1249999403953552
0.0366116389632225
0.010723300278186795
0.0
0.0366116464138031
0.10669412463903424
0.249999925494194
0.01830581948161125
0.21338830888271326
0.12499999441206452
0.03661163710057734
0.21338833682239053
0.2133882902562618
0.01830582227557897
0.06249998509883879
0.42677666991949076
0.10669416747987268
0.18749994225800032
0.12499995529651639
0.46338824462145556
0.49999982863664616
0.1249999776482582
0.005361647345125676
0.24999998509883878
0.4267766773700713
0.49999997019767756
0.12499994225800035
0.36427664756774897
0.1249999776482582
0.062499996274709695
0.0
0.3642766177654266
0.0
0.18749988079071042
0.42677656188607216
0.49999997019767756
0.6401648297905921
1.490116119396517e-08
0.0366116389632225
0.4999999403953551
0.24999995185479704
0.4999999403953551
0.1874999869614839
0.12499997819381445
0.01830581948161125
0.24999997019767756
0.36427667737007136
0.10669411718845366
0.4999999105930328
0.24999992029202486
0.4999999180436133
0.036611650721169994
0.49999990489060664
0.21338832937180993
0.4267765879631042
0.24999997019767756
0.12499997531995177
0.1249999403953552
0.06249994784593582
0.0
0.24999997019767756
0.036611646413803094
0.42677664756774897
0.9999998211860656
0.4999999105930328
0.0533470483496785
0.24999997019767756
0.124999925494194
0.4999999105930328
0.24999994039535497
0.12499994784593581
0.24999997019767756
0.01830582041293382
0.2316940235905349
7.450580596982584e-09
0.2499999552965164
0.22254114970564837
1.2168315244309722e-09
0.12499995529651642
0.12499998509883878
0.12499995529651639
0.03661164641380309
0.036611641524359584
0.0895660817623138
0.2499999552965164
0.03661164222285151
0.2446382166817784
0.062499953433871255
0.4267766773700713
0.21338833868503565
0.0
0.21338827908039087
0.8535533547401426
0.010723302140831946
0.18749993480741975
0.06250000000000001
0.0
0.03661164175719022
0.031249981373548508
0.036611650591046534
0.2133882641792297
0.24999997019767756
0.24999991059303278
0.0366116315126419
0.3642764929682016
0.36427664756774897
0.4267765283584594
0.0
0.12499998509883878
0.426776498556137
0.24999997019767756
0.24999997019767756
0.36427667737007136
0.01830581203103064
0.23169409669935703
0.2499999552965164
0.1249999776482582
0.4999999403953551
0.0624999888241291
0.21338833495974538
0.4267766326665878
0.7285533547401426
0.3642766252160072
0.12499995529651639
0.0
0.06249998882412909
0.18749996833503244
0.2133882733506701
0.12499998509883878
0.28661164641380305
0.21338833682239053
0.21338830888271326
0.018305830657482144
0.0624999888241291
0.24999997019767756
0.3642766177654266
0.0
0.06249999254941939
0.2133882939815521
0.49999997019767756
0.06786161661148071
0.1249999776482582
0.0
0.062499962747097
0.2133882939815521
0.4999999105930328
0.1874999594874679
0.24999997019767756
0.4267766773700713
0.0366116389632225
0.0
0.24999994039535517
0.8535531312227247
0.4999999105930328
0.0
0.0
0.0366116389632225
0.12499998509883878
0.21338828466832635
0.24999997019767756
0.24999991059303278
0.18749990127980617
0.1249999776482582
0.3749999105930328
0.36427664756774897
0.036611646413803094
0.06249996933724776
0.05491744354367255
0.036611646413803094
0.4999999403953551
0.24999997019767756
0.0
0.12499998509883878
0.2133882939815521
0.0
0.12499998509883878
0.036611642688512795
0.24999997392296788
0.21338833868503565
5.268355164059219e-09
0.010723298415541647
0.0
0.3749999403953551
0.21338833868503565
0.073223277926445
0.24999999999999994
0.1821382902562618
0.4267765879631042
0.24999994039535517
0.24999997019767756
0.12499994318932292
0.062499977648258195
0.07322329736780374
0.12499994639303488
0.4267766177654265
0.0
0.4267765171825885
0.0624999739229679
0.21338826790452003
0.8535531684756278
0.9999998807907102
0.12499995250254889
0.06249998509883879
2.260707843149134e-09
0.249999925494194
0.07322329748421906
0.21338828466832635
0.0
0.010723302140831946
0.4999999105930328
0.036611646413803094
0.4267766773700713
0.4267766177654265
0.24999997019767756
0.2133882939815521
0.24999994039535517
0.24999995529651636
0.03661163996543781
0.2499999403953551
0.036611642688512795
0.036611646413803094
0.12499997873937074
0.062499999999999986
0.10669414326548574
-3.725290298491292e-09
0.12499997951090333
0.12499998509883878
0.4267765879631042
0.06249998509883879
0.8535532355308533
0.16004118695855138
0.2499999552965164
0.05334705486893653
0.36427660286426533
0.2499999552965164
0.062499996274709695
0.24999990314245218
0.12499998509883878
0.0732232630252838
0.36427664756774897
0.36427664756774897
0.4267765879631042
0.0
0.4267766773700713
0.249999925494194
0.24999998137354845
0.24999998509883878
0.36427667737007136
0.21338832378387448
0.3200824558734893
0.12499995529651639
0.21338832005858419
0.03661165013909339
0.24999996011291878
0.4999999403953551
0.10669415444135667
0.010723304003477095
0.1249999776482582
0.0
0.0
0.036611642688512795
0.24999993294477452
0.062499977648258195
0.24999997019767756
0.4267766773700713
0.4999999105930328
0.22254121303558347
0.0
0.21338830888271326
0.4999999403953551
0.07322329934686421
0.4999999403953551
0.0
0.06249998509883879
0.07322329282760619
0.49999997019767756
0.4999999403953551
0.0
0.49999997019767756
0.12499998509883878
0.0
0.4267766773700713
-4.572073386555075e-09
0.4267766773700713
0.0
0.9999999403953551
0.3642766363918781
0.24999997019767756
0.999999701976776
0.46338819526135916
0.49999997019767756
0.12499996647238729
0.42677664756774897
0.24999998509883878
0.18213830515742296
0.12499994784593581
0.21338828466832638
0.4999999105930328
0.2499999552965164
0.12499997019767758
0.06249998509883879
0.24999997019767756
0.24999993512699967
0.12499995329208578
0.10669412019870526
0.426776636391878
0.0366116315126419
0.4267766177654265
0.4267766177654265
0.24999995902180666
0.2133882939815521
-7.450580587169506e-09
0.4267766773700713
0.4267766177654265
0.010723305866122242
0.05491746589541434
0.0
0.073223277926445
0.31249997019767756
0.36427660845220083
0.4267766177654265
0.07322330027818678
0.0
0.10669413674622771
0.10669413767755026
0.4999999999999999
0.12499995529651639
0.24999995529651636
0.4999999999999999
0.0
0.06249998230487107
0.06249997517386995
0.4999999403953551
0.4999999403953551
0.42677664756774897
0.36427667737007136
0.0
0.49999997019767756
0.0
0.4267766773700713
0.0
0.213388323464295
0.42677650228142733
0.3566941022872924
0.12499997631316496
0.37499993667006487
0.12499998509883878
0.4267766773700713
0.36427664756774897
0.4633883191272616
0.6401648484170436
0.2499999292194843
0.0
0.24999998509883878
0.24999997019767756
0.62185899913311
0.01830582320690155
0.21338832378387448
0.06249998509883879
0.2499998807907104
0.24999997019767756
0.2499999552965164
0.9999998807907102
0.4999999105930328
0.4267766773700713
0.21338833338454677
0.06249999627471014
0.24999998416751618
0.062499994412064656
0.4999999403953551
0.0
0.2499998845160007
0.4999999403953551
0.4999999105930328
0.0
0.4267766773700713
0.36427667737007136
0.10669415630400178
0.42677664756774897
0.062499977648258195
0.0
0.01830581948161125
0.18213827162981033
0.0
0.4267766773700713
0.36427661318942345
0.1249999776482582
0.37499994039535517
0.0366116240620613
0.4999999776482581
0.0
0.4999999403953551
0.49999997019767756
0.4267765656113624
0.21338832378387448
0.4267766773700713
0.24999998509883878
7.450580587169506e-09
0.0
0.24999997019767756
0.4267766773700713
0.073223277926445
0.07322330027818678
0.4267766773700713
0.12499995157122609
0.4267766773700713
0.42677664756774897
0.42677664756774897
0.4267766177654265
0.24999998509883878
0.4999999999999999
0.0
0.3642766177654266
0.06249996703854687
0.21338828466832635
0.12499995529651639
0.49999997019767756
0.12499996833503245
0.2499999552965164
0.06249998509883879
0.42677655816078175
0.4267766773700713
0.21338830888271326
0.12499997019767758
0.12499997951090333
0.49999997019767756
0.37499994039535517
0.42677655816078175
0.0
0.07322328537702559
0.0
0.36427667737007136
0.12499997764825818
0.4999999105930328
0.18749997019767758
0.2499999552965164
0.2499999552965164
0.0624999813735485
0.1249999776482582
0.24999997019767756
0.036611642688512795
0.24999997019767756
0.4999999999999999
0.07322328537702559
0.036611642688512795
0.2133882641792297
0.24999991059303278
0.24999997019767756
0.2133883330971002
0.0
0.0
-1.4901160305669235e-08
0.4999999403953551
0.49999997019767756
0.4999999403953551
0.49999997019767756
0.4999999105930328
0.4267766773700713
0.36427664756774897
0.2499999552965164
0.4633882641792297
0.062499988824129105
0.09375000093132256
0.0
0.0366116389632225
0.32008245028555393
0.4999999999999999
0.21338833868503565
0.21338830888271326
0.4267766177654265
0.4999999999999999
0.24999997019767756
0.8535532653331755
0.21338833868503565
0.073223277926445
0.0
0.12499998509883878
0.4999999105930328
0.42677664756774897
0.4999999403953551
0.16004121117293832
0.4999999776482581
0.49999997019767756
0.24999997019767756
0.4267765879631042
0.2499999288849901
0.24999995185479704
0.24999998509883878
0.12499998509883878
0.10669414699077603
0.0
0.4267766773700713
0.4999999999999999
0.42677664756774897
0.0
0.49999997019767756
0.24999997019767756
0.06249998323619363
0.12499996383820931
0.4267766177654265
0.0
0.0
0.12499998509883878
0.0
0.24999998509883878
0.24999998882412905
0.24999995157122606
0.01830582693219185
0.03661163337528705
0.24999994039535517
0.0
0.07322329282760619
0.23169410740956659
0.42677664756774897
0.36427664756774897
0.4999999105930328
0.2133882939815521
0.36427664756774897
0.0
0.24999997019767756
0.2499999552965164
0.21338831819593904
0.01830581948161125
0.0
0.2133882939815521
0.4999999403953551
0.4267766773700713
0.24999997019767756
0.24999997019767756
0.0183058176189661
0.036611646413803094
0.0
0.8535530269145963
0.4999999403953551
0.12499999441206452
0.1464465856552124
0.4267766177654265
0.4999999403953551
0.49999988079071034
0.46338828094303597
0.4999999999999999
0.42677664756774897
0.24999997019767756
4.470348360152166e-08
0.0
0.49999997019767756
0.21338830888271326
0.49999997019767756
0.8535533174872397
0.24999997019767756
0.24999997019767756
0.18749997539984659
0.0732232928276062
0.0
-1.862645148754992e-08
0.2133882939815521
0.4999999105930328
0.4267766773700713
0.24999994039535517
0.4267766177654265
0.24463832378387446
0.3749999452117577
0.03661164641380309
0.4999999403953551
0.12499999441206452
0.2499999552965164
0.2133882939815521
0.3642765879631042
0.21338831819593904
0.24999997019767756
0.4267764389514922
0.9999998807907102
0.24999998509883878
0.24999998509883878
0.06249999441206454
0.03661164548248052
0.4267766773700713
0.2499999552965164
0.24999998531053444
0.24999997019767756
0.2133882939815521
0.4999999403953551
0.4999999999999999
0.24999994039535517
0.26830572634935373
0.24999998509883878
0.463388293981552
0.2499999552965164
0.4999999403953551
0.9999999403953551
0.06249998509883879
0.4267766773700713
0.12499996274709702
0.12499998509883878
0.49999997019767756
0.24999996647238726
0.018305819947272536
0.24999997019767756
0.4999999999999999
0.37499989941716183
0.12499998509883878
0.49999997019767756
0.4999999403953551
0.21338830888271326
0.07322329282760619
0.24999997019767756
0.12499997019767758
0.4267766177654265
0.07322330027818678
0.0
0.4267766773700713
0.21338832378387448
0.4267766773700713
0.036611642688512795
0.4267766773700713
0.4267766773700713
0.4999999403953551
0.49999997019767756
5.7024274191519445e-09
0.4267766177654265
0.2499999552965164
0.21338830829220784
0.0
0.0
0.24999991804361343
0.4999999999999999
0.4267766773700713
0.07322331145405767
0.49999997019767756
0.2499999366700649
0.21338827908039087
0.4267766773700713
0.4999999999999999
0.12499996833503245
0.12499995529651639
0.49999997019767756
0.24999998509883878
0.4999999105930328
0.4999999403953551
0.01072330307215452
0.24999995902180666
0.4267766773700713
0.24999991618096823
0.07322330027818678
0.2499999925494193
0.0
0.4267766773700713
0.4267765879631042
0.07322330027818678
0.4267766773700713
0.062499996274709695
0.0
0.1249999776482582
0.24999997019767756
0.21338826790452
0.4267766773700713
0.4267766177654265
0.4267766773700713
0.24999995157122606
0.4267766773700713
0.24999997019767756
0.42677664756774897
0.1249999776482582
0.14330578269436953
0.4999999105930328
0.036611644551157944
0.4267765879631042
0.21338833868503565
0.24999997019767756
0.49999997019767756
0.4999999403953551
0.0
0.07322330027818678
0.4999999105930328
0.24999998509883878
0.4267766773700713
0.4999999999999999
0.0
0.4267766177654265
0.4999999403953551
0.2499999552965164
0.0
0.01830582693219185
0.07322332262992859
0.37499993294477457
0.4267766177654265
-1.1175870890567337e-08
0.49999997019767756
0.4999999999999999
0.4999999999999999
0.10669413581490511
0.36427664384245867
0.21338830888271326
0.12499995529651642
0.2499999552965164
0.01072330307215452
0.4999999999999999
0.4999999999999999
0.12499999627470965
0.3642766177654266
0.2133882939815521
0.49999997019767756
0.12499994784593581
0.49999997019767756
0.1249999776482582
0.4999999105930328
0.4267766773700713
0.3200824055820703
0.18749997392296788
0.4267766773700713
0.0732232866941147
0.36427664756774897
0.24999997019767756
0.018305825069546696
0.3642766177654266
0.0
0.036611642688512795
0.0
0.24999995529651647
0.49999997019767756
0.0
0.4267766773700713
0.0
0.6249999403953551
0.21338830888271326
0.18749995715916154
0.49999997019767756
0.124999962747097
0.06250002235174179
0.42677664756774897
0.24999997019767756
0.42677655816078175
0.0
0.2499999552965164
0.24999998509883878
0.24999994039535517
0.4999999999999999
0.42677666991949076
0.0
0.21338829863816494
0.4267766773700713
0.24999997019767756
0.4999999403953551
0.4999999105930328
0.4999999403953551
0.24999994039535517
0.010723304003477095
0.0
0.0
0.49999997019767756
0.0
0.03661165013909339
0.036611642688512795
0.0
0.4999999999999999
0.24999997019767756
0.07322329282760619
0.4999999776482581
-6.88343870791641e-09
0.4999999403953551
0.07322331145405767
0.4267766773700713
0.4267766773700713
0.24999987438031995
0.4999999403953551
0.42677664756774897
0.2499999552965164
0.49999988079071034
0.42677666991949076
0.42677664756774897
0.0
0.3642766252160072
0.4267766773700713
0.0
0.4999999105930327
0.03661164267584848
0.24999998509883878
0.42677664011716837
0.2499999552965164
0.036611638963222504
0.12499998509883878
0.12499998509883878
0.1249999776482582
0.4999999403953551
0.2499999552965164
0.4267766177654265
0.24999995157122606
0.07322330027818678
0.12499997019767763
0.36427667737007136
0.9999999403953551
0.24999997019767756
0.12500000745058057
0.2499999552965163
0.4999999105930328
0.073223277926445
0.24999997019767756
0.03661163151264189
0.42677664756774897
0.4267765879631042
0.2499999552965164
0.24999997019767756
0.8535532653331755
0.49999997019767756
0.062499977648258195
0.49999994039535517
0.4999999403953551
0.4999999403953551
0.4999999105930328
0.24999997019767756
0.07322330027818678
0.24999998509883878
0.26830572262406344
0.4999999627470969
0.24999997019767756
0.4999999999999999
0.4267766773700713
0.0
0.0
0.12499998509883878
0.24999997019767756
0.0
0.4999999403953551
0.4999999403953551
0.21338832378387448
0.0
0.2499999552965164
0.4267765879631042
0.4267766773700713
0.49999997019767756
0.24999997019767756
0.37499993294477457
0.24999998509883878
0.42677664756774897
0.4267766773700713
0.49999997019767756
0.24999997019767756
0.4267766773700713
0.2499999552965164
0.49999997019767756
0.3124999281717463
0.21338827908039087
0.4999999999999999
0.036611646413803094
0.4267766773700713
0.07322330027818678
0.4267766773700713
0.4267766773700713
0.07322329282760619
0.42677664756774897
0.4999999403953551
0.4267766177654265
0.49999997019767756
-6.88343870791641e-09
0.06249999254941939
0.3749999105930328
0.4999999105930328
0.21338832005858419
0.2499999552965164
0.4267766773700713
0.24999998509883878
0.24999998509883878
0.24999997019767756
0.36427667737007136
0.4267766177654265
0.24999994039535517
0.37499994039535517
0.4999999105930328
0.07322329282760619
0.4267766773700713
0.07322328537702559
0.2499999552965164
0.0
0.12499997019767758
0.49999997019767756
0.4999999999999999
0.4999999403953551
0.24999998509883878
0.0
0.9999999403953551
0.4633882045745849
0.36427667737007136
0.12499996088445184
0.4999999999999999
0.9999999403953551
0.7285533472895621
0.073223277926445
0.24999998509883878
0.4999999999999999
0.21338833868503565
0.4999999403953551
0.21338832378387448
0.4999999776482581
0.4999999999999999
0.24999997019767756
0.37499994039535517
0.24999998509883878
0.49999997019767756
0.4999999403953551
0.4999999403953551
0.24999997019767756
0.4267766773700713
0.49999997019767756
0.49999997019767756
0.24999998882412905
0.24999997019767756
0.24999997019767756
0.24999998509883878
0.4999999999999999
0.4999999403953551
0.42677664756774897
0.49999997019767756
0.2499999552965164
0.42677664756774897
0.07322330027818678
0.42677664756774897
0.21338830888271326
0.21338830888271326
0.9999999403953551
0.24999997019767756
0.49999997019767756
0.4267766177654265
0.4999999776482581
0.4999999403953551
0.21338833868503565
0.49999997019767756
0.07322328537702559
0.4267766773700713
0.49999997019767756
0.24999998509883878
0.24999998509883878
0.2133882939815521
0.0624999888241291
0.24999998509883878
0.4267766773700713
0.24999998509883878
0.4267766773700713
0.4999999999999999
0.4267766773700713
0.07322330027818678
0.4999999999999999
0.24999997392296788
0.49999997019767756
0.4999999999999999
0.03661165013909339
0.4267766773700713
0.4267766177654265
0.42677664756774897
0.4267766773700713
0.0
0.4999999403953551
0.4999999999999999
0.21338830888271326
0.2133882939815521
0.4999999776482581
0.21338827908039087
0.49999988079071034
0.4999999999999999
0.4267766773700713
0.07322330027818678
0.0
0.21338832378387448
0.0
0.4999999403953551
0.24999994039535517
0.24999998509883878
0.036611646413803094
0.07322329282760619
0.4999999999999999
0.4999999999999999
0.9999998807907102
0.49999997019767756
0.4999999999999999
0.4267766773700713
0.12499998509883878
0.4267766773700713
0.24999995529651636
0.24999997019767756
0.24999997019767756
0.4999999403953551
0.49999997019767756
0.49999993294477457
0.24999998509883878
0.4999999403953551
0.4999999999999999
0.49999997019767756
0.4267766177654265
0.03661165013909339
0.4267766773700713
0.21338830888271326
0.4999999105930328
0.01830581668764352
0.49999997019767756
0.49999997019767756
0.42677664756774897
0.21338830888271326
0.12499995529651639
0.36427664384245867
0.036611642688512795
0.10669415071606633
0.1249999776482582
0.42677664756774897
0.9999999403953551
0.4999999999999999
0.4999999403953551
0.4267766773700713
0.24999997019767756
0.4999999999999999
0.1249999776482582
0.24999998509883878
0.4999999403953551
0.4999999403953551
0.24999998509883878
0.4267766773700713
0.12499996833503245
0.4999999999999999
0.4999999999999999
0.4999999999999999
0.24999992549419403
0.49999997019767756
0.4999999776482581
0.36427664756774897
0.4999999999999999
0.24999997019767756
0.24999997019767756
0.07322329282760619
0.0
0.4267766773700713
0.24999997019767758
0.4999999999999999
0.4999999999999999
0.49999997019767756
0.4999999813735484
0.4267766773700713
0.4999999105930328
0.4999999701976775
0.24999997019767756
0.4267766028642654
0.2499999552965164
0.2499999552965164
0.4267766773700713
0.49999997019767756
0.4999999999999999
0.12499996754549536
0.0
0.49999997019767756
0.7285532504320144
0.49999997019767756
0.03661165013909339
0.24999998509883878
0.07322330027818678
0.4999999999999999
0.24999997392296788
0.42677666991949076
0.49999997019767756
0.24999997019767756
0.4999999999999999
0.4267766773700713
0.4999999403953551
0.4267766773700713
0.0
0.4267766773700713
-6.88343870791641e-09
0.24999997019767756
0.21338833868503565
0.4999999999999999
0.4999999403953551
0.24999997019767756
0.4999999403953551
0.21338830888271326
0.42677664756774897
0.24999997019767756
0.4267766773700713
0.4999999999999999
0.9999998807907102
0.4267765879631042
0.4999999999999999
0.12499997019767758
0.1433058134280145
0.4999999999999999
0.24999997019767756
0.0
0.4999999999999999
0.4267766177654265
0.24999997019767756
0.24999998509883878
0.24999997019767756
0.4999999403953551
0.4999999999999999
0.9999999403953551
0.0
0.24999996647238726
0.4999999999999999
0.49999997019767756
0.0
0.12499998509883878
0.4999999999999999
0.4999999999999999
0.21338833868503565
0.4999999999999999
0.24999998882412905
0.0
0.4999999105930328
0.2133882939815521
0.24999998509883878
0.12499997019767758
0.24999997019767756
0.21338830888271326
0.24999998509883878
0.24999997019767756
0.24999997019767756
0.21338830888271326
0.49999997019767756
0.4999999999999999
0.4999999776482581
0.24999994039535517
0.24999998509883878
0.9999998807907102
0.49999997019767756
0.49999997019767756
0.03661164827644824
0.4267766773700713
0.49999997019767756
0.4999999999999999
0.07322329189628361
0.21338833868503565
0.0
0.49999997019767756
0.499999957478741
0.2133883424103259
0.49999997019767756
0.4999999999999999
0.4999999999999999
0.4267766773700713
0.0
0.24999997019767756
0.24999997019767756
0.4267766177654265
0.4999999999999999
0.4267766773700713
0.036611652001738534
0.4267766773700713
0.4999999999999999
0.24999997019767756
0.07322330027818678
0.0
0.42677664756774897
0.4267766177654265
0.49999997019767756
0.12499995529651642
0.0
0.8535532951354979
0.312499928566515
0.4267766177654265
0.7285532951354979
0.4267766177654265
0.9999999403953551
0.24999997019767756
0.036611646413803094
0.0
0.24999997019767756
0.12499999441206452
0.24999998509883878
0.21338827908039087
0.2499999552965164
0.21338830888271326
0.4999999403953551
0.49999997019767756
0.07322330027818678
0.4267766773700713
0.0
0.4999999403953551
0.03661165013909339
0.36427664756774897
0.4999999999999999
0.4999999403953551
0.2499999552965164
0.4267766773700713
0.3955265879631042
0.4999999999999999
0.4999999999999999
0.4999999999999999
0.49999997019767756
0.4999999403953551
0.24999998509883878
0.4999999403953551
0.10669412650167942
0.21338830888271326
0.24999998509883878
0.4999999999999999
0.010723304003477097
0.24999997019767756
0.12499998509883878
0.42677664756774897
0.24999997019767756
0.8535532951354979
0.21338833868503565
0.12499998509883878
0.24999997019767756
0.07322330027818678
0.24999997019767756
0.21338830888271326
0.49999997019767756
0.4999999999999999
0.4267766773700713
0.12499998509883878
0.24999997019767756
0.24999998509883878
0.21338833868503565
0.49999997019767756
0.4999999999999999
0.42677664756774897
0.3749999701976776
0.24999998509883878
0.49999997019767756
0.21338832378387448
0.12499997764825818
0.21338833868503565
0.4999999403953551
0.4267766773700713
0.0
0.4999999105930328
0.42677664011716837
0.0
0.24999998509883878
0.49999997019767756
0.24999998509883878
0.4999999403953551
0.249999925494194
0.2133883014321328
0.8535532802343367
0.49999997019767756
0.42677664756774897
0.06249999254941939
0.49999997019767756
0.24999997019767756
0.03661165386438369
0.21338833868503565
0.24999997019767756
0.018305820878595114
0.0
0.24999998509883878
0.24999998509883878
0.24999997019767756
0.4999999999999999
0.21338833868503565
0.21338833682239053
0.07322330027818678
0.12499998509883878
0.24999998509883878
0.49999997019767756
0.4999999403953551
0.49999997019767756
0.24999997019767756
0.4267766773700713
0.4999999105930328
0.21338830888271326
3.082996607500812e-26
0.06249999254941939
0.07322328817099331
0.4267766177654265
0.4999999999999999
0.0
0.49999994784593565
0.4999999180436138
0.21338833868503565
0.4999999999999999
0.4267766773700713
0.21338827908039087
0.0
0.42677664756774897
0.12499996274709696
0.4267766773700713
0.1249999776482582
0.42677655816078175
0.07322329282760619
0.036611646413803094
0.24999997019767756
0.24999997019767756
0.4999999999999999
0.1249999776482582
0.07322329282760619
0.24999997019767756
0.12499998509883878
0.4999999999999999
0.036611646413803094
0.4999999999999999
0.4999999403953551
0.24999997019767756
0.4999999999999999
0.21338832378387448
0.0
0.49999997019767756
0.4999999403953551
0.24999998509883878
0.49999997019767756
0.07322329282760619
0.07322330027818678
0.9999999403953551
0.21338830888271326
0.1433058097027242
0.10669414699077605
0.4267766773700713
0.0366116352379322
0.4999999105930328
0.12499995958894883
0.12499998509883878
0.062499996274709695
0.49999997019767756
0.42677664756774897
0.12499998509883878
0.010723304003477095
0.24999997019767756
0.4999999105930328
0.24999997019767756
0.49999997019767756
0.4267766773700713
0.49999997019767756
0.36427664011716837
0.24999993294477452
0.24999997019767756
0.24999995529651647
0.12499999068677423
0.4267766773700713
0.42677664756774897
0.07322328537702559
0.24999997019767756
0.12499997019767758
0.1066941525787115
0.24999998509883878
0.49999997019767756
0.24999998509883878
0.2499999552965164
0.24999997019767756
0.4999999105930328
0.1249999776482582
0.4999999105930328
0.4999999999999999
0.24999998509883878
0.4267766773700713
0.24999997392296788
0.24999997019767756
0.24999998509883878
0.49999997019767756
0.4267766773700713
0.49999997019767756
0.49999997019767756
0.24999997019767756
0.0
0.24999997019767756
0.24999998509883878
0.4267766773700713
0.06249999254941939
0.49999997019767756
0.42677664756774897
0.24999998509883878
0.49999997019767756
0.4999999999999999
0.24999997019767756
0.9999999403953551
0.4999999403953551
0.12499998509883878
0.4999999105930327
0.4999999999999999
0.12499998509883878
0.12499998509883878
0.036611646413803094
0.42677664756774897
0.4999999403953551
0.12499997951090333
0.21338832378387448
0.24999998509883878
0.49999997019767756
0.0
0.24999998509883878
0.49999989569187153
0.4999999999999999
0.21338832378387448
0.2499999552965164
0.49999997019767756
0.4999999403953551
0.24999997019767756
0.4999999999999999
0.21338827908039087
0.4267766773700713
0.1249999776482582
0.42677664756774897
0.12499998509883878
0.0
0.4999999403953551
0.4999999403953551
0.4999999403953551
0.42677664756774897
0.4267765879631042
0.24999994039535517
0.21338830888271332
0.49999997019767756
0.4999999776482581
0.24999998509883878
0.4999999403953551
0.4999999403953551
0.4999999999999999
0.07322330027818678
0.9999999403953551
0.4999999403953551
0.2499999552965164
0.24999998509883878
0.24999997019767756
0.4267766177654265
0.24999998882412905
0.21338833868503565
0.49999997019767756
0.9999999403953551
0.4999999403953551
0.4999999999999999
0.12499998509883878
0.8535531908273696
0.4267766773700713
0.4999999105930328
0.0366116426885128
0.9999998807907102
0.21338830888271326
0.4999999403953551
0.4999999105930328
0.18213826231658456
0.24999997019767756
0.12499998509883878
0.24999997019767756
0.42677664756774897
0.4999999403953551
0.49999997019767756
0.24999997392296788
0.4999999999999999
0.49999997019767756
0.49999997019767756
0.24999997019767756
0.4999999999999999
0.9999998807907102
0.4999999999999999
0.06249998509883879
0.4999999403953551
0.42677664756774897
0.4267766177654265
0.4999999999999999
0.49999997019767756
0.24999998509883878
0.0732232928276062
0.4999999999999999
0.07322330027818678
0.4999999999999999
0.0
0.12499997764825818
0.12499998509883878
0.36427664756774897
0.4999999478459356
0.4999999999999999
0.24999997019767756
0.36427667737007136
0.2133883163332939
0.49999997019767756
0.7499998062849045
0.4267766773700713
0.49999997019767756
0.21338833868503565
0.49999997019767756
0.0
0.24999997019767756
0.4999999999999999
0.49999997019767756
0.49999997019767756
0.4999999403953551
0.4267766773700713
0.24999998509883878
0.4267766773700713
0.24999997019767756
0.24999998509883878
0.24999997019767756
0.07322329282760619
0.07322330027818678
0.4267766773700713
0.24999997019767756
0.07322329282760619
0.4999999999999999
0.24999998509883878
0.2499999552965164
0.0
0.24999998509883878
0.2499999552965164
0.4999999999999999
0.24999998509883878
0.4999999403953551
0.4999999403953551
0.24999997019767756
0.07322330027818678
0.2499999552965164
0.4267766773700713
0.21338833868503565
0.4999999701976775
0.24999998509883878
0.4267766773700713
0.12499996711820094
0.4267766773700713
0.1249999776482582
0.24999998509883878
0.24999997019767756
0.12499998509883878
0.4999999403953551
0.8535533547401426
0.0
0.2499999552965164
0.21338832378387448
0.3642765879631042
0.07322328537702559
0.0732232853770256
0.4999999999999999
0.49999997019767756
0.24999997019767756
0.0366116389632225
0.49999997019767756
0.4999999403953551
0.21338830888271326
0.07322330027818678
0.4999999999999999
0.49999997019767756
0.3642765879631042
0.4267766773700713
0.21338830888271326
0.42677664756774897
0.24999997019767756
0.0
0.12499998509883878
0.4267766773700713
0.4999999999999999
0.1249999664723873
0.49999997019767756
0.24999997019767756
0.0
0.2499999552965164
0.2499999999999999
0.4999999999999999
0.24999997019767756
0.24999998509883878
0.24999998509883878
0.12499998509883878
0.4267766773700713
0.24999994039535517
0.12499998509883878
0.21338830888271326
0.4999999999999999
0.24999998509883878
0.0
0.4999999776482581
0.49999997019767756
0.4999999999999999
0.0624999888241291
0.1249999776482582
0.24999998509883878
0.24999998323619363
0.0624999701976776
0.2499999552965164
0.4999999403953551
0.24999998882412905
0.1249999776482582
0.24999997019767756
0.24999997019767756
0.42677664756774897
0.24999998509883878
0.24999998882412905
0.24999997019767756
0.4999999403953551
0.2499999552965164
0.24999998509883878
0.4999999999999999
0.24999998509883878
0.4999999403953551
0.42677664756774897
0.12499997764825818
0.49999997019767756
0.36427664756774897
0.8535532951354979
0.42677664756774897
0.12499998509883878
0.24999997019767756
0.24999998509883878
0.4999999999999999
0.21338830888271326
0.0
0.3749998807907104
0.0
0.4999999403953551
0.9999999403953551
0.4267766773700713
0.24999998509883878
0.36427667737007136
0.21338830888271326
0.49999997019767756
0.4999999999999999
0.14644662290811533
0.42677664756774897
0.24999998509883878
0.42677664011716837
0.4267766773700713
0.4999999105930328
0.24999998509883878
0.4267765879631042
0.2499999552965164
0.12499998509883878
0.42677664756774897
0.24999997392296788
0.4999999999999999
0.2499999552965163
0.4999999999999999
0.03661165013909339
0.24999998509883878
0.4999999403953551
0.24999997019767756
0.12499997764825818
0.4999999403953551
0.12499998509883878
0.4999999999999999
0.42677667364478106
0.24999998509883878
0.4999999999999999
0.24999998509883878
0.4999999999999999
0.8535531610250472
0.4267766773700713
0.4999999999999999
0.4267766773700713
0.24999997019767756
0.4267766177654265
0.1249999776482582
0.03661165013909339
0.1249999776482582
0.4999999999999999
0.24999997019767756
0.4999999999999999
0.4267766773700713
0.4999999999999999
0.0
0.4999999999999999
0.24999998509883878
0.12499997764825818
0.4267766773700713
0.23169411718845362
0.36427667737007136
0.24999997019767756
0.49999997019767756
0.2499999552965164
0.4999999999999999
0.07322328537702559
0.24999997019767756
0.1249999776482582
0.2499999552965164
0.24999997019767756
0.4999999999999999
0.4999999403953551
0.0
0.4267766773700713
0.24999997019767756
0.24999998509883878
0.24999997019767756
0.4999999403953551
0.07322329282760619
0.0
0.12499998509883878
0.21338830888271326
0.24999998509883878
0.24999997019767756
0.4999999403953551
0.06249998509883879
0.24999998509883878
0.36427667737007136
0.12499998509883878
0.21338830888271326
0.24999997019767756
0.31249997019767756
0.49999997019767756
0.42677664756774897
0.42677664756774897
0.42677664756774897
0.49999997019767756
0.24999997019767756
0.9999998807907102
0.24999998509883878
0.24999998509883878
0.4999999999999999
0.9999999403953551
0.4999999999999999
0.24999997019767756
0.4999999403953551
0.21338832378387448
0.0
0.24999997019767756
0.3200824856758117
0.4999999999999999
0.4999999403953551
0.4999999105930328
0.4999999999999999
0.4999999999999999
0.4267766773700713
0.49999997019767756
0.07322329282760619
