0.2483332604169845
0.24668880781064212
0.2499999261926859
0.2483332604169845
0.2466887889895588
0.24668879290948093
0.24833327531814572
0.24833325145300472
0.2483332604169845
0.2499999224673956
0.24999994132667777
0.24833325145300472
0.24506630003452298
0.24833327531814572
0.24833324551582334
0.24668881297111506
0.24506630547875827
0.24668882333207873
0.2466887889895588
0.24833325203508133
0.24668882787227628
0.24668881297111506
0.2450662607679987
0.24999994039535517
0.24668880819808686
0.24506629057577806
0.2499999414430931
0.24668880831450218
0.24833327531814572
0.24833325156942004
0.2499999224673956
0.24833325156942004
0.2499999224673956
0.24506629057577806
0.24833325145300472
0.24668881297111506
0.2483332513365894
0.2483332604169845
0.2499999224673956
0.24346538286408753
0.24833325145300472
0.24833327531814572
0.2483332513365894
0.2499999261926859
0.24668881297111506
0.24506630003452298
0.24833323666825885
0.24506630547875827
0.24999992630910123
0.24668880781064212
0.24668880819808686
0.24833878874778745
0.2483332513365894
0.2483332604169845
0.24668882787227628
0.24668880831450218
0.24668882787227628
0.24833325145300472
0.24668880819808686
0.2483332513365894
0.24833325145300472
0.24833325156942004
0.24833324551582334
0.24668877800741024
0.24346538286408753
0.2466887980699539
0.2499999414430931
0.24833324551582334
0.24833325156942004
0.24833324551582334
0.2499999261926859
0.249999925494194
0.24833325145300472
0.2499999261926859
0.24833324551582334
0.24506630003452298
0.24833325203508133
0.24668880831450218
0.2499999414430931
0.24668882787227628
0.24833327531814572
0.24506628187373275
0.2450662756727979
0.24346538286408753
0.24668881297111506
0.24668880831450218
0.24668877800741024
0.2499999224673956
0.24668880819808686
0.2466887889895588
0.2499999414430931
0.2483332604169845
0.24833326647058124
0.2450663054714823
0.24668881297111506
0.24668880831450218
0.24833325156942004
0.24668880831450218
0.24833326647058124
0.24668880831450218
0.24668879290584295
0.2483332604169845
0.24668882787227628
0.24668880781064212
0.24999994132667777
0.249999925494194
0.24668880831450218
0.24751103331800545
0.2450662756727979
0.2483332604169845
0.24668880780973262
0.24668881297111506
0.24668880819808686
0.24833325145300472
0.24999994039535517
0.24668880819808686
0.24668880819808686
0.2466887889895588
0.2499999224673956
0.24506630547875827
0.24999994132667777
0.24668879352975634
0.24668880780882313
0.24833325145300472
0.24668880819808686
0.24668880831450218
0.24833325156942004
0.2483332604169845
0.2499999224673956
0.24833327531814572
0.24668882787227628
0.24999992630910123
0.24506629057577806
0.24833327531814572
0.24833327531814572
0.2483332604169845
0.24999994039535517
0.24833326647058124
0.24833324551582334
0.24999992630910123
0.24668880780973262
0.24833324551582334
0.24506628187373275
0.2458775119393976
0.24833324551582334
0.24668880819808686
0.2450662756727979
0.24999992630910123
0.2483332364354282
0.24668880819808686
0.24999992613447825
0.24668879290948093
0.2499999261926859
0.24833327531814572
0.24833325145300472
0.24668877800831973
0.24669425189495084
0.2499999414430931
0.24833324551582334
0.24668882787227628
0.2466887980699539
0.24833325145300472
0.24833327531814572
0.24668880831450218
0.24999992630910123
0.24833327531814572
0.2450663054714823
0.24668880831450218
0.2466887980699539
0.24668880819808686
0.24506631493568415
0.2483332513365894
0.2483332604169845
0.2483332513365894
0.2483332604169845
0.24668879290948093
0.24833325145300472
0.24833327531814572
0.2483332604169845
0.24506630546966332
0.24346538286408753
0.24668880831450218
0.2483332604169845
0.2483332902193069
0.24668877800831973
0.24668880780973262
0.24833325145300472
0.24506630003452298
0.24668881297111506
0.24999994039535517
0.24668882787227628
0.24668880831450218
0.2499999261926859
0.24833327531814572
0.24506630003452298
0.2499999414430931
0.24668881297111506
0.24833324551582334
0.24506629057577806
0.24506630546966332
0.2483332604169845
0.24506630003452298
0.2499999261926859
0.2499999224673956
0.24668880819808686
0.2483332604169845
0.24999994132667777
0.24506631493568415
0.24669426854234183
0.24668881297111506
0.24833325145300472
0.2483332604169845
0.24833324551582334
0.24668882787227628
0.24999992630910123
0.24668880831450218
0.24668880831450218
0.24668882787227628
0.2483332604169845
0.24668882787227628
0.24668879290584295
0.2466888084309175
0.24668881297111506
0.24668880819808686
0.24833327531814572
0.2466887889895588
0.24506630003452298
0.24668880831450218
0.24668880819808686
0.24506631493568415
0.2499999414430931
0.24833325145300472
0.24668881297111506
0.24833326647058124
0.24506630003452298
0.2499999224673956
0.2499999224673956
0.24668882787227628
0.24668879290948093
0.24833325145300472
0.2483332604169845
0.24669423699378962
0.24833326658699656
0.2499999261926859
0.24506630547875827
0.2499999224673956
0.24668880781064212
0.24833325156942004
0.24833325145300472
0.2466887980699539
0.24506630003452298
0.2499999414430931
0.24506630547875827
0.24833324551582334
0.249999925494194
0.24506630003452298
0.2483332513365894
0.24833325156942004
0.24833325145300472
0.24668880819808686
0.24506629057577806
0.2483332604169845
0.24346538286408753
0.24668880819808686
0.24506630003452298
0.24833327531814572
0.24833323061466211
0.24833325156942004
0.24506629057395907
0.24668880819808686
0.2466887980699539
0.24668880819808686
0.2483332604169845
0.2466887889895588
0.24916656315326685
0.24833327531814572
0.24506630547875827
0.24833325168583537
0.24999994039535517
0.24833324551582334
0.24833325145300472
0.24668880819808686
0.24833325145300472
0.2450663054714823
0.24668880819808686
0.2466887889895588
0.2466888227118033
0.24833327531814572
0.24999994039535517
0.24668880831450218
0.24833325156942004
0.24833326647058124
0.24668880819808686
0.24668880831450218
0.24668882787227628
0.24833325156942004
0.24668879290584295
0.249999925494194
0.24833325145300472
0.2450662756746169
0.2499999261926859
0.2483332604169845
0.24833325145300472
0.24668877800741024
0.24833325156942004
0.2483332513365894
0.24668879290584295
0.24506630003452298
0.2483332513365894
0.2499999414430931
0.24833325156942004
0.24668882787227628
0.2466888041235506
0.24668881297111506
0.24346538286408753
0.2466942842029311
0.2499999224673956
0.2466888041235506
0.24833327531814572
0.24668882787227628
0.2483332604169845
0.24506629057577806
0.24833323061466211
0.24833326658699656
0.2483332902193069
0.24833327531814572
0.24668882787227628
0.24506630003452298
0.24668881297111506
0.2466887889895588
0.24668882787227628
0.24506630003452298
0.24668881297111506
0.2483332513365894
0.24833326658699656
0.24833325145300472
0.24999992630910123
0.249999925494194
0.2483332604169845
0.24833324551582334
0.2499999261926859
0.24668881297111506
0.2466888227127128
0.2499999224673956
0.2483332604169845
0.24668880831450218
0.24833327531814572
0.2483332513365894
0.24506630547875827
0.24833325145300472
0.24833325168583537
0.24668879290584295
0.24668880831450218
0.2499999224673956
0.2466888078115516
0.24833325145300472
0.2483332604169845
0.24668880819808686
0.2499999224673956
0.2499999261926859
0.2483332513365894
0.2499999224673956
0.24668881297111506
0.24668881297111506
0.24668880781064212
0.24833327531814572
0.2499999224673956
0.24833327531814572
0.24668882787227628
0.24833324551582334
0.24668880831450218
0.24833327531814572
0.2499999224673956
0.24668879290948093
0.24833325145300472
0.24833323666825885
0.2483332604169845
0.24506630003452298
0.24999994039535517
0.2499999224673956
0.2466887980699539
0.24668879291039042
0.24506629057577806
0.24999992630910123
0.2499999414430931
0.24506630003452298
0.24668881297111506
0.24668881297111506
0.24506630546966332
0.24668881297111506
0.24833323061466211
0.2499999224673956
0.24506630003452298
0.24668880819808686
0.24833327531814572
0.24833326658699656
0.24833324551582334
0.2483332604169845
0.24668880831450218
0.24999994039535517
