2.290133237838744562e-01
1.830582320690154682e-02
6.249998380917713009e-02
1.830581855028867375e-02
2.133883088827132624e-01
6.249997392296791077e-02
6.249997392296790383e-02
2.499999701976775568e-01
0.000000000000000000e+00
3.661164641380309365e-02
3.071382716298102222e-01
3.661164268851279519e-02
-1.862645151698915322e-09
4.267766773700713001e-01
3.661164641380309365e-02
1.433057817630469521e-01
3.200824558734893244e-01
5.491746775805948777e-02
3.124998789280652306e-02
0.000000000000000000e+00
0.000000000000000000e+00
1.249999627470970015e-01
2.499999552965163907e-01
0.000000000000000000e+00
1.249999627470970015e-01
1.249999727891931561e-01
2.133882492780684870e-01
3.661163523793219826e-02
1.066941656172274988e-01
9.374997671693563461e-02
6.249999254941938920e-02
1.608263552188873291e-01
2.133883088827133179e-01
1.830581575632095337e-02
4.267766475677489679e-01
0.000000000000000000e+00
1.249999850988387784e-01
6.249997277312667465e-02
4.267766140401362263e-01
1.044732853770255765e-01
3.661163896322249672e-02
3.642766177654265802e-01
1.249999776482581954e-01
1.830582227557897221e-02
1.066941004246473174e-01
6.786160171031949129e-02
1.874999534338712692e-01
1.066941432654857497e-01
3.661164641380309365e-02
3.124999161809681458e-02
0.000000000000000000e+00
3.661163523793219826e-02
2.133882939815520963e-01
4.267765730619421105e-01
2.149586677551268976e-01
1.249999739229678830e-01
0.000000000000000000e+00
1.249999702406174584e-01
1.066941516473889073e-01
1.874999604187905511e-01
6.786161102354526520e-02
0.000000000000000000e+00
2.133882263533486146e-01
7.322330027818678422e-02
1.433058059774338922e-01
4.867325209545469161e-09
6.249996088445274739e-02
4.999998807907103382e-01
1.874999552965163907e-01
7.322329655289649963e-02
6.249998509883881309e-02
7.322329562157391114e-02
0.000000000000000000e+00
0.000000000000000000e+00
4.633882641792296808e-01
4.197329282760619423e-02
2.866115206852554165e-01
7.322328537702559037e-02
0.000000000000000000e+00
3.661163710057734055e-02
5.702427419151944460e-09
0.000000000000000000e+00
5.491746217012404702e-02
1.433057785034179410e-01
1.830583438277244221e-02
9.152909275144336873e-03
6.883438707916410004e-09
5.491745471954345009e-02
3.749999143183230799e-01
3.661164268851279519e-02
1.072329841554164713e-02
3.642766028642653309e-01
3.642766475677489679e-01
6.249997206032276154e-02
1.072329841554164713e-02
2.133882641792297086e-01
0.000000000000000000e+00
1.066941432654857497e-01
0.000000000000000000e+00
4.267766773700713001e-01
0.000000000000000000e+00
1.433057850226759633e-01
2.499999403953551691e-01
6.249998882412909768e-02
1.303616054356097897e-01
0.000000000000000000e+00
0.000000000000000000e+00
1.158470623195171217e-01
3.661164268851279519e-02
7.322328910231588883e-02
4.999999701976775568e-01
6.249999254941938920e-02
3.661165013909339211e-02
7.322330027818678422e-02
3.749999441206454676e-01
1.830581226386129509e-02
4.633882939815520130e-01
3.661165013909339211e-02
1.249999590218066892e-01
2.133883386850356501e-01
1.830582879483699452e-02
1.433058134280144891e-01
2.499999850988387784e-01
6.249999254941938920e-02
1.433057598769664487e-01
1.830582134425639759e-02
1.874999254941940030e-01
0.000000000000000000e+00
2.088118046522140225e-01
6.249997019767759843e-02
3.661163523793219826e-02
2.133883088827132624e-01
1.830581016838550568e-02
1.249999683350324353e-01
1.072330027818679636e-02
0.000000000000000000e+00
0.000000000000000000e+00
0.000000000000000000e+00
4.197329934686422348e-02
0.000000000000000000e+00
6.249997392296790383e-02
6.786163058131931825e-02
1.249999832361936430e-01
1.066941265016794066e-01
2.316941064782440107e-01
2.133882939815520963e-01
5.491746461484580538e-02
3.124999441206454537e-02
3.124999254941940655e-02
4.687497964729306354e-02
2.683058381080626886e-01
0.000000000000000000e+00
1.249999776482581954e-01
1.072330400347709482e-02
1.249999776482581815e-01
0.000000000000000000e+00
6.249999627470969460e-02
2.812499143183230799e-01
1.249999757856130322e-01
0.000000000000000000e+00
4.267765581607817493e-01
3.955264752730726641e-01
1.249999739229678830e-01
0.000000000000000000e+00
3.642766475677489679e-01
1.066941432654857497e-01
3.661163151264189980e-02
1.562499403953551969e-01
6.249999254941938920e-02
2.133882343769073209e-01
1.072330214083194559e-02
4.999999999999998890e-01
2.499998826533555707e-01
0.000000000000000000e+00
2.144658565521239540e-02
1.830581761896609566e-02
5.464149639010428272e-01
3.661163896322249672e-02
4.999999403953551136e-01
0.000000000000000000e+00
7.322330027818678422e-02
3.124998882412909768e-02
1.830581761896609913e-02
6.250000745058058305e-02
3.124997392296790383e-02
1.249999478459358077e-01
0.000000000000000000e+00
1.874999445154140465e-01
1.249999925494193753e-01
3.661165386438368363e-02
1.249999478891744426e-01
2.098664268851279519e-02
1.524587161839008054e-01
2.133882790803908747e-01
1.600412353873252591e-01
3.140783403068780465e-03
2.499999552965163907e-01
6.786161288619040055e-02
1.072330027818679636e-02
5.334706697613000176e-02
2.133882530033587854e-01
2.133882934775242213e-01
7.322327792644499345e-02
0.000000000000000000e+00
3.661164641380309365e-02
3.669574409723281305e-01
4.633882343769072376e-01
0.000000000000000000e+00
1.249999776482581954e-01
5.334706604480743408e-02
2.499999850988387784e-01
6.249996644822485015e-02
6.249997764825820923e-02
3.661163523793219826e-02
6.249997392296790383e-02
0.000000000000000000e+00
1.072330307215452021e-02
1.874999608844518384e-01
3.749999403953551691e-01
4.999999403953551136e-01
0.000000000000000000e+00
1.433057938702404499e-01
4.176236651837824665e-01
1.830582320690154682e-02
2.446382166817783754e-01
6.249998509883879227e-02
2.499999701976775568e-01
3.661164641380309365e-02
1.600411832332610806e-01
1.072330214083194559e-02
1.874999701976775845e-01
0.000000000000000000e+00
2.133883088827132624e-01
1.249999571591615538e-01
4.267765879631041925e-01
2.408470213413237970e-01
1.433057487010955533e-01
4.267766475677489679e-01
2.432978466385974925e-01
3.642765586448675763e-01
0.000000000000000000e+00
3.661163337528704903e-02
2.133882939815520963e-01
3.661162778735160828e-02
6.249998509883879227e-02
2.133882734924554825e-01
0.000000000000000000e+00
3.124999254941941002e-02
6.218589693307876587e-01
3.661164268851279519e-02
6.249997019767759843e-02
1.066941628232598027e-01
1.830581715330481529e-02
1.249999850988387784e-01
1.249999850988387923e-01
1.066941879689693173e-01
6.249995794676198313e-02
1.830582693219184182e-02
0.000000000000000000e+00
0.000000000000000000e+00
4.267766475677489679e-01
0.000000000000000000e+00
3.437499115243553560e-01
3.124997951090335499e-02
9.374997671693563461e-02
1.341528743505477628e-01
2.446382939815520685e-01
6.249996647238730690e-02
9.999999403953551136e-01
1.821382679045199793e-01
6.249998882412909768e-02
2.812498995589473583e-01
0.000000000000000000e+00
6.249997764825819535e-02
3.124999161809682152e-02
1.249999478459358077e-01
4.633882790803908192e-01
3.661161847412586212e-02
0.000000000000000000e+00
7.322327792644499345e-02
0.000000000000000000e+00
1.249999547813238493e-01
0.000000000000000000e+00
3.357073515653609674e-01
3.661165013909339211e-02
4.267766252160072327e-01
3.749999105930327814e-01
2.446382455527781885e-01
0.000000000000000000e+00
3.200824484229087274e-01
1.072330400347709482e-02
1.249999850988387784e-01
3.661163523793219826e-02
3.642766438424586140e-01
1.874999459832906168e-01
1.830581575632094990e-02
4.497934412211179733e-02
6.249998230487107537e-02
0.000000000000000000e+00
6.249999254941938920e-02
-2.458992010012650140e-09
2.316941190510988235e-01
1.249999627470970015e-01
3.200823068618774414e-01
2.583675803616642397e-01
1.066941246390342435e-01
3.661164641380309365e-02
0.000000000000000000e+00
2.316941549070179185e-01
0.000000000000000000e+00
4.999999999999998890e-01
3.955265544354914509e-01
2.133882641792297086e-01
2.225412169937043827e-01
3.200823555052672020e-01
3.661164268851278825e-02
2.499999552965163907e-01
1.830581575632094990e-02
1.830581296235322952e-02
6.249998137354849381e-02
-1.008055693714801297e-09
0.000000000000000000e+00
9.152902290225035931e-03
2.499999850988387784e-01
0.000000000000000000e+00
0.000000000000000000e+00
1.249999443507918556e-01
0.000000000000000000e+00
2.446382828056811731e-01
2.133883088827132624e-01
1.249999590218066892e-01
9.374998835846780343e-02
1.874999534338712415e-01
3.661165013909339211e-02
3.200824260711669367e-01
2.602632204070686739e-01
1.072330214083194559e-02
2.812499105930327814e-01
1.874999701976775845e-01
2.499999552965163907e-01
3.661164641380309365e-02
4.633882939815520130e-01
2.499999552965163907e-01
5.361652234569191065e-03
4.267766289412974201e-01
6.249997019767759843e-02
1.570390537381171313e-03
2.524507492780684870e-01
3.661163896322249672e-02
0.000000000000000000e+00
1.249999850988387784e-01
0.000000000000000000e+00
1.433057654649018964e-01
3.200824074447154444e-01
1.249999349010239985e-01
2.133882492780684870e-01
2.133883046373283576e-01
1.249999701976775845e-01
5.491744726896285317e-02
2.133883237838744840e-01
0.000000000000000000e+00
0.000000000000000000e+00
1.874999143183231076e-01
1.249999701976775568e-01
1.249999627470970015e-01
2.316940980963408669e-01
3.839226812124252319e-02
0.000000000000000000e+00
1.249999478459358077e-01
2.133883237838744840e-01
6.249997764825819535e-02
2.133882939815520963e-01
5.491746962070464394e-02
1.223191292956471166e-01
2.316940706223248880e-01
1.249999525025484587e-01
1.830581575632094990e-02
3.749999403953551691e-01
5.491746217012404702e-02
3.642766475677489679e-01
3.200824349187313955e-01
0.000000000000000000e+00
1.830582320690154682e-02
1.066941320896148543e-01
6.249999254941938920e-02
5.334705859422683022e-02
3.661163896322249672e-02
4.197329748421906731e-02
1.249999627470970015e-01
1.874999254941940030e-01
3.200824260711669367e-01
2.812499932479112785e-01
2.499999520368873795e-01
0.000000000000000000e+00
-5.875381792197486302e-09
7.322326302528379960e-02
1.072330307215452021e-02
3.200824260711669367e-01
5.223663034848868153e-02
2.499999552965163907e-01
6.249999254941938920e-02
1.066941497847437581e-01
4.267765879631041925e-01
3.661163523793219826e-02
1.249999850988387784e-01
3.292353213764726561e-01
2.499999254941940030e-01
1.249999850988387784e-01
2.144660241901874889e-02
6.249997601158929078e-02
1.874999892897903642e-01
2.446383237838744562e-01
2.133882939815520963e-01
1.874999436549842080e-01
7.322328910231588883e-02
3.124999068677424691e-02
9.374997019767759843e-02
1.249999999999999722e-01
1.874999403953551969e-01
0.000000000000000000e+00
2.133882343769073209e-01
3.642766252160071772e-01
4.576446954160927859e-03
1.249999701976775845e-01
5.366115123033522449e-01
9.374995529651641846e-02
2.133883368223905286e-01
0.000000000000000000e+00
1.830581016838550221e-02
3.200823962688445490e-01
