0.21338804624974725
0.31249947845935816
0.12499988824129103
0.36427628993988026
0.12499979883432387
0.24999974668025968
0.23169400542974466
-7.450580606795661e-09
0.06249991804361342
0.031249996274709695
0.31249947845935816
0.24999973177909846
0.10669405199587342
0.12499990314245221
0.12499988079071042
0.2133880670011114
0.24999970197677607
0.1874997150152921
0.036611593488210296
0.18749979510903356
0.07322327047586441
-2.4214376947995213e-08
0.0
0.12499987315292313
0.10669397953867851
0.2133879533834779
0.24999968963227642
0.018305793724158633
0.24999955296516413
0.06249990609621035
0.009152930229902267
0.21338803507387638
0.06249995543830188
0.24999976158142084
0.10669403802603482
0.2499995976686477
