30
58
82
114
139
163
191
214
248
275
308
332
358
379
401
435
464
488
515
541
567
597
628
658
681
706
741
773
804
839
875
899
923
954
984
1012
1039
1070
1099
1127
1154
1182
1214
1243
1270
1292
1319
1349
1372
1409
1430
1460
1492
1524
1550
1584
1618
1648
1673
1709
1735
1769
1798
1831
1856
1889
1910
1941
1963
1987
2013
2038
2066
2090
2115
2144
2174
2203
2231
2261
2297
2325
2356
2384
2413
2445
2473
2501
2532
2568
2596
2620
2658
2688
2717
2748
2781
2814
2848
2874
2903
2938
2968
2991
3024
3056
3088
3114
3142
3166
3190
3221
3252
3282
3309
3337
3363
3396
3424
3450
3477
3507
3535
3562
3584
3613
3639
3661
3690
3722
3751
3780
3809
3840
3866
3894
3926
3956
3982
4014
4040
4073
4104
4129
4153
4177
4202
4230
4261
4289
4322
4343
4366
4397
4423
4452
4479
4504
4528
4562
4586
4616
4645
4671
4700
4735
4762
4791
4818
4839
4871
4898
4929
4962
4983
5011
5040
5068
5093
5118
5136
5165
5186
5213
5238
5260
5288
5313
5345
5373
5406
5431
5465
5497
5524
5558
5588
5617
5646
5669
5701
5732
5755
5785
5813
5844
5871
5902
5927
5951
5979
6001
6028
6054
6084
6116
6147
6178
6204
6235
6266
6299
6336
6363
6401
6429
6465
6495
6517
6552
6583
6615
6644
6672
6694
6725
6744
6766
6794
6817
6839
6864
6895
6924
6953
6984
7006
7036
7060
7086
7118
7139
7165
7186
7207
7235
7258
7279
7307
7336
7364
7390
7419
7453
7488
7520
7549
7575
7601
7635
7670
7697
7730
7756
7780
7805
7834
7864
7891
7918
7949
7974
7994
8022
8051
8074
8105
8131
8154
8178
8208
8239
8266
8296
8323
8347
8373
8402
8428
8449
8473
8495
8525
8556
8584
8613
8634
8657
8683
8713
8747
8777
8801
8830
8861
8892
8919
8947
8972
8996
9022
9049
9078
9098
9130
9156
9180
9204
9227
9255
9284
9307
9326
9357
9383
9403
9430
9454
9475
9497
9521
9554
9583
9612
9635
9666
9697
9720
9741
9767
9799
9823
9850
9874
9902
9933
9960
9982
10012
10043
10068
10094
10120
10141
10166
10200
10226
10255
10282
10308
10335
10358
10386
10413
10441
10466
10494
10518
10539
10564
10600
10625
10649
10673
10701
10728
10752
10775
10808
10833
10860
10881
10902
10924
10954
10985
11007
11033
11055
11079
11102
11127
11146
11165
11192
11219
11245
11276
11302
11326
11351
11378
11403
11431
11455
11482
11502
11537
11564
11588
11614
11645
11669
11697
11723
11750
11775
11798
11827
11863
11886
11912
11930
11962
11985
12014
12044
12071
12091
12116
12149
12180
12205
12232
12251
12282
12305
12331
12356
12384
12410
12433
12457
12483
12513
12533
12560
12586
12610
12635
12659
12686
12711
12735
12760
12785
12811
12831
12859
12886
12910
12933
12957
12982
13011
13037
13060
13086
13105
13132
13157
13183
13215
13240
13267
13295
13321
13339
13361
13383
13407
13431
13459
13482
13513
13544
13575
13602
13628
13660
13683
13708
13727
13752
13781
13807
13827
13853
13877
13898
13931
13958
13985
14010
14037
14065
14083
14110
14139
14173
14203
14233
14257
14287
14312
14333
14363
14386
14408
14432
14463
14479
14503
14525
14550
14570
14599
14622
14646
14673
14705
14736
14766
14796
14818
14848
14869
14897
14918
14941
14963
14989
15014
15038
15061
15084
15110
15133
15158
15183
15205
15236
15258
15278
15299
15321
15342
15362
15387
15418
15442
15474
15499
15523
15550
15572
15595
15621
15645
15670
15695
15722
15750
15772
15798
15821
15847
15874
15894
15922
15952
15971
16000
16026
16057
16087
16114
16142
16160
16184
16206
16228
16247
16272
16297
16325
16348
16373
16401
16425
16446
16470
16494
16522
16548
16568
16590
16612
16631
16656
16679
16703
16725
16745
16773
16793
16819
16842
16863
16889
16910
16933
16953
16971
16994
17018
17043
17065
17086
17111
17137
17164
17184
17203
17224
17247
17271
17291
17314
17332
17357
17385
17409
17432
17463
17488
17510
17529
17557
17576
17598
17619
17636
17656
17681
17700
17727
17750
17783
17804
17825
17850
17872
17893
17917
17941
17963
17982
18001
18021
18053
18077
18100
18125
18150
18175
18198
18224
18254
18279
18302
18319
18341
18365
18386
18409
18429
18453
18475
18495
18520
18539
18569
18598
18619
18642
18664
18690
18713
18736
18756
18776
18798
18822
18847
18870
18888
18911
18934
18960
18982
19000
19024
19046
19069
19096
19115
19136
19158
19178
19198
19218
19243
19269
19295
19319
19341
19368
19396
19419
19440
19462
19489
19513
19535
19560
19587
19609
19635
19655
19673
19698
19717
19737
19762
19785
19805
19827
19849
19867
19887
19919
19940
19960
19986
20010
20036
20060
20081
20104
20129
20148
20171
20195
20217
20244
20263
20280
20301
20321
20346
20368
20395
20415
20439
20462
20489
20509
20533
20557
20576
20599
20620
20642
20667
20688
20710
20730
20750
20772
20795
20815
20838
20858
20878
20900
20921
20939
20959
20982
21010
21029
21051
21075
21094
21114
21140
21163
21182
21203
21224
21247
21267
21286
21308
21332
21353
21377
21398
21418
21437
21463
21487
21506
21532
21553
21573
21595
21615
21639
21660
21683
21703
21728
21753
21774
21802
21830
21851
21876
21895
21915
21940
21958
21981
22001
22025
22046
22070
22092
22112
22134
22156
22180
22198
22222
22246
22269
22288
22309
22327
22348
22376
22397
22419
22437
22457
22478
22501
22525
22545
22563
22586
22612
22632
22651
22674
22697
22718
22736
22756
22774
22793
22816
22834
22853
22876
22897
22917
22937
22956
22976
22995
23020
23041
23062
23081
23102
23122
23139
23159
23181
23201
23222
23246
23270
23292
23309
23333
23354
23382
23400
23419
23438
23458
23478
23498
23520
23542
23559
23582
23601
23622
23646
23668
23691
23714
23733
23754
23777
23797
23814
23832
23852
23872
23894
23914
23938
23960
23981
24001
24025
24048
24067
24089
24106
24128
24154
24177
24200
24222
24247
24263
24290
24312
24334
24351
24373
24392
24413
24431
24449
24469
24486
24504
24524
24546
24567
24590
24613
24634
24658
24678
24702
24724
24749
24769
24788
24808
24826
24845
24863
24883
24900
24920
24937
24961
24982
25002
25020
25038
25063
25090
25109
25129
25147
25171
25192
25215
25233
25254
25273
25296
25322
25341
25360
25379
25403
25424
25446
25469
25494
25514
25531
25552
25574
25591
25611
25636
25653
25671
25690
25711
25729
25749
25772
25793
25813
25832
25851
25870
25889
25912
25941
25965
25987
26005
26026
26045
26066
26089
26112
26135
26154
26174
26192
26210
26229
26253
26271
26290
26313
26329
26350
26367
26393
26410
26432
26455
26478
26498
26515
26536
26555
26576
26593
26614
26635
26654
26673
26690
26708
26726
26750
26771
26796
26813
26833
26855
26872
26892
26911
26937
26955
26973
26991
27007
27030
27052
27071
27089
27110
27127
27145
27166
27182
27201
27220
27238
27256
27276
27294
27313
27332
27350
27369
27389
27406
27425
27446
27466
27485
27502
27521
27541
27564
27581
27599
27617
27634
27654
27671
27687
27705
27721
27744
27765
27783
27802
27823
27845
27864
27879
27905
27924
27942
27959
27975
27999
28015
28032
28052
28072
28092
28112
28134
28151
28172
28188
28208
28228
28247
28265
28285
28307
28324
28343
28362
28383
28403
28421
28441
28457
28477
28498
28518
28538
28554
28572
28593
28611
28631
28654
28673
28690
28708
28729
28745
28763
28783
28802
28820
28839
28856
28875
28894
28911
28930
28949
28966
28984
29001
29022
29040
29057
29072
29091
29112
29132
29150
29168
29188
29209
29233
29251
29272
29291
29307
29326
29343
29369
29391
29407
29427
29448
29466
29493
29509
29534
29551
29567
29589
29609
29627
29649
29675
29692
29713
29732
29751
29775
29796
29813
29830
29851
29870
29889
29908
29926
29947
29962
29982
30000
30020
30038
30056
30077
30093
30112
30130
30153
30172
30188
30210
30228
30247
30265
30284
30302
30319
30336
30355
30378
30396
30418
30435
30455
30475
30490
30511
30532
30551
30572
30588
30607
30623
30643
30663
30681
30701
30717
30736
30754
30770
30785
30801
30819
30835
30854
30874
30893
30913
30929
30948
30968
30991
31008
31025
31042
31059
31077
31096
31116
31136
31156
31173
31191
31210
31232
31249
31268
31287
31304
31323
31340
31356
31375
31392
31409
31426
31441
31457
31474
31493
31514
31532
31548
31567
31586
31604
31620
31636
31655
31674
31693
31715
31734
31753
31770
31785
31804
31823
31841
31861
31876
31897
31918
31936
31952
31969
31988
32006
32028
32047
32067
32086
32104
32122
32141
32157
32173
32193
32215
32233
32250
32266
32286
32305
32325
32343
32363
32382
32404
32423
32442
32462
32480
32500
32520
32541
32560
32579
32598
32615
32635
32652
32668
32687
32704
32725
32745
32767
32784
32802
32823
32844
32863
32879
32900
32916
32934
32952
32970
32989
33007
33025
33044
33062
33079
33097
33115
33134
33157
33178
33196
33212
33232
33250
33269
33289
33307
33325
33346
33363
33381
33400
33417
33436
33455
33474
33493
33511
33526
33543
33560
33581
33598
33616
33635
33655
33673
33690
33710
33731
33752
33774
33789
33808
33826
33845
33865
33882
33901
33920
33937
33954
33970
33988
34007
34026
34043
34063
34081
34100
34121
34138
34159
34175
34195
34217
34236
34258
34275
34291
34308
34329
34351
34369
34389
34406
34422
34438
34458
34477
34494
34510
34532
34549
34566
34583
34601
34627
34646
34667
34684
34701
34718
34734
34752
34769
34788
34805
34823
34842
34858
34873
34889
34905
34923
34940
34957
34974
34990
35007
35026
35044
35060
35080
35098
35114
35133
35149
35165
35186
35205
35221
35237
35257
35274
35290
35306
35322
35340
35357
35375
35394
35413
35435
35452
35467
35489
35506
35522
35538
35558
35577
35594
35612
35633
35654
35669
35686
35704
35721
35740
35758
35775
35792
35809
35826
35846
35864
35884
35903
35924
35943
35959
35977
35993
36013
36031
36048
36067
36084
36100
36118
36135
36153
36170
36189
36208
36226
36246
36267
36283
36301
36317
36336
36351
36372
36387
36404
36421
36443
36459
36483
36499
36515
36534
36553
36570
36585
36601
36617
36635
36651
36667
36684
36701
36718
36734
36756
36773
36790
36806
36823
36844
36863
36881
36900
36919
36938
36954
36969
36984
37006
37025
37042
37059
37078
37095
37113
37131
37148
37167
37187
37207
37223
37239
37256
37273
37289
37306
37322
37340
37359
37378
37397
37417
37435
37451
37470
37487
37506
37525
37545
37564
37582
37598
37616
37634
37650
37667
37684
37702
37719
37736
37757
37772
37790
37807
37825
37843
37859
37876
37891
37909
37934
37953
37968
37988
38004
38020
38036
38053
38071
38091
38108
38126
38143
38167
38184
38200
38215
38230
38247
38266
38281
38302
38318
38337
38356
38373
38389
38404
38420
38437
38455
38472
38489
38505
38523
38543
38561
38578
38596
38612
38627
38646
38662
38678
38699
38717
38733
38752
38768
38787
38803
38819
38835
38852
38869
38884
38900
38918
38935
38950
38966
38983
39000
39015
39031
39047
39066
39082
39099
39116
39132
39150
39166
39184
39200
39215
39231
39247
39266
39283
39298
39315
39332
39350
39366
39382
39398
39414
39430
39447
39463
39479
39495
39511
39528
39543
39559
39579
39594
39610
39629
39644
39661
39679
39697
39715
39730
39749
39765
39781
39797
39817
39834
39850
39869
39886
39901
39917
39939
39955
39973
39988
40008
40025
40042
40057
40073
40088
40103
40119
40136
40154
40173
40188
40204
40221
40237
40254
40270
40286
40303
40318
40336
40355
40373
40390
40405
40422
40437
40455
40472
40490
40507
40523
40538
40554
40570
40586
40601
40618
40638
40655
40672
40689
40706
40722
40743
40759
40775
40792
40807
40824
40841
40861
40879
40899
40918
40933
40951
40968
40986
41003
41021
41037
41054
41069
41088
41106
41124
41140
41158
41175
41194
41212
41228
41243
41260
41276
41291
41310
41328
41346
41361
41379
41398
41415
41432
41449
41467
41485
41503
41524
41541
41559
41574
41591
41606
41623
41639
41658
41674
41690
41706
41722
41742
41761
41780
41797
41815
41831
41848
41864
41882
41899
41920
41935
41950
41970
41985
42000
42017
42034
42049
42066
42085
42101
42117
42134
42150
42169
42186
42205
42222
42239
42255
42274
42291
42310
42326
42347
42363
42379
42394
42412
42428
42446
42461
42477
42493
42510
42529
42546
42562
42580
42595
42612
42630
42645
42662
42680
42695
42713
42730
42746
42761
42778
42799
42816
42833
42852
42869
42886
42902
42918
42936
42954
42970
42989
43004
43020
43040
43056
43071
43088
43104
43122
43138
43156
43171
43189
43206
43224
43240
43255
43271
43288
43304
43321
43337
43352
43369
43386
43403
43418
43433
43451
43466
43484
43501
43517
43532
43548
43564
43582
43600
43620
43636
43653
43673
43690
43706
43721
43738
43753
43770
43786
43804
43820
43835
43853
43870
43887
43907
43924
43939
43954
43970
43987
44005
44020
44036
44052
44068
44084
44102
44118
44133
44148
44163
44179
44198
44216
44237
44256
44272
44289
44306
44326
44343
44364
44379
44395
44412
44428
44445
44462
44477
44496
44512
44527
44543
44561
44578
44593
44610
44625
44642
44658
44674
44691
44706
44722
44738
44755
44771
44786
44801
44817
44836
44852
44871
44887
44905
44923
44940
44956
44973
44991
45007
45023
45040
45056
45072
45088
45104
45123
45139
45158
45173
45191
45208
45225
45240
45259
45277
45294
45310
45327
45344
45360
45376
45392
45407
45427
45445
45462
45479
45494
45510
45526
45543
45558
45575
45592
45607
45624
45639
45656
45675
45692
45710
45727
45744
45761
45777
45792
45808
45826
45842
45858
45875
45892
45910
45928
45944
45960
45977
45993
46009
46026
46042
46061
46076
46091
46106
46121
46138
46156
46171
46189
46208
46226
46243
46258
46276
46293
46310
46327
46344
46360
46377
46396
46412
46432
46448
46467
46484
46499
46517
46535
46551
46566
46583
46600
46616
46635
46651
46667
46684
46700
46716
46734
46751
46768
46783
46802
46819
46837
46855
46870
46885
46903
46922
46937
46953
46969
46986
47004
47020
47037
47054
47070
47086
47103
47118
47134
47153
47171
47187
47204
47220
47237
47253
47269
47285
47304
47322
47338
47355
47372
47389
47405
47421
47437
47454
47472
47488
47503
47520
47537
47553
47568
47584
47602
47619
47637
47654
47670
47689
47705
47721
47737
47752
47767
47784
47801
47817
47834
47849
47866
47881
47897
47914
47931
47946
47962
47978
47995
48010
48031
48047
48063
48080
48095
48112
48127
48142
48160
48177
48193
48210
48225
48243
48261
48276
48292
48307
48323
48338
48357
48373
48389
48407
48425
48441
48456
48473
48491
48507
48523
48540
48555
48573
48589
48606
48621
48636
48653
48670
48686
48708
48725
48742
48758
48778
48794
48813
48829
48846
48861
48877
48893
48913
48928
48944
48961
48979
48994
49015
49032
49049
49064
49082
49098
49113
49130
49147
49166
49183
49198
49213
49228
49243
49260
49278
49293
49311
49327
49345
49361
49376
49393
49408
49424
49439
49456
49472
49490
49507
49525
49542
49558
49574
49590
49606
49622
49640
49658
49674
49690
49706
49722
49738
49755
49771
49787
49802
49820
49837
49853
49868
49885
49900
49915
49934
49950
49965
49980
49997
50015
50031
50048
50063
50080
50097
50114
50130
50145
50161
50178
50193
50210
50225
50241
50257
50273
50288
50305
50321
50337
50354
50370
50386
50401
50419
50438
50456
50473
50488
50504
50520
50536
50554
50570
50586
50604
50619
50640
50657
50673
50689
50706
50721
50738
50755
50772
50787
50802
50818
50838
50857
50876
50891
50907
50923
50938
50954
50971
50987
51002
51019
51036
51054
51070
51086
51103
51118
51135
51152
51169
51188
51203
51218
51233
51250
51266
51281
51297
51313
51330
51346
51361
51380
51397
51414
51430
51446
51462
51478
51493
51509
51525
51541
51556
51572
51588
51604
51619
51634
51652
51670
51686
51702
51718
51734
51750
51768
51784
51799
51814
51830
51847
51863
51881
51897
51913
51932
51949
51964
51981
52000
52016
52032
52051
52066
52083
52101
52119
52135
52150
52165
52181
52197
52212
52232
52248
52264
52279
52294
52310
52327
52343
52358
52375
52391
52407
52422
52440
52458
52473
52491
52508
52524
52540
52555
52571
52588
52606
52624
52641
52659
52676
52692
52708
52723
52739
52754
52771
52787
52804
52821
52838
52853
52869
52884
52903
52920
52936
52951
52967
52982
52998
53021
53037
53053
53070
53085
53101
53117
53133
53148
53164
53183
53199
53215
53231
53247
53263
53278
53294
53310
53327
53343
53359
53375
53391
53407
53423
53439
53455
53471
53488
53504
53520
53535
53550
53568
53584
53599
53615
53631
53646
53666
53682
53699
53714
53731
53746
53763
53779
53795
53811
53827
53842
53857
53875
53891
53907
53923
53939
53955
53971
53986
54002
54017
54033
54049
54065
54080
54095
54111
54126
54142
54157
54172
54187
54203
54219
54235
54252
54270
54288
54304
54319
54334
54349
54364
54380
54397
54415
54430
54445
54461
54476
54493
54509
54524
54539
54554
54570
54586
54602
54620
54635
54651
54667
54685
54701
54717
54732
54748
54764
54780
54795
54811
54828
54844
54859
54874
54889
54908
54925
54941
54957
54972
54988
55003
55020
55037
55053
55070
55086
55103
55124
55140
55155
55171
55188
55206
55222
55239
55254
55271
55289
55305
55321
55337
55353
55369
55386
55402
55419
55437
55452
55467
55483
55498
55514
55529
55546
55564
55580
55596
55614
55629
55646
55663
55680
55696
55711
55727
55744
55759
55776
55792
55810
55825
55842
55857
55873
55889
55906
55921
55937
55952
55969
55985
56001
56017
56034
56049
56064
56081
56096
56111
56127
56144
56159
56177
56193
56208
56225
56241
56258
56274
56291
56307
56325
56342
56358
56374
56389
56405
56422
56437
56454
56471
56490
56508
56523
56541
56556
56572
56588
56604
56620
56637
56654
56669
56685
56700
56715
56732
56748
56763
56780
56795
56810
56826
56841
56856
56877
56894
56910
56926
56942
56959
56974
56990
57007
57022
57038
57055
57070
57086
57102
57117
57133
57148
57164
57180
57197
57214
57230
57248
57265
57281
57297
57314
57332
57351
57366
57382
57399
57414
57430
57446
57464
57481
57497
57514
57529
57546
57563
57578
57594
57611
57627
57642
57658
57675
57691
57707
57724
57742
57759
57775
57791
57807
57823
57839
57855
57870
57885
57903
57919
57936
57951
57967
57982
57999
58015
58033
58048
58063
58078
58095
58110
58126
58142
58159
58175
58191
58209
58225
58242
58260
58276
58292
58309
58324
58341
58356
58372
58389
58405
58420
58438
58456
58472
58487
58503
58518
58534
58550
58566
58581
58599
58615
58632
58649
58664
58680
58695
58713
58728
58743
58759
58774
58791
58807
58823
58839
58856
58871
58886
58901
58916
58932
58953
58968
58985
59000
59016
59033
59050
59065
59080
59095
59111
59126
59141
59159
59178
59197
59213
59228
59244
59259
59274
59289
59305
59320
59336
59352
59370
59385
59401
59416
59432
59448
59464
59479
59494
59509
59525
59543
59558
59573
59588
59603
59620
59637
59653
59673
59688
59704
59721
59738
59754
59770
59787
59804
59820
59835
59851
59867
59883
59898
59914
59929
59947
59964
59979
59995
60011
60026
60044
60061
60076
60093
60109
60126
60142
60160
60178
60193
60209
60224
60239
60257
60273
60288
60303
60318
60334
60351
60366
60383
60400
60415
60430
60445
60463
60479
60494
60509
60525
60542
60559
60577
60593
60609
60627
60642
60658
60674
60690
60706
60723
60739
60757
60774
60790
60805
60820
60835
60852
60869
60884
60899
60915
60931
60946
60962
60977
60994
61009
61027
61044
61060
61075
61094
61109
61125
61140
61155
61171
61187
61202
61218
61233
61248
61263
61281
61297
61316
61333
61348
61363
61379
61396
61411
61427
