10
25
41
56
71
86
101
105
120
135
150
165
171
177
192
207
222
237
252
267
282
297
312
327
342
357
372
387
402
417
432
445
449
454
469
481
496
503
518
533
544
559
574
576
591
604
619
634
639
654
669
674
689
704
719
734
745
760
768
783
790
805
820
835
850
864
879
883
898
906
921
936
951
966
973
988
992
1007
1022
1037
1052
1055
1070
1085
1100
1115
1130
1135
1150
1165
1173
1188
1203
1218
1233
1248
1263
1278
1293
1296
1311
1320
1326
1341
1356
1371
1386
1401
1415
1417
1432
1447
1462
1477
1481
1496
1511
1526
1531
1533
1548
1559
1564
1579
1593
1608
1614
1629
1640
1655
1670
1680
1695
1700
1706
1721
1736
1751
1766
1771
1776
1791
1798
1812
1827
1840
1848
1853
1868
1883
1898
1913
1924
1939
1954
1969
1981
1996
2011
2017
2022
2038
2053
2068
2083
2086
2101
2116
2131
2144
2159
2174
2189
2200
2215
2227
2234
2237
2250
2265
2280
2295
2310
2325
2340
2355
2370
2377
2388
2403
2418
2425
2440
2453
2468
2483
2490
2493
2501
2516
2529
2544
2559
2569
2577
2592
2607
2622
2624
2639
2654
2663
2678
2688
2703
2718
2733
2748
2754
2767
2782
2785
2789
2804
2819
2834
2849
2851
2866
2881
2892
2894
2909
2924
2936
2948
2952
2958
2965
2980
2995
3000
3015
3030
3045
3060
3075
3090
3100
3115
3130
3138
3153
3155
3170
3185
3200
3216
3219
3223
3238
3253
3268
3275
3279
3294
3309
3314
3318
3333
3340
3343
3358
3373
3387
3402
3411
3426
3441
3456
3466
3481
3496
3511
3526
3541
3543
3558
3573
3588
3603
3618
3633
3647
3661
3676
3691
3701
3716
3731
3745
3760
3775
3782
3797
3800
3815
3819
3822
3833
3848
3857
3872
3879
3894
3909
3924
3936
3951
3956
3972
3980
3995
4006
4021
4023
4029
4040
4052
4067
4082
4098
4113
4118
4133
4148
4163
4178
4193
4204
4213
4222
4237
4252
4261
4270
4285
4300
4314
4329
4331
4346
4361
4376
4391
4406
4421
4424
4439
4454
4469
4484
4499
4514
4529
4531
4546
4561
4568
4579
4594
4600
4606
4621
4635
4650
4665
4677
4692
4707
4722
4737
4745
4760
4775
4790
4805
4807
4819
4825
4840
4843
4849
4865
4880
4893
4897
4907
4920
4935
4940
4955
4970
4981
4996
5011
5018
5023
5038
5053
5068
5079
5094
5109
5112
5122
5133
5146
5161
5175
5190
5203
5207
5214
5217
5232
5240
5255
5270
5282
5291
5302
5307
5317
5319
5334
5349
5360
5375
5390
5405
5414
5429
5433
5440
5444
5459
5469
5484
5499
5514
5529
5531
5546
5561
5568
5583
5598
5613
5628
5643
5658
5673
5682
5686
5692
5707
5722
5734
5749
5764
5767
5782
5794
5809
5811
5818
5826
5840
5856
5871
5886
5894
5904
5919
5924
5927
5939
5943
5950
5965
5980
5983
5998
6013
6028
6041
6056
6064
6079
6086
6101
6116
6131
6137
6152
6165
6175
6185
6192
6207
6222
6224
6239
6254
6269
6282
6292
6307
6320
6326
6341
6356
6360
6375
6390
6393
6399
6414
6417
6425
6432
6436
6442
6447
6462
6467
6473
6488
6499
6514
6516
6531
6543
6558
6573
6586
6588
6590
6605
6618
6624
6634
6643
6652
6657
6672
6681
6696
6700
6703
6714
6721
6727
6733
6748
6755
6763
6765
6767
6777
6789
6805
6820
6822
6825
6840
6855
6870
6874
6882
6884
6889
6895
6910
6925
6936
6941
6956
6971
6977
6980
6995
7007
7010
7025
7030
7045
7047
7051
7066
7081
7083
7087
7095
7107
7122
7137
7140
7143
7158
7173
7181
7186
7193
7208
7223
7233
7244
7259
7274
7289
7304
7317
7331
7337
7341
7345
7360
7375
7381
7396
7411
7417
7432
7443
7453
7457
7472
7477
7492
7507
7509
7513
7521
7536
7551
7566
7581
7588
7591
7595
7601
7605
7616
7631
7643
7651
7663
7678
7693
7708
7714
7727
7737
7752
7761
7776
7789
7794
7810
7825
7828
7840
7851
7866
7870
7885
7900
7915
7931
7946
7951
7966
7976
7982
7997
8002
8005
8020
8024
8032
8047
8053
8064
8079
8082
8095
8101
8112
8124
8136
8149
8159
8172
8187
8191
8206
8209
8219
8228
8237
8244
8256
8260
8265
8273
8281
8284
8299
8314
8324
8326
8341
8351
8353
8356
8371
8386
8394
8409
8411
8413
8428
8441
8444
8449
8464
8473
8484
8490
8505
8509
8516
8526
8528
8539
8550
8558
8560
8568
8573
8578
8586
8588
8591
8600
8604
8609
8621
8631
8633
8643
8658
8673
8683
8688
8696
8711
8726
8738
8754
8769
8777
8780
8789
8804
8808
8820
8827
8833
8844
8854
8862
8869
8873
8888
8893
8908
8910
8919
8934
8944
8949
8954
8965
8978
8990
8994
8997
9010
9014
9022
9029
9032
9044
9046
9061
9076
9083
9087
9095
9106
9108
9113
9120
9132
9137
9141
9151
9167
9174
9180
9187
9202
9204
9207
9209
9215
9222
9225
9230
9237
9250
9257
9262
9278
9293
9308
9321
9336
9339
9352
9356
9358
9373
9388
9393
9400
9402
9413
9428
9443
9456
9458
9469
9484
9490
9505
9514
9523
9533
9548
9555
9557
9560
9566
9572
9583
9598
9600
9607
9609
9616
9618
9624
9627
9630
9635
9638
9654
9666
9681
9694
9702
9712
9719
9734
9747
9750
9759
9772
9784
9797
9812
9819
9834
9850
9852
9856
9871
9886
9894
9909
9914
9919
9935
9940
9948
9958
9972
9978
9982
9993
10002
10017
10029
10033
10037
10044
10046
10061
10065
10070
10085
10088
10093
10105
10116
10119
10127
10129
10135
10138
10151
10166
10169
10172
10185
10196
10201
10217
10227
10231
10245
10249
10252
10260
10271
10274
10290
10293
10303
10306
10315
10320
10325
10327
10330
10335
10341
10344
10347
10350
10354
10363
10366
10375
10382
10385
10393
10402
10406
10414
10420
10433
10438
10453
10459
10470
10474
10482
10484
10493
10505
10510
10514
10516
10521
10530
10539
10541
10556
10563
10565
10573
10578
10588
10591
10604
10607
10612
10622
10638
10643
10651
10654
10656
10664
10671
10677
10685
10694
10696
10704
10711
10713
10722
10730
10732
10735
10740
10747
10750
10763
10770
10786
10793
10808
10811
10827
10832
10846
10853
10857
10861
10866
10877
10884
10890
10901
10903
10906
10908
10914
10922
10924
10931
10934
10937
10941
10943
10951
10954
10963
10966
10977
10989
10995
11000
11004
11007
11010
11014
11018
11023
11027
11033
11037
11043
11049
11058
11061
11066
11069
11074
11082
11087
11099
11105
11110
11113
11119
11126
11128
11134
11148
11150
11165
11168
11173
11181
11191
11194
11199
11209
11212
11214
11223
11232
11234
11242
11252
11260
11266
11272
11277
11279
11281
11290
11293
11299
11310
11315
11319
11334
11345
11349
11360
11365
11368
11371
11387
11389
11393
11397
11400
11409
11417
11422
11425
11430
11432
11440
11443
11446
11455
11459
11466
11470
11474
11477
11479
11488
11493
11499
11510
11514
11527
11531
11537
11553
11555
11557
11561
11565
11567
11571
11573
11580
11588
11593
11599
11609
11611
11613
11616
11627
11638
11649
11655
11660
11666
11673
11680
11685
11690
11692
11699
11702
11707
11712
11717
11723
11738
11742
11747
11755
11761
11766
11769
11772
11776
11780
11783
11791
11797
11799
11804
11811
11814
11817
11822
11825
11830
11835
11837
11844
11851
11855
11863
11869
11873
11875
11877
11881
11884
11887
11893
11900
11904
11913
11918
11924
11937
11942
11952
11954
11958
11962
11969
11973
11976
11984
11993
11998
12012
12027
12029
12044
12049
12054
12057
12067
12071
12077
12087
12089
12093
12095
12110
12115
12130
12139
12142
12144
12147
12156
12162
12168
12176
12179
12182
12184
12188
12192
12209
12225
12228
12233
12242
12250
12253
12258
12263
12269
12273
12288
12294
12297
12300
12307
12313
12315
12318
12323
12326
12331
12336
12339
12343
12347
12351
12353
12363
12366
12370
12377
12384
12390
12394
12397
12403
12407
12409
12411
12414
12420
12433
12435
12438
12443
12448
12450
12457
12466
12470
12476
12480
12483
12485
12488
12493
12498
12501
12505
12508
12513
12515
12521
12524
12533
12535
12543
12545
12548
12551
12558
12564
12567
12572
12575
12578
12580
12584
12588
12593
12596
12598
12605
12617
12629
12634
12638
12645
12658
12661
12665
12675
12684
12688
12691
12695
12704
12707
12710
12716
12719
12728
12734
12739
12741
12748
12755
12758
12762
12764
12767
12772
12777
12783
12789
12796
12800
12808
12811
12817
12821
12828
12830
12840
12849
12854
12857
12860
12862
12871
12876
12883
12887
12889
12894
12896
12898
12902
12912
12918
12924
12926
12933
12935
12940
12952
12954
12960
12966
12971
12974
12978
12982
12985
12992
12996
13002
13004
13007
13009
13015
13018
13021
13025
13030
13043
13048
13053
13055
13060
13064
13067
13069
13074
13081
13091
13096
13099
13103
13107
13109
13116
13125
13135
13143
13146
13152
13157
13160
13162
13169
13176
13179
13183
13188
13192
13196
13202
13207
13211
13214
13218
13228
13231
13237
13241
13249
13251
13253
13257
13260
13263
13265
13274
13282
13287
13295
13300
13302
13304
13310
13315
13317
13319
13323
13336
13339
13344
13349
13351
13353
13359
13361
13366
13368
13371
13375
13378
13381
13385
13388
13391
13400
13404
13408
13413
13415
13418
13422
13426
13429
13431
13437
13441
13443
13446
13453
13457
13461
13470
13472
13476
13485
13492
13496
13499
13502
13506
13508
13516
13526
13530
13532
13538
13541
13544
13548
13550
13554
13557
13560
13566
13571
13575
13588
13591
13599
13601
13610
13613
13617
13622
13625
13629
13632
13640
13642
13646
13649
13654
13660
13675
13681
13687
13695
13699
13701
13704
13712
13718
13720
13726
13728
13741
13746
13748
13752
13754
13764
13768
13770
13776
13779
13782
13784
13786
13791
13797
13799
13808
13811
13813
13817
13820
13828
13833
13836
13844
13851
13856
13866
13873
13876
13884
13886
13889
13892
13900
13906
13908
13911
13921
13935
13937
13941
13947
13950
13955
13958
13964
13968
13977
13983
13990
13995
13997
14000
14003
14014
14018
14022
14028
14032
14034
14039
14043
14048
14055
14058
14060
14063
14066
14068
14075
14078
14081
14083
14090
14098
14101
14104
14107
14109
14111
14113
14120
14122
14124
14133
14141
14143
14150
14155
14159
14163
14168
14171
14178
14180
14195
14200
14210
14212
14215
14225
14229
14232
14239
14245
14248
14252
14263
14266
14268
14273
14276
14281
14284
14288
14291
14299
14305
14310
14313
14323
14329
14337
14339
14351
14353
14360
14363
14371
14375
14378
14382
14387
14394
14397
14401
14411
14417
14422
14425
14429
14444
14448
14450
14453
14457
14462
14464
14474
14478
14484
14486
14490
14493
14499
14502
14508
14511
14517
14519
14522
14524
14534
14537
14541
14543
14545
14547
14549
14558
14562
14566
14568
14572
14574
14579
14588
14590
14593
14600
14602
14605
14609
14613
14615
14617
14621
14624
14630
14633
14639
14641
14646
14650
14652
14655
14658
14660
14667
14669
14673
14676
14679
14684
14687
14689
14698
14700
14704
14708
14710
14713
14715
14717
14723
14728
14733
14737
14740
14742
14745
14748
14754
14757
14760
14763
14775
14778
14784
14787
14790
14795
14801
14803
14807
14813
14820
14826
14834
14840
14842
14845
14849
14851
14854
14862
14865
14869
14871
14873
14875
14881
14888
14892
14894
14900
14904
14908
14911
14913
14918
14933
14937
14941
14943
14947
14950
14953
14958
14960
14966
14969
14971
14974
14976
14980
14986
14993
14995
14997
14999
15001
15009
15018
15020
15022
15025
15028
15036
15039
15042
15046
15048
15052
15062
15065
15069
15074
15077
15081
15084
15087
15093
15096
15099
15108
15110
15113
15117
15120
15122
15125
15130
15132
15136
15139
15144
15147
15151
15153
15155
15158
15166
15170
15177
15179
15189
15194
15198
15201
15209
15212
15216
15222
15224
15228
15230
15237
15240
15242
15246
15251
15259
15262
15265
15268
15279
15282
15290
15293
15295
15300
15304
15306
15311
15320
15327
15332
15335
15339
15341
15345
15347
15354
15363
15368
15370
15372
15374
15377
15381
15384
15389
15395
15399
15410
15412
15415
15418
15425
15428
15435
15439
15445
15453
15458
15460
15463
15469
15478
15482
15485
15487
15490
15492
15500
15502
15506
15509
15511
15513
15515
15519
15527
15536
15540
15542
15547
15550
15553
15560
15567
15570
15575
15577
15583
15586
15590
15593
15595
15599
15605
15609
15614
15616
15618
15622
15628
15634
15637
15641
15648
15653
15658
15660
15668
15671
15674
15676
15679
15682
15686
15690
15697
15701
15704
15710
15714
15724
15727
15732
15737
15739
15743
15745
15750
15762
15768
15773
15776
15779
15782
15790
15795
15802
15804
15812
15814
15816
15818
15821
15825
15828
15831
15835
15838
15845
15857
15863
15865
15871
15874
15877
15881
15886
15889
15897
15899
15904
15911
15923
15926
15930
15933
15936
15939
15942
15945
15948
15950
15957
15962
15967
15971
15976
15980
15984
15987
15991
15993
15996
16000
16004
16009
16013
16020
16030
16036
16038
16041
16043
16046
16049
16057
16059
16065
16069
16082
16085
16087
16090
16092
16094
16102
16107
16115
16121
16127
16138
16141
16145
16147
16151
16155
16157
16168
16170
16185
16187
16195
16204
16215
16219
16221
16228
16230
16234
16242
16249
16254
16259
16264
16275
16284
16289
16293
16299
16302
16304
16309
16313
16316
16320
16325
16336
16341
16346
16350
16353
16356
16361
16364
16366
16368
16374
16377
16380
16384
16387
16393
16395
16397
16402
16404
16407
16410
16412
16414
16416
16420
16423
16425
16428
16431
16435
16438
16444
16450
16453
16457
16459
16465
16468
16472
16474
16482
16487
16489
16493
16496
16499
16501
16506
16509
16518
16526
16528
16535
16538
16541
16545
16548
16553
16558
16561
16564
16570
16575
16578
16586
16589
16592
16595
16599
16602
16604
16606
16608
16612
16616
16619
16622
16626
16630
16637
16642
16645
16650
16652
16655
16658
16662
16665
16668
16676
16681
16685
16692
16697
16703
16706
16712
16718
16724
16730
16735
16738
16742
16744
16748
16752
16755
16760
16762
16764
16768
16772
16777
16779
16784
16789
16795
16800
16803
16808
16815
16818
16823
16828
16830
16832
16834
16842
16845
16849
16851
16853
16858
16861
16866
16870
16872
16878
16888
16893
16895
16898
16900
16904
16907
16909
16911
16915
16918
16920
16924
16928
16932
16936
16938
16942
16946
16949
16955
16957
16961
16964
16971
16983
16985
16990
16999
17003
17005
17012
17016
17021
17023
17026
17029
17032
17035
17039
17046
17048
17050
17055
17060
17062
17066
17069
17076
17086
17090
17094
17097
17103
17114
17116
17118
17124
17128
17131
17136
17138
17143
17146
17155
17161
17165
17173
17175
17178
17180
17191
17195
17200
17203
17208
17210
17218
17221
17224
17229
17231
17238
17240
17242
17248
17252
17256
17262
17265
17269
17277
17283
17288
17294
17296
17298
17300
17304
17306
17308
17312
17318
17320
17323
17327
17332
17338
17343
17346
17348
17351
17363
17365
17369
17372
17375
17383
17388
17390
17392
17396
17404
17406
17409
17411
17414
17420
17427
17432
17434
17442
17448
17450
17453
17456
17460
17463
17472
17477
17479
17483
17486
17488
17491
17495
17498
17501
17503
17508
17512
17514
17516
17519
17522
17526
17528
17530
17532
17536
17539
17548
17550
17553
17557
17560
17562
17565
17569
17576
17578
17581
17584
17595
17600
17603
17607
17611
17614
17617
17619
17623
17628
17631
17638
17641
17647
17653
17660
17667
17671
17673
17676
17680
17682
17684
17687
17691
17695
17697
17702
17704
17709
17715
17718
17721
17724
17727
17732
17738
17742
17746
17749
17752
17756
17758
17760
17767
17774
17785
17789
17796
17798
17803
17806
17819
17822
17825
17827
17834
17837
17842
17845
17849
17855
17859
17865
17867
17871
17881
17889
17893
17895
17898
17907
17914
17923
17930
17935
17940
17942
17948
17954
17956
17959
17964
17966
17968
17971
17977
17979
17981
17983
17991
18000
18004
18011
18015
18022
18025
18029
18031
18041
18043
18047
18051
18057
18063
18070
18073
18077
18081
18084
18089
18091
18094
18099
18102
18108
18111
18114
18118
18121
18127
18129
18132
18139
18142
18145
18151
18158
18165
18169
18174
18176
18183
18186
18192
18195
18198
18203
18209
18212
18214
18221
18223
18226
18228
18230
18232
18238
18242
18247
18251
18253
18259
18264
18269
18271
18276
18279
18286
18291
18296
18304
18306
18310
18314
18318
18320
18326
18329
18334
18338
18342
18345
18349
18354
18356
18359
18363
18366
18371
18375
18378
18382
18386
18390
18396
18399
18407
18411
18418
18425
18429
18433
18437
18441
18448
18451
18458
18462
18476
18485
18497
18501
18504
18510
18514
18518
18520
18527
18530
18538
18541
18545
18547
18549
18551
18555
18560
18562
18565
18573
18577
18581
18588
18591
18593
18596
18598
18601
18608
18610
18614
18619
18629
18631
18634
18638
18642
18647
18650
18652
18662
18664
18668
18672
18674
18676
18681
18684
18687
18691
18697
18700
18702
18705
18711
18717
18720
18723
18726
18732
18739
18741
18743
18748
18751
18754
18757
18762
18764
18767
18770
18774
18777
18779
18782
18784
18786
18788
18791
18795
18799
18804
18806
18810
18812
18815
18819
18821
18824
18826
18828
18831
18833
18835
18837
18839
18842
18848
18850
18854
18858
18862
18865
18867
18870
18872
18875
18878
18880
18883
18889
18892
18896
18898
18901
18908
18910
18913
18917
18920
18923
18928
18931
18935
18938
18941
18944
18946
18951
18953
18955
18958
18962
18970
18973
18978
18980
18985
18987
18989
18991
18995
18999
19004
19006
19009
19013
19017
19020
19024
19029
19034
19038
19041
19044
19049
19052
19055
19061
19063
19068
19070
19072
19076
19079
19081
19085
19088
19093
19095
19101
19103
19106
19108
19113
19117
19123
19126
19129
19136
19143
19152
19157
19160
19167
19178
19187
19189
19192
19197
19201
19204
19206
19210
19213
19216
19218
19226
19230
19236
19240
19244
19248
19255
19259
19261
19266
19271
19274
19278
19280
19289
19292
19297
19303
19306
19309
19314
19318
19323
19328
19330
19334
19340
19344
19346
19350
19355
19358
19361
19365
19368
19372
19377
19380
19385
19392
19394
19397
19400
19408
19411
19414
19417
19421
19424
19427
19432
19434
19439
19443
19445
19448
19456
19459
19462
19469
19474
19476
19480
19482
19486
19488
19490
19492
19496
19500
19505
19509
19514
19519
19523
19528
19532
19535
19539
19544
19546
19552
19558
19565
19568
19572
19578
19582
19586
19589
19591
19598
19601
19605
19610
19613
19616
19622
19627
19634
19637
19642
19644
19646
19650
19652
19657
19659
19664
19667
19670
19672
19675
19678
19680
19690
19695
19698
19701
19703
19708
19715
19721
19726
19732
19734
19737
19743
19745
19748
19750
19754
19756
19765
19771
19775
19777
19780
19789
19792
19796
19798
19801
19805
19813
19818
19822
19824
19828
19830
19834
19841
19847
19855
19863
19865
19868
19874
19877
19881
19884
19890
19894
19902
19904
19906
19913
19917
19919
19924
19927
19933
19937
19940
19942
19945
19948
19955
19959
19961
19966
19974
19977
19984
19986
19990
19992
19995
20005
20009
20011
20013
20019
20021
20024
20027
20040
20044
20047
20049
20052
20055
20057
20060
20064
20066
20069
20071
20073
20076
20078
20082
20085
20088
20092
20096
20103
20106
20112
20116
20123
20126
20128
20133
20137
20141
20143
20147
20154
20156
20158
20160
20164
20170
20177
20179
20185
20187
20191
20196
20199
20204
20208
20214
20217
20224
20229
20232
20235
20237
20245
20249
20251
20253
20256
20258
20262
20268
20270
20283
20286
20291
20294
20297
20302
20308
20310
20315
20324
20327
20330
20333
20339
20342
20347
20354
20357
20359
20363
20369
20372
20380
20384
20386
20391
20393
20396
20399
20402
20405
20410
20412
20414
20419
20424
20426
20430
20433
20436
20439
20443
20449
20454
20457
20460
20462
20472
20477
20480
20482
20487
20489
20492
20498
20500
20502
20508
20511
20513
20517
20519
20525
20529
20531
20541
20543
20545
20547
20550
20553
20557
20562
20568
20571
20575
20578
20583
20588
20590
20592
20594
20598
20602
20608
20610
20613
20619
20623
20626
20631
20636
20638
20641
20645
20649
20651
20653
20655
20659
20664
20666
20672
20677
20681
20697
20700
20704
20708
20712
20722
20724
20728
20732
20735
20741
20747
20756
20761
20765
20767
20769
20771
20774
20778
20781
20787
20790
20793
20796
20798
20800
20805
20813
20818
20821
20826
20834
20840
20842
20845
20847
20849
20852
20854
20857
20859
20861
20864
20867
20875
20877
20881
20885
20890
20894
20896
20901
20905
20908
20911
20914
20916
20919
20922
20925
20928
20937
20942
20948
20951
20956
20961
20967
20971
20977
20983
20986
20988
20992
20997
21001
21003
21009
21013
21020
21023
21027
21033
21036
21041
21043
21046
21050
21062
21065
21067
21072
21075
21078
21081
21084
21088
21090
21098
21100
21103
21105
21111
21114
21119
21123
21134
21136
21138
21143
21149
21151
21153
21155
21158
21163
21168
21171
21174
21177
21181
21187
21191
21195
21197
21201
21205
21212
21215
21218
21221
21227
21230
21233
21238
21244
21247
21249
21253
21255
21262
21265
21267
21271
21275
21278
21282
21285
21287
21290
21297
21299
21303
21306
21309
21312
21318
21321
21328
21330
21332
21338
21341
21348
21351
21355
21357
21361
21364
21366
21373
21375
21378
21383
21385
21390
21394
21397
21401
21403
21405
21411
21415
21418
21421
21424
21428
21431
21433
21436
21439
21444
21449
21455
21459
21461
21465
21468
21470
21473
21475
21478
21483
21485
21488
21497
21499
21502
21506
21510
21514
21516
21520
21524
21527
21531
21535
21542
21544
21546
21550
21553
21561
21565
21568
21572
21576
21582
21585
21591
21593
21599
21603
21606
21610
21613
21618
21622
21627
21631
21636
21639
21641
21648
21651
21658
21660
21667
21669
21675
21681
21683
21687
21691
21694
21701
21709
21712
21720
21722
21728
21731
21738
21747
21751
21753
21755
21758
21763
21765
21767
21769
21773
21777
21780
21784
21786
21789
21792
21797
21799
21801
21804
21807
21812
21819
21828
21837
21843
21850
21854
21860
21863
21865
21869
21871
21874
21877
21879
21884
21886
21889
21891
21896
21900
21903
21906
21910
21913
21915
21920
21925
21929
21932
21937
21940
21945
21948
21951
21954
21957
21964
21968
21974
21976
21979
21981
21984
21989
21993
21998
22002
22005
22007
22011
22013
22016
22018
22021
22024
22028
22030
22034
22036
22038
22043
22047
22049
22054
22057
22061
22063
22065
22070
22072
22074
22076
22078
22082
22085
22087
22092
22094
22102
22104
22108
22118
22120
22123
22125
22131
22139
22144
22149
22153
22155
22157
22159
22161
22163
22167
22173
22176
22183
22186
22188
22190
22195
22198
22204
22209
22216
22220
22222
22224
22227
22229
22232
22234
22236
22240
22246
22254
22257
22259
22261
22265
22268
22270
22272
22279
22281
22284
22289
22291
22294
22298
22300
22304
22308
22313
22320
22325
22327
22332
22335
22338
22344
22347
22351
22356
22358
22362
22364
22369
22372
22374
22382
22385
22391
22394
22398
22410
22413
22415
22420
22425
22429
22431
22438
22444
22450
22453
22456
22459
22464
22467
22473
22477
22484
22492
22494
22497
22500
22505
22516
22520
22522
22525
22528
22530
22532
22537
22542
22544
22549
22551
22554
22556
22560
22563
22570
22575
22581
22583
22585
22587
22601
22604
22606
22615
22617
22619
22625
22627
22632
22635
22640
22642
22646
22648
22651
22654
22657
22659
22661
22664
22668
22680
22683
22685
22687
22689
22692
22699
22704
22708
22714
22721
22729
22733
22738
22742
22744
22747
22750
22754
22756
22760
22762
22764
22768
22771
22776
22782
22784
22787
22792
22796
22800
22803
22806
22808
22810
22815
22819
22829
22831
22833
22838
22841
22846
22849
22852
22854
22860
22864
22867
22870
22874
22878
22880
22882
22887
22890
22894
22897
22901
22903
22905
22909
22913
22915
22919
22923
22928
22932
22936
22943
22945
22950
22956
22963
22965
22970
22972
22978
22980
22986
22988
22991
22994
22997
23004
23007
23012
23016
23019
23025
23028
23031
23034
23037
23040
23046
23048
23050
23055
23060
23062
23070
23073
23080
23088
23094
23098
23103
23111
23113
23117
23120
23125
23129
23133
23135
23140
23152
23156
23161
23163
23167
23169
23171
23174
23181
23185
23189
23193
23195
23198
23201
23212
23217
23223
23227
23231
23235
23237
23241
23249
23252
23256
23260
23263
23267
23275
23278
23281
23284
23288
23290
23295
23298
23308
23320
23324
23327
23331
23340
23343
23348
23351
23356
23358
23362
23365
23368
23372
23374
23378
23386
23391
23395
23399
23403
23405
23407
23411
23413
23415
23417
23421
23427
23430
23433
23435
23440
23444
23450
23455
23459
23461
23463
23466
23468
23470
23474
23477
23480
23488
23490
23493
23498
23502
23504
23509
23511
23516
23523
23529
23532
23535
23539
23542
23546
23553
23557
23560
23567
23571
23576
23585
23589
23591
23593
23597
23601
23603
23605
23608
23611
23613
23616
23621
23623
23625
23629
23631
23634
23637
23639
23643
23651
23653
23657
23660
23662
23664
23667
23670
23677
23683
23692
23700
23705
23708
23710
23717
23723
23725
23728
23733
23735
23738
23741
23744
23748
23753
23756
23759
23761
23763
23768
23776
23780
23782
23787
23794
23801
23803
23806
23809
23814
23818
23823
23826
23830
23832
23835
23837
23843
23845
23850
23853
23858
23860
23863
23865
23867
23869
23872
23877
23883
23885
23888
23891
23895
23898
23900
23903
23909
23911
23915
23919
23921
23923
23927
23931
23936
23941
23945
23947
23954
23964
23967
23970
23975
23977
23982
23987
23992
23995
24001
24003
24007
24009
24014
24018
24021
24026
24030
24032
24037
24039
24041
24046
24049
24054
24057
24062
24067
24071
24076
24078
24087
24090
24092
24095
24099
24101
24105
24111
24115
24121
24124
24126
24131
24135
24137
24139
24145
24148
24155
24161
24163
24165
24168
24173
24178
24180
24184
24190
24192
24202
24204
24208
24213
24218
24221
24223
24227
24232
24236
24239
24242
24247
24252
24257
24264
24269
24272
24275
24277
24287
24290
24292
24294
24296
24299
24303
24305
24309
24316
24319
24323
24329
24332
24335
24340
24344
24348
24355
24357
24360
24362
24364
24367
24369
24373
24377
24381
24385
24388
24393
24397
24400
24408
24411
24413
24416
24421
24427
24433
24435
24438
24441
24446
24449
24452
24456
24462
24466
24468
24472
24477
24479
24481
24484
24490
24496
24499
24503
24506
24508
24512
24514
24517
24523
24529
24538
24540
24545
24548
24552
24556
24560
24563
24568
24572
24575
24581
24584
24590
24593
24599
24602
24605
24611
24614
24618
24629
24632
24635
24639
24646
24652
24655
24657
24662
24668
24670
24677
24683
24691
24693
24697
24700
24708
24712
24718
24720
24724
24734
24736
24738
24744
24754
24760
24764
24767
24773
24777
24782
24785
24789
24796
24798
24800
24805
24808
24814
24819
24824
24826
24828
24831
24837
24842
24846
24850
24856
24859
24862
24864
24868
24873
24878
24882
24888
24893
24899
24918
24925
24935
24939
24941
24945
24948
24953
24956
24959
24963
24966
24968
24973
24976
24979
24982
24984
24987
24990
24993
24995
25001
25004
25006
25008
25011
25016
25019
25024
25027
25029
25033
25037
25039
25046
25048
25051
25054
25057
25060
25068
25075
25080
25085
25088
25092
25097
25101
25103
25105
25108
25115
25118
25120
25127
25130
25133
25138
25140
25144
25147
25150
25154
25157
25160
25166
25171
25177
25180
25184
25188
25190
25194
25197
25204
25209
25212
25214
25217
25220
25226
25232
25244
25249
25252
25257
25259
25264
25269
25273
25280
25282
25284
25286
25290
25293
25295
25299
25301
25305
25310
25318
25320
25325
25333
25337
25343
25349
25354
25360
25362
25364
25368
25374
25377
25380
25386
25391
25395
25400
25403
25409
25411
25415
25418
25421
25424
25426
25434
25437
25441
25446
25449
25454
25457
25459
25461
25469
25471
25476
25480
25482
25488
25494
25498
25500
25505
25508
25510
25512
25516
25519
25524
25527
25529
25534
25536
25539
25548
25555
25559
25562
25566
25571
25576
25580
25585
25589
25597
25599
25604
25606
25610
25615
25620
25624
25627
25632
25637
25639
25643
25646
25649
25651
25656
25665
25671
25678
25680
25682
25685
25688
25692
25697
25699
25707
25711
25713
25715
25725
25728
25732
25734
25738
25740
25743
25746
25752
25755
25757
25761
25779
25783
25785
25789
25792
25797
25800
25802
25807
25809
25813
25823
25826
25830
25833
25842
25847
25852
25855
25857
25861
25864
25866
25870
25876
25882
25885
25888
25890
25894
25902
25908
25911
25914
25918
25920
25923
25928
25931
25933
25939
25945
25950
25954
25959
25966
25970
25976
25979
25981
25989
25992
25996
25999
26016
26018
26022
26026
26031
26034
26038
26042
26044
26046
26049
26053
26056
26058
26062
26067
26069
26073
26079
26083
26085
26087
26090
26095
26102
26104
26107
26114
26117
26119
26122
26126
26134
26142
26149
26152
26156
26159
26163
26167
26169
26177
26180
26183
26189
26194
26196
26204
26206
26209
26216
26218
26222
26224
26226
26233
26236
26239
26245
26250
26255
26257
26259
26261
26265
26267
26270
26273
26279
26283
26288
26291
26293
26295
26302
26305
26307
26309
26318
26321
26324
26328
26333
26336
26339
26343
26347
26349
26357
26361
26364
26366
26369
26371
26373
26375
26379
26381
26383
26387
26391
26393
26395
26398
26402
26407
26414
26417
26419
26421
26425
26430
26435
26438
26442
26447
26453
26456
26461
26465
26473
26476
26479
26482
26485
26488
26491
26497
26501
26505
26510
26513
26517
26522
26525
26531
26535
26539
26541
26546
26548
26555
26558
26562
26564
26567
26569
26574
26582
26587
26592
26597
26599
26603
26613
26615
26620
26625
26629
26633
26637
26642
26644
26646
26649
26653
26657
26660
26669
26672
26676
26679
26681
26684
26689
26693
26697
26703
26706
26714
26720
26725
26727
26729
26732
26734
26737
26740
26742
26744
26748
26752
26754
26757
26764
26769
26774
26777
26782
26788
26790
26793
26797
26801
26807
26809
26814
26816
26818
26822
26832
26834
26838
26841
26845
26847
26852
26854
26861
26863
26865
26867
26869
26871
26875
26877
26880
26882
26884
26888
26899
26901
26903
26905
26908
26910
26914
26916
26919
26921
26923
26929
26935
26943
26948
26951
26955
26957
26962
26967
26974
26978
26981
26984
26986
26991
26994
26997
27006
27008
27011
27013
27019
27023
27026
27030
27032
27034
27040
27044
27047
27051
27055
27059
27063
27067
27069
27072
27075
27079
27083
27086
27092
27097
27102
27105
27107
27109
27113
27117
27120
27124
27127
27129
27132
27136
27141
27145
27150
27152
27154
27158
27162
27165
27167
27169
27171
27175
27181
27183
27185
27187
27194
27200
27202
27206
27217
27222
27225
27227
27237
27241
27244
27248
27251
27257
27259
27267
27269
27276
27281
27287
27289
27291
27297
27300
27306
27311
27314
27317
27321
27326
27330
27332
27335
27339
27341
27345
27348
27354
27356
27358
27360
27365
27367
27374
27379
27381
27384
27388
27395
27400
27407
27414
27422
27424
27427
27430
27437
27443
27445
27449
27459
27461
27464
27467
27470
27474
27486
27493
27495
27499
27508
27511
27514
27516
27525
27527
27529
27535
27538
27540
27544
27546
27551
27559
27565
27571
27577
27584
27588
27590
27595
27597
27599
27604
27608
27613
27625
27627
27629
27635
27639
27643
27646
27649
27654
27666
27669
27671
27682
27684
27692
27699
27701
27708
27711
27714
27720
27725
27730
27732
27734
27737
27739
27744
27748
27750
27752
27756
27764
27766
27770
27774
27776
27783
27787
27789
27791
27796
27803
27808
27811
27813
27818
27824
27826
27833
27835
27841
27845
27851
27854
27857
27859
27866
27869
27872
27875
27878
27881
27886
27889
27894
27898
27900
27904
27907
27912
27914
27916
27918
27920
27925
27927
27929
27933
27935
27937
27946
27949
27952
27955
27960
27965
27971
27979
27982
27985
27987
27992
27995
28000
28002
28010
28012
28022
28024
28027
28031
28035
28037
28041
28045
28051
28054
28058
28061
28065
28068
28072
28076
28081
28085
28089
28091
28098
28105
28110
28114
28117
28120
28127
28129
28133
28135
28142
28144
28147
28151
28154
28159
28164
28173
28177
28180
28183
28189
28195
28198
28201
28207
28213
28215
28219
28225
28232
28237
28241
28243
28251
28254
28258
28262
28266
28270
28272
28277
28279
28281
28283
28287
28289
28293
28300
28302
28304
28306
28309
28312
28316
28318
28323
28330
28332
28335
28343
28346
28350
28354
28361
28363
28366
28370
28375
28377
28382
28384
28388
28391
28395
28398
28402
28404
28413
28423
28428
28430
28432
28437
28439
28441
28444
28449
28457
28461
28464
28468
28476
28478
28482
28485
28487
28494
28497
28501
28503
28505
28508
28511
28516
28519
28522
28526
28531
28536
28540
28548
28551
28558
28563
28566
28573
28577
28581
28587
28591
28597
28599
28602
28608
28610
28616
28619
28626
28630
28632
28637
28639
28644
28646
28650
28655
28658
28674
28676
28680
28683
28690
28695
28697
28702
28710
28714
28720
28725
28731
28739
28741
28743
28745
28747
28754
28758
28760
28763
28771
28774
28776
28778
28783
28785
28792
28798
28801
28804
28807
28822
28825
28831
28843
28848
28851
28853
28855
28859
28863
28870
28873
28876
28878
28883
28886
28891
28896
28903
28906
28912
28917
28920
28924
28926
28929
28933
28939
28941
28951
28956
28959
28962
28964
28966
28972
28975
28980
28982
28985
28988
28995
28997
28999
29002
29005
29011
29013
29015
29022
29025
29028
29033
29035
29037
29040
29043
29046
29049
29051
29053
29065
29069
29073
29075
29079
29082
29085
29090
29095
29097
29101
29103
29105
29109
29112
29114
29118
29120
29123
29128
29133
29140
29142
29145
29147
29152
29155
29159
29162
29166
29170
29177
29182
29187
29191
29195
29197
29200
29203
29205
29210
29212
29216
29224
29226
29233
29242
29246
29251
29256
29260
29263
29266
29268
29270
29273
29275
29279
29281
29285
29287
29295
29297
29303
29306
29308
29310
29312
29314
29319
29322
29325
29329
29332
29335
29340
29347
29353
29356
29358
29361
29367
29370
29380
29384
29387
29390
29393
29396
29400
29404
29408
29413
29416
29419
29421
29425
29427
29432
29434
29438
29444
29448
29450
29453
29462
29466
29469
29472
29480
29484
29488
29491
29494
29497
29503
29505
29509
29512
29516
29521
29529
29531
29534
29539
29545
29550
29558
29561
29565
29572
29576
29581
29586
29588
29590
29592
29595
29597
29600
29602
29609
29615
29618
29624
29626
29631
29636
29638
29642
29644
29647
29649
29655
29662
29667
29673
29676
29680
29685
29688
29690
29694
29696
29702
29705
29713
29717
29723
29730
29734
29736
29738
29741
29743
29749
29751
29755
29758
29762
29766
29771
29774
29778
29780
29782
29790
29793
29798
29800
29802
29804
29808
29811
29814
29818
29823
29826
29828
29830
29838
29845
29850
29854
29861
29864
29868
29872
29875
29883
29886
29888
29890
29893
29898
29900
29902
29909
29912
29916
29920
29924
29930
29932
29938
29945
29947
29949
29954
29956
29960
29965
29969
29971
29974
29976
29980
29982
29986
29988
29990
29994
29996
30001
30004
30007
30013
30015
30019
30022
30025
30029
30031
30033
30037
30041
30045
30048
30050
30054
30060
30064
30067
30070
30072
30075
30077
30088
30091
30094
30096
30098
30102
30104
30108
30111
30113
30117
30122
30125
30129
30133
30135
30142
30144
30146
30150
30152
30156
30159
30165
30170
30176
30183
30186
30189
30191
30198
30204
30211
30213
30220
30224
30227
30235
30237
30242
30244
30249
30253
30255
30263
30266
30269
30271
30280
30282
30286
30292
30298
30303
30308
30311
30316
30319
30323
30327
30332
30336
30339
30347
30349
30351
30354
30360
30364
30366
30374
30380
30383
30387
30389
30391
30397
30400
30405
30412
30414
30417
30419
30426
30429
30431
30434
30438
30445
30450
30454
30459
30461
30465
30474
30477
30487
30490
30493
30498
30506
30510
30516
30518
30522
30525
30530
30533
30538
30540
30542
30548
30552
30555
30559
30564
30569
30571
30573
30576
30579
30581
30584
30586
30594
30597
30603
30606
30608
30613
30615
30624
30630
30633
30636
30640
30644
30646
30654
30656
30658
30660
30662
30664
30667
30674
30677
30681
30683
30686
30690
30699
30704
30707
30711
30714
30716
30720
30726
30733
30735
30738
30743
30746
30754
30764
30767
30769
30773
30775
30780
30785
30787
30791
30796
30798
30801
30805
30809
30815
30819
30823
30826
30840
30842
30844
30855
30859
30863
30872
30876
30886
30888
30891
30895
30898
30900
30903
30905
30908
30910
30912
30915
30920
30925
30927
30931
30936
30943
30945
30947
30954
30958
30961
30966
30970
30976
30979
30982
30984
30987
30991
30996
30999
31001
31004
31006
31010
31012
31021
31029
31033
31036
31039
31041
31044
31050
31054
31060
31063
31065
31067
31071
31073
31077
31081
31084
31087
31090
31092
31098
31103
31106
31109
31113
31115
31121
31123
31127
31129
31131
31137
31140
31143
31145
31150
31154
31156
31160
31162
31167
31173
31176
31178
31180
31183
31185
31188
31192
31196
31200
31208
31219
31223
31225
31230
31235
31238
31241
31248
31250
31252
31258
31262
31265
31267
31272
31274
31282
31284
31288
31291
31295
31300
31304
31311
31316
31318
31321
31323
31329
31338
31343
31349
31355
31358
31360
31362
31368
31373
31375
31377
31379
31381
31383
31389
31392
31398
31401
31406
31413
31415
31422
31426
31434
31439
31441
31445
31448
31451
31457
31465
31467
31471
31474
31477
31479
31482
31486
31493
31498
31502
31505
31511
31515
31520
31525
31529
31531
31536
31540
31542
31548
31551
31558
31560
31565
31570
31573
31576
31578
31582
31588
31598
31600
31603
31607
31614
31617
31622
31624
31630
31633
31636
31642
31648
31650
31653
31657
31660
31663
31666
31670
31672
31677
31684
31686
31690
31692
31696
31699
31703
31706
31712
31714
31716
31718
31725
31731
31736
31742
31747
31750
31755
31758
31761
31765
31769
31774
31777
31779
31782
31785
31789
31795
31797
31800
31805
31808
31811
31817
31822
31827
31829
31832
31842
31844
31846
31849
31851
31863
31866
31869
31872
31876
31880
31885
31890
31892
31897
31900
31903
31912
31915
31919
31921
31926
31930
31932
31935
31937
31942
31947
31954
31957
31961
31964
31966
31969
31971
31976
31982
31984
31987
31990
31993
32000
32002
32005
32015
32017
32020
32024
32028
32032
32038
32040
32047
32050
32054
32058
32062
32064
32068
32070
32075
32077
32083
32086
32089
32095
32100
32102
32105
32112
32118
32121
32124
32127
32131
32134
32137
32142
32144
32153
32155
32158
32161
32163
32165
32174
32176
32180
32183
32186
32192
32195
32198
32200
32205
32211
32217
32220
32224
32227
32229
32235
32238
32242
32246
32250
32255
32259
32262
32271
32274
32276
32282
32285
32292
32294
32301
32309
32312
32317
32323
32328
32330
32334
32336
32341
32350
32353
32357
32359
32362
32365
32367
32371
32378
32381
32385
32391
32394
32397
32402
32410
32419
32424
32428
32431
32435
32437
32441
32443
32448
32452
32456
32464
32469
32475
32480
32485
32491
32496
32500
32502
32509
32513
32515
32519
32521
32524
32526
32531
32533
32537
32540
32543
32546
32550
32556
32561
32564
32566
32569
32571
32573
32576
32578
32580
32583
32585
32591
32595
32597
32603
32607
32611
32617
32624
32628
32630
32633
32635
32639
32641
32644
32652
32658
32666
32673
32676
32680
32682
32687
32689
32697
32699
32701
32704
32706
32711
32714
32719
32729
32731
32735
32741
32745
32750
32753
32757
32763
32765
32769
32771
32773
32777
32779
32783
32791
32799
32803
32808
32810
32814
32816
32820
32830
32832
32836
32839
32841
32845
32851
32853
32856
32861
32867
32872
32874
32876
32879
32887
32890
32893
32896
32902
32905
32910
32913
32919
32922
32925
32932
32938
32943
32947
32949
32951
32953
32962
32964
32970
32972
32975
32977
32979
32982
32986
32989
32993
32998
33000
33004
33006
33009
33011
33013
33015
33020
33028
33031
33034
33036
33041
33044
33052
33054
33057
33060
33062
33069
33076
33080
33087
33091
33093
33095
33098
33102
33106
33109
33111
33114
33117
33119
33122
33125
33128
33130
33134
33136
33140
33142
33144
33148
33160
33163
33166
33168
33173
33179
33185
33197
33199
33202
33209
33216
33219
33227
33231
33233
33236
33238
33240
33243
33246
33250
33253
33257
33260
33270
33276
33279
33287
33291
33300
33306
33308
33311
33314
33316
33320
33322
33326
33331
33334
33337
33342
33346
33350
33357
33360
33366
33368
33373
33378
33383
33394
33397
33399
33402
33405
33410
33413
33419
33426
33430
33433
33440
33444
33449
33451
33455
33458
33463
33465
33474
33476
33478
33485
33493
33499
33502
33511
33515
33520
33525
33531
33537
33540
33544
33553
33555
33559
33561
33567
33569
33573
33580
33582
33585
33588
33593
33598
33600
33605
33609
33611
33615
33620
33624
33628
33630
33633
33638
33643
33645
33650
33652
33657
33659
33663
33670
33672
33675
33679
33684
33687
33689
33692
33698
33700
33703
33706
33710
33713
33718
33721
33724
33728
33730
33732
33736
33741
33743
33745
33757
33764
33769
33771
33774
33776
33783
33785
33787
33791
33793
33795
33800
33805
33808
33814
33819
33821
33825
33834
33842
33845
33847
33851
33854
33856
33858
33862
33865
33868
33872
33874
33876
33881
33887
33894
33896
33901
33908
33913
33915
33918
33920
33932
33935
33941
33943
33949
33951
33957
33962
33965
33969
33971
33973
33976
33978
33986
33989
33991
33993
34000
34002
34004
34008
34015
34017
34019
34024
34029
34033
34035
34039
34042
34045
34048
34055
34059
34063
34066
34069
34071
34075
34080
34083
34086
34089
34094
34096
34099
34101
34107
34111
34115
34117
34121
34124
34128
34131
34133
34136
34140
34147
34151
34156
34164
34168
34175
34182
34186
34189
34193
34198
34203
34216
34218
34222
34224
34227
34230
34233
34235
34246
34250
34253
34255
34262
34265
34270
34274
34276
34278
34282
34289
34296
34298
34303
34310
34317
34321
34325
34327
34332
34335
34337
34343
34348
34354
34358
34360
34362
34370
34372
34378
34383
34387
34390
34399
34402
34405
34408
34414
34417
34422
34426
34428
34433
34435
34443
34446
34448
34452
34461
34465
34467
34471
34475
34478
34482
34486
34489
34491
34494
34503
34506
34509
34514
34517
34523
34526
34528
34531
34541
34544
34549
34553
34555
34558
34563
34569
34571
34573
34578
34581
34586
34588
34592
34595
34598
34600
34603
34605
34611
34613
34624
34629
34632
34635
34640
34645
34647
34651
34657
34660
34669
34676
34682
34687
34691
34696
34698
34701
34703
34705
34707
34709
34715
34720
34724
34732
34748
34751
34754
34756
34763
34767
34771
34773
34777
34782
34784
34795
34800
34807
34811
34813
34817
34820
34826
34832
34835
34840
34843
34845
34848
34855
34859
34861
34863
34866
34873
34876
34883
34890
34893
34895
34897
34901
34907
34914
34916
34920
34922
34925
34930
34935
34939
34941
34947
34949
34951
34957
34963
34965
34968
34970
34973
34976
34978
34985
34988
34990
34996
34998
35002
35005
35010
35012
35014
35017
35022
35025
35030
35033
35038
35041
35047
35052
35055
35058
35063
35065
35072
35077
35086
35089
35093
35097
35105
35113
35116
35118
35123
35125
35133
35140
35145
35148
35150
35154
35158
35162
35164
35167
35171
35177
35182
35184
35190
35193
35196
35198
35200
35203
35206
35213
35220
35227
35230
35232
35235
35238
35242
35246
35250
35253
35259
35263
35266
35268
35271
35274
35277
35279
35284
35289
35292
35294
35299
35304
35312
35316
35323
35330
35334
35336
35339
35343
35348
35352
35360
35362
35368
35370
35377
35382
35388
35391
35395
35398
35402
35404
35407
35411
35416
35422
35424
35429
35434
35436
35439
35442
35446
35448
35452
35454
35457
35460
35466
35474
35477
35480
35483
35488
35490
35492
35498
35503
35516
35526
35532
35536
35540
35543
35549
35553
35555
35559
35562
35565
35571
35574
35577
35579
35582
35585
35590
35604
35608
35613
35618
35621
35628
35632
35634
35636
35639
35644
35646
35654
35658
35665
35669
35672
35676
35679
35684
35686
35690
35692
35694
35696
35702
35705
35709
35715
35719
35723
35726
35730
35732
35740
35744
35748
35750
35752
35754
35762
35764
35769
35772
35775
35777
35781
35789
35793
35797
35800
35802
35808
35812
35816
35821
35823
35827
35829
35835
35838
35840
35847
35851
35855
35858
35860
35863
35865
35871
35876
35883
35885
35888
35890
35895
35901
35903
35906
35908
35911
35914
35918
35921
35923
35928
35933
35936
35938
35941
35944
35954
35958
35960
35964
35971
35974
35976
35980
35985
35988
35991
35995
35999
36002
36006
36010
36017
36019
36025
36027
36030
36036
36038
36042
36047
36049
36053
36060
36069
36079
36082
36088
36091
36095
36100
36106
36109
36111
36114
36116
36124
36130
36135
36139
36141
36143
36147
36149
36154
36157
36165
36171
36175
36177
36180
36182
36184
36190
36192
36194
36196
36199
36202
36206
36210
36218
36223
36226
36233
36237
36239
36241
36243
36246
36251
36258
36264
36270
36274
36278
36282
36284
36289
36294
36302
36310
36312
36322
36326
36333
36337
36343
36347
36350
36354
36359
36365
36367
36369
36372
36375
36377
36380
36383
36387
36394
36397
36399
36401
36403
36405
36408
36411
36418
36420
36430
36435
36437
36440
36456
36459
36462
36465
36470
36478
36485
36487
36489
36491
36495
36497
36499
36501
36506
36508
36512
36516
36520
36526
36528
36532
36534
36539
36542
36547
36549
36554
36556
36562
36564
36566
36568
36570
36572
36575
36578
36582
36584
36594
36598
36601
36603
36605
36609
36617
36623
36625
36627
36631
36634
36636
36638
36643
36648
36652
36659
36662
36669
36673
36675
36678
36680
36683
36688
36692
36695
36697
36699
36706
36711
36715
36718
36720
36724
36728
36730
36733
36736
36744
36747
36749
36761
36765
36768
36770
36773
36777
36780
36782
36784
36793
36795
36805
36809
36811
36813
36815
36819
36824
36830
36834
36837
36842
36845
36848
36851
36855
36859
36866
36868
36872
36878
36885
36889
36891
36893
36897
36901
36903
36907
36910
36912
36918
36922
36925
36927
36930
36934
36937
36942
36945
36948
36952
36961
36968
36971
36975
36979
36989
36991
36994
36997
36999
37006
37011
37014
37017
37020
37026
37028
37032
37036
37043
37046
37050
37052
37054
37058
37061
37064
37068
37079
37081
37086
37088
37091
37096
37102
37108
37114
37118
37122
37127
37132
37135
37140
37146
37149
37155
37157
37160
37166
37168
37172
37174
37176
37184
37191
37194
37197
37199
37201
37205
37209
37211
37215
37218
37220
37224
37229
37232
37234
37237
37243
37247
37250
37254
37257
37259
37262
37265
37267
37269
37272
37274
37276
37280
37286
37289
37292
37294
37300
37302
37304
37307
37314
37318
37322
37324
37331
37336
37339
37341
37346
37353
37355
37358
37360
37362
37364
37373
37378
37380
37383
37386
37388
37392
37398
37400
37402
37408
37414
37419
37425
37430
37434
37443
37451
37455
37457
37464
37469
37475
37477
37480
37483
37487
37490
37493
37495
37498
37503
37508
37511
37517
37520
37525
37532
37534
37537
37540
37547
37552
37555
37558
37566
37568
37571
37573
37579
37586
37588
37591
37594
37599
37604
37616
37619
37621
37623
37629
37636
37639
37641
37644
37646
37649
37651
37655
37659
37662
37665
37668
37675
37682
37684
37686
37689
37693
37696
37699
37704
37707
37712
37715
37718
37720
37722
37729
37733
37735
37738
37741
37747
37754
37759
37767
37771
37773
37776
37785
37788
37790
37794
37797
37799
37801
37808
37811
37815
37817
37820
37823
37825
37828
37832
37834
37838
37845
37847
37849
37856
37859
37861
37873
37878
37883
37887
37889
37891
37894
37899
37904
37911
37913
37917
37925
37928
37937
37940
37942
37949
37951
37955
37958
37961
37966
37969
37971
37977
37983
37985
37993
37998
38002
38005
38007
38014
38019
38023
38028
38031
38034
38036
38040
38043
38047
38049
38052
38054
38057
38065
38073
38075
38081
38087
38092
38095
38100
38103
38107
38109
38117
38122
38125
38127
38131
38134
38137
38140
38146
38148
38150
38153
38156
38160
38162
38165
38167
38171
38174
38176
38183
38185
38188
38193
38199
38204
38207
38212
38216
38220
38222
38228
38237
38248
38251
38257
38262
38264
38267
38270
38272
38279
38284
38298
38300
38303
38306
38311
38314
38319
38321
38324
38326
38329
38331
38333
38335
38338
38344
38348
38354
38356
38361
38366
38372
38376
38380
38382
38388
38393
38395
38401
38404
38408
38410
38412
38419
38425
38427
38433
38435
38437
38440
38446
38449
38452
38454
38464
38467
38470
38479
38481
38483
38487
38490
38494
38500
38505
38507
38510
38520
38523
38526
38533
38535
38538
38540
38542
38544
38546
38553
38558
38561
38564
38569
38573
38578
38583
38585
38590
38593
38598
38600
38605
38608
38610
38618
38622
38631
38637
38640
38642
38646
38650
38654
38656
38659
38661
38663
38669
38675
38677
38684
38688
38693
38698
38701
38704
38707
38710
38714
38717
38722
38728
38731
38738
38740
38743
38745
38748
38755
38758
38761
38768
38770
38775
38778
38782
38786
38788
38790
38793
38796
38798
38807
38809
38814
38821
38823
38825
38829
38833
38837
38843
38851
38854
38857
38862
38867
38875
38879
38882
38885
38889
38892
38896
38900
38903
38906
38910
38913
38920
38926
38930
38937
38939
38941
38947
38950
38953
38958
38961
38963
38966
38974
38980
38984
38986
38991
38994
38996
38999
39003
39005
39008
39014
39018
39022
39025
39034
39039
39041
39043
39050
39055
39059
39061
39063
39069
39074
39076
39079
39084
39086
39090
39092
39094
39098
39100
39104
39107
39110
39114
39119
39128
39130
39135
39138
39145
39148
39156
39158
39164
39166
39169
39171
39176
39178
39180
39184
39186
39189
39191
39193
39198
39202
39210
39212
39216
39218
39227
39231
39233
39239
39241
39244
39246
39252
39263
39267
39270
39273
39276
39279
39283
39290
39292
39295
39300
39303
39309
39312
39316
39319
39323
39329
39331
39335
39337
39339
39341
39344
39347
39349
39351
39357
39359
39368
39371
39376
39380
39384
39386
39389
39392
39395
39399
39401
39406
39408
39413
39417
39420
39427
39429
39434
39440
39442
39447
39450
39454
39458
39461
39464
39467
39470
39475
39480
39483
39488
39490
39492
39495
39498
39500
39507
39512
39514
39524
39526
39528
39533
39537
39539
39543
39545
39550
39556
39562
39565
39574
39576
39579
39581
39585
39588
39590
39594
39598
39606
39608
39615
39619
39623
39625
39629
39631
39634
39637
39644
39647
39650
39653
39659
39663
39671
39674
39676
39688
39690
39693
39695
39701
39704
39708
39716
39723
39730
39732
39740
39742
39747
39750
39756
39758
39761
39764
39768
39770
39776
39778
39782
39784
39788
39793
39797
39800
39803
39806
39809
39811
39813
39817
39819
39822
39825
39830
39843
39846
39849
39853
39857
39862
39864
39866
39871
39876
39879
39882
39887
39893
39896
39900
39904
39907
39911
39913
39915
39918
39920
39925
39928
39932
39937
39939
39943
39946
39948
39954
39960
39963
39965
39969
39971
39973
39975
39983
39986
39988
39991
39996
40000
40003
40007
40013
40017
40021
40023
40028
40032
40038
40041
40044
40046
40050
40053
40057
40060
40068
40071
40077
40079
40082
40087
40091
40094
40096
40098
40100
40106
40108
40113
40120
40122
40125
40128
40135
40140
40145
40153
40158
40164
40167
40169
40180
40182
40185
40188
40192
40194
40202
40204
40211
40215
40224
40226
40229
40235
40239
40245
40247
40250
40254
40257
40260
40265
40268
40275
40279
40287
40293
40296
40300
40306
40308
40313
40322
40328
40335
40337
40345
40351
40354
40356
40358
40361
40364
40367
40372
40376
40380
40382
40384
40396
40402
40409
40412
40417
40423
40428
40431
40433
40435
40439
40441
40443
40447
40449
40456
40465
40467
40474
40476
40479
40483
40489
40493
40498
40500
40502
40506
40514
40520
40522
40526
40529
40531
40535
40539
40544
40548
40550
40553
40558
40561
40563
40568
40574
40576
40578
40581
40587
40590
40597
40599
40603
40606
40609
40611
40615
40618
40625
40632
40637
40641
40645
40649
40652
40658
40661
40665
40668
40671
40675
40677
40679
40685
40687
40689
40692
40697
40701
40708
40715
40720
40724
40728
40730
40736
40740
40745
40749
40752
40761
40766
40770
40774
40782
40784
40787
40792
40794
40800
40809
40815
40823
40829
40831
40835
40843
40846
40848
40852
40856
40861
40866
40869
40871
40874
40876
40882
40887
40889
40892
40896
40902
40906
40908
40910
40913
40918
40920
40925
40929
40936
40941
40944
40946
40948
40955
40957
40961
40963
40965
40969
40973
40977
40982
40986
40989
40997
41006
41012
41015
41018
41023
41027
41032
41034
41036
41040
41044
41049
41053
41058
41063
41066
41070
41073
41075
41079
41083
41088
41090
41101
41104
41107
41111
41119
41122
41129
41131
41137
41142
41147
41155
41157
41162
41164
41166
41170
41175
41181
41184
41187
41193
41196
41200
41202
41209
41212
41217
41219
41225
41233
41236
41240
41245
41250
41255
41258
41261
41270
41272
41280
41283
41285
41287
41289
41291
41296
41298
41301
41305
41310
41312
41316
41318
41323
41325
41328
41330
41333
41335
41337
41341
41344
41348
41354
41358
41362
41369
41373
41377
41381
41385
41387
41390
41394
41398
41412
41416
41419
41421
41424
41429
41433
41437
41442
41444
41449
41455
41470
41474
41476
41482
41484
41487
41491
41496
41502
41506
41509
41511
41517
41520
41523
41530
41532
41541
41549
41551
41556
41560
41562
41564
41571
41573
41577
41580
41583
41586
41588
41594
41598
41601
41613
41616
41621
41628
41639
41644
41651
41654
41658
41662
41667
41670
41674
41678
41682
41686
41691
41696
41700
41702
41705
41712
41714
41717
41720
41724
41729
41732
41736
41745
41757
41762
41767
41769
41771
41779
41783
41787
41789
41792
41795
41798
41804
41806
41811
41815
41817
41823
41827
41829
41831
41834
41840
41848
41850
41856
41860
41863
41866
41870
41873
41878
41881
41885
41887
41892
41897
41900
41904
41911
41913
41916
41921
41926
41933
41936
41942
41944
41949
41954
41964
41970
41974
41978
41981
41986
41989
41991
41998
42000
42002
42008
42012
42017
42022
42026
42034
42037
42040
42043
42047
42053
42056
42058
42061
42064
42075
42080
42084
42086
42089
42091
42096
42101
42105
42108
42115
42120
42126
42138
42142
42146
42150
42153
42158
42163
42165
42168
42175
42177
42180
42187
42192
42196
42199
42202
42205
42207
42212
42214
42217
42220
42223
42226
42232
42235
42241
42246
42254
42257
42259
42263
42268
42271
42275
42283
42285
42290
42293
42295
42301
42305
42309
42312
42315
42324
42326
42329
42333
42337
42340
42343
42347
42349
42366
42371
42373
42376
42382
42385
42389
42393
42398
42402
42405
42407
42415
42417
42419
42423
42427
42433
42436
42438
42441
42444
42446
42450
42452
42455
42463
42466
42470
42477
42480
42483
42487
42494
42500
42502
42508
42511
42517
42520
42526
42530
42534
42542
42545
42547
42553
42559
42562
42567
42570
42573
42575
42578
42581
42584
42591
42595
42601
42607
42609
42613
42617
42622
42624
42629
42635
42639
42644
42649
42651
42662
42665
42667
42671
42674
42678
42683
42685
42689
42696
42699
42704
42710
42713
42717
42721
42723
42728
42730
42735
42742
42744
42747
42750
42754
42757
42759
42761
42764
42767
42771
42775
42784
42789
42792
42794
42797
42800
42804
42807
42809
42811
42816
42819
42828
42842
42845
42848
42851
42856
42862
42864
42871
42873
42876
42881
42883
42889
42891
42895
42898
42905
42907
42910
42912
42914
42917
42924
42930
42932
42937
42940
42944
42947
42950
42952
42956
42959
42969
42972
42974
42976
42982
42985
42987
42989
42994
43000
43008
43011
43013
43018
43020
43025
43027
43030
43032
43036
43040
43051
43054
43059
43061
43066
43069
43073
43076
43079
43082
43086
43094
43102
43106
43108
43111
43115
43119
43123
43127
43129
43133
43142
43145
43149
43168
43170
43173
43177
43179
43183
43190
43192
43198
43202
43204
43215
43217
43221
43223
43225
43230
43233
43240
43245
43249
43251
43255
43257
43259
43261
43264
43266
43269
43271
43275
43280
43287
43294
43300
43303
43310
43313
43316
43318
43323
43328
43331
43333
43335
43339
43344
43347
43350
43356
43362
43364
43366
43370
43372
43374
43377
43383
43386
43390
43395
43403
43405
43408
43410
43416
43422
43427
43432
43436
43445
43448
43450
43453
43457
43464
43470
43474
43476
43479
43483
43486
43488
43492
43496
43498
43503
43505
43510
43514
43517
43523
43525
43527
43529
43533
43537
43540
43543
43549
43556
43561
43564
43567
43569
43571
43576
43581
43584
43586
43598
43601
43605
43608
43610
43614
43617
43623
43629
43631
43639
43641
43643
43647
43653
43655
43663
43669
43674
43677
43683
43690
43695
43700
43702
43704
43711
43714
43717
43719
43722
43724
43732
43739
43746
43751
43757
43762
43764
43767
43772
43775
43778
43783
43786
43790
43794
43800
43804
43809
43816
43819
43821
43823
43826
43837
43839
43841
43847
43849
43852
43869
43876
43882
43884
43888
43890
43895
43899
43903
43907
43909
43911
43913
43920
43922
43928
43930
43933
43938
43940
43945
43949
43952
43956
43958
43961
43965
43967
43969
43971
43973
43975
43980
43984
43986
43989
43994
43997
44001
44003
44007
44014
44019
44022
44030
44033
44035
44037
44041
44044
44049
44053
44058
44062
44064
44066
44068
44072
44075
44079
44082
44088
44091
44098
44100
44102
44105
44108
44111
44117
44119
44121
44126
44129
44133
44135
44143
44146
44151
44154
44156
44158
44162
44165
44170
44172
44174
44180
44184
44190
44195
44197
44200
44204
44208
44211
44214
44219
44224
44226
44234
44241
44245
44249
44251
44260
44264
44272
44274
44278
44280
44284
44286
44290
44292
44295
44299
44301
44303
44305
44312
44316
44320
44325
44328
44331
44335
44341
44346
44349
44352
44359
44362
44368
44375
44380
44385
44388
44391
44393
44397
44400
44408
44413
44417
44419
44423
44432
44435
44438
44440
44442
44445
44448
44451
44454
44457
44461
44467
44469
44473
44479
44488
44490
44500
44505
44509
44513
44521
44525
44528
44531
44536
44538
44540
44543
44545
44549
44554
44559
44563
44566
44569
44575
44579
44581
44584
44591
44595
44608
44611
44614
44616
44618
44620
44624
44629
44631
44635
44638
44642
44648
44650
44653
44655
44657
44663
44666
44671
44673
44678
44684
44687
44690
44699
44707
44709
44711
44717
44719
44721
44723
44725
44728
44731
44735
44739
44744
44746
44751
44757
44760
44763
44772
44775
44778
44782
44787
44791
44801
44806
44810
44813
44817
44819
44826
44829
44834
44837
44842
44849
44852
44855
44859
44863
44865
44869
44871
44878
44881
44890
44892
44897
44901
44906
44908
44913
44916
44920
44925
44927
44931
44941
44944
44946
44950
44956
44958
44965
44971
44976
44978
44983
44986
44988
44991
44994
45001
45003
45008
45011
45015
45020
45024
45030
45033
45036
45039
45041
45045
45049
45054
45058
45064
45068
45072
45078
45080
45082
45085
45090
45093
45095
45097
45101
45106
45116
45119
45127
45129
45133
45135
45137
45142
45145
45150
45157
45165
45167
45177
45184
45192
45194
45199
45203
45206
45208
45212
45216
45219
45222
45226
45230
45236
45239
45242
45246
45248
45252
45260
45268
45273
45276
45281
45284
45286
45288
45292
45296
45298
45303
45306
45310
45312
45314
45317
45321
45325
45327
45329
45339
45341
45343
45346
45348
45351
45354
45359
45361
45368
45370
45375
45379
45384
45394
45400
45405
45410
45417
45423
45426
45432
45440
45443
45445
45448
45455
45457
45461
45463
45465
45470
45477
45479
45482
45486
45488
45491
45495
45497
45500
45503
45508
45514
45517
45523
45527
45532
45534
45537
45542
45545
45547
45554
45557
45559
45566
45570
45572
45577
45580
45582
45585
45593
45595
45600
45607
45610
45612
45617
45620
45622
45627
45632
45634
45640
45649
45651
45654
45657
45660
45662
45664
45671
45678
45681
45684
45687
45689
45693
45700
45702
45706
45713
45715
45719
45722
45726
45730
45732
45735
45737
45740
45742
45749
45754
45756
45761
45763
45766
45773
45776
45785
45792
45794
45798
45801
45803
45806
45808
45811
45815
45817
45822
45824
45828
45831
45834
45838
45846
45851
45855
45860
45865
45868
45872
45875
45878
45881
45885
45887
45891
45895
45897
45907
45910
45914
45917
45921
45931
45940
45942
45945
45952
45956
45960
45964
45967
45969
45974
45979
45983
45986
45989
45992
45998
46005
46012
46017
46024
46029
46034
46038
46049
46051
46053
46055
46060
46062
46068
46075
46080
46086
46092
46097
46103
46107
46113
46116
46118
46125
46127
46131
46133
46139
46144
46147
46149
46156
46158
46167
46169
46172
46176
46180
46184
46190
46194
46199
46201
46204
46209
46211
46215
46217
46223
46228
46233
46236
46238
46241
46244
46246
46248
46251
46255
46258
46262
46264
46267
46271
46274
46279
46284
46287
46291
46295
46297
46301
46305
46307
46312
46315
46319
46323
46328
46332
46334
46338
46345
46352
46356
46358
46362
46365
46368
46374
46383
46386
46393
46398
46400
46409
46417
46420
46431
46436
46440
46443
46447
46451
46454
46457
46459
46462
46464
46469
46473
46478
46487
46491
46493
46495
46509
46511
46514
46520
46525
46528
46534
46537
46543
46550
46555
46558
46560
46564
46566
46568
46571
46574
46576
46579
46584
46587
46590
46594
46600
46603
46606
46612
46617
46622
46626
46634
46639
46641
46645
46656
46661
46664
46667
46671
46678
46686
46695
46704
46712
46716
46720
46723
46726
46728
46731
46734
46738
46740
46745
46748
46754
46758
46763
46770
46772
46778
46782
46787
46790
46793
46795
46799
46802
46804
46812
46814
46817
46820
46823
46828
46831
46836
46840
46842
46849
46855
46858
46864
46867
46871
46875
46879
46881
46888
46892
46896
46900
46903
46911
46914
46917
46919
46926
46928
46933
46937
46940
46943
46945
46948
46958
46963
46966
46968
46972
46983
46990
46992
46994
46998
47002
47005
47009
47022
47025
47027
47031
47040
47043
47047
47051
47053
47061
47064
47067
47069
47076
47081
47084
47086
47088
47090
47092
47094
47096
47102
47109
47112
47114
47116
47118
47122
47126
47132
47139
47143
47148
47153
47156
47160
47164
47167
47169
47171
47176
47179
47181
47186
47189
47194
47200
47204
47209
47213
47215
47219
47222
47228
47233
47238
47245
47250
47256
47260
47267
47275
47284
47290
47292
47300
47303
47309
47315
47324
47331
47334
47342
47344
47346
47349
47353
47361
47365
47370
47372
47379
47382
47384
47386
47390
47398
47402
47406
47408
47411
47414
47416
47421
47425
47428
47431
47434
47436
47439
47441
47447
47455
47457
47459
47461
47465
47467
47470
47473
47476
47480
47482
47488
47496
47500
47507
47509
47511
47515
47519
47522
47525
47529
47537
47540
47543
47546
47549
47552
47559
47561
47563
47571
47577
47582
47584
47586
47592
47595
47598
47602
47605
47607
47609
47616
47618
47622
47627
47633
47636
47642
47646
47651
47654
47660
47663
47665
47673
47676
47681
47685
47688
47692
47694
47698
47704
47706
47708
47711
47715
47718
47721
47723
47729
47732
47743
47750
47752
47754
47756
47758
47762
47764
47766
47771
47773
47777
47779
47782
47787
47790
47792
47798
47801
47807
47812
47816
47819
47821
47823
47825
47836
47842
47844
47847
47849
47852
47854
47858
47861
47864
47867
47871
47881
47886
47889
47892
47897
47899
47902
47907
47911
47913
47916
47918
47927
47931
47936
47947
47957
47959
47961
47964
47966
47968
47972
47974
47976
47978
47980
47982
47984
47991
48000
48003
48006
48010
48014
48022
48024
48028
48030
48035
48041
48043
48047
48052
48058
48062
48064
48068
48071
48073
48076
48079
48081
48088
48090
48094
48098
48100
48105
48109
48111
48116
48120
48124
48126
48128
48136
48140
48146
48148
48151
48160
48165
48168
48171
48173
48179
48182
48185
48187
48190
48194
48197
48200
48206
48214
48216
48218
48222
48226
48229
48239
48243
48246
48248
48256
48260
48263
48280
48283
48285
48288
48292
48299
48301
48303
48306
48314
48317
48320
48323
48327
48332
48334
48337
48340
48344
48351
48353
48356
48358
48360
48362
48364
48368
48374
48386
48391
48394
48398
48400
48404
48407
48412
48414
48417
48419
48421
48427
48430
48432
48437
48444
48447
48453
48455
48457
48463
48466
48469
48471
48474
48479
48483
48487
48492
48495
48500
48504
48507
48510
48514
48517
48520
48522
48535
48538
48542
48546
48549
48551
48555
48559
48561
48565
48569
48574
48581
48584
48592
48596
48603
48605
48610
48612
48614
48618
48620
48626
48636
48638
48643
48645
48648
48651
48653
48657
48659
48662
48666
48671
48674
48676
48685
48689
48692
48694
48699
48704
48707
48709
48717
48723
48730
48735
48747
48749
48752
48756
48758
48760
48764
48767
48769
48772
48777
48781
48786
48788
48792
48797
48806
48808
48810
48815
48823
48827
48830
48833
48836
48839
48845
48849
48852
48857
48863
48865
48870
48877
48879
48883
48888
48894
48896
48903
48907
48910
48913
48920
48923
48925
48930
48938
48940
48950
48953
48960
48962
48966
48969
48976
48979
48984
48987
48990
48995
48997
49006
49011
49013
49021
49026
49030
49033
49035
49038
49041
49044
49046
49049
49051
49053
49060
49064
49067
49070
49074
49076
49080
49082
49085
49089
49091
49096
49100
49112
49114
49116
49123
49126
49129
49132
49138
49145
49147
49153
49155
49158
49165
49169
49173
49175
49178
49182
49185
49190
49197
49209
49211
49214
49218
49221
49230
49237
49243
49245
49252
49255
49257
49259
49262
49272
49274
49277
49283
49286
49288
49291
49294
49296
49298
49302
49305
49310
49313
49315
49319
49321
49329
49331
49340
49344
49351
49358
49362
49366
49368
49371
49378
49383
49390
49392
49398
49400
49404
49419
49422
49424
49428
49431
49433
49435
49439
49441
49443
49446
49448
49454
49461
49464
49467
49470
49475
49478
49482
49485
49487
49489
49498
49506
49508
49511
49513
49518
49523
49525
49527
49529
49531
49533
49535
49541
49544
49550
49554
49556
49560
49564
49566
49570
49573
49575
49578
49582
49584
49588
49592
49594
49598
49600
49602
49606
49611
49614
49623
49630
49632
49635
49639
49644
49649
49658
49666
49671
49674
49678
49684
49687
49702
49704
49709
49716
49720
49723
49725
49730
49733
49746
49748
49753
49755
49761
49764
49767
49769
49771
49774
49776
49782
49785
49788
49790
49793
49801
49805
49810
49814
49819
49822
49828
49839
49841
49844
49849
49854
49857
49861
49864
49866
49870
49872
49874
49878
49881
49884
49892
49895
49897
49900
49903
49905
49907
49913
49915
49918
49921
49923
49926
49930
49938
49940
49944
49950
49955
49961
49964
49967
49971
49974
49980
49985
49990
49993
50001
50004
50010
50017
50021
50024
50030
50033
50035
50037
50040
50044
50050
50055
50058
50066
50070
50078
50080
50085
50088
50093
50096
50100
50103
50107
50110
50116
50119
50122
50124
50127
50129
50131
50133
50135
50138
50143
50147
50153
50157
50159
50162
50167
50169
50173
50175
50177
50182
50185
50191
50195
50198
50203
50205
50208
50211
50216
50220
50222
50225
50229
50232
50234
50237
50239
50242
50245
50247
50252
50254
50259
50261
50264
50267
50270
50274
50277
50281
50284
50286
50288
50290
50292
50296
50301
50303
50306
50308
50310
50313
50319
50323
50325
50329
50331
50335
50338
50345
50350
50357
50360
50364
50368
50371
50373
50376
50381
50386
50388
50392
50396
50403
50408
50411
50415
50418
50422
50425
50429
50431
50436
50438
50440
50448
50450
50455
50461
50463
50465
50468
50472
50477
50481
50485
50487
50491
50494
50496
50498
50500
50503
50506
50508
50510
50512
50514
50519
50521
50523
50525
50527
50533
50538
50540
50548
50553
50558
50561
50565
50568
50571
50586
50593
50595
50599
50601
50604
50607
50610
50612
50614
50621
50623
50626
50629
50633
50639
50643
50646
50649
50653
50655
50659
50665
50670
50674
50676
50680
50684
50691
50693
50695
50699
50703
50710
50712
50715
50717
50719
50727
50732
50743
50745
50749
50751
50754
50760
50764
50769
50771
50774
50777
50780
50785
50789
50792
50796
50802
50805
50809
50814
50817
50826
50831
50838
50845
50849
50853
50859
50862
50867
50872
50875
50880
50883
50889
50895
50898
50901
50903
50908
50910
50913
50917
50920
50922
50924
50930
50935
50938
50940
50943
50946
50951
50959
50965
50969
50971
50976
50978
50982
50990
50997
51002
51004
51006
51011
51017
51020
51022
51027
51029
51034
51036
51043
51048
51051
51055
51058
51061
51066
51071
51074
51076
51081
51087
51089
51094
51096
51099
51101
51105
51108
51112
51115
51124
51128
51132
51134
51139
51146
51151
51160
51165
51170
51173
51175
51179
51187
51189
51193
51198
51201
51206
51215
51221
51224
51229
51235
51239
51244
51248
51254
51257
51262
51264
51270
51273
51277
51279
51282
51284
51286
51288
51291
51294
51297
51301
51303
51312
51315
51318
51320
51323
51326
51330
51334
51336
51338
51340
51343
51345
51347
51354
51357
51360
51367
51373
51379
51384
51386
51392
51399
51404
51417
51421
51423
51427
51432
51439
51443
51446
51448
51450
51452
51458
51463
51468
51471
51474
51476
51487
51490
51493
51496
51499
51502
51505
51507
51510
51513
51515
51519
51522
51526
51530
51534
51540
51544
51546
51549
51552
51555
51557
51559
51561
51566
51570
51576
51580
51584
51586
51591
51593
51595
51600
51602
51605
51613
51617
51621
51624
51629
51632
51635
51641
51644
51646
51652
51662
51665
51667
51674
51678
51681
51686
51690
51700
51711
51716
51723
51725
51727
51733
51738
51742
51745
51747
51750
51755
51760
51763
51768
51771
51773
51777
51781
51784
51786
51792
51795
51799
51802
51804
51809
51811
51815
51820
51824
51827
51832
51835
51839
51847
51851
51854
51860
51865
51868
51871
51875
51879
51885
51888
51893
51896
51900
51905
51907
51909
51912
51918
51920
51923
51927
51932
51935
51937
51939
51943
51947
51949
51951
51955
51960
51963
51966
51969
51976
51983
51985
51988
51992
51998
52001
52008
52012
52018
52027
52029
52031
52036
52038
52041
52044
52048
52050
52054
52056
52064
52066
52072
52076
52081
52084
52088
52095
52097
52104
52106
52109
52114
52118
52126
52129
52132
52136
52143
52146
52150
52152
52157
52160
52165
52167
52171
52178
52180
52184
52186
52190
52194
52198
52201
52205
52209
52211
52217
52220
52222
52225
52230
52232
52236
52238
52246
52250
52252
52254
52261
52264
52269
52272
52274
52281
52286
52293
52300
52303
52306
52308
52310
52313
52317
52321
52323
52327
52329
52331
52337
52339
52341
52348
52354
52362
52365
52368
52372
52378
52383
52386
52392
52397
52400
52403
52405
52409
52411
52414
52417
52420
52423
52429
52432
52435
52438
52441
52444
52449
52454
52457
52460
52463
52469
52473
52477
52482
52485
52490
52493
52502
52506
52512
52515
52521
52524
52529
52532
52537
52539
52541
52546
52548
52554
52559
52562
52565
52570
52573
52575
52577
52583
52589
52593
52600
52607
52610
52612
52614
52618
52621
52625
52627
52629
52634
52638
52641
52646
52650
52653
52659
52664
52666
52670
52674
52678
52680
52682
52684
52687
52689
52692
52699
52701
52708
52713
52717
52719
52721
52726
52732
52736
52744
52749
52751
52756
52761
52767
52770
52777
52779
52785
52787
52793
52796
52799
52802
52808
52812
52817
52822
52825
52831
52834
52842
52851
52856
52861
52865
52868
52870
52873
52875
52878
52883
52889
52891
52893
52896
52899
52902
52910
52912
52916
52921
52926
52930
52932
52937
52941
52947
52950
52955
52961
52963
52966
52973
52975
52980
52982
52985
52991
52993
52995
53000
53005
53007
53010
53013
53018
53023
53035
53037
53040
53043
53055
53058
53063
53065
53068
53070
53072
53075
53077
53088
53095
53100
53104
53114
53119
53122
53124
53128
53132
53134
53143
53146
53149
53152
53155
53159
53162
53168
53172
53177
53182
53186
53192
53194
53196
53198
53205
53207
53213
53216
53218
53221
53228
53233
53239
53249
53252
53255
53260
53265
53268
53272
53274
53277
53282
53285
53290
53292
53294
53297
53301
53308
53314
53319
53325
53329
53332
53336
53338
53342
53345
53348
53353
53358
53362
53367
53372
53374
53378
53380
53386
53388
53391
53398
53403
53411
53414
53417
53422
53425
53428
53439
53444
53449
53451
53456
53461
53463
53466
53471
53478
53480
53484
53487
53491
53495
53501
53504
53506
53510
53512
53515
53517
53522
53525
53529
53537
53540
53542
53545
53550
53553
53560
53566
53568
53572
53575
53579
53581
53585
53587
53593
53595
53603
53607
53609
53612
53615
53626
53634
53636
53638
53642
53644
53657
53663
53667
53670
53679
53686
53688
53692
53695
53700
53702
53706
53711
53716
53724
53730
53733
53736
53746
53748
53751
53753
53756
53760
53764
53771
53775
53784
53789
53791
53794
53800
53803
53812
53815
53819
53821
53828
53832
53834
53841
53843
53846
53849
53851
53855
53861
53863
53866
53873
53876
53885
53889
53892
53894
53897
53899
53907
53910
53914
53917
53923
53927
53934
53938
53942
53944
53946
53949
53953
53955
53957
53964
53969
53974
53977
53980
53984
53987
53989
53993
53998
54001
54007
54014
54017
54021
54026
54031
54033
54037
54041
54045
54048
54051
54053
54055
54060
54062
54064
54072
54078
54087
54091
54093
54099
54101
54104
54113
54119
54122
54125
54128
54131
54135
54140
54144
54148
54152
54160
54163
54166
54169
54173
54175
54178
54182
54186
54188
54190
54193
54196
54201
54204
54207
54212
54214
54217
54221
54226
54230
54232
54239
54241
54244
54247
54250
54254
54258
54267
54274
54279
54282
54285
54291
54301
54303
54309
54312
54321
54323
54327
54330
54332
54337
54339
54345
54348
54355
54361
54363
54368
54372
54376
54379
54382
54385
54391
54395
54397
54400
54403
54407
54409
54414
54416
54420
54424
54431
54434
54438
54441
54447
54453
54455
54458
54460
54464
54467
54470
54472
54477
54483
54486
54495
54498
54505
54507
54510
54512
54518
54522
54526
54528
54531
54536
54540
54542
54546
54550
54554
54561
54565
54567
54571
54580
54585
54587
54592
54599
54604
54608
54611
54618
54624
54631
54637
54641
54643
54647
54649
54652
54657
54664
54668
54671
54673
54676
54679
54681
54683
54685
54689
54694
54696
54702
54707
54709
54719
54721
54730
54736
54740
54743
54752
54754
54758
54761
54763
54767
54769
54771
54775
54777
54781
54785
54791
54799
54803
54806
54809
54812
54818
54821
54826
54829
54831
54835
54837
54839
54843
54846
54850
54855
54858
54860
54863
54868
54870
54874
54881
54890
54893
54899
54902
54907
54911
54913
54920
54932
54936
54941
54943
54948
54953
54963
54965
54969
54973
54983
54985
54993
54999
55011
55019
55021
55024
55029
55035
55037
55044
55047
55055
55059
55063
55070
55073
55076
55078
55080
55088
55091
55094
55096
55100
55105
55108
55112
55114
55118
55123
55130
55133
55136
55138
55145
55150
55152
55158
55161
55163
55166
55168
55170
55175
55178
55181
55185
55189
55191
55197
55199
55201
55203
55212
55219
55224
55228
55231
55236
55238
55243
55246
55248
55253
55258
55261
55267
55273
55278
55281
55284
55288
55290
55293
55300
55307
55309
55313
55316
55318
55321
55324
55332
55336
55338
55340
55344
55349
55354
55359
55365
55367
55371
55375
55377
55379
55384
55387
55391
55394
55396
55399
55404
55406
55409
55411
55413
55419
55421
55424
55427
55430
55433
55436
55443
55446
55450
55453
55459
55461
55466
55471
55473
55475
55479
55484
55490
55494
55503
55506
55510
55515
55521
55525
55530
55536
55540
55543
55551
55553
55561
55567
55572
55575
55578
55581
55583
55588
55591
55595
55598
55600
55602
55606
55613
55621
55625
55629
55632
55640
55642
55652
55655
55659
55661
55668
55679
55683
55690
55693
55705
55712
55715
55721
55723
55727
55729
55731
55734
55740
55743
55755
55759
55762
55768
55772
55774
55776
55779
55782
55786
55788
55794
55797
55800
55803
55806
55809
55814
55820
55823
55825
55828
55836
55840
55847
55849
55851
55859
55865
55868
55877
55883
55886
55889
55891
55893
55896
55900
55906
55912
55916
55920
55922
55924
55927
55930
55934
55939
55944
55946
55953
55958
55961
55965
55968
55976
55978
55981
55984
55986
55997
56004
56006
56009
56013
56016
56019
56024
56026
56031
56033
56038
56042
56046
56051
56058
56060
56063
56067
56069
56072
56075
56077
56079
56082
56086
56088
56091
56093
56096
56100
56102
56104
56109
56111
56115
56120
56125
56129
56132
56138
56141
56145
56148
56156
56158
56165
56168
56173
56180
56183
56189
56191
56196
56199
56203
56205
56208
56210
56214
56219
56221
56225
56228
56230
56232
56236
56241
56245
56247
56250
56252
56258
56261
56265
56267
56270
56273
56276
56284
56287
56294
56296
56302
56304
56306
56308
56311
56314
56316
56320
56323
56325
56331
56335
56337
56341
56345
56347
56352
56356
56364
56368
56370
56376
56378
56389
56391
56393
56395
56401
56409
56412
56416
56421
56423
56425
56430
56432
56435
56443
56448
56453
56467
56473
56479
56483
56487
56489
56493
56498
56502
56506
56509
56517
56524
56530
56532
56538
56542
56544
56549
56553
56561
56564
56571
56578
56584
56588
56594
56596
56598
56600
56604
56606
56609
56611
56613
56618
56622
56625
56627
56629
56633
56647
56651
56657
56671
56674
56679
56685
56692
56695
56700
56702
56705
56708
56712
56716
56719
56724
56726
56734
56738
56743
56746
56750
56753
56755
56762
56767
56772
56774
56781
56783
56786
56788
56793
56798
56809
56812
56817
56819
56821
56824
56830
56832
56838
56840
56844
56848
56857
56863
56866
56876
56881
56884
56887
56890
56895
56903
56906
56908
56910
56913
56916
56921
56926
56930
56933
56939
56941
56943
56946
56948
56953
56958
56961
56963
56968
56971
56976
56986
56989
56992
56994
56999
57002
57004
57009
57012
57016
57018
57023
57025
57029
57034
57037
57043
57048
57050
57055
57058
57062
57066
57070
57074
57080
57084
57091
57096
57106
57109
57115
57119
57122
57125
57127
57130
57142
57144
57148
57150
57152
57155
57157
57160
57163
57167
57169
57171
57177
57180
57182
57185
57191
57194
57199
57203
57206
57210
57217
57219
57230
57239
57248
57251
57255
57263
57265
57270
57272
57275
57281
57283
57287
57289
57291
57297
57302
57306
57315
57324
57329
57332
57339
57341
57345
57347
57351
57354
57359
57369
57375
57382
57385
57389
57391
57396
57404
57411
57418
57420
57422
57429
57432
57434
57436
57440
57442
57445
57449
57453
57455
57460
57464
57469
57471
57475
57479
57490
57493
57496
57501
57503
57512
57515
57522
57526
57530
57537
57539
57543
57545
57547
57553
57557
57559
57563
57570
57575
57583
57585
57597
57600
57604
57606
57610
57613
57615
57621
57623
57626
57631
57633
57638
57640
57642
57644
57646
57650
57654
57657
57660
57667
57671
57675
57678
57685
57689
57693
57695
57697
57700
57703
57709
57714
57717
57722
57725
57739
57741
57744
57746
57748
57753
57757
57763
57766
57771
57779
57781
57786
57788
57791
57794
57801
57805
57810
57816
57821
57823
57834
57837
57841
57846
57851
57862
57866
57869
57874
57877
57883
57886
57890
57894
57897
57902
57906
57911
57915
57921
57924
57927
57935
57939
57944
57948
57952
57956
57959
57966
57971
57975
57977
57979
57987
57993
57996
58002
58007
58021
58024
58026
58029
58033
58039
58041
58044
58046
58048
58053
58057
58060
58063
58070
58076
58079
58082
58100
58106
58112
58116
58122
58130
58137
58141
58143
58148
58150
58154
58158
58160
58166
58169
58176
58179
58194
58197
58201
58205
58207
58211
58217
58219
58221
58227
58232
58234
58240
58247
58249
58252
58256
58260
58266
58269
58274
58280
58291
58296
58299
58302
58304
58308
58312
58316
58320
58323
58326
58329
58342
58345
58350
58353
58356
58358
58361
58371
58377
58382
58388
58391
58402
58404
58406
58409
58411
58413
58415
58420
58422
58426
58429
58431
58437
58439
58442
58444
58448
58455
58464
58468
58471
58473
58479
58482
58484
58486
58488
58495
58499
58502
58505
58513
58515
58517
58528
58532
58538
58540
58542
58548
58559
58561
58566
58571
58574
58579
58582
58585
58589
58592
58595
58597
58601
58605
58609
58612
58621
58626
58629
58633
58635
58640
58645
58649
58654
58656
58660
58663
58666
58669
58675
58679
58682
58686
58688
58690
58694
58696
58704
58710
58714
58718
58724
58726
58728
58733
58737
58741
58745
58747
58752
58755
58763
58765
58767
58769
58771
58773
58782
58787
58790
58801
58806
58817
58820
58823
58833
58837
58841
58846
58851
58853
58861
58863
58866
58868
58876
58879
58884
58892
58894
58898
58905
58908
58911
58915
58920
58927
58934
58939
58944
58949
58955
58958
58960
58971
58976
58979
58982
58985
58988
58992
58995
58999
59002
59005
59008
59010
59017
59019
59023
59027
59029
59031
59034
59043
59050
59052
59059
59061
59065
59067
59069
59071
59076
59083
59094
59096
59098
59100
59108
59110
59114
59116
59119
59121
59125
59128
59132
59139
59146
59148
59151
59159
59161
59164
59166
59169
59171
59173
59178
59182
59186
59189
59192
59195
59199
59206
59215
59219
59222
59232
59242
59244
59248
59251
59253
59258
59260
59264
59266
59268
59270
59274
59277
59280
59283
59285
59288
59294
59296
59300
59303
59305
59309
59314
59316
59319
59323
59329
59331
59333
59335
59340
59345
59349
59352
59354
59356
59369
59371
59376
59379
59381
59384
59388
59393
59396
59398
59400
59404
59406
59413
59417
59419
59422
59428
59430
59435
59440
59442
59444
59448
59450
59452
59456
59460
59462
59466
59469
59472
59475
59478
59481
59485
59489
59493
59495
59502
59506
59513
59516
59522
59525
59536
59538
59543
59545
59548
59552
59556
59560
59563
59570
59576
59580
59582
59589
59591
59601
59606
59613
59616
59619
59623
59628
59630
59632
59637
59640
59645
59648
59651
59654
59658
59661
59663
59666
59673
59675
59677
59679
59683
59688
59692
59698
59702
59704
59708
59713
59715
59721
59724
59727
59730
59732
59738
59743
59747
59754
59757
59760
59764
59768
59771
59783
59787
59790
59795
59797
59802
59807
59815
59820
59823
59826
59830
59834
59841
59843
59847
59850
59855
59859
59862
59867
59872
59875
59879
59881
59890
59900
59904
59908
59914
59920
59925
59929
59931
59934
59936
59939
59942
59947
59949
59956
59958
59964
59968
59973
59976
59978
59981
59985
59989
59993
59996
60001
60003
60006
60010
60016
60020
60022
60026
60029
60031
60035
60037
60039
60044
60052
60054
60057
60059
60062
60067
60076
60085
60090
60092
60097
60100
60104
60108
60118
60121
60126
60135
60139
60141
60145
60150
60158
60160
60165
60167
60171
60175
60178
60180
60185
60187
60189
60191
60197
60199
60201
60204
60207
60209
60211
60215
60217
60220
60225
60227
60230
60233
60235
60239
60244
60248
60251
60253
60256
60258
60265
60272
60274
60278
60280
60283
60285
60288
60293
60297
60301
60313
60315
60319
60325
60331
60345
60348
60350
60354
60356
60360
60362
60365
60368
60372
60376
60379
60382
60389
60392
60401
60404
60415
60418
60421
60423
60426
60430
60436
60441
60444
60446
60459
60463
60470
60473
60475
60477
60482
60485
60487
60490
60495
60497
60500
60505
60508
60512
60519
60524
60531
60534
60537
60539
60543
60548
60551
60553
60556
60558
60560
60563
60567
60569
60571
60578
60583
60588
60601
60604
60606
60609
60614
60616
60619
60622
60625
60628
60630
60632
60637
60640
60643
60646
60648
60651
60655
60659
60665
60669
60676
60678
60680
60685
60687
60695
60697
60701
60708
60712
60714
60716
60721
60730
60732
60736
60744
60748
60753
60755
60757
60763
60768
60773
60778
60780
60782
60787
60793
60796
60799
60801
60804
60808
60817
60821
60825
60828
60830
60833
60838
60841
60843
60851
60855
60863
60868
60875
60879
60883
60891
60894
60897
60901
60910
60913
60916
60920
60925
60930
60932
60934
60936
60942
60945
60950
60954
60957
60960
60966
60971
60975
60981
60984
60994
61000
61008
61013
61020
61022
61029
61032
61039
61041
61045
61048
61051
61053
61056
61060
61066
61070
61072
61075
61080
61083
61092
61094
61096
61101
61103
61105
61108
61110
61116
61120
61124
61128
61130
61136
61142
61150
61153
61160
61164
61166
61172
61174
61178
61186
61188
61190
61194
61200
61203
61206
61212
61220
61223
61229
61232
61236
61238
61241
61244
61246
61250
61256
61263
61266
61269
61274
61281
61283
61286
61294
61297
61301
61309
61312
61318
61320
61326
61329
61336
61339
61342
61346
61352
61357
61363
61367
61375
61377
61380
61382
61385
61388
61391
61400
61405
61409
61411
61414
61417
61423
61425
61427
61430
61433
61435
61437
61439
