0.004944592248648405
0.0033111111260950565
0.00653421925380826
0.0033111106604337692
0.006578073836863041
0.0032890369184315205
0.0033111106604337692
0.0016611111350357533
2.2222218831302598e-05
0.0066222213208675385
0.0016611111350357533
0.0032890369184315205
0.004977777600288391
0.0016611111350357533
0.0033111111260950565
0.00653421925380826
0.0032890369184315205
0.001655573956668377
0.0
0.006578073836863041
0.00653421925380826
0.006578073836863041
0.0
0.0049777766689658165
0.0
0.0032890369184315205
0.00653421925380826
0.006578073836863041
0.0033111106604337692
0.0033111111260950565
0.0
0.0033111111260950565
0.006578073836863041
0.0033111106604337692
0.0033111106604337692
0.0033111106604337692
0.0032890369184315205
0.0
0.0032890369184315205
0.006578073836863041
0.0016611111350357533
0.0033111106604337692
0.0032890369184315205
0.0032890369184315205
0.0033111111260950565
0.006578073836863041
0.0032890369184315205
0.0
0.004944592248648405
0.0032890369184315205
0.0033111106604337692
0.003289036685600877
0.006578073836863041
0.0
0.0033111106604337692
0.006578073836863041
0.006578073836863041
0.0
0.006578073836863041
0.0
0.00653421925380826
0.0033111111260950565
0.00653421925380826
0.004944592248648405
0.0
0.0
0.0033111111260950565
0.0033222215715795755
0.006578073836863041
0.0
0.0
0.0
0.0032890369184315205
0.0032890369184315205
0.004977777600288391
0.006578073836863041
0.0016445184592157602
0.00653421925380826
0.0
0.0033111106604337692
0.00653421925380826
0.0033111106604337692
0.0066222213208675385
0.0032891847658902407
0.0033111106604337692
0.0049777766689658165
0.0032890369184315205
0.0033222215715795755
0.0032890369184315205
0.006578073836863041
0.006578073836863041
0.0032890369184315205
0.0032672565430402756
0.004928110167384148
0.0032890369184315205
0.0
0.0033111111260950565
0.0032890369184315205
0.0
0.006556147709488869
0.003289036685600877
0.0033111106604337692
0.003300073789432645
0.0033111106604337692
0.006578073836863041
0.0066222213208675385
0.0032890369184315205
0.00653421925380826
0.00653421925380826
0.0016611111350357533
0.0032890369184315205
2.2222218831302598e-05
0.0
0.0
0.0032891847658902407
0.0032890369184315205
0.0033111106604337692
0.0
0.0032891847658902407
0.001655573956668377
0.0033111106604337692
0.0
0.0016611111350357533
0.0066222213208675385
0.0
0.001655573956668377
0.0016611111350357533
0.0033111106604337692
0.006578073836863041
0.004944592248648405
0.0032890369184315205
0.0033111106604337692
0.0033111111260950565
0.0
0.0016445184592157602
0.0
0.003300073556602001
0.003289036685600877
0.0
0.0033111106604337692
0.0
0.0032890369184315205
0.0033222215715795755
0.006578073836863041
0.006578073836863041
0.0033111106604337692
0.00653421925380826
0.006578073836863041
0.0033111111260950565
0.0032890369184315205
0.006578073836863041
0.00165555567946285
0.0
0.0032891847658902407
0.006578073836863041
0.006578073836863041
0.0033111106604337692
0.006578073836863041
0.0032672565430402756
0.0032890369184315205
1.1037035619665403e-05
0.0032890369184315205
0.0032890369184315205
0.0016500368947163224
1.1037035619665403e-05
0.00653421925380826
0.006578073836863041
0.0033111106604337692
0.0033111111260950565
0.006578073836863041
0.0032890369184315205
0.00165555567946285
0.003289036685600877
0.0016611111350357533
0.0033111106604337692
0.006578073836863041
0.0033111106604337692
0.0033111106604337692
0.0032890369184315205
0.0016611111350357533
0.0033111106604337692
0.0033111106604337692
0.00165555567946285
0.006578073836863041
0.0033111111260950565
0.0016611111350357533
0.0016611111350357533
0.003289036685600877
0.0033111111260950565
0.0
0.0066222213208675385
0.00165555567946285
0.0032890369184315205
0.0032890369184315205
0.001655573956668377
0.0
0.0
2.2074069420341402e-05
0.0
0.0066222213208675385
