0.7768315076828003
0.7855842113494873
0.9381241202354431
0.9318970441818237
0.862218976020813
0.8085716962814331
0.8419840931892395
0.8957279324531555
0.841274082660675
0.9652847051620483
0.8856397271156311
0.7299613356590271
0.8615946769714355
0.946860134601593
0.8787985444068909
0.8184646368026733
0.8515341281890869
0.8882463574409485
0.8045796155929565
0.9179832935333252
0.9588645696640015
0.9589267373085022
0.9420900940895081
0.7150258421897888
0.9350695610046387
0.8857537508010864
0.8178105354309082
0.9185468554496765
0.8687023520469666
0.934741735458374
0.9570074081420898
0.7554407715797424
0.7966723442077637
0.9672265648841858
0.9658904671669006
0.8279876112937927
0.9601321816444397
0.8010111451148987
0.8928298950195312
0.8793496489524841
0.9867623448371887
0.9242692589759827
0.8919464945793152
0.910429060459137
0.9297260642051697
0.8782509565353394
0.9531378149986267
0.9380568265914917
0.9493597745895386
0.9374833703041077
0.8374767303466797
0.7789961695671082
0.938964307308197
0.8484063744544983
0.8859440088272095
0.8537174463272095
0.9248358607292175
0.870368480682373
0.9144899845123291
0.9414075016975403
0.8615946769714355
0.9157995581626892
0.949441134929657
0.8067013621330261
0.891970694065094
0.8279035091400146
0.8786501884460449
0.7746267914772034
0.7362951636314392
0.8378918170928955
0.8834282755851746
0.9268118143081665
0.9377956986427307
0.8300641179084778
0.864249587059021
0.9716812372207642
0.8735805749893188
0.8419533967971802
0.8815963864326477
0.8476080298423767
0.804774820804596
0.8419318199157715
0.8354181051254272
0.9224311113357544
0.9464143514633179
0.9646658301353455
0.8805935382843018
0.9023370146751404
0.7702449560165405
0.8732020854949951
0.8503470420837402
0.8725182414054871
0.9516623616218567
0.9236515164375305
0.8821855187416077
0.8254148960113525
0.955689549446106
0.8296952843666077
0.8817108869552612
0.9589517116546631
0.9067489504814148
0.9698348641395569
0.9316880106925964
0.9351654052734375
0.8921589851379395
0.9058573246002197
0.9254981875419617
0.9234955906867981
0.8926095366477966
0.8193662762641907
0.8376220464706421
0.8804353475570679
0.8836941123008728
0.8413668274879456
0.786948561668396
0.9493801593780518
0.7713451981544495
0.9147825241088867
0.9607873558998108
0.8295512795448303
0.8836939930915833
0.8996967673301697
0.8542817831039429
0.9389739632606506
0.9698226451873779
0.8514162302017212
0.9684934020042419
0.8664700984954834
0.8413668870925903
0.9678632616996765
0.9268118143081665
0.9538390636444092
0.8990312814712524
0.9349436163902283
0.8557718396186829
0.8835658431053162
0.7959659695625305
0.9234672784805298
0.8177936673164368
0.8474921584129333
0.8829472064971924
0.8348524570465088
0.9248018264770508
0.903515100479126
0.759987473487854
0.9456765651702881
0.7737900018692017
0.9248356819152832
0.9109600186347961
0.911971390247345
0.895125687122345
0.8881214261054993
0.8934123516082764
0.8412643074989319
0.9108214378356934
0.8596941828727722
0.9418737292289734
0.7376866936683655
0.8018569946289062
0.8153306245803833
0.9076470136642456
0.8598747849464417
0.8933393359184265
0.8493080139160156
0.8829481601715088
0.9165605902671814
0.7992792129516602
0.9166504144668579
0.7539487481117249
0.8754783868789673
0.8083832859992981
0.8879823088645935
0.9407685399055481
0.9495765566825867
0.9449911713600159
0.93523770570755
0.8203730583190918
0.9743354916572571
0.8010814189910889
0.8193333745002747
0.8590089082717896
0.9582384824752808
0.9224835634231567
0.8515341281890869
0.7946047782897949
0.8224813938140869
0.8882532715797424
0.7872298359870911
0.8967161774635315
0.8351861238479614
0.8418530821800232
0.9211723208427429
0.8512916564941406
0.9130825996398926
0.7727289199829102
0.7629483342170715
0.9582210779190063
0.9097093343734741
0.8518978953361511
0.9350005984306335
