29
53
89
122
148
176
205
240
269
291
322
350
380
407
438
466
495
524
549
575
603
638
674
704
729
758
786
813
842
869
899
929
957
987
1022
1057
1090
1119
1146
1175
1206
1232
1263
1294
1324
1355
1386
1416
1450
1477
1504
1533
1555
1585
1610
1640
1669
1693
1724
1752
1778
1805
1830
1859
1887
1918
1943
1972
1997
2026
2057
2087
2117
2144
2169
2195
2219
2246
2273
2297
2326
2351
2379
2412
2443
2473
2504
2534
2563
2587
2610
2637
2668
2690
2716
2744
2769
2797
2823
2852
2882
2909
2938
2965
2991
3021
3056
3092
3120
3146
3179
3206
3228
3256
3283
3308
3338
3371
3397
3423
3455
3483
3512
3541
3570
3598
3628
3661
3689
3721
3746
3774
3806
3833
3864
3896
3927
3953
3984
4012
4040
4068
4098
4129
4155
4184
4217
4252
4277
4304
4334
4368
4399
4425
4453
4481
4509
4535
4560
4588
4621
4651
4685
4715
4747
4779
4805
4833
4858
4884
4910
4937
4966
4996
9122
9147
9175
9202
9232
9266
9295
9318
9345
9373
9402
9428
9455
9481
9507
9541
9573
9598
9621
9654
9680
9713
9743
9770
9804
9832
9856
9885
9911
9948
9976
10001
10024
10055
10083
10114
10139
10165
10193
10223
10247
10273
10310
10340
10371
10396
10426
10455
10485
10517
10544
10571
10604
10640
10665
10688
10712
10740
10771
10803
10829
10860
10892
10918
10942
10973
11000
11025
11058
11092
11121
11149
11173
11207
11235
11259
11283
11316
11348
11374
11402
11430
11462
11489
11521
11550
11576
11604
11635
11659
11687
11716
11742
11770
11796
11821
11849
11878
11905
11933
11966
11998
12030
12059
12087
12112
12141
12168
12200
12231
12260
12286
12318
12346
12369
12405
12432
12462
12491
12516
12540
12574
12600
12628
12653
12680
12707
12739
12770
12800
12825
12850
12879
12907
12936
12964
12996
13024
13050
13074
13100
13126
13154
13179
13207
13236
13261
13292
13322
13350
13377
13406
13433
13458
13485
13514
13540
13567
13594
13622
13654
13682
13709
13739
13770
13799
13825
13853
13879
13902
13929
13955
13980
14006
14032
14059
14082
18216
18246
18274
18301
18325
18354
18384
18411
18437
18461
18487
18511
18535
18564
18589
18620
18646
18669
18696
18723
18745
18773
18801
18829
18856
18882
18910
18935
18959
18990
19019
19043
19065
19095
19122
19154
19179
19204
19233
19262
19289
19317
19343
19370
19395
19422
19451
19477
19502
19530
19558
19584
19613
19642
19668
19693
19719
19753
19783
19814
19841
19867
19893
19919
19950
19976
20002
20029
20058
20089
20115
20142
20174
20198
20232
20259
20284
20312
20334
20361
20387
20409
20433
20462
20495
20520
20548
20574
20602
20627
20650
20677
20703
20729
20752
20775
20800
20831
20856
20881
20908
20939
20961
20987
21017
21046
21077
21104
21128
21160
21191
21215
21235
21261
21286
21314
21340
21369
21397
21421
21449
21477
21504
21529
21553
21580
21608
21631
21657
21686
21708
21736
21766
21796
21821
21849
21874
21900
21929
21955
21977
22002
22022
22052
22082
22110
22137
22163
22187
22209
22238
22260
22282
22307
22333
22363
22389
22413
22438
22462
22487
22512
22537
22565
22593
22622
22652
22680
22706
22734
22759
22785
22812
22836
22866
22891
22919
22946
22970
22996
23018
23044
23069
23095
23121
23149
23176
27310
27333
27363
27389
27416
27442
27466
27493
27517
27546
27571
27595
27619
27645
27669
27693
27717
27740
27766
27787
27810
27840
27865
27891
27916
27940
27966
27991
28017
28042
28067
28092
28116
28138
28166
28190
28215
28243
28270
28296
28320
28349
28377
28405
28431
28454
28479
28506
28528
28551
28576
28603
28628
28651
28673
28699
28725
28746
28773
28803
28828
28853
28879
28904
28927
28949
28972
28998
29026
29051
29071
29093
29118
29144
29169
29200
29227
29251
29278
29304
29334
29361
29392
29416
29439
29464
29492
29522
29546
29576
29600
29626
29649
29672
29695
29723
29749
29777
29802
29826
29851
29875
29902
29927
29955
29980
30009
30033
30059
30083
30112
30137
30161
30187
30212
30232
30258
30287
30312
30336
30364
30388
30409
30436
30465
30493
30519
30544
30569
30592
30616
30642
30666
30695
30723
30752
30779
30803
30832
30856
30881
30910
30937
30963
30987
31017
31043
31067
31089
31114
31140
31169
31201
31230
31255
31281
31308
31333
31357
31380
31407
31435
31459
31482
31512
31538
31565
31596
31619
31643
31673
31700
31734
31758
31787
31809
31833
31860
31887
31913
31939
31964
31989
32016
32041
32065
32093
32119
32147
32176
32200
32227
32257
32283
