7.322329282760618729e-02
1.249999850988387784e-01
4.999999105930327814e-01
1.249999850988387784e-01
3.661164641380309365e-02
1.249999850988387784e-01
1.249999850988387784e-01
1.249999776482581954e-01
2.133883088827132624e-01
4.999999403953551136e-01
9.999997019767760120e-01
4.267766475677489679e-01
1.249999850988387784e-01
1.072329189628362829e-02
1.249999851417795405e-01
1.249999776482581954e-01
2.499999552965163907e-01
1.249999850558980302e-01
1.249999757856130322e-01
2.499999701976775568e-01
2.133883237838744840e-01
-9.313225743774960064e-09
1.830581948161125877e-02
3.661163830853841200e-02
3.661164268851279519e-02
2.499999701976775568e-01
1.249999757856130322e-01
2.499999701976775568e-01
1.066941376775503020e-01
2.499999701976775568e-01
4.267766475677489679e-01
3.661164268851279519e-02
1.249999850988387784e-01
1.066941507160663466e-01
1.874999459832906445e-01
3.661164268851279519e-02
1.249999850988387784e-01
1.249999850988387784e-01
1.249999850988387784e-01
1.249999850988387784e-01
2.133883141510692638e-01
3.661163523793219826e-02
3.200824689120053690e-01
2.499999701976775568e-01
1.249999850558980302e-01
1.249999757856130322e-01
1.249999850988387784e-01
6.249997951090333070e-02
6.249996570085457337e-02
1.249999851417795405e-01
0.000000000000000000e+00
4.267766177654266357e-01
2.133883088827132624e-01
0.000000000000000000e+00
1.249999850988387784e-01
1.249999813735484799e-01
3.661164268851279519e-02
1.249999850988387784e-01
1.249999850988387784e-01
3.661163896322250366e-02
2.133883163332938870e-01
1.066941507160663466e-01
2.133883088827132624e-01
2.133883088827132624e-01
1.249999850988387923e-01
0.000000000000000000e+00
3.661163710057734749e-02
1.249999850988387784e-01
4.999999403953551136e-01
1.874999701976775845e-01
1.249999776482581954e-01
2.499999701976775568e-01
4.267766326665877186e-01
1.249999850988387784e-01
0.000000000000000000e+00
2.499999105930327814e-01
1.249999850988387784e-01
1.874999646097421091e-01
1.874999608844518106e-01
2.499999701976775568e-01
2.133883163332938870e-01
1.249999850988387784e-01
7.322329282760618729e-02
6.249999036719477291e-02
3.642766326665877741e-01
2.133883237838744840e-01
2.499999701976775568e-01
4.267766177654265247e-01
0.000000000000000000e+00
6.249998882412909768e-02
4.999999403953551136e-01
1.249999850988387784e-01
3.661164641380309365e-02
0.000000000000000000e+00
2.499999702835590809e-01
2.133883144706487378e-01
7.322329282760618729e-02
1.066941544413566312e-01
2.499999701976775568e-01
6.250000093132256074e-02
8.535532951354979359e-01
3.642766326665877741e-01
2.133883088827132624e-01
1.249999850988387784e-01
3.642766326665877741e-01
2.133883088827132624e-01
2.144660428166389118e-02
2.133883237838744840e-01
6.249998323619362917e-02
4.267766475677489679e-01
3.661164268851279519e-02
2.133883088827132624e-01
2.499999701976775568e-01
1.249999850988387784e-01
1.066941637545823773e-01
1.066941469907760481e-01
2.133882995694875162e-01
1.249999850988387784e-01
2.499999701976775568e-01
6.249999254941938920e-02
0.000000000000000000e+00
3.749999143183230244e-01
-1.862645038208654362e-09
2.133883144706487378e-01
3.661164641380309365e-02
1.249999757856130322e-01
1.249999850988387784e-01
6.249998137354850075e-02
1.249999757856130322e-01
2.499999701976775568e-01
4.267766177654265247e-01
1.249999850558980302e-01
3.661164641380309365e-02
3.661164268851279519e-02
1.249999842337030515e-01
8.226828179722704364e-21
2.499999701976775568e-01
2.133883237838744840e-01
1.249999850988387784e-01
6.249999254941938920e-02
2.133883088827132624e-01
1.249999851417795405e-01
1.874999664723872583e-01
2.133883088827132624e-01
2.499999850988387784e-01
1.249999757856130322e-01
6.249998323619362917e-02
3.661164641380309365e-02
4.267766475677489679e-01
8.535532951354979359e-01
2.499999701976775568e-01
2.133883088827133179e-01
6.249998323619362917e-02
1.249999776482581954e-01
4.267766475677489679e-01
2.499999701976775568e-01
2.499999701976775568e-01
4.999999403953551136e-01
2.133883237838744840e-01
3.661164641380309365e-02
3.661165386438369057e-02
1.249999850988387784e-01
1.249999850988387784e-01
0.000000000000000000e+00
1.249999776482581954e-01
2.316941283643245142e-01
1.874999652665114425e-01
3.661163710057734749e-02
4.999999403953551136e-01
1.874999701976775845e-01
2.133883237838744840e-01
4.267766177654265247e-01
1.249999850988387784e-01
2.499999552965163907e-01
0.000000000000000000e+00
1.874999608844518106e-01
0.000000000000000000e+00
3.661164268851279519e-02
5.491746123880146546e-02
2.499999701976775568e-01
2.499999850988387784e-01
2.499999850988387784e-01
2.133883088827132624e-01
0.000000000000000000e+00
3.661164268851279519e-02
2.133883144706487378e-01
1.249999850988387784e-01
2.499999701976775568e-01
4.999999999999998890e-01
1.249999791483831224e-01
6.249999254941938920e-02
0.000000000000000000e+00
1.249999851417795405e-01
2.499999701976775568e-01
1.249999850988387784e-01
3.661162033677099747e-02
2.133883088827133179e-01
1.249999850988387784e-01
2.133883163332938870e-01
1.249999906867742261e-01
9.999999403953551136e-01
0.000000000000000000e+00
2.133882995694875440e-01
0.000000000000000000e+00
4.267766177654265247e-01
1.249999850988387784e-01
0.000000000000000000e+00
1.066941581666469296e-01
0.000000000000000000e+00
2.133883237838744840e-01
1.249999850988387784e-01
1.249999850988387784e-01
2.133883144706487378e-01
1.249999552965163907e-01
1.249999850988387784e-01
1.249999701976775845e-01
-3.725290293584752946e-09
2.133883088827133179e-01
1.249999851417795405e-01
1.066941469907760481e-01
2.499999701976775568e-01
1.874999701976775845e-01
4.267766475677489679e-01
6.250000745058058305e-02
1.249999850988387784e-01
4.999999403953551136e-01
0.000000000000000000e+00
1.830581761896610260e-02
2.133883237838744840e-01
2.499999701976775568e-01
1.249999850988387784e-01
0.000000000000000000e+00
6.249998696148394151e-02
3.642766252160071772e-01
1.249999850988387784e-01
2.499999552965163629e-01
6.249997392296789689e-02
2.133883237838744840e-01
1.249999851417795405e-01
2.499999105930336973e-01
2.499999701976775568e-01
3.661164641380309365e-02
2.133883143597454235e-01
3.661164641380309365e-02
2.499999701976775568e-01
2.133883088827132624e-01
3.661163896322250366e-02
0.000000000000000000e+00
1.249999850988387784e-01
4.267766177654265247e-01
2.133883088827132624e-01
3.661163710057734749e-02
1.249999850988387784e-01
1.249999403953551969e-01
2.499999701976775568e-01
4.267766065895556293e-01
6.249998730044836054e-02
2.133883088827133179e-01
7.322328537702559037e-02
6.249998696148392763e-02
2.133883088827132624e-01
7.322327792644500732e-02
0.000000000000000000e+00
2.499999702835590809e-01
1.249999851417795405e-01
3.642766326665877741e-01
7.322330772876738114e-02
4.999999403953551136e-01
2.133883163332938870e-01
7.322329282760618729e-02
2.133883237838744840e-01
6.249998509883879227e-02
3.642766326665877741e-01
1.249999757856130322e-01
3.725290298491292209e-09
6.249997819381380298e-02
7.322327792644500732e-02
1.249999850988387784e-01
6.249998137354850075e-02
1.249999850988387784e-01
6.249997764825819535e-02
3.661164641380309365e-02
1.874999515712260922e-01
1.874999608844518106e-01
3.661163523793219826e-02
3.661164641380309365e-02
1.249999850988387784e-01
2.499999701976775568e-01
7.322327420115469498e-02
3.661162778735115725e-02
1.249999851417795405e-01
6.249999999999998612e-02
1.249999850988387784e-01
4.267766475677489679e-01
1.249999850988387784e-01
1.433057896792888364e-01
7.322327047586441040e-02
1.249999850988387784e-01
2.499999701976775568e-01
7.322329282760618729e-02
4.267766475677489679e-01
6.249996460974216461e-02
3.642766177654265802e-01
3.661163523793219826e-02
0.000000000000000000e+00
6.249998509883879227e-02
4.267766177654265247e-01
1.249999850988387784e-01
2.499999701976775568e-01
2.499999627470969876e-01
3.661165386438369057e-02
1.249999850988387784e-01
2.133883088827133179e-01
2.499999850988387784e-01
0.000000000000000000e+00
2.499999403953551691e-01
1.249999757856130322e-01
2.499999515712260645e-01
4.267766475677489679e-01
1.249999850988387784e-01
0.000000000000000000e+00
2.499999552965163907e-01
1.072329655289649616e-02
2.499999701976775568e-01
2.499999701976775568e-01
1.249999850988387784e-01
2.133883107453584116e-01
3.661164641380309365e-02
1.249999850988387784e-01
0.000000000000000000e+00
2.499999850988387784e-01
0.000000000000000000e+00
0.000000000000000000e+00
1.249999850988387784e-01
1.645365635944540873e-20
7.322329282760618729e-02
2.133883237838744840e-01
2.499999701976775568e-01
1.249999850988387784e-01
2.499999701976775568e-01
2.499999701976775568e-01
3.661164641380309365e-02
0.000000000000000000e+00
0.000000000000000000e+00
0.000000000000000000e+00
3.661164641380309365e-02
1.249999776482581954e-01
6.249998323619363610e-02
1.249999850988387784e-01
1.249999850988387784e-01
2.499999850988387784e-01
2.499999701117960604e-01
1.249999850988387784e-01
1.249999757856130322e-01
1.249999850988387784e-01
1.249999851417795405e-01
6.072740924527616742e-11
1.830582227557897568e-02
1.249999850988387784e-01
4.267766289412974756e-01
4.999999999999998890e-01
3.661165386438369057e-02
4.999999403953551136e-01
9.999998807907102272e-01
7.322329282760620117e-02
1.249999850988387784e-01
5.491746217012405396e-02
3.661164268851279519e-02
0.000000000000000000e+00
4.267766214907168232e-01
1.249999851417795405e-01
4.267766177654265247e-01
7.322331517934799194e-02
2.133883088827132624e-01
2.133883088827132624e-01
0.000000000000000000e+00
1.249999850988387784e-01
2.133883237838744840e-01
1.249999850988387784e-01
2.499999850988387784e-01
2.133882679045199793e-01
6.249999781777514779e-02
1.249999850988387784e-01
7.322329282760618729e-02
2.133883237838744840e-01
4.999999403953551136e-01
2.499999590218066614e-01
1.249999850988387784e-01
0.000000000000000000e+00
1.874999683350324353e-01
6.249998882412909074e-02
1.249999850988387784e-01
1.249999772156904221e-01
1.249999850988387784e-01
3.661164641380309365e-02
1.249999776911989435e-01
3.661164268851279519e-02
3.661165013909339211e-02
3.661164641380309365e-02
3.661164268851278825e-02
0.000000000000000000e+00
0.000000000000000000e+00
4.267766475677489679e-01
1.874999664723872861e-01
1.072328910231590098e-02
3.661164641380309365e-02
1.249999850988387784e-01
1.249999850988387784e-01
4.267766177654265247e-01
2.133883088827132624e-01
1.249999750140802085e-01
1.874999683350324353e-01
8.535532951354979359e-01
3.661164268851279519e-02
1.249999850988387784e-01
4.267766326665877741e-01
2.499999701976775568e-01
2.133883237838744840e-01
7.322330027818677034e-02
3.661164827644822900e-02
6.249998882412911155e-02
3.642766475677489679e-01
2.133883144706487101e-01
1.249999776482581954e-01
4.999999403953551136e-01
3.200824633240699768e-01
3.661164641380309365e-02
6.249999068677423997e-02
1.072332262992858540e-02
7.322329282760620117e-02
2.133883088827132624e-01
1.066941544413566312e-01
3.661164641380309365e-02
2.499999701976775568e-01
6.249997215392610883e-02
1.874999664723872861e-01
2.499999701976775568e-01
2.499999701976775568e-01
2.133883163332938870e-01
1.249999776053174472e-01
3.124999515712260090e-01
1.249999776482581954e-01
0.000000000000000000e+00
4.267766177654265247e-01
2.499999552965163907e-01
0.000000000000000000e+00
2.499999701976775568e-01
2.499999701976775568e-01
1.249999664723873000e-01
2.499999701976775568e-01
1.249999850988387784e-01
2.499999701117960604e-01
7.322328537702559037e-02
0.000000000000000000e+00
2.133883107453584116e-01
3.642766028642653864e-01
2.133883237838744840e-01
2.499999701976775568e-01
1.249999850988387784e-01
3.661164641380309365e-02
2.133883163332938870e-01
2.499999552965163907e-01
1.249999850988387784e-01
4.999999403953551136e-01
2.499999701976775568e-01
2.499999701976775568e-01
3.749999366700648706e-01
2.133883237838744840e-01
2.133883070200681131e-01
2.499999552965163907e-01
2.133883088827132624e-01
2.133883163332938870e-01
3.661164641380309365e-02
1.249999776482581954e-01
4.267766177654265247e-01
4.999999105930327814e-01
0.000000000000000000e+00
1.874999683350324353e-01
3.661164641380309365e-02
2.499999702835590809e-01
2.133883088827132624e-01
4.267766177654265247e-01
2.499999701976775568e-01
1.249999850988387784e-01
1.249999850988387784e-01
1.249999850988387784e-01
1.249999850988387784e-01
2.133883237838744840e-01
0.000000000000000000e+00
2.499999701976775568e-01
2.499999701976775568e-01
2.499999701976775568e-01
1.249999850988387784e-01
2.499999701976775568e-01
7.322328537702559037e-02
2.499999701976775568e-01
2.133883125047079943e-01
1.874999683350324353e-01
1.249999850988387784e-01
4.267766475677489679e-01
1.249999723799022355e-01
2.133883095648129724e-01
2.499999701976775568e-01
1.249999850988387784e-01
0.000000000000000000e+00
3.661163523793219826e-02
-7.450580587169505892e-09
1.249999850988387784e-01
1.249999850988387784e-01
3.661163710057734055e-02
2.499999701976775568e-01
1.874999683350324353e-01
1.249999776482581954e-01
1.249999757856130322e-01
2.499999701976775568e-01
1.249999850988387784e-01
2.133883088827132624e-01
2.499999701976775568e-01
0.000000000000000000e+00
2.499999701976775568e-01
1.874999124556779584e-01
2.133883237838744840e-01
1.249999850988387784e-01
3.661164641380309365e-02
3.661164290479689692e-02
3.661164268851279519e-02
1.249999757856130322e-01
4.267766028642653309e-01
1.249999850988387784e-01
1.249999757856130322e-01
5.587935447736938314e-09
0.000000000000000000e+00
2.499999701976775568e-01
4.267766475677489679e-01
1.249999552965163907e-01
0.000000000000000000e+00
2.133883237838744840e-01
6.249998696148392763e-02
0.000000000000000000e+00
0.000000000000000000e+00
0.000000000000000000e+00
2.499999701976775568e-01
2.499999701976775568e-01
1.874999646097421091e-01
2.499999701976775568e-01
2.499999627470969876e-01
3.661164641380309365e-02
2.133882902562617978e-01
1.249999850988387784e-01
2.499999701976775568e-01
2.499999701976775568e-01
3.661164268851280212e-02
2.499999515712260645e-01
1.249999850988387784e-01
1.249999850988387784e-01
1.249999779678376555e-01
4.267766214907168232e-01
2.499999701976775568e-01
2.499999701976775568e-01
2.499999701976775568e-01
0.000000000000000000e+00
2.133883237838744840e-01
1.249999850558980302e-01
1.249999850988387784e-01
1.249999664723872583e-01
4.999999403953551136e-01
2.133883237838744840e-01
1.249999757856130322e-01
2.499999552965163907e-01
3.642766541531932134e-01
4.999999403953551136e-01
4.999999403953551136e-01
2.133883014321331095e-01
7.322329282760618729e-02
4.999999403953551136e-01
2.499999701976775568e-01
1.249999850988387784e-01
3.661163896322250366e-02
0.000000000000000000e+00
2.133883088827132624e-01
1.874999478459357938e-01
2.133882933972248430e-01
2.144659310579299233e-02
2.499999701976775568e-01
4.999999403953551136e-01
3.749999329447745167e-01
1.249999850988387784e-01
1.249999850988387784e-01
3.661164268851279519e-02
3.661164268851279519e-02
3.661163710057734749e-02
1.249999850988387784e-01
4.999999403953551136e-01
1.249999850988387784e-01
4.267766177654265247e-01
1.249999850988387784e-01
4.267766177654265247e-01
1.249999776482581954e-01
4.999999403953551136e-01
1.249999850988387784e-01
1.249999776482581954e-01
3.661165386438369057e-02
4.267766177654265247e-01
0.000000000000000000e+00
6.249998696148392763e-02
2.499999627470969876e-01
3.661163896322249672e-02
1.249999757856130322e-01
0.000000000000000000e+00
2.499999701976775568e-01
1.249999850988387784e-01
0.000000000000000000e+00
2.499999701976775568e-01
4.267766326665877741e-01
1.249999850988387784e-01
2.499999701976775568e-01
-3.725290293584753773e-09
3.661163523793220520e-02
1.249999850988387784e-01
4.999999403953551136e-01
2.133882530033587854e-01
3.661164641380309365e-02
1.249999850988387784e-01
0.000000000000000000e+00
3.661164641380309365e-02
0.000000000000000000e+00
1.249999850988387784e-01
1.249999273568391522e-01
3.661164268851279519e-02
1.249999850988387784e-01
4.999999403953551136e-01
2.499999701976775568e-01
1.249999776482581954e-01
2.499999701976775568e-01
2.133883237838744840e-01
1.249999757856130322e-01
2.133883237838744840e-01
4.999999403953551136e-01
1.249999850988387784e-01
9.999998807907102272e-01
1.249999850988387784e-01
3.749998621642588459e-01
1.249999850988387784e-01
0.000000000000000000e+00
1.249999850988387784e-01
2.499999552965163907e-01
1.249999552965163907e-01
0.000000000000000000e+00
0.000000000000000000e+00
1.249999850988387784e-01
2.499999701976775568e-01
2.499999701976775568e-01
1.249999552965163907e-01
2.499999701976775568e-01
1.249999850988387784e-01
2.499999701976775568e-01
1.249999850988387784e-01
0.000000000000000000e+00
0.000000000000000000e+00
1.249999850988387784e-01
1.249999757856130322e-01
0.000000000000000000e+00
0.000000000000000000e+00
2.499999552965163907e-01
1.249999850988387784e-01
1.249999552965163907e-01
3.661164641380309365e-02
1.249999664723873000e-01
0.000000000000000000e+00
1.249999776482581954e-01
1.249999850988387784e-01
0.000000000000000000e+00
2.133883237838744840e-01
1.249999850988387784e-01
-7.450580587169505892e-09
1.249999776482581954e-01
2.499999701976775568e-01
1.249999850988387784e-01
1.830582134425640106e-02
4.267765432596206110e-01
2.499999403953551969e-01
2.133882492780684870e-01
2.133883088827132624e-01
2.499999701976775568e-01
2.499999701976775568e-01
1.249999850988387784e-01
4.999998211860655628e-01
2.499999701976775568e-01
4.999998211860655628e-01
1.830582134425640106e-02
1.249999850988387784e-01
2.499999105930327814e-01
1.249999776482581954e-01
7.322329282760618729e-02
2.499999701976775568e-01
2.499999701976775568e-01
1.249999850988387784e-01
1.249999850988387784e-01
3.661163896322249672e-02
1.249999552965163907e-01
4.267765879631041925e-01
4.267766475677489679e-01
2.499999105930327814e-01
0.000000000000000000e+00
1.249999850988387784e-01
1.874999105930328092e-01
1.249999850988387784e-01
4.999999403953551136e-01
2.499999508461855924e-01
2.133883163332938870e-01
2.499999701976775568e-01
7.322329282760620117e-02
2.499999552965163907e-01
0.000000000000000000e+00
2.499999552965163907e-01
2.133883237838744840e-01
1.249999720603227338e-01
2.499999701976775568e-01
2.499999701976775568e-01
0.000000000000000000e+00
2.499999552965163907e-01
1.249999552965163907e-01
1.249999776482581954e-01
0.000000000000000000e+00
0.000000000000000000e+00
7.322329282760618729e-02
2.499999552965163907e-01
1.249999552965163907e-01
2.499999701976775568e-01
0.000000000000000000e+00
2.499999105930327814e-01
4.267766177654266357e-01
