29
52
79
108
142
177
211
242
276
303
328
363
386
422
445
469
496
531
563
591
615
641
670
704
739
767
798
823
864
896
924
953
984
1022
1056
1083
1114
1139
1172
1202
1236
1258
1287
1322
1347
1371
1409
1444
1475
1503
1537
1573
1602
1638
1672
1705
1733
1761
1791
1824
1851
1878
1910
1948
1971
1996
2028
2057
2092
2127
2164
2193
2222
2253
2285
2320
2350
2380
2407
2437
2470
2506
2540
2574
2601
2634
2670
2701
2730
2758
2796
2819
2858
2887
2922
2964
2992
3018
3053
3087
3120
3146
3179
3215
3250
3278
3307
3343
3368
3401
3434
3465
3504
3529
3551
3587
3614
3633
3669
3698
3730
3768
3796
3830
3856
3893
3927
3955
3996
4032
4061
4093
4121
4161
4197
4229
4262
4295
4334
4361
4395
4425
4464
4493
4528
4561
4590
4619
4641
4662
4689
4718
4753
4790
4820
4844
4875
4911
4934
4965
4991
5018
5047
5081
5118
5147
5179
5201
5228
5254
5289
5319
5358
5383
5414
5441
5470
5503
5535
5569
5605
5633
5668
5698
5721
5745
5775
5801
5836
5861
5890
5916
5951
5986
6018
6049
6071
6105
6132
6158
6183
6213
6235
6260
6287
6317
6352
6377
6410
6435
6458
6488
6522
6555
6587
6621
6652
6683
6712
6742
6780
6807
6838
6863
6887
6921
6953
6986
7020
7051
7089
7121
7151
7185
7221
7253
7282
7312
7339
7371
7402
7434
7462
7495
7525
7552
7582
7607
7640
7678
7711
7744
7775
7809
7832
7864
7897
7937
7965
7995
8021
8048
8080
8113
8137
8177
8205
8235
8263
8292
8320
8353
8382
8416
8452
8486
8507
8536
8562
8591
8620
8646
8676
8706
8737
8765
8790
8817
8844
8875
8903
8927
8951
8977
9014
9045
9071
9090
9116
9143
9168
9199
9227
9254
9280
9313
9343
9375
9403
9425
9453
9488
9515
9545
9580
9607
9632
9658
9689
9713
9743
9775
9812
9849
9879
9902
9932
9959
9988
10011
10043
10075
10095
10127
10157
10186
10213
10239
10259
10291
10313
10345
10378
10402
10430
10455
10486
10519
10548
10569
10598
10631
10659
10686
10711
10746
10772
10805
10832
10862
10893
10919
10946
10974
11008
11037
11061
11092
11122
11153
11185
11218
11242
11274
11305
11331
11359
11389
11418
11448
11486
11516
11547
11584
11610
11641
11666
11699
11732
11767
11796
11820
11844
11871
11909
11937
11963
11986
12018
12049
12069
12107
12138
12162
12191
12213
12235
12264
12298
12331
12362
12400
12422
12442
12467
12493
12522
12551
12583
12619
12648
12679
12705
12737
12767
12798
12831
12871
12896
12926
12948
12972
13001
13023
13057
13088
13119
13150
13179
13203
13231
13259
13285
13312
13335
13367
13396
13424
13459
13491
13519
13547
13574
13606
13641
13667
13691
13719
13756
13784
13810
13841
13868
13892
13918
13942
13971
14003
14042
14067
14095
14131
14158
14185
14209
14231
14253
14278
14302
14332
14358
14389
14421
14442
14474
14503
14524
14553
14585
14613
14645
14676
14704
14723
14748
14779
14801
14834
14860
14890
14911
14943
14979
14999
15027
15052
15084
15107
15130
15156
15183
15213
15241
15267
15296
15321
15351
15386
15416
15444
15469
15498
15528
15550
15573
15600
15623
15649
15685
15712
15736
15757
15784
15813
15836
15867
15898
15925
15955
15987
16013
16036
16064
16093
16120
16143
16169
16190
16219
16241
16264
16289
16313
16334
16358
16386
16417
16440
16465
16490
16515
16541
16566
16591
16618
16645
16674
16699
16721
16754
16784
16807
16835
16869
16906
16932
16965
16989
17011
17036
17063
17087
17115
17140
17169
17197
17220
17240
17259
17282
17311
17345
17376
17401
17432
17456
17481
17510
17540
17564
17601
17627
17645
17669
17693
17717
17742
17770
17791
17816
17843
17869
17899
17930
17953
17980
18014
18040
18062
18095
18116
18138
18171
18199
18221
18249
18273
18296
18324
18351
18375
18405
18423
18444
18467
18496
18525
18553
18578
18603
18632
18659
18682
18705
18731
18759
18783
18805
18829
18852
18874
18898
18918
18941
18963
18990
19019
19047
19077
19102
19127
19150
19175
19201
19230
19262
19283
19312
19337
19364
19390
19420
19445
19467
19494
19523
19544
19574
19599
19627
19652
19680
19707
19736
19768
19788
19812
19840
19864
19890
19915
19939
19964
19993
20014
20038
20064
20087
20115
20140
20167
20191
20214
20246
20268
20290
20317
20349
20377
20402
20425
20450
20485
20511
20544
20570
20595
20620
20646
20675
20700
20724
20747
20769
20795
20823
20846
20870
20894
20923
20947
20974
20997
21020
21040
21060
21085
21112
21136
21157
21182
21206
21227
21253
21275
21301
21331
21356
21378
21398
21420
21442
21467
21489
21520
21547
21570
21596
21618
21640
21661
21684
21705
21728
21754
21776
21807
21829
21851
21878
21900
21925
21947
21974
22012
22041
22067
22092
22114
22142
22167
22190
22222
22246
22265
22290
22313
22342
22366
22387
22408
22436
22456
22482
22507
22526
22551
22578
22600
22625
22653
22678
22705
22728
22754
22775
22802
22827
22851
22878
22899
22926
22948
22970
22993
23023
23046
23074
23096
23120
23144
23170
23195
23219
23241
23266
23294
23321
23350
23370
23392
23413
23436
23464
23489
23512
23538
23562
23584
23607
23630
23653
23679
23711
23738
23762
23785
23814
23834
23859
23880
23907
23930
23956
23982
24007
24028
24051
24084
24115
24138
24164
24187
24211
24240
24262
24282
24303
24325
24351
24374
24399
24427
24447
24467
24490
24518
24544
24571
24599
24623
24647
24670
24692
24719
24739
24765
24792
24815
24842
24867
24893
24925
24949
24973
25000
25028
25046
25070
25090
25112
25136
25161
25182
25210
25230
25253
25275
25294
25318
25339
25364
25393
25421
25439
25467
25487
25515
25544
25570
25589
25610
25637
25663
25685
25712
25734
25764
25793
25815
25841
25867
25888
25910
25934
25966
25984
26015
26050
26071
26103
26126
26150
26179
26204
26234
26259
26288
26311
26331
26354
26377
26401
26420
26443
26465
26490
26514
26534
26554
26581
26608
26635
26655
26675
26701
26723
26748
26775
26795
26816
26843
26861
26883
26910
26943
26970
26995
27020
27042
27062
27085
27111
27134
27159
27181
27206
27230
27254
27277
27299
27328
27358
27383
27406
27433
27455
27477
27500
27525
27549
27574
27593
27612
27632
27654
27680
27701
27725
27747
27766
27787
27810
27834
27859
27879
27898
27920
27943
27968
27990
28014
28035
28060
28084
28112
28140
28165
28197
28225
28249
28272
28297
28318
28343
28366
28399
28426
28453
28477
28503
28520
28544
28572
28599
28625
28650
28676
28695
28722
28745
28770
28788
28812
28833
28852
28874
28897
28924
28947
28965
28990
29016
29039
29065
29090
29115
29146
29171
29197
29216
29241
29269
29294
29318
29338
29361
29381
29405
29431
29456
29477
29499
29523
29548
29564
29589
29608
29633
29656
29681
29708
29728
29750
29772
29791
29820
29839
29860
29886
29907
29931
29950
29974
29997
30022
30049
30072
30094
30114
30137
30163
30187
30209
30233
30254
30272
30294
30314
30340
30360
30382
30406
30432
30452
30476
30498
30527
30547
30569
30594
30617
30642
30663
30688
30712
30736
30755
30784
30804
30827
30857
30881
30909
30934
30956
30975
30998
31018
31042
31070
31095
31125
31142
31160
31179
31200
31223
31247
31271
31293
31318
31337
31363
31381
31401
31418
31438
31460
31480
31504
31528
31545
31566
31588
31607
31629
31662
31680
31702
31726
31751
31770
31799
31817
31841
31864
31890
31907
31932
31951
31969
31993
32014
32039
32068
32091
32108
32130
32152
32176
32195
32217
32242
32264
32287
32311
32337
32357
32382
32403
32420
32443
32464
32483
32507
32535
32555
32572
32593
32616
32637
32660
32682
32703
32725
32748
32770
32794
32819
32842
32869
32898
32921
32942
32965
32990
33012
33038
33056
33074
33100
33122
33141
33164
33185
33209
33229
33249
33269
33291
33309
33331
33350
33373
33393
33414
33438
33461
33486
33507
33531
33554
33574
33592
33611
33632
33652
33674
33702
33724
33746
33766
33784
33812
33834
33856
33873
33895
33917
33937
33962
33981
34004
34031
34053
34075
34093
34117
34138
34165
34192
34220
34241
34262
34282
34306
34330
34353
34373
34400
34419
34440
34464
34485
34508
34528
34553
34579
34606
34627
34652
34673
34693
34715
34734
34752
34770
34791
34818
34839
34863
34886
34906
34928
34951
34974
34993
35019
35046
35068
35086
35104
35123
35145
35166
35191
35213
35233
35255
35276
35296
35316
35339
35364
35383
35406
35428
35449
35471
35490
35510
35531
35555
35579
35605
35628
35650
35673
35695
35717
35743
35768
35794
35813
35836
35860
35882
35903
35923
35939
35960
35977
35996
36018
36041
36059
36079
36104
36127
36153
36174
36196
36216
36238
36259
36279
36301
36319
36341
36366
36388
36406
36428
36449
36467
36490
36510
36533
36554
36574
36595
36616
36639
36663
36686
36705
36725
36748
36781
36805
36826
36849
36868
36888
36908
36934
36954
36980
37003
37022
37044
37064
37086
37106
37128
37155
37176
37197
37219
37237
37256
37274
37299
37323
37346
37372
37390
37410
37429
37452
37473
37493
37512
37532
37554
37576
37599
37620
37641
37663
37685
37710
37730
37750
37773
37796
37814
37836
37864
37883
37905
37926
37946
37965
37983
38003
38027
38053
38074
38099
38118
38136
38157
38179
38197
38217
38239
38262
38285
38304
38324
38348
38373
38395
38416
38439
38461
38484
38508
38532
38550
38570
38596
38616
38635
38657
38683
38703
38724
38744
38769
38789
38813
38835
38856
38875
38898
38917
38941
38963
38986
39009
39032
39053
39080
39098
39117
39139
39166
39188
39206
39221
39242
39261
39285
39301
39323
39342
39360
39380
39400
39418
39440
39457
39480
39502
39521
39541
39563
39580
39598
39622
39642
39663
39680
39704
39726
39747
39767
39790
39809
39830
39851
39871
39888
39906
39926
39945
39965
39991
40015
40031
40052
40072
40093
40112
40130
40152
40172
40194
40214
40234
40255
40276
40294
40314
40345
40372
40393
40414
40432
40453
40474
40492
40514
40538
40561
40583
40603
40624
40643
40661
40687
40707
40729
40748
40769
40790
40812
40832
40854
40876
40894
40921
40945
40967
40983
41001
41020
41040
41062
41080
41098
41117
41139
41161
41181
41198
41220
41241
41261
41279
41296
41314
41335
41353
41374
41395
41412
41428
41449
41472
41492
41514
41536
41561
41583
41605
41628
41647
41673
41692
41715
41733
41753
41770
41789
41808
41831
41850
41869
41889
41910
41932
41950
41967
41984
42004
42022
42042
42060
42083
42099
42119
42138
42159
42177
42198
42218
42240
42261
42278
42302
42320
42345
42364
42383
42403
42422
42443
42462
42482
42501
42522
42544
42563
42579
42598
42618
42640
42656
42678
42696
42715
42735
42759
42778
42800
42818
42836
42853
42875
42895
42914
42934
42957
42975
42995
43014
43036
43054
43074
43096
43117
43138
43156
43175
43197
43216
43233
43250
43268
43284
43300
43319
43338
43361
43382
43403
43423
43440
43462
43479
43498
43515
43536
43554
43575
43592
43609
43627
43644
43663
43684
43705
43724
43741
43761
43779
43796
43815
43835
43856
43874
43892
43914
43931
43952
43971
43992
44012
44032
44052
44071
44094
44114
44131
44151
44171
44187
44206
44223
44247
44271
44291
44309
44328
44349
44368
44387
44406
44428
44445
44464
44484
44506
44524
44542
44561
44580
44603
44620
44637
44660
44679
44697
44716
44738
44758
44780
44802
44820
44839
44859
44879
44899
44918
44936
44958
44980
45001
45020
45041
45062
45081
45100
45118
45139
45157
45177
45193
45209
45228
45247
45264
45282
45298
45315
45336
45356
45372
45388
45410
45430
45450
45466
45486
45505
45522
45541
45562
45586
45604
45624
45642
45663
45680
45699
45718
45735
45752
45771
45793
45814
45830
45852
45876
45898
45916
45933
45953
45974
45992
46008
46027
46044
46060
46084
46101
46120
46143
46162
46179
46203
46222
46240
46259
46277
46297
46314
46335
46354
46371
46388
46406
46423
46445
46463
46480
46500
46518
46537
46557
46575
46594
46612
46632
46650
46671
46691
46714
46733
46753
46771
46791
46812
46830
46850
46867
46886
46909
46928
46945
46962
46980
46998
47017
47036
47053
47072
47092
47109
47125
47147
47164
47183
47202
47220
47239
47256
47282
47299
47317
47335
47356
47376
47394
47411
47430
47448
47466
47488
47506
47522
47538
47556
47574
47592
47613
47630
47648
47666
47683
47702
47719
47739
47756
47775
47793
47814
47834
47853
47871
47891
47911
47928
47946
47967
47988
48006
48022
48040
48057
48073
48092
48113
48130
48149
48165
48185
48205
48225
48243
48259
48276
48292
48311
48330
48348
48366
48386
48406
48424
48443
48463
48480
48495
48513
48532
48552
48569
48590
48607
48625
48645
48666
48686
48704
48723
48742
48759
48779
48797
48818
48838
48857
48874
48893
48911
48928
48947
48966
48987
49004
49019
49038
49056
49076
49095
49114
49132
49150
49168
49186
49203
49230
49248
49270
49289
49305
49320
49339
49359
49377
49394
49413
49429
49449
49471
49490
49506
49524
49540
49557
49575
49594
49614
49631
49649
49669
49688
49709
49726
49743
49762
49782
49799
49816
49832
49850
49867
49883
49902
49926
49945
49965
49987
50003
50021
50041
50060
50077
50097
50116
50135
50154
50173
50193
50210
50228
50244
50264
50283
50299
50315
50332
50349
50365
50384
50403
50420
50439
50458
50477
50495
50512
50530
50546
50564
50582
50605
50621
50639
50655
50671
50688
50704
50724
50740
50757
50776
50795
50813
50831
50848
50864
50885
50902
50925
50941
50957
50976
50994
51011
51028
51043
51064
51081
51102
51121
51143
51159
51179
51196
51216
51233
51249
51266
51287
51303
51321
51338
51357
51378
51394
51413
51433
51449
51466
51486
51503
51521
51536
51552
51570
51588
51609
51627
51649
51665
51680
51698
51718
51736
51752
51771
51790
51806
51826
51843
51860
51878
51895
51912
51930
51949
51965
51983
52002
52019
52036
52051
52066
52085
52101
52118
52134
52153
52170
52188
52206
52229
52247
52264
52279
52297
52312
52330
52351
52367
52382
52401
52422
52439
52455
52471
52490
52506
52521
52537
52553
52569
52587
52605
52621
52639
52657
52675
52693
52712
52729
52747
52764
52782
52801
52818
52834
52851
52868
52889
52908
52926
52945
52962
52981
52998
53015
53032
53050
53068
53090
53109
53128
53146
53165
53183
53200
53220
53238
53259
53277
53293
53310
53326
53344
53366
53385
53401
53416
53434
53450
53466
53482
53501
53521
53538
53556
53572
53591
53606
53624
53644
53663
53680
53698
53716
53734
53750
53768
53787
53802
53820
53838
53855
53870
53887
53904
53921
53938
53955
53975
53994
54013
54030
54046
54063
54078
54095
54113
54131
54148
54165
54182
54198
54216
54233
54248
54266
54283
54300
54316
54334
54355
54373
54389
54410
54430
54450
54465
54481
54499
54515
54534
54551
54569
54584
54603
54621
54639
54659
54674
54694
54710
54726
54743
54758
54777
54792
54809
54827
54843
54860
54876
54896
54916
54932
54949
54965
54982
55000
55018
55035
55052
55069
55086
55103
55122
55138
55155
55171
55188
55203
55220
55236
55255
55270
55285
55302
55318
55334
55353
55369
55389
55405
55423
55441
55458
55476
55494
55516
55532
55549
55565
55582
55598
55614
55631
55648
55664
55681
55697
55712
55728
55743
55759
55776
55792
55811
55828
55845
55862
55880
55896
55912
55929
55945
55963
55982
55999
56015
56033
56048
56066
56082
56098
56115
56131
56150
56165
56182
56199
56217
56234
56253
56268
56283
56299
56318
56334
56350
56368
56387
56404
56420
56435
56454
56469
56484
56500
56516
56534
56551
56567
56584
56599
56616
56634
56650
56667
56684
56701
56716
56735
56752
56770
56787
56803
56820
56836
56852
56868
56884
56899
56917
56932
56950
56967
56984
57002
57019
57036
57054
57069
57085
57104
57120
57137
57154
57171
57187
57203
57218
57233
57249
57264
57282
57300
57317
57334
57350
57370
57389
57407
57422
57438
57455
57471
57486
57501
57523
57540
57558
57576
57595
57611
57629
57649
57666
57684
57700
57717
57734
57751
57768
57786
57802
57822
57844
57862
57879
57894
57911
57927
57944
57961
57977
57994
58011
58029
58048
58066
58082
58099
58119
58135
58150
58169
58185
58205
58223
58239
58255
58272
58289
58307
58325
58342
58361
58377
58393
58409
58426
58443
58461
58481
58498
58515
58530
58548
58567
58587
58605
58623
58642
58660
58676
58693
58711
58727
58744
58762
58779
58795
58810
58825
58842
58858
58877
58894
58915
58931
58947
58966
58981
58999
59016
59034
59049
59065
59081
59097
59114
59130
59146
59162
59179
59195
59210
59227
59242
59258
59275
59290
59308
59323
59340
59359
59376
59392
59409
59426
59442
59459
59476
59491
59509
59527
59545
59562
59578
59594
59611
59629
59644
59661
59681
59699
59716
59731
59747
59769
59787
59806
59825
59841
59858
59877
59895
59912
59936
59953
59970
59989
60006
60022
60039
60054
60069
60086
60103
60122
60140
60157
60172
60190
60209
60226
60243
60259
60275
60293
60309
60324
60344
60360
60376
60395
60413
60429
60446
60466
60486
60501
60519
60539
60556
60572
60589
60606
60624
60641
60659
60678
60697
60714
60730
60747
60766
60783
60799
60816
60833
60850
60866
60883
60898
60915
60931
60946
60963
60978
60997
61012
61029
61044
61061
61077
61094
61111
61128
61145
61160
61176
61198
61215
61232
61248
61263
61280
61300
61316
61332
61349
61367
61384
61399
61417
61434
61452
61468
61487
61502
61518
61534
61549
61567
61584
61600
61615
61632
61649
61665
61682
61697
61713
61730
61746
61761
61778
61793
61810
61826
61842
61858
61874
61891
61907
61923
61938
61954
61970
61986
62002
62017
62034
62050
62066
62082
62102
62118
62133
62148
62164
62181
62197
62215
62232
62250
62266
62285
62301
62317
62334
62349
62365
62382
62398
62415
62432
62447
62464
62480
62496
62512
62528
62545
62564
62580
62595
62612
62629
62644
62660
62676
62691
62707
62724
62740
62755
62772
62788
62804
62820
62835
62852
62868
62887
62902
62918
62935
62953
62971
62987
63003
63018
63034
63052
63070
63085
63100
63116
63132
63148
63164
63179
63194
63214
63231
63249
63266
63282
63300
63316
63333
63349
63365
63383
63398
63413
63429
63444
63459
63477
63493
63512
63528
63546
63566
63582
63597
63612
63628
63644
63663
63681
63700
63716
63733
63748
63763
63780
63795
63810
63826
63842
63857
63872
63888
63903
63919
63934
63953
63969
63984
64000
64016
64032
64048
64063
64079
64096
64111
64128
64146
64161
64177
64194
64211
64227
64244
64264
64281
64297
64313
64330
64345
64361
64378
64396
64416
64431
64447
64462
64477
64494
64510
64527
64542
64557
64572
64588
64604
64619
64636
64652
64667
64683
64699
64715
64730
64746
64762
64777
64793
64813
64829
64844
64861
64880
64895
64910
64926
64941
64958
64975
64990
65007
65023
65042
65058
65074
65089
65108
65127
65145
65161
65178
65193
65209
65225
65241
65259
65274
65290
65305
65320
65338
65354
65369
65386
65402
65418
65436
65451
65466
65481
65497
65513
65529
65545
65561
65577
65593
65608
65623
65638
65653
65670
65687
65704
65719
65734
65749
65766
65782
65798
65813
65828
65844
65859
65874
65890
65906
65923
65938
65953
65968
65984
66000
66016
66032
66048
66064
66079
66094
66111
66126
66141
66157
66173
66189
66205
66220
66235
66250
66268
66283
66301
66316
66332
66349
66366
66382
66398
66415
66431
66447
66462
66477
66494
66509
66526
66542
66558
66573
66591
66607
66622
66637
66653
66670
66687
66703
66719
66735
66752
66769
66784
66800
66816
66831
66846
66862
66881
66896
66912
66927
66942
66957
66975
66991
67007
67022
67037
67054
67070
67085
67100
67118
67133
67148
67164
67179
67195
67212
67229
67246
67262
67279
67296
67311
67326
67343
67358
67375
67392
67407
67425
67440
67457
67472
67488
67504
67519
67536
67556
67571
67587
67604
67620
67636
67652
67667
67683
67700
67715
67731
67747
67766
67782
67798
67814
67829
67845
67860
67875
67892
67908
67926
67942
67958
67973
67989
68004
68021
68036
68051
68067
68082
68099
68115
68130
68145
68160
68175
68191
68206
68223
68239
68254
68269
68284
68299
68314
68329
68345
68360
68375
68391
68407
68423
68438
68453
68469
68484
68502
68518
68534
68549
68565
68580
68598
68613
68628
68644
68661
68677
68693
68708
68724
68741
68756
68772
68788
68805
68820
68837
68853
68870
68886
68901
68918
68933
68949
68965
68980
68996
69011
69026
69043
69059
69074
69091
69106
69121
69136
69151
69167
69182
69198
69213
69228
69244
69259
69277
69294
69310
69326
69343
69358
69375
69390
69406
69422
69438
69454
69470
69486
69503
69518
69535
69551
69569
69584
69600
69616
69632
69647
69663
69681
69696
69712
69729
69746
69762
69777
69792
69807
69822
69838
69853
69869
69886
69901
69916
69933
69949
69967
69982
69997
70013
70028
70045
70061
70078
70093
70109
70124
70139
70154
70170
70185
70200
70215
70230
70247
70263
70279
70295
70311
70326
70341
70357
70372
70388
70403
70418
70434
70450
70465
70480
70495
70510
70525
70540
70555
70571
70586
70602
70617
70632
70650
70666
70682
70697
70714
70729
70744
70759
70774
70790
70805
70820
70835
70850
70868
70885
70901
70917
70933
70949
70967
70983
70998
71015
71031
71047
71062
71078
71093
71108
71123
71138
71153
71169
71186
71201
71216
71232
71247
71264
71279
71294
71310
71325
71341
71357
71373
71388
71403
71419
71434
71451
71466
71481
71497
71512
71529
71544
71560
71576
71592
71607
71622
71637
71653
71669
71685
71701
71717
71733
71750
71766
71782
71797
71812
71828
71843
71858
71873
71890
71906
71922
71937
71952
71968
71984
72000
72016
72032
72049
72065
72081
72096
72111
72128
72145
72160
72176
72191
72209
72226
72241
72256
72272
72287
72303
72318
72336
72351
72368
72383
72400
72415
72430
72446
72462
72478
72493
72508
72523
72539
72555
72571
72587
72603
72618
72634
72651
72666
72681
72696
72714
72731
72746
72761
72777
72793
72811
72826
72841
72857
72873
72888
72903
72919
72934
72951
72966
72982
73000
73017
73033
73050
73065
73083
73098
73113
73130
73145
73161
73176
73191
73207
73222
73237
73253
73268
73284
73300
73318
73335
73350
73366
73383
73399
73414
73429
73445
73461
73476
73491
73507
73522
73539
73554
73570
73585
73601
73616
73632
73647
73663
73678
73693
73708
73728
73744
73759
73775
73790
73805
73821
73837
73852
73867
73882
73897
73914
73930
73945
73961
73976
73992
74011
74027
74045
74061
74078
74094
74111
74126
74141
74156
74172
74187
74203
74220
74236
74251
74267
74282
74298
74314
74329
74345
74362
74379
74396
74412
74427
74443
74459
74476
74491
74507
74522
74537
74553
74569
74584
74600
74615
74630
74645
74662
74677
74693
74708
74723
74738
74753
74768
74783
74799
74814
74829
74844
74861
74878
74893
74910
74925
74941
74956
74972
74987
75005
75020
75036
75052
75068
75084
75101
75118
75133
75149
75164
75180
75196
75212
75229
75245
75260
75276
75293
75308
75324
75342
75358
75373
75388
75403
75419
75434
75449
75466
75483
75500
75516
75531
75547
75563
75579
75596
75612
75627
75643
75658
75673
75689
75704
75719
75734
75749
75764
75780
75795
75810
75825
75841
75857
75873
75889
75904
75920
75936
75951
75967
75983
75998
76015
76030
76045
76060
76076
76091
76107
76122
76138
76153
76168
76184
76199
76215
76231
76247
76264
76279
76295
76311
76327
76343
76358
76373
76388
76407
76422
76437
76452
76467
76482
76500
76515
76530
76546
76562
76578
76594
76610
76625
76642
76657
76673
76688
76704
76720
76736
76751
76767
76782
76797
76813
76828
76846
76861
76876
76892
76909
76926
76941
76956
76971
76988
77004
77020
77036
77051
77066
77082
77097
77112
77128
77144
77159
77174
77189
77204
77219
77234
77249
77265
77280
77295
77310
77325
77341
77356
77371
77387
77402
77418
77433
77448
77464
77479
77496
77511
77526
77542
77557
77573
77588
77603
77619
77635
77650
77666
77681
77696
77711
77726
77742
77758
77773
77790
77806
77821
77836
77853
77869
77884
77900
77916
77932
77947
77964
77979
77994
78009
78024
78042
78057
78073
78088
78103
78118
78133
78149
78165
78181
78196
78211
78226
78242
78257
78272
78287
78302
78318
78336
78352
78367
78382
78397
78414
78431
78446
78461
78476
78492
78507
78523
78539
78554
78570
78587
78604
78619
78634
78651
78667
78684
78700
78716
78731
78747
78762
78777
78793
78809
78826
78841
78856
78872
78887
78902
78918
78934
78949
78965
78980
78997
79012
79028
79044
79059
79076
79092
79107
79123
79138
79153
79169
79184
79200
79215
79232
79247
79263
79278
79294
79310
79327
79342
79357
79373
79390
79407
79424
79442
79457
79472
79487
79502
79519
79535
79550
79567
79582
79599
79616
79631
79647
79662
79678
79693
79709
79724
79740
79757
79772
79787
79802
79817
79833
79848
79863
79879
79895
79910
79925
79940
79955
79970
79985
80000
80015
80030
80047
80064
80079
80094
80111
80126
80142
80157
80174
80189
80204
80220
80235
80253
80268
80284
80300
80316
80332
80349
80366
80381
80397
80413
80429
80444
80459
80475
80490
80505
80521
80537
80553
80569
80584
80600
80616
80632
80647
80662
80679
80695
80711
80726
80741
80760
80775
80792
80807
80824
80841
80857
80873
80888
80904
80920
80936
80952
80968
80983
80999
81015
81032
81047
81063
81078
81094
81109
81124
81139
81154
81169
81186
81202
81217
81232
81248
81264
81279
81294
81311
81327
81342
81358
81374
81389
81404
81419
81436
81453
81468
81484
81501
81518
81534
81550
81567
81582
81598
81614
81629
81644
81660
81675
81690
81705
81720
81736
81752
81767
81783
81799
81814
81830
81846
81861
81877
81892
81907
81922
81938
81956
81971
81986
82003
82018
82033
82049
82064
82079
82095
82110
82125
82140
82156
82171
82186
82201
82216
82232
82249
82265
82281
82297
82313
82329
82345
82360
82375
82390
82406
82422
82438
82453
82468
82483
82498
82513
82529
82547
82562
82578
82593
82608
82625
82640
82655
82672
82689
82704
82719
82736
82752
82767
82782
82799
82814
82829
82844
82859
82876
82892
82907
82923
82939
82954
82969
82984
83000
83015
83031
83048
83065
83081
83097
83113
83128
83143
83159
83174
83189
83205
83220
83235
83251
83266
83283
83298
83313
83328
83344
83359
83377
83393
83408
83424
83439
83455
83471
83487
83503
83519
83535
83552
83567
83582
83597
83613
83628
83643
83658
83673
83689
83705
83721
83736
83751
83768
83787
83805
83820
83835
83850
83866
83883
83898
83914
83929
83944
83959
83975
83991
84010
84031
84047
84062
84079
84094
84109
84125
84141
84156
84171
84188
84204
84219
84234
84250
84265
84281
84296
84311
84329
84344
84359
84376
84391
84406
84422
84437
84453
84468
84484
84500
84515
84530
84545
84562
84578
84593
84609
84625
84641
84657
84672
84687
84703
84718
84734
84750
84767
84782
84797
84812
84828
84846
84862
84877
84892
84907
84924
84940
84955
84970
84986
85003
85018
85033
85048
85064
85079
85095
85111
85126
85141
85156
85171
85187
85202
85219
85235
85250
85266
85282
85297
85313
85328
85343
85358
85373
85392
85407
85423
85440
85455
85470
85486
85501
85517
85533
85548
85563
85580
85597
85613
85629
85645
85661
85676
85692
85709
85724
85740
85756
85771
85787
85802
85817
85833
85848
85863
85878
85893
85908
85924
85941
85956
85971
85986
86001
86016
86032
86047
86062
86079
86096
86112
86128
86144
86159
86175
86190
86206
86221
86237
86252
86267
86282
86298
86313
86329
86344
86359
86376
86392
86407
86422
86438
86453
86469
86485
86501
86516
86531
86546
86561
86577
86594
86609
86624
86642
86657
86672
86687
86702
86717
86732
86747
86762
86777
86792
86807
86823
86838
86855
86870
86885
86900
86915
86931
86946
86963
86979
86997
87012
87027
87044
87059
87076
87094
87109
87125
87140
87155
87173
87188
87203
87221
87238
87253
87268
87283
87298
87313
87328
87343
87358
87373
87388
87403
87418
87434
87450
87465
87481
87496
87511
87526
87541
87557
87573
87588
87603
87619
87634
87649
87664
87680
87695
87710
87725
87742
87757
87772
87787
87802
87818
87833
87848
87863
87879
87895
87911
87927
87943
87958
87974
87993
88010
88026
88042
88059
88076
88091
88106
88121
88136
88153
88168
88184
88199
88214
88229
88245
88260
88278
88295
88312
88327
88342
88357
88373
88389
88405
88420
88435
88452
88469
88484
88500
88515
88530
88545
88562
88577
88592
88607
88622
88638
88653
88668
88684
88700
88715
88730
88745
88760
88775
88791
88806
88824
88839
88854
88869
88884
88899
88914
88929
88944
88959
88974
88990
89007
89023
89041
89056
89071
89087
89102
89117
89132
89147
89162
89177
89192
89207
89222
89237
89253
89268
89283
89298
89314
89329
89344
89359
89375
89390
89406
89421
89436
89452
89467
89483
89499
89514
89529
89544
89559
89574
89590
89605
89620
89636
89651
89668
89683
89698
89714
89731
89746
89762
89777
89794
89809
89824
89840
89856
89871
89886
89901
89917
89933
89949
89965
89980
89996
90011
90026
90041
90057
90072
90088
90103
90118
90134
90149
90165
90182
90198
90213
90229
90245
90261
90276
90291
90306
90322
90338
90353
90368
90385
90401
90416
90431
90446
90461
90476
90491
90507
90522
90537
90552
90567
90582
90598
90613
90628
90644
90660
90676
90691
90706
90722
90737
90752
90767
90782
90797
90813
90828
90843
90859
90875
90890
90905
90920
90935
90952
90967
90982
90998
91013
91028
91044
91060
91075
91090
91105
91122
91137
91152
91168
91183
91198
91213
91228
91243
91258
91274
91291
91306
91322
91337
91352
91368
91383
91398
91415
91430
91446
91461
91477
91493
91508
91523
91538
91553
91568
91584
91601
91616
91631
91646
91662
91677
91692
91709
91725
91741
91757
91773
91788
91803
91818
91833
91848
91864
91879
91894
91909
91925
91940
91958
91973
91988
92003
92019
92036
92051
92067
92083
92098
92113
92129
92144
92160
92176
92192
92208
92223
92238
92253
92269
92284
92299
92314
92329
92346
92361
92378
92394
92409
92424
92439
92455
92472
92487
92502
92520
92535
92551
92567
92582
92597
92612
92629
92644
92661
92678
92693
92709
92724
92740
92756
92771
92786
92801
92816
92831
92846
92862
92877
92893
92909
92924
92939
92954
92969
92984
92999
93015
93030
93046
93061
93076
93091
93106
93122
93138
93155
93170
93185
93201
93218
93233
93248
93264
93279
93294
93309
93325
93341
93356
93371
93387
93402
93417
93432
93448
93463
93478
93494
93509
93526
93541
93556
93573
93588
93604
93619
93634
93649
93664
93679
93694
93710
93725
93740
93756
93771
93786
93801
93816
93831
93847
93863
93878
93894
93910
93926
93942
93958
93973
93988
94003
94018
94034
94049
94064
94079
94095
94110
94125
94140
94155
94170
94186
94201
94216
94232
94247
94263
94278
94293
94310
94326
94342
94358
94373
94389
94404
94419
94434
94451
94467
94482
94497
94514
94529
94545
94560
94575
94590
94605
94621
94636
94651
94667
94682
94701
94716
94731
94746
94761
94776
94791
94807
94822
94837
94852
94867
94882
94899
94914
94930
94945
94961
94977
94992
95008
95025
95040
95055
95071
95089
95105
95120
95136
95151
95166
95181
95196
95212
95227
95243
95258
95274
95289
95304
95319
95335
95350
95365
95380
95395
95410
95425
95442
95457
95472
95489
95504
95520
95536
95552
95567
95582
95598
95613
95628
95643
95658
95673
95688
95704
95719
95734
95749
95764
95779
95795
95810
95825
95840
95856
95871
95886
95901
95916
95933
95948
95964
95979
95995
96013
96029
96045
96060
96075
96090
96106
96123
96138
96153
96168
96184
96200
96215
96230
96247
96263
96278
96293
96308
96323
96339
96354
96370
96385
96400
96415
96430
96445
96461
96476
96491
96507
96522
96537
96552
96567
96582
96597
96612
96627
96642
96657
96672
96687
96702
96718
96733
96749
96765
96780
96796
96811
96826
96841
96856
96871
96886
96901
96916
96931
96946
96962
96977
96992
97008
97023
97038
97054
97069
97085
97101
97116
97131
97146
97162
97178
97193
97208
97224
97239
97254
97271
97286
97301
97316
97332
97348
97363
97379
97395
97411
97426
97441
97457
97473
97489
97504
97519
97534
97549
97565
97580
97595
97611
97626
97641
97656
97671
97687
97702
97717
97732
97749
97764
97779
97795
97811
97826
97843
97859
97874
97889
97904
97920
97935
97953
97968
97983
97998
98013
98029
98045
98060
98075
98090
98106
98122
98137
98153
98168
98185
98200
98215
98231
98248
98264
98280
98295
98312
98327
98342
98358
98374
98390
98405
98420
98435
98450
98465
98481
98497
98512
98527
98542
98558
98574
98589
98604
98619
98634
98650
98665
98681
98696
98711
98727
98742
98758
98773
98789
98806
98821
98838
98854
98869
98884
98901
98916
98931
98946
98961
98977
98992
99007
99023
99038
99053
99068
99083
99098
99113
99128
99144
99160
99175
99190
99205
99220
99236
99251
99266
99281
99296
99311
99327
99342
99357
99372
99387
99402
99417
99432
99447
99462
99477
99492
99507
99522
99537
99552
99567
99582
99599
99614
99630
99645
99660
99676
99692
99707
99722
99737
99752
99767
99783
99798
99814
99829
99844
99859
99874
99890
99905
99920
99935
99950
99965
99980
99995
100012
100027
100043
100059
100074
100089
100104
100119
100134
100149
100164
100180
100196
100211
100226
100241
100256
100271
100288
100303
100318
100333
100348
100363
100378
100393
100409
100424
100439
100454
100469
100485
100500
100515
100530
100545
100561
100576
100591
100606
100621
100636
100653
100670
100685
100700
100715
100730
100745
100761
100776
100791
100806
100821
100836
100851
100866
100882
100897
100912
100927
100943
100959
100975
100990
101006
101021
101036
101051
101066
101082
101097
101112
101127
101143
101160
101175
101190
101205
101220
101235
101251
101266
101281
101296
101311
101326
101342
101357
101372
101387
101402
101417
101433
101448
101463
101478
101493
101510
101525
101541
101556
101571
101586
101601
101616
101631
101647
101662
101678
101693
101708
101724
101739
101755
101771
101786
101801
101816
101831
101846
101861
101876
101891
101906
101922
101937
101952
101967
101982
101997
102012
102027
102042
102057
102072
102087
102102
102117
102132
102147
102162
102177
102192
102207
102223
102238
102253
102268
102283
102298
102313
102328
102343
102358
102373
102390
102406
102421
102436
102451
102466
102481
102496
102511
102526
102541
102556
102571
102587
102603
102618
102633
102648
102663
102678
102693
102708
102724
102739
102754
102769
102784
102799
102815
102830
102845
102860
102875
102890
102905
102920
102935
102950
102965
102980
102995
103010
103026
103041
103057
103072
103087
103102
103117
103132
103149
103165
103181
103197
103212
103227
103242
103258
103273
103288
103304
103320
103335
103350
103366
103382
103397
103413
103429
103444
103459
103474
103489
103504
103519
103537
103552
103568
103583
103598
103613
103628
103643
103658
103673
103688
103703
103718
103733
103748
103763
103778
103793
103808
103823
103838
103853
103868
103883
103898
103913
103928
103943
103959
103974
103989
104004
104019
104034
104050
104065
104080
104095
104110
104125
104140
104155
104170
104185
104201
104216
104231
104246
104261
104276
104291
104306
104321
104336
104351
104366
104381
104396
104411
104426
104441
104456
104472
104487
104502
104517
104532
104547
104562
104577
104592
104607
104623
104639
104654
104669
104684
104699
104714
104729
104744
104759
104774
104789
104804
104819
104834
104849
104864
104880
104895
104910
104925
104940
104956
104971
104987
105002
105017
105032
105047
105062
105077
105092
105107
105122
105138
105153
105168
105183
105198
105213
105228
105243
105258
105274
105289
105305
105320
105335
105350
105365
105380
105395
105410
105425
105440
105455
105470
105485
105502
105517
105532
105547
105562
105578
105593
105608
105623
105638
105654
105669
105684
105699
105714
105729
105744
105759
105774
105789
105804
105820
105835
105851
105866
105883
105898
105914
105929
105944
105959
105974
105990
106005
106020
106035
106050
106065
106081
106098
106113
106128
106144
106161
106177
106192
106207
106222
106238
106253
106268
106283
106298
106313
106329
106344
106360
106375
106390
106405
106420
106435
106450
106465
106481
106496
106511
106527
106542
106557
106573
106588
106603
106618
106633
106648
106663
106678
106693
106708
106723
106738
106753
106768
106783
106798
106813
106828
106843
106859
106874
106889
106906
106921
106936
106952
106967
106982
106997
107012
107028
107043
107058
107074
107089
107104
107119
107134
107149
107164
107180
107196
107211
107227
107243
107260
107275
107290
107306
107322
107337
107352
107367
107382
107397
107412
107427
107442
107457
107472
107487
107502
107517
107533
107548
107563
107578
107593
107608
107623
107638
107653
107668
107683
107698
107714
107729
107745
107760
107775
107791
107806
107822
107838
107853
107868
107883
107898
107913
107929
107944
107960
107975
107990
108006
108021
108036
108051
108067
108082
108098
108113
108128
108144
108160
108175
108190
108206
108221
108236
108251
108266
108281
108296
108311
108326
108341
108356
108371
108387
108402
108417
108432
108447
108462
108477
108492
108507
108523
108538
108553
108569
108584
108599
108614
108629
108644
108659
108674
108689
108704
108719
108734
108749
108764
108779
108794
108809
108824
108839
108854
108870
108885
108900
108915
108930
108945
108960
108975
108990
109005
109020
109035
109050
109065
109081
109096
109111
109127
109142
109159
109175
109190
109205
109220
109235
109250
109265
109283
109298
109313
109329
109344
109359
109375
109390
109405
109421
109436
109451
109466
109481
109496
109511
109527
109542
109557
109572
109587
109602
109617
109632
109648
109663
109678
109693
109708
109723
109739
109755
109771
109786
109802
109817
109832
109848
109863
109878
109893
109909
109925
109940
109956
109971
109986
110002
110017
110033
110048
110063
110079
110095
110111
110126
110141
110156
110171
110187
110203
110219
110234
110250
110265
110280
110295
110310
110325
110340
110355
110370
110385
110400
110415
110430
110445
110461
110476
110491
110508
110523
110538
110553
110568
110583
110598
110614
110629
110644
110659
110674
110690
110705
110720
110735
110750
110766
110781
110797
110812
110827
110842
110857
110872
110888
110903
110918
110933
110948
110964
110980
110995
111011
111027
111042
111058
111073
111089
111104
111119
111134
111149
111164
111179
111194
111210
111225
111240
111255
111270
111287
111302
111318
111333
111348
111363
111378
111393
111408
111423
111438
111454
111470
111487
111502
111517
111533
111548
111564
111579
111594
111610
111625
111640
111655
111670
111686
111701
111716
111731
111746
111761
111776
111791
111807
111823
111838
111853
111868
111885
111900
111915
111930
111945
111960
111975
111990
112005
112021
112036
112051
112067
112083
112098
112113
112129
112144
112159
112174
112189
112204
112219
112235
112250
112266
112281
112296
112311
112326
112341
112356
112371
112386
112401
112416
112431
112446
112462
112477
112492
112507
112522
112537
112552
112568
112583
112598
112615
112630
112645
112660
112675
112690
112705
112720
112735
112750
112765
112780
112797
112812
112827
112843
112859
112874
112889
112905
112920
112935
112950
112965
112981
112997
113012
113028
113043
113058
113073
113088
113103
113118
113133
113148
113163
113178
113194
113209
113224
113239
113254
113269
113284
113299
113314
113330
113346
113361
113376
113391
113406
113421
113436
113452
113470
113485
113500
113515
113530
113546
113561
113576
113591
113607
113622
113637
113654
113671
113686
113701
113719
113735
113750
113765
113780
113795
113810
113825
113840
113855
113870
113886
113902
113917
113932
113947
113963
113978
113993
114008
114023
114038
114054
114070
114085
114101
114116
114131
114146
114161
114176
114191
114207
114223
114238
114254
114269
114284
114299
114314
114329
114344
114359
114374
114389
114404
114419
114435
114450
114465
114480
114495
114511
114527
114543
114559
114574
114589
114605
114620
114635
114651
114666
114681
114697
114712
114728
114743
114758
114773
114788
114803
114818
114834
114849
114864
114880
114895
114910
114925
114940
114955
114972
114987
115003
115018
115033
115048
115063
115079
115094
115109
115125
115140
115155
115170
115185
115201
115216
115231
115246
115261
115276
115291
115306
115322
115337
115352
115367
115383
115399
115414
115430
115446
115461
115476
115491
115506
115521
115536
115552
115567
115582
115597
115612
115627
115643
115659
115675
115690
115705
115720
115736
115751
115766
115781
115796
115811
115826
115842
115857
115872
115887
115902
115917
115932
115947
115963
115979
115995
116010
116025
116040
116055
116070
116086
116101
116116
116131
116146
116161
116176
116191
116207
116223
116238
116253
116268
116283
116298
116314
116329
116344
116359
116375
116390
116405
116420
116436
116452
116467
116482
116497
116512
116527
116543
116559
116574
116589
116604
116619
116634
116649
116664
116679
116694
116709
116724
116739
116754
116770
116785
116801
116817
116832
116847
116862
116877
116893
116908
116923
116938
116953
116968
116983
116998
117015
117030
117045
117060
117075
117090
117105
117120
117135
117150
117165
117180
117196
117211
117226
117241
117256
117273
117289
117305
117320
117335
117350
117365
117380
117395
117410
117426
117442
117458
117473
117488
117503
117518
117533
117548
117563
117578
117593
117608
117624
117639
117654
117671
117686
117701
117717
117732
117747
117762
117777
117792
117808
117823
117839
117854
117869
117884
117899
117915
117930
117945
117960
117976
117992
118008
118023
118038
118053
118068
118084
118102
118117
118132
118150
118166
118183
118199
118214
118229
118244
118259
118274
118289
118304
118319
118335
118350
118367
118382
118398
118413
118428
118443
118458
118473
118489
118506
118521
118536
118551
118566
118581
118596
118611
118626
118641
118656
118671
118687
118702
118717
118732
118747
118762
118777
118793
118808
118823
118839
118854
118870
118885
118900
118915
118930
118945
118960
118975
118990
119005
119020
119035
119051
119066
119081
119096
119111
119126
119141
119156
119171
119186
119202
119217
119232
119247
119262
119277
119292
119308
119323
119338
119353
119368
119383
119398
119413
119428
119443
119458
119473
119488
119503
119519
119534
119549
119564
119579
119594
119610
119626
119642
119657
119673
119688
119703
119718
119733
119748
119763
119778
119793
119808
119823
119838
119854
119870
119885
119900
119915
119930
119945
119960
119975
119992
120007
120022
120037
120052
120067
120082
120097
120112
120127
120143
120158
120173
120188
120203
120218
120234
120249
120264
120279
120294
120309
120324
120340
120355
120373
120388
120403
120418
120433
120448
120463
120478
120493
120508
120523
120538
120553
120568
120583
120598
120613
120629
120644
120659
120674
120689
120706
120721
120736
120751
120766
120781
120797
120812
120827
120842
120857
120872
120887
120902
120917
120932
120947
120962
120977
120992
121007
121023
121038
121053
121068
121084
121100
121115
121131
121146
121161
121176
121191
121206
121221
121236
121251
121266
121281
121296
121311
121326
121341
121356
121371
121386
121401
121417
121433
121448
121463
121478
121493
121508
121523
121538
121554
121570
121585
121600
121615
121630
121645
121660
121676
121691
121706
121721
121736
121751
121766
121781
121796
121811
121826
121842
121857
121872
121887
121902
121917
121932
121947
121962
121977
121992
122007
122022
122038
122053
122068
122085
122101
122116
122131
122146
122161
122176
122192
122207
122222
122237
122253
122268
122283
122298
122313
122328
122343
122358
122373
122388
122403
122418
122433
122448
122463
122478
122493
122508
122523
122538
122553
122568
122583
122600
122615
122630
122645
122660
122676
122693
122708
122723
122738
122753
122768
122783
122798
122813
122828
122844
122859
122874
122889
122904
122919
122935
122950
122965
122980
122995
123010
123025
123040
123056
123072
123087
123104
123119
123134
123149
123164
123179
123194
123209
123224
123240
123255
123270
123285
123300
123315
123330
123345
123360
123375
123391
123406
123421
123436
123451
123466
123481
123497
123512
123527
123542
123557
123573
123588
123603
123618
123633
123648
123663
123679
123696
123712
123727
123742
123757
123772
123787
123802
123817
123832
123847
123862
123877
123892
123907
123923
123939
123954
123969
123984
123999
124014
124029
124044
124059
124074
124089
124105
124120
124135
124151
124166
124181
124197
124212
124227
124243
124258
124274
124289
124305
124320
124335
124350
124365
124380
124395
124410
124425
124440
124456
124471
124487
124502
124518
124533
124548
124563
124578
124593
124608
124623
124639
124655
124671
124688
124703
124718
124734
124750
124765
124780
124795
124810
124825
124840
124855
124871
124886
124902
124917
124932
124947
124963
124978
124993
125008
125023
125038
125053
125068
125083
125098
125113
125128
125143
125159
125174
125189
125204
125220
125235
125250
125266
125281
125296
125311
125327
125342
125358
125373
125388
125403
125420
125436
125451
125466
125482
125497
125512
125527
125543
125558
125573
125588
125603
125618
125633
125648
125664
125679
125694
125710
125725
125740
125755
125770
125785
125800
125816
125831
125846
125861
125876
125891
125906
125921
125936
125951
125966
125981
125996
126011
126027
126042
126057
126073
126088
126103
126118
126133
126148
126163
126179
126194
126209
126224
126239
126255
126270
126285
126301
126316
126331
126346
126361
126376
126391
126407
126422
126437
126452
126467
126482
126497
126512
126527
126542
126557
126573
126588
126603
126618
126633
126648
126663
126679
126694
126709
126724
126740
126755
126770
126786
126801
126816
126832
126847
126863
126878
126893
126909
126924
126939
126954
126969
126984
126999
127015
127030
127045
127061
127076
127091
127106
127121
127136
127151
127166
127181
127196
127211
127226
127241
127256
127271
127286
127302
127317
127333
127348
127364
127379
127394
127410
127425
127441
127456
127471
127486
127501
127516
127531
127547
127563
127580
127595
127612
127627
127642
127657
127672
127687
127702
127717
127732
127747
127762
127778
127793
127808
127823
127838
127853
127868
127883
127898
127913
127928
127943
127958
127973
127988
128003
128018
128033
128048
128063
128078
128093
128108
128123
128140
128155
128171
128187
128202
128217
128232
128248
128264
128279
128294
128310
128325
128340
128355
128371
128386
128401
128416
128431
128446
128461
128476
128491
128506
128521
128537
128552
128567
128583
128598
128614
128630
128645
128661
128676
128691
128706
128721
128736
128751
128766
128781
128796
128811
128826
128841
128856
128871
128886
128902
128917
128932
128948
128963
128979
128995
129010
129025
129040
129055
129070
129085
129100
129115
129130
129145
129160
129176
129191
129207
129222
129237
129252
129267
129282
129297
129312
129327
129342
129357
129373
129388
129403
129418
129433
129448
129463
129478
129493
129508
129523
129539
129554
129570
129585
129600
129615
129630
129645
129660
129675
129690
129705
129720
129736
129751
129766
129781
129796
129811
129826
129841
129856
129871
129886
129902
129917
129932
129947
129962
129977
129992
130007
130022
130037
130052
130067
130082
130097
130112
130129
130144
130159
130174
130190
130205
130220
130235
130250
130266
130281
130296
130311
130326
130341
130356
130371
130386
130401
130416
130432
130447
130462
130477
130492
130507
130522
130537
130553
130569
130584
130599
130614
130632
130647
130663
130678
130693
130708
130723
130738
130753
130769
130784
130800
130815
130830
130845
130860
130875
130890
130905
130920
130935
130950
130965
130980
130995
131010
131025
131040
131056
131071
131086
131102
131117
131132
131147
131163
131178
131193
131208
131223
131238
131253
131268
131283
131298
131313
131328
131343
131358
131373
131388
131403
131418
131433
131448
131463
131479
131494
131509
131524
131540
131555
131570
131585
131600
131615
131630
131646
131663
131679
131694
131709
131725
131740
131755
131771
131786
131801
131818
131833
131848
131863
131878
131893
131909
131925
131940
131955
131970
131985
132000
132016
132031
132047
132062
132078
132093
132108
132123
132138
132153
132168
132183
132198
132213
132228
132243
132258
132274
132289
132304
132319
132334
132349
132364
132380
132395
132410
132425
132440
132456
132471
132486
132501
132516
132532
132547
132564
132579
132594
132609
132625
132640
132655
132671
132686
132702
132718
132734
132749
132764
132779
132795
132810
132826
132841
132856
132872
132887
132902
132917
132932
132947
132962
132977
132992
133008
133023
133038
133053
133068
133083
133098
133113
133128
133143
133158
133173
133188
133203
133218
133233
133248
133263
133278
133293
133308
133323
133338
133353
133368
133383
133398
133413
133428
133443
133460
133476
133491
133506
133521
133536
133551
133566
133581
133596
133611
133627
133642
133657
133672
133687
133702
133717
133732
133748
133763
133778
133793
133808
133823
133840
133855
133870
133885
133900
133915
133931
133947
133963
133978
133993
134008
134023
134038
134053
134069
134086
134101
134116
134131
134146
134161
134176
134191
134206
134221
134236
134251
134266
134281
134296
134311
134326
134341
134356
134371
134386
134401
134416
134431
134446
134461
134477
134492
134508
134523
134538
134553
134569
134585
134600
134616
134631
134646
134661
134676
134691
134706
134721
134736
134751
134766
134782
134797
134812
134827
134842
134857
134872
134887
134902
134918
134933
134948
134963
134978
134993
135008
135025
135040
135055
135070
135086
135101
135117
135132
135147
135163
135178
135193
135208
135223
135238
135253
135268
135284
135300
135315
135330
135345
135360
135375
135390
135405
135420
135435
135450
135465
135482
135497
135512
135527
135542
135557
135572
135587
135603
135618
135633
135648
135663
135678
135693
135708
135723
135738
135753
135768
135783
135798
135813
135828
135844
135859
135874
135890
135905
135920
135935
135951
135966
135981
135996
136012
136028
136043
136058
136073
136090
136105
136120
136135
136151
136166
136181
136196
136211
136226
136242
136257
136272
136287
136302
136317
136333
136348
136363
136378
136393
136408
136423
136439
136455
136470
136486
136501
136517
136532
136547
136562
136577
136592
136607
136623
136638
136653
136668
136683
136699
136714
136730
136745
136761
136776
136791
136806
136821
136836
136851
136866
136881
136897
136912
136927
136942
136958
136973
136988
137003
137018
137033
137048
137063
137078
137094
137109
137124
137139
137154
137169
137185
137200
137215
137230
137245
137260
137275
137290
137305
137320
137335
137350
137365
137380
137395
137410
137425
137440
137455
137471
137486
137501
137516
137532
137547
137562
137577
137592
137607
137622
137638
137653
137668
137683
137698
137713
137728
137743
137758
137773
137788
137803
137818
137833
137849
137864
137879
137895
137911
137926
137941
137956
137971
137986
138001
138016
138032
138047
138062
138077
138092
138107
138122
138138
138153
138168
138183
138198
138213
138228
138243
138258
138273
138289
138304
138319
138334
138349
138364
138379
138394
138409
138424
138439
138454
138469
138484
138499
138514
138529
138544
138559
138574
138590
138605
138620
138635
138650
138665
138680
138695
138710
138725
138740
138755
138770
138785
138800
138815
138830
138846
138861
138877
138892
138907
138922
138937
138952
138967
138982
138997
139013
139028
139043
139058
139073
139088
139103
139118
139133
139148
139163
139178
139193
139208
139223
139238
139253
139268
139283
139298
139314
139329
139344
139359
139374
139389
139404
139419
139435
139450
139465
139480
139495
139510
139525
139540
139555
139570
139585
139600
139615
139630
139645
139660
139675
139690
139705
139720
139735
139750
139765
139780
139795
139810
139825
139840
139855
139870
139886
139901
139916
139931
139946
139961
139977
139992
140007
140022
140037
140052
140067
140082
140097
140112
140128
140143
140158
140173
140188
140204
140219
140234
140249
140264
140279
140295
140310
140326
140341
140356
140371
140386
140401
140416
140431
140446
140461
140476
140491
140506
140521
140536
140551
140566
140581
140596
140611
140626
140641
140656
140672
140687
140704
140719
140734
140749
140764
140779
140794
140809
140824
140839
140854
140869
140884
140899
140914
140929
140944
140960
140975
140990
141005
141020
141035
141051
141066
141081
141096
141111
141127
141142
141157
141172
141187
141202
141217
141233
141248
141263
141278
141293
141308
141323
141338
141353
141369
141384
141399
141414
141429
141444
141459
141474
141489
141504
141519
141534
141549
141564
141579
141594
141609
141624
141639
141654
141669
141684
141699
141714
141729
141744
141759
141774
141789
141804
141819
141834
141849
141864
141879
141894
141909
141924
141939
141954
141969
141984
141999
142014
142029
142044
142059
142074
142089
142104
142119
142135
142150
142165
142180
142195
142210
142225
142241
142256
142271
142287
142302
142317
142332
142348
142363
142379
142394
142409
142425
142441
142456
142471
142486
142501
142516
142531
142548
142563
142580
142595
142610
142625
142640
142655
142670
142686
142701
142716
142731
142746
142762
142777
142792
142807
142822
142837
142852
142867
142882
142897
142912
142928
142943
142958
142973
142988
143003
143018
143033
143048
143064
143079
143094
143109
143124
143139
143154
143169
143184
143199
143214
143229
143244
143259
143275
143290
143305
143320
143335
143350
143365
143380
143395
143410
143425
143440
143455
143470
143485
143500
143515
143530
143545
143560
143575
143590
143605
143620
143635
143651
143666
143681
143696
143712
143728
143743
143758
143773
143788
143803
143818
143833
143848
143863
143878
143893
143908
143923
143938
143954
143969
143984
144000
144016
144031
144046
144061
144076
144092
144108
144123
144138
144153
144168
144183
144198
144213
144228
144243
144258
144273
144289
144304
144319
144334
144350
144365
144380
144395
144410
144425
144440
144456
144471
144487
144502
144517
144532
144547
144562
144577
144592
144607
144622
144638
144654
144669
144684
144699
144714
144729
144744
144759
144775
144790
144805
144820
144835
144850
144865
144880
144895
144910
144925
144940
144955
144970
144985
145000
145016
145032
145047
145062
145077
145092
145107
145122
145137
145152
145167
145182
145197
145212
145227
145242
145257
145272
145288
145303
145318
145333
145348
145363
145378
145393
145408
145423
145438
145453
145468
145486
145501
145516
145531
145546
145561
145576
145591
145606
145622
145637
145653
145669
145685
145700
145715
145730
145745
145760
145775
145790
145806
145821
145836
145851
145866
145881
145896
145911
145926
145941
145957
145972
145987
146002
146017
146032
146047
146062
146077
146092
146107
146122
146137
146152
146167
146182
146197
146212
146227
146242
146257
146272
146288
146303
146318
146333
146349
146364
146380
146395
146410
146425
146441
146456
146472
146487
146504
146519
146534
146549
146564
146579
146594
146609
146624
146639
146655
146670
146685
146700
146715
146730
146745
146760
146775
146790
146805
146820
146835
146850
146865
146880
146895
146910
146925
146940
146955
146970
146985
147000
147015
147030
147045
147060
147075
147091
147107
147122
147137
147153
147169
147184
147199
147214
147229
147244
147259
147274
147289
147304
147319
147334
147349
147364
147379
147394
147409
147425
147440
147455
147470
147485
147500
147516
147531
147546
147561
147576
147591
147606
147621
147636
147651
147666
147681
147696
147711
147726
147741
147756
147771
147787
147802
147817
147832
147847
147862
147877
147892
147907
147922
147937
147952
147967
147982
147997
148013
148028
148043
148058
148073
148088
148103
148119
148134
148149
148164
148179
148194
148209
148224
148239
148254
148269
148284
148299
148314
148329
148344
148359
148374
148389
148404
148419
148434
148450
148465
148480
148495
148512
148527
148542
148557
148572
148587
148602
148617
148632
148647
148662
148677
148693
148708
148723
148738
148753
148768
148783
148798
148813
148828
148843
148858
148873
148888
148904
148919
148934
148949
148964
148980
148996
149011
149026
149041
149056
149071
149086
149101
149116
149131
149146
149161
149176
149191
149206
149222
149237
149252
149267
149282
149297
149312
149327
149342
149358
149373
149388
149403
149418
149434
149449
149464
149479
149494
149509
149524
149539
149554
149569
149584
149599
149614
149629
149645
149661
149676
149691
149706
149721
149736
149751
149766
149781
149796
149811
149826
149841
149856
149871
149886
149901
149916
149931
149947
149962
149977
149992
150007
150023
150038
150053
150068
150083
150098
150114
150129
150144
150159
150174
150189
150204
150219
150234
150249
150265
150280
150295
150310
150325
150341
150357
150372
150387
150402
150417
150432
150447
150462
150477
150492
150507
150522
150537
150552
150567
150582
150597
150612
150627
150642
150657
150672
150687
150703
150718
150733
150748
150763
150778
150793
150808
150823
150838
150853
150868
150883
150899
150914
150929
150945
150960
150976
150991
151007
151022
151038
151053
151068
151083
151098
151113
151128
151144
151159
151174
151189
151204
151219
151234
151249
151264
151279
151294
151309
151324
151339
151354
151369
151384
151399
151414
151429
151444
151460
151475
151490
151505
151520
151535
151550
151565
151580
151595
151610
151625
151641
151656
151671
151686
151702
151717
151732
151747
151762
151777
151792
151807
151822
151837
151852
151867
151882
151897
151912
151927
151942
151957
151972
151987
152002
152017
152032
152047
152062
152077
152092
152107
152122
152137
152152
152167
152182
152197
152214
152229
152244
152259
152274
152289
152304
152319
152334
152349
152364
152379
152394
152409
152424
152439
152454
152469
152484
152499
152514
152529
152544
152559
152574
152589
152604
152619
152634
152649
152664
152679
152694
152710
152725
152740
152755
152770
152785
152800
152815
152830
152845
152860
152875
152890
152905
152920
152935
152950
152965
152980
152995
153010
153025
153040
153055
153070
153085
153101
153116
153131
153147
153162
153178
153193
153208
153223
153238
153253
153268
153283
153298
153313
153328
153343
153358
153373
153388
153403
153418
153433
153448
153463
153478
153493
153508
153523
153538
153553
153568
153583
153599
153615
153630
153645
153660
153675
153690
153705
153720
153735
153750
153765
153780
153795
153810
153825
153840
153855
153870
153885
153900
153915
153930
153945
153960
153975
153990
154005
154021
154036
154051
154067
154082
154097
154112
154127
154143
154158
154173
154188
154203
154218
154233
154248
154263
154278
154293
154309
154324
154339
154354
154369
154384
154399
154414
154429
154444
154459
154474
154490
154507
154522
154538
154553
154568
154583
154598
154614
154629
154644
154659
154674
154689
154704
154719
154734
154749
154764
154779
154794
154809
154824
154839
154854
154869
154884
154900
154915
154930
154945
154960
154975
154990
155005
155020
155035
155050
155065
155080
155095
155110
155125
155140
155155
155170
155185
155200
155215
155230
155245
155260
155275
155290
155306
155321
155336
155352
155367
155382
155397
155412
155427
155442
155457
155472
155487
155502
155517
155532
155547
155562
155577
155592
155607
155622
155637
155652
155668
155683
155698
155714
155729
155744
155759
155774
155790
155806
155821
155836
155851
155866
155881
155896
155911
155926
155941
155956
155971
155986
156001
156016
156031
156046
156061
156076
156091
156106
156121
156136
156151
156166
156181
156196
156211
156226
156241
156256
156271
156286
156301
156316
156331
156346
156361
156376
156391
156406
156421
156436
156451
156466
156483
156498
156513
156528
156543
156558
156573
156588
156603
156618
156633
156649
156664
156680
156695
156710
156725
156740
156755
156770
156785
156800
156815
156830
156845
156860
156875
156890
156905
156920
156935
156950
156965
156980
156995
157010
157025
157040
157055
157070
157085
157100
157115
157130
157145
157161
157176
157191
157206
157221
157236
157251
157266
157281
157296
157311
157326
157341
157356
157371
157386
157401
157416
157431
157446
157461
157476
157491
157506
157521
157536
157551
157567
157582
157597
157612
157627
157642
157657
157672
157687
157702
157717
157732
157747
157762
157777
157792
157807
157822
157838
157853
157868
157883
157899
157915
157930
157945
157960
157975
157990
158006
158021
158037
158052
158067
158082
158097
158112
158128
158143
158158
158173
158188
158203
158218
158233
158248
158263
158278
158293
158308
158323
158338
158354
158369
158384
158399
158414
158429
158444
158459
158475
158490
158505
158520
158535
158550
158565
158580
158595
158610
158625
158640
158655
158670
158685
158700
158715
158730
158745
158761
158776
158791
158806
158821
158836
158851
158866
158882
158897
158912
158927
158942
158957
158972
158987
159002
159017
159032
159047
159062
159077
159092
159107
159122
159137
159152
159168
159183
159198
159213
159228
159243
159258
159273
159288
159303
159318
159333
159348
159363
159378
159393
159408
159423
159439
159454
159469
159484
159499
159514
159529
159544
159559
159574
159589
159604
159619
159634
159649
159664
159680
159695
159710
159725
159740
159755
159770
159785
159800
159815
159830
159845
159860
159875
159890
159905
159920
159935
159950
159965
159981
159996
160012
160027
160042
160057
160072
160087
160103
160118
160134
160149
160165
160180
160195
160210
160225
160240
160255
160270
160285
160300
160315
160330
160345
160360
160376
160391
160406
160421
160436
160451
160466
160481
160496
160511
160526
160542
160557
160572
160587
160602
160617
160632
160647
160662
160677
160692
160707
160723
160738
160753
160768
160783
160798
160813
160828
160843
160859
160874
160889
160905
160920
160937
160952
160967
160982
160997
161012
161027
161042
161058
161074
161089
161104
161119
161134
161149
161164
161179
161194
161209
161224
161239
161254
161270
161285
161300
161315
161330
161345
161360
161375
161390
161405
161421
161436
161451
161466
161481
161496
161511
161526
161541
161556
161572
161587
161602
161617
161632
161647
161663
161678
161693
161708
161723
161738
161753
161768
161783
161798
161813
161828
161843
161859
161874
161889
161904
161919
161934
161949
161964
161979
161994
162009
162024
162039
162054
162069
162084
162099
162114
162129
162144
162159
162174
162189
162204
162219
162234
162249
162264
162279
162294
162309
162324
162339
162354
162369
162384
162400
162415
162430
162446
162461
162476
162491
162506
162521
162536
162551
162566
162581
162596
162611
162626
162641
162656
162671
162686
162701
162716
162731
162746
162762
162777
162792
162807
162822
162837
162852
162868
162883
162898
162913
162928
162943
162958
162973
162988
163003
163018
163033
163048
163063
163079
163094
163109
163124
163139
163154
163169
163184
163199
163214
163229
163244
163259
163274
163289
163304
163319
163334
163350
163365
163380
163395
163410
163425
163440
163455
163470
163485
163501
163516
163532
163548
163563
163578
163594
163609
163624
163639
163654
163669
163684
163699
163714
163729
163744
163759
163774
163789
163804
163819
163834
163849
163864
163879
163894
163909
163924
163939
163954
163969
163984
163999
164014
164029
164044
164059
164074
164089
164104
164119
164134
164149
164164
164179
164194
164209
164224
164239
164255
164270
164285
164300
164315
164331
164346
164361
164376
164391
164406
164421
164436
164451
164466
164481
164496
164511
164526
164541
164556
164571
164587
164602
164617
164632
164647
164662
164677
164692
164707
164722
164737
164752
164767
164782
164797
164812
164827
164842
164857
164872
164887
164902
164917
164932
164947
164962
164977
164992
165007
165022
165037
165052
165067
165082
165097
165112
165127
165142
165157
165172
165187
165202
165217
165232
165247
165262
165277
165292
165307
165322
165337
165352
165367
165382
165397
165412
165427
165442
165457
165472
165487
165503
165518
165533
165548
165563
165578
165593
165608
165623
165638
165653
165668
165683
165698
165713
165728
165743
165758
165773
165788
165803
165818
165833
165849
165864
165879
165894
165909
165924
165939
165954
165969
165985
166000
166015
166030
166045
166060
166075
166090
166105
166120
166135
166150
166165
166180
166195
166210
166225
166241
166256
166271
166286
166301
166316
166331
166346
166361
166376
166391
166406
166421
166436
166451
166466
166481
166496
166511
166526
166541
166557
166572
166587
166602
166617
166632
166647
166662
166677
166692
166707
166722
166737
166752
166768
166783
166798
166813
166828
166843
166858
166873
166888
166903
166919
166934
166949
166964
166979
166994
167009
167024
167039
167054
167069
167084
167099
167114
167129
167144
167159
167174
167190
167205
167220
167235
167251
167266
167281
167296
167311
167326
167341
167356
167371
167386
167401
167416
167431
167446
167461
167476
167492
167507
167522
167537
167552
167567
167582
167597
167612
167627
167642
167657
167672
167687
167702
167717
167732
167747
167762
167777
167792
167807
167822
167837
167852
167868
167883
167898
167913
167928
167943
167959
167974
167990
168005
168020
168035
168050
168065
168080
168095
168110
168125
168140
168155
168170
168185
168200
168216
168231
168246
168261
168276
168291
168306
168322
168337
168352
168367
168382
168397
168413
168428
168443
168458
168473
168488
168503
168518
168533
168548
168563
168578
168593
168608
168623
168638
168653
168668
168683
168698
168713
168728
168743
168759
168774
168789
168805
168820
168835
168850
168865
168880
168895
168910
168925
168940
168955
168970
168985
169001
169016
169032
169047
169062
169077
169092
169107
169122
169138
169154
169169
169184
169199
169214
169229
169244
169259
169274
169289
169304
169319
169334
169349
169365
169380
169395
169410
169425
169440
169455
169470
169485
169500
169515
169530
169545
169560
169575
169590
169605
169620
169635
169650
169665
169680
169695
169710
169725
169740
169755
169770
169785
169800
169815
169830
169845
169860
169875
169890
169906
169921
169936
169951
169966
169981
169996
170011
170026
170041
170056
170071
170086
170101
170116
170131
170146
170161
170176
170191
170206
170221
170236
170251
170266
170281
170296
170311
170327
170342
170357
170372
170388
170403
170419
170434
170450
170465
170480
170495
170511
170526
170541
170556
170571
170586
170601
170617
170632
170647
170663
170678
170693
170708
170723
170738
170753
170769
170784
170799
170814
170829
170844
170859
170874
170890
170905
170920
170935
170950
170965
170980
170995
171010
171025
171040
171055
171070
171085
171100
171115
171131
171146
171161
171176
171191
171206
171221
171236
171251
171266
171281
171296
171311
171326
171341
171356
171371
171386
171401
171417
171432
171447
171462
171477
171492
171507
171522
171537
171553
171568
171583
171598
171613
171628
171643
171658
171673
171688
171703
171718
171733
171748
171763
171778
171794
171809
171824
171839
171854
171869
171884
171899
171915
171930
171945
171960
171975
171990
172005
172020
172036
172052
172067
172083
172098
172113
172128
172143
172158
172173
172188
172204
172219
172234
172249
172264
172279
172294
172309
172325
172340
172356
172371
172386
172401
172416
172431
172446
172461
172477
172492
172507
172522
172537
172552
172567
172582
172598
172613
172628
172643
172658
172673
172688
172703
172718
172734
172749
172764
172780
172795
172810
172825
172840
172855
172870
172885
172900
172916
172931
172946
172961
172976
172991
173006
173021
173036
173051
173066
173082
173097
173112
173127
173143
173158
173173
173188
173203
173219
173234
173249
173264
173279
173294
173309
173324
173339
173355
173370
173386
173401
173416
173432
173447
173462
173477
173492
173507
173522
173537
173552
173567
173582
173597
173612
173627
173642
173657
173672
173687
173702
173717
173732
173747
173762
173777
173792
173807
173822
173837
173852
173867
173882
173897
173912
173927
173942
173957
173972
173987
174002
174017
174032
174047
174062
174077
174092
174107
174122
174137
174152
174167
174182
174197
174212
174227
174242
174257
174272
174287
174302
174317
174332
174348
174363
174378
174393
174408
174423
174438
174453
174468
174483
174498
174514
174529
174544
174559
174574
174589
174604
174619
174634
174649
174664
174679
174694
174709
174724
174739
174755
174770
174785
174800
174815
174830
174845
174860
174875
174890
174905
174920
174935
174950
174965
174980
174995
175011
175026
175041
175056
175071
175088
175103
175118
175133
175148
175163
175179
175194
175209
175224
175239
175254
175269
175284
175299
175315
175330
175345
175360
175375
175390
175405
175420
175435
175451
175466
175481
175496
175511
175526
175541
175556
175571
175586
175601
175616
175631
175646
175661
175676
175691
175707
175722
175738
175753
175768
175783
175798
175813
175828
175844
175859
175874
175889
175904
175919
175935
175950
175965
175980
175996
176011
176026
176041
176056
176071
176087
176102
176117
176132
176147
176162
176177
176192
176207
176222
176237
176252
176267
176282
176297
176312
176327
176342
176357
176372
176387
176402
176417
176432
176447
176462
176477
176493
176508
176523
176538
176553
176568
176583
176599
176614
176629
176645
176660
176675
176690
176705
176720
176735
176750
176765
176780
176795
176810
176825
176840
176855
176870
176885
176900
176915
176930
176945
176960
176975
176990
177005
177020
177035
177050
177065
177080
177096
177111
177126
177141
177156
177171
177186
177201
177216
177231
177246
177261
177276
177291
177306
177321
177336
177351
177366
177381
177396
177411
177426
177441
177456
177471
177487
177502
177518
177533
177548
177563
177578
177593
177608
177623
177638
177653
177668
177683
177698
177713
177728
177743
177758
177774
177789
177805
177820
177835
177850
177865
177880
177895
177910
177925
177940
177955
177970
177985
178000
178015
178030
178046
178061
178076
178091
178106
178121
178136
178151
178166
178181
178196
178211
178227
178243
178258
178273
178288
178303
178318
178333
178348
178363
178378
178393
178408
178423
178438
178453
178468
178483
178498
178513
178528
178543
178558
178573
178588
178603
178618
178633
178648
178663
178678
178693
178708
178723
178738
178753
178768
178783
178798
178813
178828
178843
178858
178873
178888
178903
178918
178933
178948
178963
178978
178993
179008
179023
179038
179053
179068
179083
179099
179114
179129
179144
179159
179174
179189
179204
179219
179234
179249
179264
179279
179294
179309
179324
179339
179354
179369
179384
179399
179414
179429
179444
179459
179474
179489
179504
179519
179534
179549
179564
179579
179594
179609
179624
179639
179654
179669
179684
179699
179714
179729
179744
179759
179774
179789
179804
179820
179835
179850
179865
179880
179895
179910
179925
179940
179956
179971
179986
180001
180016
180031
180046
180061
180076
180091
180106
180122
180138
180153
180168
180183
180198
180213
