0.4215899407863616
0.41878277063369745
0.4215899407863616
0.41650344347181084
0.4187828004360198
0.421589970588684
0.419279932975769
0.42159000039100636
0.421589970588684
0.4215899407863616
0.4211083411707931
0.4215899407863616
0.421589970588684
0.4211083411707931
0.42110830545425404
0.421589970588684
0.421589970588684
0.4211240410804748
0.4215899407863616
0.42112405463922176
0.4220938682556151
0.42112408444700117
0.4215899407863616
0.421589970588684
0.42159000039100636
0.421589970588684
0.4211241006851196
0.4187827110290527
0.421589970588684
0.4215899407863616
0.4215899407863616
0.41879832565973624
0.421589970588684
0.42276060581207264
0.4215899407863616
0.4215899407863616
0.4215899407863616
0.41878277063369745
0.419279932975769
0.4211240410804748
0.4211083352565765
0.4215899407863616
0.4215900301933288
0.421589970588684
0.4215900301933288
0.421108341168292
0.42110830545425404
0.4187827024891248
0.4220938682556151
0.4220938682556151
0.421589970588684
0.4211083650588988
0.421589970588684
0.421589970588684
0.41927990317344654
0.421589970588684
0.4211240410804748
0.421589970588684
0.4215899407863616
0.4187827110290527
0.4215899407863616
0.4211083411717026
0.4211240410804748
0.421589970588684
0.4211083650588988
0.4211240410804748
0.421589970588684
0.4220938682556151
0.42112408444700117
0.4215899407863616
0.421589970588684
0.4211083411714752
0.42159000039100636
0.41927990317344654
0.421589970588684
0.41878279189722883
0.42112408444700117
0.41878277063369745
0.421589970588684
0.4220938682556151
0.4187827024909438
0.4211240410804748
0.4211083411707931
0.4211240112781524
0.41927990317344654
0.42043498158454884
0.4187982082366942
0.421589970588684
0.4187827110290527
0.42110830545425404
0.421589970588684
0.42112408444700117
0.4211240112781524
0.41879832565973624
0.4211240410804748
0.4211240410804748
0.41879823803901667
0.42110830545425404
0.419279932975769
0.4215899407863616
0.42043498158454884
0.41879829585741385
0.41927990317344654
0.42110834117033835
0.421589970588684
0.4230046570301055
0.41879823803901667
0.421589970588684
0.4220938682556151
0.4215899407863616
0.4211083411707931
0.41879829764366144
0.4211083411714752
0.4220938682556151
0.4211240546446787
0.4187828004360198
0.42276060581207264
0.4187982064468087
0.421589970588684
0.421589970588684
0.4211240410804748
0.4187982082366942
0.4211240546446787
0.4211240410804748
0.419279932975769
0.4215899407863616
0.42110834117033835
0.421589970588684
0.4211240410804748
0.4187827110290527
0.421589970588684
0.4241792261600493
0.421589970588684
0.4187827110290527
0.4211240546446787
0.41878279189791096
0.4230046868324279
0.419279932975769
0.4215899407863616
0.4220938682556151
0.4215899407863616
0.41650344347181084
0.4215899407863616
0.419279932975769
0.421589970588684
0.421589970588684
0.4215899407863616
0.42110834117033835
0.4211083411717026
0.421589970588684
0.42159000039100636
0.4220938682556151
0.4211083650588988
0.419279932975769
0.4215899407863616
0.421589970588684
0.4211240546446787
0.41879823803901667
0.4187827110290527
0.419279932975769
0.42159000039100636
0.41650344347181084
0.4187827110290527
0.4187827024909438
0.4215899407863616
0.4215899407863616
0.4215899407863616
0.4211240410804748
0.4187827918974562
0.4211240112781524
0.4211240410804748
0.4211084305752592
0.421589970588684
0.4215899407863616
0.42110830545425404
0.4187827110290527
0.421589970588684
0.42251979110312726
0.41878277063369745
0.4211083411707931
0.42110834117033835
0.4220938682556151
0.41879829764366144
0.421589970588684
0.4211240112781524
0.4215899407863616
0.4211083650588988
0.421589970588684
0.421589970588684
0.4211240410804748
0.4215899407863616
0.421589970588684
0.42112405463922176
0.4211083650588988
0.42112408444700117
0.41879823803901667
0.41878279189791096
0.42110830545425404
0.4211083650588988
0.4211240112781524
0.421124144046189
0.41648814623431457
0.4211083650588988
0.42110830545425404
0.4215899407863616
0.42110834117033835
0.4211240546464977
0.41650344347181084
0.421589970588684
0.4215899407863616
0.4215899407863616
0.421589970588684
0.421589970588684
0.4215899407863616
0.4211240410804748
0.4211240410804748
0.4211240546446787
0.42112405463922176
0.4211240546446787
0.4211240410804748
0.421589970588684
0.421589970588684
0.421589970588684
0.41927990317344654
0.4211240410804748
0.4220938682556151
0.42110834117033835
0.41878279189722883
0.4215899407863616
0.421589970588684
0.4215899407863616
0.4220938682556151
0.4211083411707931
0.42112413048744196
0.4211240112781524
0.42110834117033835
0.421589970588684
0.4211083650588988
0.421589970588684
0.41879832565973624
0.4220938682556151
0.4211240410804748
0.4211083411707931
0.4211084305752592
0.4164881110191344
0.42110834117033835
0.4211240546446787
0.4211240708827972
0.421589970588684
0.4215899407863616
0.421589970588684
0.4211240112781524
0.4211083650588988
0.4215899407863616
0.4220938682556151
0.41879823803901667
0.4211083411692015
0.4215899407863616
0.41879829585923284
0.4187827918958646
0.41650344347181084
0.4211240410804748
0.4211240410804748
0.4220938682556151
0.4211240410804748
0.4215899407863616
0.4211240546446787
0.421589970588684
0.4211240112781524
0.4211240410804748
0.4192798733711242
0.421589970588684
0.4211240546446787
0.4211240410804748
0.4211240546464977
0.4211240410804748
0.4215899407863616
0.41879823803901667
0.4220938682556151
0.4211240410804748
0.4211083411698836
0.4211240410804748
0.421589970588684
0.4211083411698836
0.4211240410804748
0.4220938682556151
0.41879832565973624
0.4215899407863616
0.41879829764366144
0.421589970588684
0.421589970588684
0.4187827110290527
0.4192798733711242
0.4211083411707931
0.4220938682556151
0.4220938682556151
0.421589970588684
0.4215899407863616
0.42112408444700117
0.4215899407863616
0.421589970588684
0.421589970588684
0.4187827918974562
0.4220938682556151
0.4211240112781524
0.4220938682556151
0.41879823803901667
0.418798267841339
0.4215899407863616
0.4220938682556151
0.4211240112781524
0.421589970588684
0.4211240546446787
0.4215899407863616
0.41878270248957955
0.4211083352565765
0.41927990317344654
0.4211240112781524
0.4211240546446787
0.4192798733711242
0.4187827110290527
0.4211240112781524
0.4211240410804748
0.4192798733711242
0.4211240546446787
0.4211083650588988
0.421589970588684
0.4215899407863616
0.41879832565973624
0.4215899407863616
0.4211240410804748
0.421589970588684
0.41927990317344654
0.4215899407863616
0.4215899407863616
0.42110834117033835
0.4211083650588988
0.41879823803901667
0.421589970588684
0.4211240410804748
0.4187828004360198
0.41879829585923284
0.4211240546446787
0.41878277063369745
0.4211240410804748
0.4211083650588988
0.4215900301933288
0.421589970588684
0.41879829764366144
0.4215899407863616
0.418798267841339
0.4211084305752592
0.4211083650588988
0.4220938682556151
0.42110834117033835
0.4215899407863616
0.4215899407863616
0.41648814623431457
0.4215899407863616
0.4215899407863616
0.4215899407863616
0.42112413048744196
0.41879823803901667
0.4215899407863616
0.4215899407863616
0.4211240410804748
0.421108341168292
0.4211240410804748
0.42159000039100636
0.4211240410804748
0.4211240410804748
0.421589970588684
0.4211240410804748
0.4220938682556151
0.421589970588684
0.4215899407863616
0.4211083650588988
0.4211240410804748
0.4187827110290527
0.4215899407863616
0.4215899407863616
0.4187827620944517
0.4187982082366942
0.421589970588684
0.42110830545425404
0.41878279189722883
0.4187827110290527
0.42159000039100636
0.421589970588684
0.41927990317344654
0.4211083650588988
0.42110834117033835
0.421589970588684
0.4211083650588988
0.41878279189722883
0.41879823803901667
0.41648814623431457
0.4211241006851196
0.4192798733711242
0.41650344347181084
