43
43
81
108
147
186
228
267
310
342
375
411
450
486
512
549
579
615
648
677
716
751
789
820
854
893
930
967
999
1045
1084
1128
1170
1205
1238
1283
1320
1348
1384
1419
1455
1495
1527
1565
1606
1654
1695
1745
1787
1829
1864
1896
1930
1979
2016
2053
2090
2126
2163
2212
2257
2292
2326
2362
2397
2431
2478
2515
2549
2582
2621
2658
2693
2731
2763
2803
2838
2863
2893
2935
2965
3007
3007
3045
3079
3112
3154
3190
3226
3268
3304
3344
3386
3428
3467
3517
3551
3592
3627
3659
3699
3739
3776
3829
3865
3904
3945
3982
4025
4066
4105
4140
4167
4210
4250
4284
4320
4363
4400
4432
4470
4514
4541
4573
4607
4652
4686
4724
4760
4802
4832
4867
4910
4949
4984
5019
5057
5092
5124
5165
5201
5243
5285
5317
5362
5398
5440
5479
5514
5551
5592
5630
5675
5717
5747
5785
5818
5862
5900
5930
5960
6000
6036
6071
6106
6141
6172
6206
6236
6272
6314
6351
6383
6422
6462
6496
6537
6575
6607
6643
6670
6711
6753
6785
6822
6860
6891
6929
6966
6997
7028
7061
7099
7139
7176
7213
7258
7287
7325
7354
7397
7436
7474
7516
7553
7593
7623
7664
7702
7740
7772
7805
7839
7879
7923
7958
7999
8038
8073
8110
8141
8179
8217
8251
8284
8321
8352
8384
8427
8465
8493
8534
8575
8618
8656
8687
8729
8763
8808
8848
8884
8920
8953
8990
9032
9068
9098
9140
9174
9214
9246
9289
9332
9362
9399
9441
9484
9523
9555
9585
9631
9668
9705
9740
9780
9818
9855
9885
9921
9960
9994
10028
10061
10100
10142
10180
10219
10258
10298
10336
10378
10414
10442
10480
10524
10565
10597
10629
10665
10708
10743
10771
10805
10841
10884
10914
10944
10980
11017
11054
11091
11126
11164
11199
11229
11267
11296
11328
11357
11394
11433
11474
11508
11540
11576
11602
11635
11670
11704
11736
11770
11805
11840
11873
11911
11956
11994
12033
12071
12105
12137
12176
12207
12246
12274
12302
12334
12370
12408
12444
12486
12532
12571
12605
12638
12675
12707
12748
12784
12821
12860
12900
12938
12975
13022
13057
13091
13121
13159
13193
13233
13259
13292
13328
13363
13390
13428
13462
13498
13543
13577
13612
13647
13683
13718
13744
13782
13816
13848
13879
13910
13949
13983
14020
14050
14085
14118
14151
14183
14223
14258
14291
14328
14366
14397
14431
14464
14501
14536
14573
14610
14638
14667
14697
14736
14769
14808
14847
14878
14910
14945
14981
15015
15046
15080
15114
15149
15186
15219
15253
15287
15325
15359
15387
15424
15457
15495
15524
15557
15593
15628
15667
15696
15730
15761
15795
15830
15860
15889
15924
15953
15989
16018
16051
16090
16129
16154
16188
16224
16263
16292
16320
16347
16381
16419
16445
16479
16518
16555
16599
16632
16665
16700
16731
16767
16807
16841
16873
16908
16939
16968
17002
17029
17064
17092
17127
17161
17190
17229
17266
17305
17336
17369
17401
17433
17461
17494
17531
17561
17594
17624
17655
17686
17715
17745
17779
17811
17851
17878
17919
17951
17987
18029
18064
18091
18122
18155
18187
18218
18255
18293
18323
18356
18388
18415
18448
18483
18517
18552
18582
18618
18650
18687
18721
18747
18790
18830
18860
18894
18930
18971
19007
19035
19068
19099
19131
19163
19199
19229
19266
19301
19335
19373
19408
19440
19474
19506
19545
19580
19618
19656
19696
19731
19763
19792
19829
19864
19900
19939
19976
20003
20039
20078
20117
20143
20177
20210
20242
20284
20312
20347
20386
20424
20459
20495
20529
20564
20594
20623
20653
20686
20715
20752
20780
20812
20844
20876
20906
20936
20976
21017
21051
21089
21127
21157
21188
21218
21246
21289
21320
21351
21382
21409
21437
21471
21508
21541
21583
21611
21643
21683
21714
21755
21788
21817
21848
21887
21921
21956
21983
22017
22055
22091
22117
22153
22182
22212
22245
22277
22307
22340
22372
22403
22428
22462
22492
22532
22565
22605
22639
22673
22707
22735
22763
22805
22838
22870
22903
22935
22974
23008
23041
23074
23104
23140
23167
23204
23234
23269
23303
23332
23370
23401
23429
23460
23497
23528
23553
23585
23615
23647
23681
23713
23748
23781
23811
23844
23874
23901
23935
23963
23992
24027
24060
24091
24123
24148
24177
24210
24247
24286
24320
24355
24388
24423
24458
24486
24516
24554
24585
24624
24656
24691
24721
24754
24789
24825
24870
24898
24936
24964
25005
25035
25071
25105
25136
25173
25206
25238
25275
25303
25333
25367
25397
25424
25456
25487
25531
25574
25606
25637
25679
25711
25741
25781
25813
25847
25881
25916
25945
25981
26018
26051
26079
26111
26139
26182
26212
26244
26275
26312
26345
26373
26411
26447
26478
26517
26555
26592
26621
26654
26684
26720
26753
26794
26824
26859
26892
26924
26961
26991
27025
27057
27101
27135
27159
27193
27221
27256
27290
27325
27356
27396
27429
27460
27499
27537
27569
27601
27636
27668
27704
27738
27768
27798
27827
27855
27882
27912
27939
27972
28008
28043
28079
28108
28141
28174
28217
28249
28274
28305
28340
28374
28414
28446
28477
28510
28544
28581
28613
28641
28669
28701
28734
28767
28797
28836
28870
28900
28934
28970
29004
29037
29063
29094
29120
29152
29186
29222
29263
29299
29337
29366
29392
29430
29460
29495
29528
29559
29595
29628
29657
29697
29730
29768
29807
29850
29882
29912
29944
29972
30011
30053
30089
30122
30156
30190
30221
30252
30291
30327
30355
30390
30423
30463
30503
30543
30574
30606
30638
30673
30708
30740
30780
30808
30837
30869
30895
30925
30957
30995
31036
31071
31107
31146
31177
31212
31243
31289
31323
31358
31400
31434
31465
31501
31528
31560
31593
31622
31653
31687
31723
31766
31802
31836
31865
31892
31923
31958
31988
32017
32049
32082
32118
32147
32182
32215
32253
32286
32317
32346
32382
32417
32449
32477
32510
32541
32572
32607
32642
32669
32703
32733
32766
32798
32827
32854
32884
32914
32946
32981
33011
33045
33088
33118
33155
33198
33234
33269
33303
33340
33368
33401
33439
33468
33509
33542
33573
33607
33634
33668
33699
33727
33760
33792
33820
33845
33874
33907
33940
33976
34013
34044
34075
34108
34138
34169
34197
34227
34262
34292
34327
34363
34390
34422
34455
34485
34526
34564
34596
34621
34656
34690
34717
34749
34783
34809
34837
34869
34898
34929
34966
35004
35042
35077
35113
35140
35173
35200
35234
35262
35293
35327
35351
35382
35414
35446
35476
35506
35546
35576
35623
35661
35698
35737
35769
35801
35829
35872
35901
35934
35959
35996
36039
36079
36108
36135
36171
36203
36231
36261
36295
36330
36360
36393
36431
36468
36509
36539
36565
36599
36632
36669
36710
36741
36775
36806
36835
36869
36901
36931
36964
36994
37026
37059
37095
37130
37163
37191
37224
37252
37283
37309
37344
37377
37406
37438
37474
37506
37534
37562
37590
37621
37650
37684
37719
37750
37789
37822
37854
37885
37922
37951
37984
38026
38059
38098
38131
38163
38196
38234
38268
38301
38332
38359
38385
38417
38446
38480
38512
38543
38576
38610
38641
38673
38705
38735
38771
38796
38828
38858
38886
38914
38949
38982
39023
39054
39086
39110
39138
39168
39207
39232
39264
39295
39334
39365
39391
39421
39458
39489
39515
39545
39583
39619
39651
39691
39727
39753
39788
39823
39854
39887
39917
39941
39969
40009
40040
40077
40111
40138
40172
40210
40244
40274
40303
40335
40363
40395
40427
40457
40482
40515
40542
40576
40607
40640
40675
40702
40730
40767
40798
40829
40865
40901
40933
40966
40995
41026
41058
41090
41121
41155
41185
41221
41260
41288
41317
41356
41389
41422
41455
41483
41509
41539
41569
41602
41633
41666
41697
41733
41769
41800
41840
41868
41903
41934
41971
42007
42044
42073
42108
42140
42174
42210
42242
42273
42304
42341
42373
42415
42442
42477
42506
42532
42565
42598
42632
42659
42683
42711
42734
42771
42807
42836
42864
42898
42928
42963
42995
43027
43062
43096
43123
43149
43176
43207
43237
43270
43301
43327
43366
43391
43419
43446
43476
43505
43539
43571
43607
43640
43672
43701
43733
43760
43792
43822
43854
43886
43916
43948
43975
44008
44039
44073
44107
44144
44173
44203
44229
44262
44286
44317
44341
44371
44402
44436
44466
44499
44529
44556
44591
44621
44654
44687
44716
44750
44787
44812
44845
44880
44918
44946
44975
45002
45035
45073
45109
45138
45166
45199
45233
45268
45298
45325
45359
45387
45421
45454
45496
45533
45561
45592
45621
45653
45683
45710
45741
45773
45805
45835
45859
45893
45926
45966
45998
46029
46063
46099
46125
46149
46183
46217
46254
46285
46313
46352
46388
46421
46453
46485
46516
46548
46581
46610
46648
46685
46715
46747
46778
46807
46841
46872
46899
46929
46965
46998
47030
47060
47086
47115
47153
47182
47211
47244
47277
47309
47340
47379
47413
47439
47476
47509
47537
47574
47604
47628
47659
47695
47725
47759
47784
47822
47859
47881
47914
47946
47988
48020
48048
48079
48102
48136
48173
48200
48233
48260
48292
48321
48356
48382
48410
48442
48469
48500
48535
48566
48595
48625
48652
48675
48701
48737
48766
48793
48826
48851
48882
48920
48951
48975
49008
49041
49072
49108
49138
49168
49203
49234
49268
49308
49339
49373
49408
49433
49467
49492
49522
49556
49581
49610
49638
49667
49700
49729
49755
49783
49814
49845
49874
49909
49941
49975
50003
50028
50060
50092
50125
50163
50191
50224
50254
50294
50325
50364
50396
50428
50462
50492
50523
50553
50592
50625
50657
50693
50725
50760
50787
50818
50852
50883
50911
50941
50976
51006
51040
51071
51101
51135
51176
51204
51232
51260
51290
51314
51346
51375
51406
51440
51469
51500
51527
51557
51586
51617
51645
51672
51706
51737
51764
51793
51818
51861
51892
51920
51952
51986
52020
52057
52087
52114
52154
52182
52213
52243
52271
52302
52331
52363
52398
52434
52462
52493
52529
52555
52584
52614
52643
52668
52697
52740
52766
52795
52835
52870
52902
52933
52962
52995
53022
53055
53092
53126
53161
53195
53227
53255
53288
53321
53352
53379
53410
53441
53479
53504
53537
53570
53605
53642
53681
53706
53741
53773
53803
53834
53866
53889
53918
53943
53977
54006
54035
54064
54094
54116
54149
54175
54206
54235
54265
54303
54334
54368
54403
54435
54459
54492
54519
54550
54580
54612
54644
54672
54710
54745
54781
54811
54847
54873
54897
54920
54955
54985
55023
55052
55085
55115
55142
55169
55198
55228
55257
55287
55313
55345
55383
55411
55439
55470
55506
55539
55568
55595
55623
55656
55680
55715
55744
55780
55809
55840
55872
55902
55934
55961
55985
56017
56048
56082
56115
56146
56173
56203
56237
56271
56294
56327
56356
56386
56414
56449
56481
56504
56534
56566
56594
56627
56662
56692
56728
56753
56785
56817
56853
56878
56907
56939
56966
57000
57031
57064
57097
57138
57169
57203
57237
57263
57288
57328
57358
57392
57423
57453
57487
57517
57551
57584
57609
57640
57668
57699
57730
57754
57784
57814
57845
57870
57899
57931
57963
57989
58025
58052
58079
58107
58143
58177
58200
58237
58264
58302
58334
58362
58397
58433
58461
58492
58524
58553
58582
58606
58633
58665
58698
58728
58758
58789
58826
58855
58887
58914
58940
58978
59010
59036
59064
59092
59120
59154
59185
59211
59243
59268
59303
59332
59364
59393
59426
59453
59485
59517
59543
59574
59605
59637
59665
59697
59726
59753
59784
59816
59836
59859
59886
59916
59950
59979
60011
60035
60071
60100
60143
60170
60204
60238
60269
60303
60333
60363
60393
60424
60457
60488
60513
60540
60567
60595
60629
60657
60685
60718
60744
60776
60807
60832
60857
60888
60922
60947
60975
61009
61040
61073
61101
61132
61165
61199
61234
61266
61298
61325
61359
61388
61414
61450
61484
61516
61548
61590
61624
61652
61683
61710
61747
61785
61815
61841
61876
61902
61931
61961
61995
62019
62045
62081
62114
62143
62170
62205
62232
62262
62288
62321
62346
62382
62413
62445
62480
62515
62550
62576
62604
62638
62664
62694
62725
62758
62790
62822
62854
62884
62914
62941
62975
63005
63034
63059
63087
63113
63146
63172
63201
63228
63259
63290
63319
63347
63392
63421
63454
63486
63515
63540
63563
63592
63624
63646
63676
63703
63735
63760
63795
63825
63856
63889
63917
63944
63976
64002
64038
64069
64095
64125
64158
64189
64217
64251
64273
64305
64339
64373
64398
64421
64452
64475
64503
64540
64571
64602
64634
64661
64691
64719
64744
64772
64803
64834
64866
64897
64931
64967
64997
65022
65050
65082
65111
65138
65160
65187
65224
65257
65285
65317
65354
65390
65417
65448
65484
65514
65539
65569
65603
65629
65662
65689
65720
65749
65783
65815
65853
65887
65922
65954
65982
66010
66046
66077
66115
66149
66184
66218
66247
66277
66310
66338
66369
66401
66436
66473
66509
66535
66562
66590
66624
66656
66683
66709
66735
66766
66794
66837
66865
66898
66927
66956
66987
67018
67051
67078
67109
67137
67172
67203
67241
67270
67299
67328
67352
67376
67403
67434
67463
67491
67522
67557
67581
67619
67646
67677
67700
67731
67763
67799
67833
67863
67897
67930
67960
67996
68023
68050
68083
68112
68142
68173
68204
68238
68270
68307
68340
68367
68401
68429
68462
68491
68521
68544
68577
68611
68644
68675
68701
68737
68762
68787
68817
68846
68869
68906
68938
68971
69002
69034
69060
69086
69115
69143
69177
69208
69244
69269
69304
69329
69363
69397
69421
69452
69485
69518
69547
69579
69606
69635
69665
69697
69732
69755
69784
69807
69839
69868
69898
69934
69966
69998
70027
70067
70101
70130
70163
70197
70222
70252
70284
70312
70339
70374
70399
70427
70466
70499
70529
70562
70590
70620
70652
70680
70712
70741
70770
70804
70835
70858
70895
70927
70960
70995
71025
71048
71079
71109
71134
71160
71187
71215
71243
71273
71308
71344
71376
71415
71444
71472
71499
71528
71562
71592
71625
71654
71684
71715
71738
71770
71796
71830
71860
71893
71919
71951
71980
72010
72043
72076
72107
72134
72165
72191
72220
72246
72283
72311
72336
72371
72399
72427
72456
72486
72514
72543
72576
72602
72634
72668
72701
72737
72764
72796
72828
72858
72890
72917
72944
72977
73002
73028
73057
73084
73107
73131
73162
73189
73217
73250
73288
73313
73342
73372
73402
73433
73463
73494
73525
73549
73583
73622
73651
73683
73709
73740
73770
73800
73831
73863
73893
73923
73951
73977
74007
74043
74068
74100
74126
74152
74183
74214
74244
74278
74305
74344
74377
74399
74430
74452
74487
74511
74542
74568
74598
74628
74653
74681
74715
74745
74770
74798
74825
74853
74877
74906
74937
74968
74995
75025
75057
75086
75111
75133
75159
75184
75214
75244
75278
75312
75341
75373
75410
75437
75464
75493
75524
75550
75578
75608
75632
75666
75692
75726
75750
75784
75811
75843
75870
75898
75924
75955
75988
76012
76038
76068
76101
76129
76156
76182
76210
76236
76265
76292
76317
76347
76370
76402
76431
76460
76488
76521
76548
76581
76614
76642
76670
76703
76732
76764
76793
76817
76852
76882
76909
76943
76970
77000
77029
77057
77084
77111
77143
77174
77203
77236
77269
77299
77327
77358
77385
77413
77451
77481
77507
77537
77568
77600
77632
77665
77697
77721
77756
77791
77824
77858
77884
77919
77948
77983
78013
78041
78074
78106
78133
78172
78206
78236
78259
78297
78324
78355
78378
78408
78431
78453
78484
78512
78544
78573
78599
78629
78654
78686
78715
78746
78772
78800
78833
78861
78894
78923
78952
78982
79021
79046
79073
79108
79136
79164
79192
79226
79261
79292
79318
79347
79374
79413
79445
79479
79521
79556
79591
79622
79646
79671
79698
79731
79763
79788
79816
79844
79868
79896
79926
79966
79992
80027
80060
80090
80122
80156
80188
80217
80254
80284
80316
80345
80376
80404
80443
80478
80503
80533
80563
80598
80628
80650
80684
80715
80747
80774
80808
80833
80864
80893
80919
80957
80983
81014
81053
81086
81115
81145
81177
81213
81246
81276
81308
81334
81368
81395
81437
81461
81488
81520
81548
81576
81600
81624
81651
81680
81706
81738
81768
81802
81833
81860
81888
81914
81943
81969
81997
82028
82056
82089
82123
82150
82174
82202
82230
82256
82285
82318
82345
82388
82417
82445
82473
82494
82520
82543
82571
82595
82623
82645
82670
82697
82735
82760
82795
82821
82849
82881
82911
82942
82972
82999
83028
83056
83083
83109
83140
83171
83197
83223
83258
83280
83306
83330
83365
83392
83420
83446
83471
83498
83522
83553
83585
83612
83646
83676
83708
83738
83770
83800
83833
83857
83884
83910
83938
83968
83995
84021
84047
84077
84107
84135
84156
84182
84207
84243
84276
84307
84333
84370
84400
84427
84455
84488
84514
84538
84564
84591
84617
84644
84668
84699
84725
84754
84777
84800
84828
84856
84891
84919
84946
84968
84993
85015
85039
85063
85087
85118
85144
85174
85200
85236
85271
85302
85329
85356
85391
85423
85449
85483
85516
85547
85573
85599
85638
85665
85688
85711
85735
85771
85798
85824
85850
85874
85898
85923
85947
85973
85998
86023
86046
86075
86104
86136
86161
86187
86215
86241
86271
86299
86325
86351
86381
86417
86446
86474
86501
86527
86555
86582
86611
86637
86667
86690
86718
86740
86767
86795
86821
86842
86866
86896
86925
86955
86978
87005
87036
87065
87095
87123
87147
87179
87205
87231
87255
87281
87305
87335
87358
87386
87411
87437
87465
87491
87520
87542
87567
87593
87621
87647
87674
87701
87723
87754
87778
87804
87826
87855
87879
87901
87926
87953
87985
88017
88049
88071
88095
88120
88147
88179
88208
88232
88257
88281
88323
88353
88378
88406
88438
88464
88505
88534
88560
88600
88631
88654
88689
88719
88747
88771
88799
88828
88850
88878
88906
88933
88960
88991
89013
89036
89063
89089
89119
89145
89170
89191
89216
89254
89279
89306
89338
89367
89392
89421
89451
89476
89500
89529
89553
89575
89608
89632
89665
89691
89722
89748
89770
89794
89823
89857
89889
89912
89939
89967
89995
90022
90055
90080
90116
90143
90165
90188
90210
90234
90259
90286
90308
90335
90359
90389
90417
90445
90474
90496
90525
90550
90574
90597
90626
90648
90670
90701
90731
90755
90779
90805
90829
90855
90883
90912
90938
90964
90993
91017
91040
91070
91096
91118
91148
91176
91200
91225
91250
91278
91316
91339
91364
91385
91410
91434
91463
91488
91514
91539
91566
91588
91611
91637
91663
91687
91709
91734
91761
91786
91812
91839
91866
91892
91922
91949
91974
91999
92030
92051
92075
92101
92127
92148
92180
92208
92238
92264
92289
92311
92342
92367
92394
92419
92440
92464
92490
92514
92539
92564
92584
92618
92644
92674
92694
92716
92745
92771
92800
92826
92852
92877
92905
92926
92952
92979
93004
93028
93053
93079
93101
93127
93151
93177
93203
93229
93259
93289
93314
93342
93367
93393
93417
93440
93462
93485
93509
93532
93558
93585
93612
93638
93662
93692
93719
93746
93775
93797
93819
93847
93868
93890
93923
93949
93971
93994
94025
94058
94085
94112
94138
94163
94186
94212
94238
94261
94287
94311
94336
94356
94379
94402
94432
94457
94482
94510
94535
94557
94581
94605
94626
94651
94677
94704
94739
94767
94792
94816
94843
94865
94890
94913
94938
94960
94982
95003
95028
95051
95077
95102
95129
95157
95177
95199
95225
95246
95272
95295
95315
95342
95374
95398
95422
95445
95472
95507
95534
95558
95581
95603
95625
95648
95676
95703
95728
95751
95774
95798
95823
95845
95875
95910
95935
95957
95977
96004
96024
96046
96067
96097
96122
96147
96174
96202
96242
96267
96288
96315
96338
96363
96383
96405
96432
96455
96478
96499
96523
96547
96567
96591
96614
96641
96665
96691
96712
96732
96757
96783
96803
96825
96851
96877
96911
96937
96960
96990
97012
97035
97060
97082
97102
97133
97159
97192
97213
97235
97259
97281
97301
97321
97343
97369
97395
97416
97437
97460
97483
97506
97527
97550
97571
97596
97625
97646
97676
97705
97728
97749
97773
97796
97820
97844
97865
97885
97908
97930
97960
97986
98006
98030
98052
98073
98097
98117
98137
98159
98179
98200
98226
98251
98277
98300
98324
98351
98382
98405
98427
98449
98471
98503
98533
98557
98583
98603
98624
98651
98672
98698
98721
98744
98767
98792
98813
98838
98861
98892
98913
98937
98957
98979
99001
99022
99049
99075
99099
99126
99149
99173
99196
99217
99237
99261
99285
99306
99328
99350
99372
99395
99416
99439
99459
99481
99505
99526
99547
99574
99595
99616
99637
99667
99689
99711
99736
99760
99782
99805
99827
99851
99873
99895
99915
99940
99963
99985
100008
100039
100061
100082
100103
100124
100145
100172
100193
100228
100251
100274
100298
100322
100344
100366
100386
100409
100431
100451
100472
100494
100518
100538
100558
100579
100599
100620
100642
100669
100690
100711
100732
100759
100782
100804
100827
100853
100886
100914
100937
100966
100986
101008
101030
101053
101073
101095
101116
101137
101158
101187
101208
101228
101252
101272
101296
101318
101339
101360
101380
101408
101428
101449
101469
101496
101520
101541
101561
101583
101605
101627
101647
101667
101689
101712
101732
101755
101775
101797
101820
101841
101861
101883
101906
101929
101957
101979
102005
102026
102046
102066
102091
102121
102144
102167
102192
102215
102239
102259
102281
102305
102331
102354
102374
102394
102415
102436
102456
102487
102509
102532
102555
102575
102597
102617
102639
102659
102680
102701
102722
102745
102766
102789
102814
102835
102855
102877
102897
102917
102942
102964
102987
103009
103032
103054
103075
103095
103120
103143
103166
103189
103211
103232
103256
103276
103298
103319
103343
103372
103395
103418
103439
103460
103486
103510
103534
103557
103581
103607
103630
103650
103670
103695
103715
103736
103756
103779
103805
103829
103851
103872
103894
103915
103936
103961
103981
104003
104025
104046
104074
104098
104118
104140
104163
104183
104206
104228
104252
104274
104295
104316
104338
104362
104385
104405
104425
104446
104467
104487
104510
104531
104552
104573
104597
104617
104637
104663
104684
104704
104724
104748
104769
104792
104812
104833
104853
104879
104901
104921
104942
104963
104988
105009
105029
105049
105071
105092
105114
105134
105158
105178
105199
105220
105240
105261
105283
105303
105325
105345
105365
105391
105411
105431
105452
105474
105499
105520
105546
105568
105590
105610
105631
105651
105673
105693
105713
105736
105758
105782
105804
105826
105846
105866
105889
105913
105934
105955
105976
105998
106029
106049
106070
106091
106111
106137
106159
106181
106205
106228
106251
106271
106291
106312
106332
106354
106374
106395
106419
106443
106465
106487
106512
106532
106552
106572
106592
106612
106635
106655
106676
106696
106716
106743
106764
106788
106810
106832
106855
106878
106898
106920
106940
106961
106982
107004
107025
107046
107069
107090
107111
107134
107156
107176
107197
107217
107238
107258
107279
107302
107323
107345
107366
107389
107410
107431
107453
107473
107494
107515
107536
107557
107577
107601
107622
107642
107665
107686
107707
107727
107747
107769
107790
107813
107835
107855
107877
107897
107917
107937
107958
107984
108006
108029
108049
108069
108089
108111
108132
108152
108172
108193
108219
108239
108260
108281
108304
108324
108345
108365
108385
108407
108428
108448
108469
108489
108510
108532
108552
108572
108592
108613
108633
108654
108674
108699
108719
108741
108761
108781
108801
108826
108846
108866
108886
108907
108928
108951
108971
108992
109016
109038
109060
109080
109100
109122
109144
109168
109190
109211
109231
109251
109271
109292
109315
109336
109359
109379
109401
109422
109444
109464
109486
109510
109532
109552
109572
109592
109614
109634
109657
109678
109698
109718
109738
109758
109778
109799
109820
109842
109862
109884
109906
109928
109956
109978
109998
110019
110040
110065
110087
110107
110127
110147
110167
110188
110210
110232
110253
110274
110295
110320
110341
110361
110381
110401
110421
110443
110463
110483
110504
110527
110550
110573
110596
110617
110639
110661
110684
110706
110730
110751
110771
110792
110812
110832
110852
110872
110892
110912
110932
110953
110973
110993
111013
111033
111055
111076
111096
111116
111139
111159
111181
111202
111225
111245
111266
111286
111306
111326
111346
111366
111389
111409
111429
111449
111474
111497
111517
111537
111561
111581
111602
111623
111644
111666
111689
111709
111729
111750
111772
111792
111815
111838
111860
111880
111908
111929
111949
111970
111992
112013
112036
112056
112077
112097
112119
112142
112162
112184
112207
112227
112248
112268
112288
112311
112331
112351
112371
112391
112411
112431
112452
112478
112498
112518
112538
112558
112580
112601
112623
112643
112664
112684
112704
112725
112747
112767
112787
112807
112827
112871
112892
112913
112933
112955
112976
112996
113016
113039
113061
113082
113102
113124
113145
113166
113186
113210
113231
113251
113273
113293
113313
113336
113357
113379
113399
113419
113439
113461
113481
113504
113524
113546
113566
113586
113607
113627
113647
113671
113692
113720
113741
113761
113781
113802
113822
113842
113865
113885
113905
113925
113946
113968
113990
114012
114032
114054
114074
114095
114115
114136
114156
114179
114202
114224
114244
114265
114286
114306
114327
114348
114368
114390
114410
114434
114455
114477
114501
114523
114543
114563
114583
114603
114624
114644
114666
114689
114709
114730
114750
114771
114792
114812
114834
114855
114875
114895
114917
114937
114958
114978
115000
115020
115040
115062
115083
115107
115128
115149
115170
115190
115212
115232
115252
115272
115292
115312
115332
115353
115374
115395
115415
115436
115457
115477
115497
115517
115541
115563
115583
115603
115627
115648
115668
115689
115709
115731
115751
115771
115792
115816
115836
115859
115882
115902
115922
115943
115966
115986
116009
116030
116052
116072
116093
116114
116134
116158
116178
116200
116223
116243
116263
116283
116304
116324
116344
116364
116384
116404
116425
116445
116465
116486
116506
116526
116546
116569
116589
116609
116629
116651
116673
116693
116713
116733
116753
116773
116793
116815
116835
116856
116876
116896
116919
116939
116959
116979
116999
117019
117039
117061
117081
117101
117121
117142
117164
117184
117204
117224
117246
117269
117289
117309
117330
117351
117371
117394
117415
117435
117455
117477
117500
117523
117546
117567
117588
117609
117629
117649
117669
117689
117710
117731
117751
117771
117791
117811
117831
117852
117872
117892
117912
117933
117954
117974
117994
118015
118035
118055
118078
118099
118120
118140
118160
118180
118201
118221
118241
118264
118284
118304
118324
118344
118364
118384
118405
118426
118449
118469
118491
118512
118532
118552
118573
118593
118614
118636
118658
118678
118698
118719
118739
118760
118780
118800
118820
118841
118865
118885
118905
118925
118947
118975
118995
119018
119038
119058
119078
119098
119118
119139
119159
119181
119202
119222
119242
119264
119285
119305
119327
119347
119368
119388
119408
119429
119449
119470
119490
119511
119531
119552
119572
119593
119613
119633
119654
119675
119695
119720
119740
119760
119780
119802
119822
119842
119862
119882
119902
119925
119945
119966
119986
120009
120032
120055
120075
120098
120119
120139
120159
120180
120200
120220
120240
120260
120280
120300
120320
120341
120361
120381
120403
120423
120444
120464
120484
120504
120524
120544
120564
120584
120604
120624
120644
120664
120684
120704
120728
120750
120770
120790
120810
120832
120852
120873
120893
120914
120934
120954
120974
120995
121015
121035
121055
121076
121096
121117
121139
121159
121181
121201
121223
121243
121263
121286
121306
121326
121346
121368
121388
121409
121430
121451
121474
121496
121516
121536
121556
121578
121598
121618
121638
121658
121678
121698
121718
121738
121758
121778
121798
121821
121842
121862
121883
121904
121924
121945
121967
121987
122008
122029
122049
122069
122093
122113
122134
122156
122176
122196
122218
122238
122258
122279
122299
122319
122340
122361
122381
122401
122421
122441
122461
122481
122501
122522
122542
122562
122582
122602
122622
122642
122663
122685
122705
122725
122745
122765
122786
122806
122826
122846
122866
122889
122911
122932
122954
122974
122994
123014
123034
123054
123074
123095
123115
123135
123157
123177
123198
123220
123240
123260
123280
123300
123322
123344
123365
123385
123409
123429
123449
123469
123491
123517
123537
123557
123577
123597
123618
123638
123658
123678
123698
123718
123739
123761
123781
123801
123821
123841
123861
123881
123902
123923
123944
123965
123986
124006
124026
124047
124067
124087
124107
124127
124149
124169
124191
124211
124231
124251
124271
124291
124311
124331
124352
124372
124392
124412
124435
124455
124475
124498
124518
124539
124559
124579
124599
124619
124639
124659
124679
124699
124721
124741
124761
124782
124802
124822
124842
124862
124883
124903
124923
124944
124964
124984
125004
125024
125044
125065
125085
125105
125125
125147
125167
125187
125208
125228
125250
125270
125290
125310
125330
125350
125370
125390
125410
125430
125450
125470
125491
125511
125531
125551
125571
125592
125614
125635
125655
125675
125698
125718
125738
125758
125778
125798
125818
125838
125858
125880
125900
125920
125942
125962
125983
126003
126025
126045
126065
126085
126105
126125
126146
126166
126186
126207
126227
126250
126271
126291
126312
126332
126352
126372
126392
126412
126432
126452
126473
126493
126513
126535
126556
126578
126598
126619
126639
126659
126679
126700
126720
126740
126760
126780
126800
126820
126840
126860
126880
126900
126920
126941
126961
126982
127002
127022
127042
127063
127083
127103
127124
127146
127166
127187
127207
127227
127247
127267
127287
127307
127327
127348
127369
127389
127409
127429
127449
127470
127490
127510
127530
127552
127572
127592
127612
127632
127653
127673
127696
127716
127736
127756
127776
127796
127817
127837
127857
127878
127898
127919
127940
127960
127980
128000
128022
128043
128064
128086
128108
128130
128152
128172
128192
128212
128232
128252
128275
128297
128317
128337
128357
128378
128399
128419
128439
128459
128479
128499
128519
128540
128561
128581
128601
128622
128647
128667
128687
128707
128729
128750
128771
128791
128811
128831
128852
128872
128892
128912
128932
128953
128974
128996
129017
129039
129059
129079
129099
129119
129139
129159
129180
129200
129221
129241
129261
129281
129301
129321
129342
129362
129382
129402
129422
129443
129463
129484
129506
129526
129547
129568
129589
129609
129630
129650
129671
129691
129711
129732
129753
129773
129793
129813
129833
129853
129873
129893
129913
129933
129953
129973
129993
130014
130034
130054
130074
130094
130116
130136
130156
130179
130200
130221
130241
130261
130283
130303
130323
130343
130363
130384
130404
130424
130444
130464
130485
130505
130525
130545
130565
130586
130606
130626
130646
130668
130688
130708
130728
130748
130768
130788
130809
130830
130850
130870
130890
130913
130933
130954
130974
130994
131015
131035
131055
131076
131096
131117
131137
131159
131179
131199
131219
131239
131260
131283
131303
131323
131343
131363
131384
131405
131426
131446
131468
131488
131509
131529
131551
131571
131591
131611
131631
131651
131671
131691
131711
131731
131752
131772
131795
131815
131836
131856
131876
131896
131916
131937
131957
131977
131997
132017
132037
132057
132080
132100
132122
132143
132163
132183
132203
132223
132243
132263
132283
132303
132326
132346
132367
132390
132410
132430
132450
132470
132490
132510
132530
132550
132570
132591
132611
132632
132652
132672
132692
132715
132735
132755
132778
132798
132821
132842
132864
132884
132904
132926
132946
132967
132987
133007
133027
133047
133067
133087
133107
133127
133147
133167
133188
133208
133228
133248
133268
133288
133310
133331
133351
133371
133391
133412
133432
133452
133472
133492
133512
133532
133552
133574
133594
133615
133636
133656
133677
133697
133717
133737
133757
133779
133799
133820
133840
133860
133881
133902
133924
133944
133966
133989
134009
134029
134049
134070
134090
134111
134133
134153
134173
134193
134215
134235
134255
134275
134295
134315
134335
134355
134375
134396
134416
134436
134456
134476
134497
134517
134538
134558
134578
134598
134618
134638
134659
134680
134701
134721
134741
134761
134781
134801
134821
134841
134861
134881
134901
134921
134941
134961
134981
135001
135021
135041
135062
135082
135102
135122
135143
135163
135183
135203
135223
135243
135265
135285
135305
135325
135345
135365
135385
135405
135425
135445
135466
135488
135508
135528
135548
135568
135588
135608
135628
135648
135668
135689
135709
135730
135750
135770
135790
135810
135832
135852
135872
135892
135912
135933
135953
135975
135998
136018
136043
136063
136083
136103
136125
136146
136167
136187
136207
136227
136247
136268
136289
136309
136330
136351
136372
136392
136413
136435
136456
136476
136496
136516
136536
136556
136576
136596
136616
136636
136657
136677
136699
136719
136739
136759
136779
136799
136819
136839
136859
136880
136900
136920
136942
136965
136985
137005
137026
137048
137068
137088
137108
137128
137148
137168
137188
137209
137229
137252
137272
137292
137314
137334
137354
137375
137396
137416
137436
137456
137477
137497
137521
137541
137561
137581
137601
137621
137641
137661
137682
137702
137723
137743
137764
137784
137806
137827
137847
137867
137887
137907
137927
137947
137968
137988
138009
138029
138049
138070
138090
138111
138134
138156
138178
138198
138218
138238
138261
138281
138304
138324
138345
138365
138386
138408
138428
138448
138468
138488
138508
138528
138549
138569
138589
138609
138630
138652
138673
138694
138714
138734
138754
138774
138794
138815
138837
138857
138877
138898
138918
138938
138958
138978
138998
139020
139041
139061
139081
139102
139122
139142
139162
139185
139205
139225
139245
139265
139285
139305
139327
139347
139368
139388
139409
139429
139451
139471
139491
139511
139531
139551
139571
139592
139613
139634
139654
139674
139694
139715
139737
139758
139778
139798
139818
139838
139859
139879
139899
139919
139939
139959
139979
139999
140019
140039
140060
140082
140102
140122
140142
140163
140183
140205
140225
140246
140266
140286
140308
140329
140349
140369
140389
140409
140429
140450
140470
140490
140510
140532
140552
140572
140593
140613
140634
140654
140676
140697
140717
140737
140757
140777
140798
140820
140840
140860
140881
140902
140922
140942
140962
140983
141006
141029
141049
141069
141090
141110
141130
141151
141171
141191
141211
141231
141253
141273
141293
141314
141335
141355
141375
141395
141416
141437
141457
141477
141497
141519
141539
141559
141579
141599
141619
141639
141659
141679
141700
141721
141742
141762
141782
141803
141824
141844
141866
141886
141907
141927
141947
141969
141989
142010
142031
142051
142071
142091
142111
142131
142151
142171
142192
142212
142232
142252
142272
142292
142313
142333
142354
142374
142395
142415
142435
142455
142475
142496
142516
142536
142556
142577
142597
142617
142637
142657
142678
142698
142719
142739
142759
142781
142801
142822
142843
142865
142885
142905
142925
142945
142965
142987
143007
143027
143047
143067
143087
143108
143128
143148
143168
143188
143208
143229
143249
143269
143289
143309
143329
143349
143369
143389
143409
143429
143449
143470
143490
143510
143530
143550
143571
143592
143612
143632
143652
143673
143693
143716
143737
143757
143778
143798
143818
143842
143863
143883
143904
143924
143947
143967
143987
144007
144027
144047
144067
144088
144108
144129
144149
144169
144189
144212
144234
144254
144275
144295
144315
144335
144355
144376
144396
144416
144436
144457
144478
144498
144518
144538
144558
144578
144598
144620
144640
144662
144683
144704
144724
144744
144764
144784
144804
144824
144844
144864
144884
144904
144924
144944
144964
144984
145004
145024
145047
145067
145088
145108
145129
145149
145169
145190
145210
145232
145252
145272
145293
145313
145333
145353
145377
145397
145418
145438
145458
145478
145498
145518
145538
145561
145582
145602
145622
145642
145664
145685
145705
145726
145751
145771
145791
145811
145831
145851
145871
145891
145913
145933
145953
145973
145993
146013
146033
146055
146075
146096
146116
146136
146156
146176
146197
146218
146238
146258
146278
146298
146319
146339
146359
146380
146400
146421
146443
146463
146484
146505
146526
146546
146567
146588
146608
146629
146652
146673
146694
146714
146734
146754
146776
146796
146816
146837
146857
146877
146898
146920
146940
146960
146980
147000
147020
147040
147060
147080
147100
147122
147142
147162
147183
147206
147226
147248
147268
147288
147308
147328
147348
147368
147388
147409
147430
147450
147471
147492
147513
147533
147553
147575
147595
147615
147636
147656
147677
147697
147719
147739
147760
147780
147801
147821
147841
147863
147883
147905
147925
147946
147966
147986
148006
148026
148046
148066
148086
148106
148126
148146
148166
148187
148207
148227
148247
148268
148288
148308
148328
148349
148369
148389
148410
148431
148460
148480
148500
148520
148540
148560
148580
148600
148620
148641
148661
148681
148702
148722
148743
148764
148784
148804
148825
148846
148866
148887
148907
148927
148956
148976
148997
149017
149038
149058
149078
149098
149118
149138
149162
149184
149204
149224
149244
149264
149284
149304
149324
149346
149366
149387
149407
149427
149447
149467
149487
149507
149527
149548
149573
149593
149613
149634
149654
149676
149696
149716
149736
149756
149776
149796
149817
149837
149857
149877
149899
149919
149939
149959
149979
149999
150019
150039
150059
150079
150099
150119
150139
150159
150179
150199
150219
150239
150259
150280
150301
150321
150341
150361
150387
150407
150427
150448
150469
150489
150510
150530
150550
150570
150591
150612
150633
150653
150673
150693
150713
150733
150754
150774
150794
150814
150834
150854
150874
150894
150914
150934
150954
150974
150994
151015
151035
151055
151075
151095
151115
151135
151155
151175
151195
151215
151235
151255
151275
151296
151316
151339
151360
151380
151400
151420
151440
151460
151480
151500
151521
151541
151561
151582
151602
151622
151642
151662
151682
151702
151724
151746
151766
151786
151806
151826
151848
151868
151888
151909
151930
151950
151970
151991
152011
152032
152052
152073
152094
152114
152135
152155
152176
152197
152217
152238
152259
152280
152300
152320
152340
152361
152381
152404
152424
152444
152465
152486
152506
152526
152546
152566
152586
152606
152626
152647
152668
152688
152708
152728
152748
152768
152788
152808
152829
152849
152870
152891
152912
152932
152953
152974
152995
153016
153036
153057
153077
153097
153118
153138
153158
153178
153198
153219
153239
153259
153279
153299
153321
153345
153367
153387
153407
153427
153447
153467
153487
153507
153527
153547
153567
153588
153609
153629
153651
153671
153691
153712
153733
153754
153774
153796
153816
153836
153856
153877
153897
153918
153938
153958
153978
153998
154018
154038
154059
154079
154099
154120
154141
154161
154181
154202
154222
154243
154263
154283
154303
154323
154343
154363
154384
154405
154425
154445
154465
154485
154505
154525
154545
154565
154585
154606
154626
154646
154666
154686
154707
154727
154747
154768
154788
154808
154828
154848
154868
154888
154908
154928
154948
154968
154989
155010
155030
155050
155070
155090
155110
155130
155150
155170
155190
155210
155230
155250
155270
155292
155312
155332
155352
155372
155392
155413
155434
155454
155477
155500
155520
155541
155562
155583
155603
155623
155643
155663
155683
155703
155725
155746
155767
155787
155808
155828
155848
155868
155889
155909
155930
155953
155973
155994
156014
156034
156054
156074
156094
156114
156134
156156
156176
156198
156218
156238
156258
156278
156298
156318
156338
156358
156378
156398
156418
156438
156458
156480
156500
156520
156540
156561
156581
156601
156621
156641
156661
156681
156701
156721
156741
156761
156781
156801
156821
156841
156861
156881
156901
156922
156942
156962
156982
157003
157023
157043
157063
157084
157104
157124
157144
157165
157186
157206
157226
157247
157267
157288
157308
157328
157349
157369
157389
157409
157429
157450
157470
157490
157511
157531
157553
157574
157594
157614
157634
157655
157675
157695
157715
157735
157755
157775
157795
157816
157836
157856
157876
157896
157916
157936
157956
157976
157996
158016
158036
158056
158077
158097
158117
158137
158157
158179
158199
158219
158240
158260
158280
158300
158321
158341
158361
158382
158402
158422
158442
158462
158482
158502
158522
158542
158562
158582
158603
158624
158644
158666
158686
158706
158727
158747
158767
158787
158809
158829
158850
158870
158892
158912
158932
158952
158972
158992
159013
159033
159054
159075
159095
159115
159135
159155
159175
159196
159217
159237
159257
159278
159298
159318
159338
159359
159379
159400
159420
159443
159463
159483
159503
159523
159543
159563
159583
159603
159623
159643
159663
159683
159703
159723
159743
159763
159783
159803
159823
159843
159863
159883
159903
159923
159943
159963
159983
160003
160023
160045
160065
160087
160107
160127
160147
160168
160188
160208
160228
160248
160268
160288
160308
160328
160348
160368
160388
160408
160428
160448
160469
160491
160511
160531
160551
160571
160591
160611
160631
160651
160671
160691
160711
160733
160754
160774
160794
160816
160837
160857
160877
160898
160919
160940
160960
160980
161000
161020
161041
161061
161081
161102
161122
161143
161164
161184
161204
161225
161245
161266
161286
161306
161327
161349
161369
161389
161409
161429
161449
161469
161489
161510
161530
161551
161571
161591
161611
161631
161651
161671
161691
161711
161731
161751
161772
161792
161814
161834
161854
161875
161895
161915
161935
161955
161976
161996
162017
162038
162059
162079
162099
162119
162140
162160
162180
162200
162220
162240
162261
162281
162301
162323
162343
162365
162385
162406
162427
162447
162467
162487
162507
162527
162547
162567
162587
162607
162627
162647
162667
162689
162709
162729
162749
162769
162790
162810
162831
162851
162872
162893
162913
162935
162956
162976
162997
163018
163038
163058
163078
163098
163119
163139
163159
163179
163200
163220
163241
163261
163281
163303
163323
163343
163363
163384
163404
163425
163445
163466
163488
163508
163528
163549
163570
163590
163610
163630
163650
163670
163691
163711
163731
163751
163771
163791
163812
163833
163853
163873
163893
163913
163935
163955
163975
163995
164015
164035
164055
164075
164095
164116
164136
164157
164177
164197
164217
164237
164257
164277
164298
164319
164339
164359
164379
164399
164420
164440
164460
164480
164501
164521
164541
164561
164581
164601
164621
164641
164661
164681
164702
164723
164744
164765
164785
164806
164827
164847
164867
164887
164907
164927
164948
164968
164988
165008
165028
165048
165069
165089
165112
165132
165152
165173
165193
165213
165233
165253
165274
165294
165314
165334
165354
165374
165394
165414
165434
165454
165474
165494
165515
165535
165555
165576
165596
165616
165636
165656
165676
165696
165716
165738
165759
165780
165800
165820
165840
165860
165880
165902
165922
165942
165963
165983
166003
166024
166044
166064
166086
166106
166126
166146
166166
166186
166207
166228
166248
166268
166288
166311
166331
166351
166371
166394
166415
166435
166456
166476
166497
166517
166538
166559
166579
166601
166621
166642
166663
166683
166704
166726
166747
166767
166787
166807
166827
166847
166868
166888
166908
166929
166949
166969
166989
167009
167029
167049
167070
167092
167112
167132
167152
167173
167193
167213
167233
167256
167276
167297
167317
167337
167357
167377
167397
167418
167438
167458
167478
167499
167520
167540
167560
167581
167601
167621
167642
167662
167683
167706
167728
167749
167769
167789
167809
167829
167850
167870
167890
167910
167930
167951
167972
167992
168014
168036
168059
168079
168100
168120
168140
168160
168181
168201
168222
168242
168262
168283
168303
168323
168344
168364
168385
168405
168425
168446
168466
168488
168508
168528
168548
168568
168589
168609
168630
168650
168670
168690
168711
168731
168752
168772
168792
168812
168832
168852
168872
168892
168912
168933
168953
168975
168995
169017
169037
169057
169077
169097
169119
169139
169159
169179
169199
169219
169242
169263
169283
169304
169324
169344
169364
169384
169404
169424
169444
169465
169485
169505
169527
169547
169568
169590
169610
169632
169653
169673
169693
169714
169734
169754
169774
169796
169817
169837
169857
169879
169899
169919
169939
169960
169983
170005
170025
170046
170066
170086
170106
170126
170146
170166
170187
170207
170227
170247
170267
170287
170312
170332
170352
170373
170393
170413
170433
170453
170476
170496
170516
170537
170557
170578
170598
170618
170639
170659
170679
170700
170720
170740
170760
170780
170800
170821
170842
170862
170882
170902
170922
170943
170963
170985
171005
171026
171047
171067
171087
171109
171129
171149
171169
171189
171209
171229
171251
171274
171295
171315
171336
171356
171376
171398
171419
171439
171459
171480
171500
171520
171541
171562
171583
171603
171623
171643
171663
171683
171704
171724
171744
171765
171785
171805
171825
171845
171865
171885
171905
171926
171947
171967
171987
172007
172028
172048
172069
172090
172110
172131
172151
172173
172193
172213
172233
172253
172273
172293
172314
172335
172355
172375
172395
172415
172435
172455
172476
172496
172516
172536
172557
172577
172597
172617
172638
172658
172678
172698
172718
172738
172761
172782
172802
172823
172843
172865
172886
172908
172928
172948
172970
172990
173011
173031
173051
173071
173092
173112
173132
173152
173173
173195
173215
173236
173256
173276
173296
173316
173337
173357
173377
173397
173417
173438
173458
173478
173498
173518
173538
173558
173578
173598
173619
173639
173660
173680
173700
173720
173740
173760
173781
173801
173822
173842
173864
173885
173905
173927
173947
173967
173988
174008
174028
174048
174068
174088
174108
174128
174148
174168
174188
174208
174228
174248
174268
174288
174310
174331
174352
174372
174392
174413
174433
174453
174473
174493
174514
174535
174555
174575
174595
174615
174635
174655
174675
174695
174715
174737
174758
174778
174798
174818
174838
174858
174879
174902
174922
174942
174962
174982
175002
175022
175042
175062
175082
175102
175122
175142
175164
175185
175205
175226
175246
175266
175286
175307
175327
175347
175367
175387
175407
175427
175447
175469
175490
175510
175530
175550
175570
175590
175610
175630
175650
175670
175690
175710
175730
175750
175771
175792
175812
175832
175852
175873
175894
175914
175934
175954
175974
175994
176016
176036
176056
176076
176096
176116
176136
176156
176177
176197
176217
176237
176257
176277
176297
176318
176338
176358
176378
176398
176418
176439
176459
176479
176499
176519
176541
176562
176582
176603
176624
176645
176666
176686
176707
176727
176747
176767
176787
176808
176829
176849
176869
176889
176909
176930
176951
176972
176993
177014
177034
177054
177074
177094
177115
177135
177155
177175
177195
177215
177235
177255
177275
177296
177316
177337
177358
177378
177398
177418
177439
177460
177480
177501
177521
177541
177561
177581
177601
177621
177642
177662
177682
177702
177723
177743
177763
177784
177804
177824
177844
177864
177884
177904
177924
177944
177966
177986
178007
178027
178049
178069
178089
178109
178129
178149
178169
178189
178209
178229
178251
178272
178292
178313
178334
178354
178374
178394
178414
178434
178454
178474
178494
178514
178534
178554
178575
178595
178615
178635
178655
178675
178695
178715
178735
178755
178775
178795
178817
178838
178858
178878
178898
178918
178938
178958
178978
178998
179018
179038
179058
179078
179098
179118
179139
179159
179179
179200
179220
179240
179262
179282
179303
179323
179343
179363
179383
179403
179423
179443
179463
179483
179503
179523
179545
179565
179585
179605
179625
179645
179665
179685
179705
179725
179745
179766
179788
179808
179829
179849
179869
179889
179910
179930
179951
179971
179991
180011
180031
180051
180072
180092
180114
180135
180155
180175
180195
180215
180235
180255
180275
180295
180316
180336
180356
180376
180396
180418
180438
180458
180478
180498
180518
180538
180559
180579
180601
180621
180641
180661
180681
180701
180721
180741
180762
180782
180802
180823
180843
180863
180883
180903
180923
180943
180963
180983
181003
181023
181043
181063
181083
181103
181123
181143
181163
181183
181203
181224
181244
181265
181285
181305
181325
181345
181365
181386
181406
181426
181446
181466
181486
181506
181526
181546
181566
181586
181606
181626
181646
181667
181688
181709
181729
181749
181770
181790
181810
181830
181850
181870
181890
181910
181930
181950
181970
181990
182011
182032
182053
182073
182094
182114
182134
182154
182174
182194
182214
182234
182256
182276
182298
182318
182338
182358
182378
182399
182420
182441
182461
182481
182501
182521
182541
182561
182581
182601
182621
182642
182662
182683
182704
182724
182745
182765
182785
182805
182825
182845
182865
182885
182906
182926
182947
182967
182987
183007
183027
183048
183069
183091
183111
183132
183152
183172
183192
183212
183232
183252
183272
183292
183312
183332
183352
183372
183393
183413
183433
183453
183473
183493
183515
183537
183557
183577
183597
183617
183638
183658
183679
183699
183719
183739
183759
183779
183799
183821
183842
183863
183883
183903
183923
183943
183965
183985
184005
184026
184046
184066
184086
184106
184126
184146
184166
184186
184206
184227
184247
184267
184289
184312
184332
184352
184374
184394
184414
184434
184454
184474
184494
184514
184535
184555
184575
184595
184615
184635
184655
184675
184695
184715
184735
184757
184778
184798
184818
184838
184858
184878
184898
184918
184938
184958
184978
184998
185018
185039
185059
185080
185100
185120
185140
185160
185180
185200
185221
185241
185261
185281
185302
185322
185343
185363
185383
185403
185423
185444
185464
185484
185504
185525
185545
185566
185586
185606
185626
185647
185667
185687
185707
185729
185749
185769
185790
185810
185830
185850
185870
185890
185910
185930
185951
185971
185991
186011
186031
186051
186071
186092
186112
186133
186154
186174
186195
186215
186235
186255
186276
186296
186316
186337
186357
186377
186397
186417
186437
186458
186478
186498
186518
186538
186558
186578
186598
186619
186641
186661
186681
186701
186721
186741
186761
186783
186803
186823
186843
186863
186883
186904
186925
186945
186966
186986
187007
187027
187048
187068
187088
187108
187128
187149
187169
187189
187210
187233
187253
187273
187294
187314
187334
187356
187376
187396
187416
187436
187456
187479
187499
187520
187540
187561
187582
187602
187622
187642
187662
187684
187704
187724
187745
187765
187786
187809
187829
187849
187870
187890
187912
187932
187952
187972
187993
188013
188033
188053
188073
188093
188113
188133
188153
188175
188195
188216
188236
188256
188277
188298
188318
188338
188359
188379
188400
188420
188440
188460
188480
188500
188520
188540
188560
188581
188603
188624
188644
188664
188684
188704
188724
188744
188764
188785
188805
188825
188845
188865
188885
188906
188926
188947
188967
188987
189007
189027
189048
189068
189088
189108
189128
189148
189168
189188
189208
189228
189248
189268
189289
189309
189330
189353
189373
189393
189413
189433
189455
189475
189495
189515
189535
189555
189576
189598
189618
189639
189659
189679
189699
189719
189741
189761
189781
189802
189822
189843
189863
189883
189904
189925
189945
189967
189988
190008
190028
190048
190068
190088
190108
190128
190148
190168
190188
190208
190228
190248
190268
190289
190309
190329
190349
190369
190389
190409
190429
190450
190470
190490
190510
190530
190550
190571
190592
190612
190632
190652
190672
190692
190713
190733
190754
190774
190794
190814
190834
190855
190875
190895
190915
190936
190956
190976
190996
191016
191036
191056
191077
191099
191119
191139
191159
191180
191201
191221
191242
191262
191282
191302
191322
191342
191362
191382
191402
191422
191442
191462
191482
191502
191523
191543
191563
191583
191603
191623
191644
191665
191685
191705
191725
191745
191767
191787
191807
191827
191848
191868
191889
191909
191929
191950
191971
191991
192012
192032
192054
192074
192094
192115
192135
192156
192176
192196
192216
192236
192256
192276
192296
192316
192338
192358
192380
192400
192420
192441
192461
192481
192501
192521
192541
192561
192584
192604
192624
192644
192664
192684
192704
192724
192745
192765
192785
192805
192825
192845
192866
192886
192906
192926
192947
192967
192988
193009
193029
193049
193069
193089
193110
193130
193150
193170
193190
193210
193230
193250
193271
193291
193311
193331
193352
193372
193394
193414
193436
193457
193479
193499
193520
193541
193561
193581
193601
193621
193642
193662
193682
193702
193722
193742
193763
193783
193803
193824
193846
193867
193887
193907
193927
193947
193967
193988
194009
194029
194049
194069
194089
194109
194129
194150
194170
194192
194212
194232
194252
194273
194296
194316
194337
194357
194377
194397
194419
194439
194459
194479
194499
194519
194539
194559
194579
194599
194619
194639
194660
194681
194701
194721
194742
194762
194782
194802
194822
194844
194864
194884
194904
194924
194945
194967
194987
195007
195027
195047
195067
195087
195108
195129
195152
195172
195192
195213
195233
195254
195274
195294
195314
195334
195354
195374
195394
195414
195435
195455
195475
195495
195515
195536
195556
195576
195596
195617
195640
195660
195680
195700
195726
195746
195766
195786
195806
195827
195848
195868
195889
195911
195931
195951
195971
195991
196012
196032
196052
196074
196094
196114
196134
196154
196175
196195
196215
196235
196255
196276
196297
196317
196337
196357
196377
196397
196418
196438
196458
196480
196500
196520
196540
196560
196580
196601
196622
196642
196663
196683
196703
196723
196743
196763
196784
196804
196824
196844
196865
196885
196905
196925
196948
196968
196988
197009
197029
197049
197070
197090
197110
197130
197151
197172
197192
197212
197232
197255
197275
197295
197315
197335
197356
197376
197396
197416
197438
197458
197479
197499
197519
197539
197559
197579
197600
197621
197641
197664
197685
197706
197727
197747
197767
197787
197807
197828
197849
197869
197891
197911
197933
197954
197978
197998
198020
198041
198061
198081
198101
198121
198141
198161
198183
198203
198225
198246
198267
198288
198308
198329
198349
198369
198389
198409
198429
198449
198471
198491
198511
198531
198553
198574
198595
198615
198635
198656
198677
198697
198718
198738
198759
198780
198800
198820
198840
198863
198884
198905
198925
198945
198965
198985
199008
199028
199049
199070
199090
199111
199132
199153
199173
199193
199213
199233
199254
199274
199294
199315
199335
199357
199377
199407
199428
199448
199469
199489
199509
199529
199549
199570
199590
199610
199630
199651
199671
199691
199713
199733
199753
199773
199793
199813
199833
199854
199874
199894
199914
199934
199954
199974
199995
200015
200036
200057
200079
200100
200120
200140
200162
200182
200202
200223
200243
200264
200286
200307
200328
200348
200368
200389
200410
200430
200450
200471
200491
200511
200532
200552
200572
200593
200613
200634
200654
200674
200694
