25
47
64
84
107
127
146
165
186
213
232
254
275
298
321
342
362
385
401
420
439
462
487
510
532
553
573
595
612
632
656
674
693
711
732
752
773
795
818
841
861
881
902
923
940
963
988
1009
1034
1053
1073
1095
1115
1139
1164
1186
1208
1234
1262
1281
1306
1330
1349
1368
1384
1401
1425
1446
1464
1484
1504
1523
1544
1568
1591
1611
1634
1654
1679
1703
1726
1751
1772
1797
1814
1833
1856
1880
1902
1927
1952
1972
1995
2019
2038
2059
2083
2105
2126
2147
2166
2192
2213
2232
2255
2275
2296
2318
2339
2362
2385
2407
2426
2450
2471
2491
2515
2536
2558
2581
2602
2620
2642
2663
2685
2709
2734
2753
2780
2805
2829
2848
2869
2896
2921
2940
2962
2985
3007
3029
3051
3075
3100
3121
3140
3163
3182
3208
3232
3254
3278
3302
3327
3348
3369
3390
3413
3431
3454
3474
3493
3514
3536
3557
3577
3601
3623
3642
3660
3679
3703
3723
3744
3766
3786
3806
3828
3847
3866
3889
3915
3944
3967
3989
4014
4035
4062
4089
4111
4136
4158
4179
4197
4216
4235
4256
4278
4297
4320
4339
4361
4385
4403
4427
4447
4470
4488
4507
4529
4548
4569
4589
4610
4630
4652
4672
4692
4713
4735
4754
4772
4795
4819
4842
4866
4884
4908
4927
4945
4969
4989
5013
5038
5062
5083
5103
5126
5147
5169
5188
5206
5230
5258
5277
5296
5316
5337
5363
5386
5407
5429
5449
5475
5495
5514
5536
5561
5583
5606
5624
5642
5661
5679
5706
5726
5744
5762
5791
5812
5831
5851
5872
5889
5912
5934
5954
5980
5998
6021
6044
6066
6090
6110
6131
6156
6173
6201
6222
6245
6267
6288
6308
6324
6348
6372
6393
6414
6437
6461
6482
6505
6528
6549
6571
6594
6612
6633
6654
6677
6694
6716
6735
6764
6784
6804
6823
6840
6862
6881
6900
6920
6943
6964
6986
7010
7033
7049
7069
7088
7109
7134
7157
7179
7201
7222
7240
7262
7279
7300
7319
7340
7365
7390
7414
7438
7458
7482
7507
7528
7548
7566
7588
7605
7628
7648
7666
7686
7708
7729
7748
7767
7783
7804
7825
7842
7861
7885
7905
7925
7947
7966
7986
8007
8028
8048
8068
8091
8114
8134
8163
8183
8205
8230
8250
8269
8287
8306
8324
8343
8366
8384
8402
8426
8444
8470
8491
8508
8529
8549
8568
8591
8610
8634
8652
8675
8692
8713
8729
8750
8768
8787
8808
8830
8853
8873
8891
8909
8930
8950
8971
8993
9014
9036
9056
9075
9100
9120
9138
9155
9175
9197
9217
9234
9253
9277
9295
9317
9337
9355
9373
9393
9411
9428
9452
9472
9489
9511
9533
9553
9576
9595
9613
9633
9652
9673
9695
9715
9735
9754
9782
9807
9825
9847
9865
9886
9907
9925
9942
9962
9981
10004
10021
10042
10063
10082
10103
10120
10140
10158
10182
10202
10225
10246
10266
10286
10304
10323
10340
10357
10376
10395
10420
10443
10465
10486
10506
10525
10544
10569
10594
10614
10638
10656
10679
10700
10725
10746
10766
10785
10804
10826
10850
10870
10889
10913
10931
10950
10966
10986
11012
11033
11055
11073
11096
11116
11141
11164
11188
11208
11233
11250
11274
11289
11308
11326
11355
11374
11390
11410
11432
11454
11481
11500
11520
11539
11555
11573
11591
11612
11633
11653
11676
11692
11717
11737
11757
11777
11796
11820
11838
11857
11879
11900
11918
11944
11963
11987
12009
12029
12048
12069
12092
12116
12140
12163
12185
12207
12228
12252
12270
12290
12313
12331
12348
12369
12387
12406
12424
12447
12468
12486
12506
12530
12552
12573
12591
12611
12636
12658
12686
12708
12735
12754
12775
12794
12812
12830
12852
12872
12895
12914
12933
12955
12975
12998
13017
13040
13060
13077
13096
13120
13138
13159
13179
13201
13226
13244
13265
13284
13307
13325
13343
13362
13382
13401
13419
13438
13463
13483
13506
13525
13546
13566
13585
13605
13625
13645
13666
13688
13710
13730
13752
13774
13798
13819
13837
13857
13877
13897
13914
13936
13954
13975
13992
14010
14030
14050
14068
14087
14104
14126
14146
14167
14188
14206
14226
14247
14268
14289
14307
14326
14346
14364
14380
14406
14424
14444
14466
14487
14514
14531
14551
14573
14594
14614
14636
14656
14674
14690
14709
14729
14751
14769
14790
14808
14829
14847
14866
14887
14908
14927
14944
14963
14984
15005
15031
15048
15068
15087
15107
15122
15140
15159
15182
15202
15224
15242
15259
15279
15299
15320
15340
15359
15379
15403
15422
15445
15467
15489
15512
15529
15548
15568
15592
15611
15635
15654
15671
15695
15718
15738
15755
15778
15804
15824
15844
15863
15883
15901
15922
15942
15962
15982
16003
16020
16040
16058
16083
16106
16123
16139
16161
16179
16196
16213
16230
16252
16273
16295
16312
16331
16350
16370
