0.12499998509883878
0.4999999403953551
0.24999998509883878
0.21338830888271326
0.0366116389632225
0.24999998509883878
0.24999994039535517
0.24999997011179603
0.21338831260800356
0.0624999813735485
0.24999997019767756
0.036611642688512795
0.124999962747097
0.0366116464138031
0.12499998509883878
0.21338832378387448
0.24999998509883878
0.06249997764825821
0.18749997019767758
0.12499998509883878
0.24999998509883878
0.21338832378387448
0.1249999776482582
0.18749996833503244
0.12499998505589803
0.24999997019767756
0.12499998509883878
0.010723302140831946
0.49999994056711816
0.036611642688512795
0.21338830888271326
0.24999998509883878
0.12499998509883878
0.0
0.1249999776482582
0.03661163710057735
0.24999998509883878
0.12499998509883878
0.24999997019767756
0.1066941563040018
0.0
0.12499998509883878
0.24999998509883878
0.2499999552965164
0.12499998509883878
0.14330575987696645
0.4633882604539393
0.12499996933254197
0.062499978513393714
0.036611646413803094
0.4999999403953551
0.07322328537702559
0.12499998509883878
0.12499998509883878
0.036611642688512795
0.036611646413803094
0.12499998509883878
0.036611646413803094
0.06249997951090333
0.4999999403953551
0.24999997019767756
0.12499998509883878
0.24999998509883878
0.21338832378387448
0.24999997019767756
0.2499999552965164
0.036611646413803094
0.21338832378387448
0.12499998509883878
0.24999997019767756
0.12499996647238726
0.036611646413803094
0.036611646413803094
0.24999997019767756
0.21338830888271326
0.07322329282760619
0.12499998509883878
0.21338830888271326
0.12499998509883878
0.4267766177654265
0.6218591034412383
0.24999997019767756
0.06249998323619363
0.24999997019767756
0.24999998509883878
0.036611638963222504
0.4999999403953551
0.10669414885342118
0.6874998360872266
0.24999997019767756
0.21338830888271326
0.036611646413803094
0.0366116426885128
0.1249999776482582
0.12499998509883878
0.12499998509883878
0.18749996460974214
0.12499998509883878
0.3642766326665878
0.12499998509883878
0.4999999999999999
0.12499998509883878
0.12499998509883878
0.0
0.07322329282760619
0.06249998509883879
0.12499998509883878
0.4999999403953551
0.42677664756774897
0.1249999776482582
0.12499998509883878
0.24999997019767756
0.24999997028355908
0.0
0.21338830888271326
0.036611642688512795
0.036611646413803094
0.0
0.21338832378387448
0.036611646413803094
0.12499998509883878
0.24999998509883878
0.06249998509883879
0.24999997019767756
0.036611642688512795
0.21338830888271326
0.03124998850454963
0.03661165386438369
0.32008244469761843
0.24999997019767756
0.12499997614813328
0.4999999403953551
0.07322329282760619
0.1874999366700649
0.12499998509883878
0.21338832378387448
0.0
0.06249999254941939
0.0366116389632225
0.24999997028355908
0.036611642688512795
0.21338830888271332
0.0
0.07322328537702559
0.07322329282760619
0.12499998509883878
0.24999998509883878
0.1874999590218067
0.03661163710057735
0.12500000372529027
0.24999997019767756
0.18749996460974214
0.24999993294477457
0.12499997019767758
0.24999995157122606
0.9999998807907102
0.0
0.24999997019767756
0.12499998514177954
0.24999997019767756
0.036611646413803094
0.24999997019767756
0.12499998509883878
0.12499998509883878
0.4999999403953551
0.24999997019767756
0.24999997019767756
0.03661165386438369
0.24999997019767756
0.24999998509883878
0.12499998509883878
0.12499997578561303
0.0
0.21338832378387448
0.06249998323619363
0.42677664756774897
0.4267766177654265
0.12499998509883878
0.12499998509883878
0.12499995752168178
0.18749996833503244
0.12499997623756597
0.1249999776482582
0.4267766177654265
0.24999997019767756
0.4267766177654265
0.06249997008468931
0.21338831415106926
0.24999997019767756
0.12499998509883878
0.21338832378387448
0.12499998509883878
0.12499998509883878
0.12499998509883878
0.12499998509883878
0.124999962747097
0.4999999403953551
0.12499998509883878
0.0
0.12499998509883878
0.0
0.3200824558734893
0.24999997019767756
0.07322329282760619
0.24999997019767756
0.21338830888271326
0.12499998509883878
0.2499999552965164
0.2133882716298103
0.24999997028355908
0.0624999813735485
0.12499998509883878
0.1249999776482582
0.4999999999999999
-1.4901161174339012e-08
0.2499999552965164
0.24999997019767756
0.12499998509883878
0.12499998509883878
0.02144660428166389
0.0
0.12499998509883878
0.10669415257871148
0.18749997019767758
0.21338830888271326
0.24999998509883878
0.24999997019767756
0.853553257882595
0.42677664756774897
0.036611657589673996
0.0366116464138031
0.12499998509883878
0.036611646413803094
0.2499999478459358
0.036611642688512795
0.010723305866122242
0.4267765879631042
0.12499998509883878
0.12499998509883878
0.21338830888271326
0.12499998509883878
0.12499997578561303
0.12499996647238727
0.24999997019767756
0.0
0.4999999403953551
0.21338830888271326
0.2499999552965164
0.07322328537702559
0.0
0.8535532951354979
0.1249999776482582
0.018305834382772442
0.036611646413803094
0.2499999552965164
0.24999997028355908
0.062499983236193636
0.12499998509883878
0.24999998509883878
0.12499998509883878
0.12499998509883878
0.4999999402235921
0.1249999776482582
0.3200824446976184
0.12499998509883878
0.12499998509883878
0.24999998509883878
0.07322329282760619
0.21338830888271326
0.12499998509883878
0.12499998509883878
0.12499998509883878
0.12499998509883878
0.1249999776482582
0.036611638963222504
0.24999998509883878
0.4999999403953551
0.42677664756774897
0.12499997678312257
0.32008239626884455
0.12499998514177954
0.24999991059303278
0.49999995546827936
0.12499998509883878
0.0
0.24999998509883878
0.2133883163332939
0.12499998509883878
0.24999997011179606
0.12499998509883878
0.24999997019767756
0.12499998509883878
0.4999999403953551
0.12499998509883878
0.12499998509883878
0.07322329282760619
0.036611642688512795
0.12499998509883878
0.12499998509883878
0.0
0.036611646413803094
0.24999997019767756
0.07322328537702559
0.24999998509883878
0.0
0.8535532951354979
0.2499999552965164
0.24999997019767756
0.24999997011179606
0.21338832378387448
0.06249999115243553
0.0
0.036611642688512795
0.24999997019767756
0.24999997019767756
0.24999998509883878
0.12499998509883878
0.37499993667006487
0.07322328537702559
0.12499998509883878
0.12499998509883878
0.12499998514177954
0.2499999552965164
0.1249999776482582
0.1249999776482582
0.24999994039535517
0.4999999999999999
0.12499998509883878
0.4999999999999999
0.12499998509883878
0.42677664756774897
0.1249999776482582
0.12499998514177954
0.24999998509883878
0.0
0.0
0.12499998509883878
0.21338832378387448
0.24999997019767756
0.4999999403953551
0.12499998509883878
0.036611642688512795
0.12499998509883878
0.036611642688512795
0.24999997019767756
0.21338832378387448
0.12499998514177954
0.07322325557470322
0.21338831260800356
0.03661163710057735
0.12499998514177954
0.06249998323619363
0.0
0.0
0.8535532951354979
0.036611646413803094
0.12499997578561303
0.036611642688512795
0.12499998509883878
0.21338830888271326
0.12499998509883878
0.12499998509883878
0.4999999403953551
0.12499998509883878
0.24999998509883878
0.0624999962747097
0.12499998509883878
0.0
0.07322328537702559
0.21338826045393944
0.24999997019767756
0.1249999590218067
0.42677664756774897
0.0366116464138031
0.249999925494194
0.07322329282760619
0.18749996833503244
0.12499998509883878
0.4999999402235921
0.06249998696148394
0.12499998509883878
0.12499998509883878
0.12499996469917549
0.24999997019767756
0.4267766214907168
0.07322329282760619
0.12499998509883878
0.0
0.24999997019767756
0.06249998696148393
0.4999999999999999
0.24999998509883878
0.36427662894129753
0.12499998509883878
0.18749997764825815
0.0
0.4999999403953551
0.42677655816078175
0.24999997019767756
0.24999997019767756
0.03661163710057735
0.12499998509883878
0.036611646413803094
0.036611642688512795
0.7285531759262083
0.4999999403953551
0.24999997019767756
0.12499998509883878
0.12499998509883878
0.4999999403953551
0.24999998509883878
0.21338832378387448
0.0366116464138031
0.1249999776482582
0.4267766177654265
0.24999997019767756
0.4267766177654265
0.036611646413803094
0.12499998509883878
0.036611646413803094
0.12499998509883878
0.24999997019767756
0.24999997019767756
0.2499999552965164
0.42677664756774897
0.21338830888271326
0.24999997019767756
0.12499998509883878
0.24999998509883878
0.24999998509883878
0.07322329282760619
0.12499998509883878
0.2499999552965164
0.24999997019767756
0.07322329282760619
0.4999999403953551
0.12499997764825818
0.24999997019767756
0.853553235530853
0.21338832378387448
0.12499998509883878
0.21338832378387448
0.4999999403953551
0.12499998509883878
0.21338830888271326
0.07322329282760619
0.0
0.01072330493479967
0.12499998505589803
0.2133883126080036
0.24999997019767756
0.14644658565521237
0.1249999776482582
0.0
0.12499998514177954
0.24999997019767756
0.24999997019767756
0.12499998509883878
0.12499998509883878
0.12499995529651639
0.21338832378387448
0.1249999776482582
0.12499997578561303
0.12499998509883878
0.0
0.21338830888271326
0.24999997019767756
0.0
0.24999997019767756
0.24999997019767756
0.12499998514177954
0.24999997019767756
0.24999994784593577
0.12499998509883878
0.4999999403953551
0.4999999403953551
0.0
0.036611646413803094
0.12499998509883878
0.18749997019767758
0.12499997578561303
0.036611642688512795
0.18749997019767758
0.24999997019767756
0.24999997019767756
0.12499998509883878
0.036611646413803094
0.12499998509883878
0.4999999999999999
0.21338832378387448
0.4267766289412975
0.03661163710057735
0.036611646413803094
0.0366116464138031
0.12499998509883878
0.12499998509883878
0.21338832378387448
0.24999997019767756
0.21338830888271326
0.036611638963222504
0.4999999403953551
0.12499998514177954
0.036611646413803094
0.07322328537702559
0.36427664756774897
0.24999997019767756
0.24999997019767756
0.24999997019767756
0.24999997019767756
0.4267766177654265
0.24999997019767756
0.21338831447064874
0.21338830888271326
0.3642766326665878
0.24999997019767756
0.0
0.0
0.4999999999999999
0.249999962747097
0.0
0.24999991059303278
0.2499999515712261
0.0366116352379322
0.0366116426885128
0.249999925494194
0.0366116464138031
0.036611646413803094
0.12499997614813328
0.4999999105930328
0.12499998509883878
0.24999998509883878
0.187499962747097
0.4999999999999999
0.14644657075405118
0.0732232928276062
0.1249999776482582
0.24999997019767756
0.1464466005563736
0.036611646413803094
0.12499997578561303
0.1249999776482582
0.12499998509883878
0.3749999441206454
0.010723296552896496
0.24999997019767756
0.4999999403953551
0.24999998509883878
0.24999997028355908
0.2133883163332939
0.12499998505589803
0.03661165386438369
0.42677664756774897
0.24999998509883878
0.12499998509883878
0.4999999403953551
0.12499998509883878
0.0
0.21338830888271326
0.24999997019767756
0.24999997019767756
0.24999998509883878
0.036611642688512795
0.12499998509883878
0.24999997019767756
0.1249999403953552
0.12499998509883878
0.4267766177654265
0.036611642688512795
0.0366116464138031
0.7285532653331755
0.07322329282760619
0.24999997019767756
0.12499997764825815
0.21338831447064874
0.24999997019767756
0.42677661776542664
0.1249999771825969
0.24999997019767756
0.12499998509883878
0.24999998509883878
0.24999997019767756
0.12499997578561303
0.9999998807907102
0.12499998509883878
0.249999962747097
0.036611646413803094
0.24999998509883878
0.12499998509883878
0.21338832378387448
0.12499998509883878
0.24999997019767756
0.9999998807907102
0.12499998509883878
0.07322329282760619
0.036611646413803094
0.24999998509883878
0.24999997019767756
0.4267766177654265
0.8535532951354979
0.0366116389632225
0.0
0.09374997299164534
0.2133883163332939
0.036611646413803094
0.24999998509883878
0.0
0.24999997019767756
0.12499997578561303
0.036611646413803094
0.21338832378387448
0.12499998509883878
0.21338832378387448
0.06249998509883879
0.24999997019767756
0.12499997614813328
0.07322329282760619
0.0
0.03661163710057735
0.24999997019767756
0.12499998509883878
0.1874999646097421
0.24999997019767756
0.12499998509883878
0.12499998509883878
0.24999997019767756
0.24999997019767756
0.24999997019767756
0.24999997011179603
0.8535533100366591
0.42677664756774897
0.9999998807907102
0.12499998509883878
0.12499998509883878
0.24999997019767756
0.12499998509883878
0.12499998509883878
0.12499998509883878
0.42677664756774897
0.2499999552965164
0.12499998509883878
0.24999997019767756
0.24999997019767756
0.12499998509883878
0.24999997019767756
0.12499997578561303
0.24999998509883878
0.24999997019767756
0.12499997721569042
0.24999997019767756
0.21338832378387448
0.249999925494194
0.21338830888271326
0.3642766326665878
0.03661164455115794
0.12499998509883878
0.24999997019767756
0.4999999999999999
0.24999997019767756
0.1249999776482582
0.21338830888271332
0.06249998509883879
0.12499998509883878
0.249999925494194
0.24999998509883878
0.24999997019767756
0.24999997019767756
0.0732232928276062
0.0
0.4999999999999999
0.42677664756774897
0.213388318195939
0.036611638963222504
0.24999997019767756
0.12499997206032273
0.42677664756774897
0.12499998509883878
0.03661163710057735
0.12499997578561303
0.07322329282760619
0.18749996833503244
0.12499997019767758
0.12499997578561303
0.12499998509883878
0.24999997019767756
0.2133882716298103
0.21338832378387448
0.06249998509883879
0.24999997019767756
0.12499998509883878
0.06249998323619363
0.12499998509883878
0.12499998505589803
0.12499998509883878
0.12499997578561303
0.1249999776482582
0.0
0.036611652001738534
0.24999997019767756
0.07322329282760619
0.12499997578561303
0.4999999403953551
0.0
0.24999997019767756
0.24999997011179606
0.24999997019767756
0.03661163710057735
0.4999999403953551
0.07322328537702559
0.12499998509883878
0.42677664756774897
0.12499998509883878
0.2499999552965164
0.24999997019767756
0.21338832378387448
0.12499998509883878
0.4999999403953551
0.12499998509883878
0.21338832378387448
0.24999995157122606
0.12499998509883878
0.24999997019767756
0.24999997019767756
0.1249999776482582
0.3642766326665878
3.7252903033978315e-09
0.06249996274709699
0.24999997019767756
0.12499998509883878
0.2499999552965164
0.03661164269237326
0.0
0.036611642688512795
0.12499998509883878
0.12499998509883878
0.24999997019767756
0.21338830888271326
0.036611646413803094
0.0
0.036611646413803094
0.036611646413803094
0.1464466005563736
0.4999999999999999
0.12499998509883878
0.21338830888271332
0.24999997019767756
0.24999997028355908
0.036611646413803094
0.24999997019767756
0.24999997019767756
0.24999997019767756
0.12499998509883878
0.24999998509883878
0.12499995529651639
0.010723296552896496
0.1249999776482582
0.12499998509883878
0.12499998509883878
0.24999997019767756
0.12499998509883878
0.24999997019767756
0.036611642688512795
0.21338830888271326
0.12499998509883878
0.12499998509883878
0.14644658565521237
0.06249998509883879
0.07322329282760619
0.12499998509883878
0.03661165758967398
0.1249999776482582
0.036611646413803094
0.12499998509883878
0.12499998509883878
0.24999997019767756
0.24999997019767756
0.24999998509883878
0.036611646413803094
0.07322329282760619
0.21338831447064874
0.4267766326665878
0.10669414699077603
0.18749997764825815
0.12499998509883878
