35
63
86
117
148
176
198
230
262
285
322
345
369
394
418
444
471
503
531
563
592
618
639
662
688
719
745
767
799
829
858
891
915
938
962
990
1017
1047
1079
1108
1134
1159
1189
1218
1244
1268
1302
1328
1361
1397
1420
1446
1473
1500
1528
1554
1583
1623
1650
1678
1708
1737
1769
1796
1821
1854
1891
1915
1937
1961
1992
2020
2046
2071
2096
2119
2141
2170
2196
2217
2242
2270
2295
2319
2346
2369
2390
2419
2454
2484
2511
2545
2576
2598
2621
2656
2685
2716
2746
2774
2800
2824
2854
2890
2921
2952
2980
3003
3029
3067
3096
3120
3145
3166
3194
3217
3238
3266
3301
3329
3365
3392
3421
3444
3467
3496
3521
3545
3567
3597
3624
3647
3669
3697
3727
3755
3782
3816
3846
3874
3901
3935
3957
3985
4018
4047
4070
4092
4120
4150
4175
4199
4227
4258
4289
4311
4338
4370
4397
4424
4453
4479
4502
4523
4558
4585
4620
4644
4672
4711
4736
4763
4793
4826
4849
4881
4911
4941
4975
4999
5018
5050
5076
5105
5134
5162
5182
5214
5239
5263
5286
5304
5328
5353
5380
5407
5440
5466
5492
5516
5549
5578
5612
5638
5664
5691
5719
5744
5779
5812
5842
5872
5902
5928
5950
5982
6007
6035
6060
6093
6115
6144
6181
6213
6234
6261
6289
6317
6344
6373
6406
6431
6460
6487
6511
6538
6561
6591
6611
6644
6667
6693
6724
6745
6771
6801
6828
6854
6880
6904
6934
6958
6987
7018
7047
7079
7109
7139
7166
7198
7222
7246
7273
7299
7325
7350
7380
7417
7444
7466
7495
7522
7545
7571
7601
7627
7651
7681
7705
7740
7771
7798
7833
7864
7890
7917
7940
7965
7991
8019
8039
8067
8098
8130
8159
8188
8211
8236
8267
8294
8325
8351
8380
8405
8431
8453
8478
8504
8528
8557
8587
8605
8625
8654
8682
8707
8731
8756
8783
8808
8836
8861
8891
8927
8950
8973
8993
9024
9052
9081
9111
9136
9166
9189
9217
9247
9275
9295
9325
9350
9377
9405
9427
9453
9483
9517
9544
9567
9600
9625
9646
9672
9700
9724
9744
9773
9796
9822
9847
9871
9898
9932
9960
9986
10007
10038
10056
10082
10110
10144
10164
10193
10221
10246
10268
10299
10321
10342
10368
10394
10420
10447
10466
10503
10528
10552
10577
10605
10627
10650
10683
10712
10739
10764
10786
10804
10828
10858
10883
10915
10937
10964
10998
11028
11049
11078
11107
11135
11163
11192
11214
11238
11264
11295
11315
11336
11360
11391
11421
11448
11467
11493
11520
11547
11568
11597
11621
11650
11673
11697
11721
11748
11774
11795
11825
11852
11878
11904
11928
11952
11979
12003
12028
12054
12076
12098
12123
12156
12172
12198
12230
12255
12279
12301
12327
12345
12367
12387
12413
12436
12455
12475
12498
12525
12551
12575
12600
12628
12653
12679
12702
12721
12751
12776
12800
12819
12843
12867
12892
12918
12949
12976
13004
13031
13057
13081
13104
13134
13162
13184
13205
13227
13253
13279
13302
13323
13344
13365
13399
13424
13451
13480
13508
13533
13560
13588
13612
13641
13660
13686
13709
13732
13758
13779
13804
13825
13846
13868
13891
13913
13943
13965
13991
14009
14030
14055
14073
14092
14117
14137
14162
14186
14212
14234
14257
14279
14301
14324
14344
14367
14387
14411
14436
14458
14481
14503
14525
14554
14578
14600
14622
14643
14672
14698
14720
14741
14765
14790
14809
14828
14851
14881
14905
14931
14959
14982
15001
15021
15044
15068
15093
15120
15140
15169
15198
15219
15240
15264
15287
15307
15338
15362
15387
15411
15438
15460
15479
15498
15522
15541
15563
15586
15610
15632
15662
15686
15705
15724
15756
15780
15802
15820
15845
15867
15889
15908
15927
15950
15979
16005
16026
16049
16071
16096
16118
16150
16178
16200
16225
16250
16277
16300
16320
16344
16365
16390
16413
16438
16460
16486
16506
16528
16552
16570
16589
16612
16637
16658
16680
16703
16721
16744
16766
16789
16810
16831
16848
16875
16897
16923
16953
16977
16996
17017
17040
17060
17085
17106
17128
17153
17173
17198
17217
17238
17257
17278
17300
17320
17346
17379
17407
17429
17457
17483
17505
17525
17548
17569
17589
17612
17638
17659
17681
17712
17741
17758
17788
17810
17827
17849
17872
17894
17915
17931
17957
17981
18002
18021
18049
18077
18097
18120
18144
18163
18178
18201
18226
18248
18270
18291
18314
18339
18369
18394
18416
18441
18466
18494
18512
18537
18556
18576
18601
18625
18646
18663
18683
18705
18726
18748
18767
18787
18813
18833
18851
18873
18895
18921
18938
18963
18986
19007
19029
19047
19071
19090
19110
19132
19153
19174
19193
19215
19235
19256
19278
19300
19318
19346
19368
19388
19412
19432
19454
19478
19497
19518
19545
19572
19591
19611
19631
19647
19673
19694
19715
19735
19754
19773
19792
19812
19840
19859
19884
19905
19930
19948
19975
19993
20013
20033
20054
20075
20090
20108
20129
20155
20179
20202
20218
20242
20263
20284
20306
20327
20349
20371
20394
20414
20439
20459
20480
20500
20521
20537
20557
20576
20597
20616
20638
20659
20687
20709
20731
20751
20771
20792
20818
20838
20858
20877
20896
20919
20941
20967
20986
21004
21027
21045
21069
21089
21113
21136
21156
21180
21199
21217
21238
21255
21274
21295
21313
21333
21351
21373
21393
21415
21436
21456
21482
21502
21522
21542
21564
21586
21605
21624
21647
21670
21688
21710
21725
21743
21764
21787
21810
21831
21853
21878
21900
21921
21941
21965
21987
22011
22030
22049
22073
22094
22113
22132
22150
22170
22187
22208
22232
22251
22273
22295
22319
22344
22365
22390
22413
22435
22458
22480
22502
22520
22542
22565
22587
22607
22624
22643
22664
22688
22710
22731
22750
22768
22788
22804
22825
22843
22864
22882
22899
22920
22938
22957
22974
22995
23015
23035
23057
23077
23099
23117
23134
23155
23174
23191
23216
23236
23257
23278
23297
23316
23336
23356
23376
23399
23421
23439
23457
23482
23505
23526
23544
23563
23586
23611
23631
23653
23672
23691
23709
23729
23746
23768
23787
23809
23827
23844
23865
23886
23903
23926
23948
23967
23987
24005
24026
24048
24066
24086
24107
24126
24143
24163
24184
24210
24230
24253
24272
24293
24316
24336
24354
24376
24395
24412
24431
24451
24470
24495
24514
24534
24554
24576
24598
24614
24637
24659
24677
24696
24714
24735
24753
24776
24794
24813
24836
24853
24871
24893
24912
24932
24949
24970
24994
25017
25033
25053
25072
25091
25112
25132
25149
25171
25190
25209
25227
25249
25267
25287
25306
25324
25343
25361
25378
25394
25415
25433
25451
25471
25493
25510
25529
25548
25567
25587
25605
25625
25644
25662
25684
25708
25727
25748
25768
25787
25807
25826
25845
25865
25884
25903
25920
25936
25956
25971
25991
26009
26028
26047
26067
26087
26106
26126
26143
26164
26184
26209
26229
26247
26264
26287
26304
26324
26343
26363
26384
26404
26423
26444
26466
26487
26505
26522
26548
26568
26591
26608
26625
26648
26668
26688
26705
26725
26747
26769
26786
26802
26819
26837
26857
26876
26895
26913
26934
26955
26974
26995
27013
27031
27051
27075
27098
27115
27134
27155
27171
27193
27211
27232
27255
27274
27293
27311
27333
27351
27367
27385
27405
27422
27438
27456
27477
27495
27514
27534
27554
27574
27594
27613
27634
27651
27670
27688
27708
27728
27746
27765
27785
27803
27821
27840
27858
27876
27895
27913
27933
27950
27971
27993
28012
28035
28059
28077
28095
28114
28131
28149
28171
28188
28205
28222
28242
28258
28276
28297
28316
28333
28351
28370
28388
28407
28427
28447
28468
28489
28507
28526
28550
28569
28590
28608
28629
28648
28668
28685
28703
28720
28740
28756
28776
28796
28814
28831
28848
28865
28884
28905
28922
28938
28957
28979
28995
29013
29032
29051
29068
29083
29101
29119
29136
29155
29170
29186
29207
29228
29246
29263
29281
29301
29317
29334
29356
29375
29393
29414
29435
29456
29475
29492
29510
29530
29548
29566
29589
29605
29621
29642
29660
29681
29703
29718
29740
29759
29778
29798
29819
29837
29858
29876
29893
29909
29924
29942
29960
29980
29998
30019
30038
30056
30077
30100
30120
30139
30157
30177
30195
30213
30230
30251
30268
30284
30304
30325
30342
30363
30381
30402
30420
30437
30458
30478
30493
30512
30532
30548
30566
30584
30601
30620
30638
30657
30674
30693
30709
30728
30750
30768
30790
30809
30827
30849
30867
30886
30907
30925
30943
30960
30977
30996
31018
31036
31055
31073
31091
31109
31129
31150
31169
31185
31202
31224
31240
31257
31277
31296
31313
31331
31349
31368
31385
31405
31429
31453
31471
31490
31508
31528
31545
31561
31580
31601
31622
31639
31657
31675
31693
31712
31730
31748
31766
31782
31799
31819
31836
31853
31872
31890
31908
31930
31948
31967
31988
32004
32022
32045
32065
32083
32100
32120
32137
32163
32180
32198
32217
32236
32257
32276
32294
32311
32328
32347
32365
32381
32405
32423
32443
32464
32485
32502
32522
32538
32556
32573
32593
32612
32633
32650
32670
32690
32714
32733
32756
32773
32791
32809
32831
32847
32867
32887
32904
32920
32936
32952
32974
32992
33011
33029
33050
33071
33087
33106
33122
33140
33156
33175
33194
33215
33231
33250
33270
33287
33305
33324
33339
33356
33373
33393
33411
33427
33446
33467
33486
33506
33526
33547
33564
33582
33599
33618
33643
33661
33679
33701
33718
33738
33757
33776
33797
33817
33835
33853
33873
33895
33910
33927
33943
33963
33979
33998
34016
34034
34052
34071
34087
34105
34120
34139
34156
34177
34196
34218
34235
34253
34270
34286
34302
34322
34343
34362
34379
34396
34415
34433
34449
34471
34488
34509
34526
34544
34565
34585
34605
34622
34640
34660
34675
34690
34707
34725
34748
34764
34781
34798
34816
34836
34854
34872
34890
34909
34927
34944
34961
34981
35000
35018
35033
35055
35072
35087
35104
35124
35144
35159
35180
35197
35217
35237
35254
35272
35288
35307
35327
35342
35359
35375
35392
35410
35429
35448
35464
35481
35499
35518
35540
35559
35577
35596
35613
35632
35655
35672
35691
35711
35730
35747
35764
35784
35799
35818
35836
35855
35875
35892
35907
35923
35938
35956
35973
35991
36009
36025
36040
36056
36071
36087
36102
36121
36139
36157
36176
36196
36214
36234
36251
36268
36285
36303
36322
36341
36359
36376
36394
36414
36435
36452
36469
36485
36502
36519
36536
36554
36573
36589
36606
36624
36643
36659
36679
36697
36715
36734
36752
36767
36784
36800
36818
36834
36849
36864
36880
36899
36917
36937
36959
36975
36994
37009
37026
37044
37061
37078
37098
37114
37132
37151
37169
37186
37202
37217
37235
37251
37270
37289
37306
37323
37339
37357
37376
37393
37411
37428
37447
37466
37483
37498
37517
37535
37554
37570
37589
37605
37621
37636
37653
37674
37694
37711
37726
37744
37765
37782
37798
37814
37830
37847
37864
37883
37900
37919
37937
37956
37973
37989
38009
38028
38048
38066
38086
38104
38120
38136
38153
38170
38190
38205
38225
38243
38260
38279
38295
38311
38328
38346
38363
38383
38406
38422
38438
38455
38474
38491
38508
38523
38541
38557
38575
38592
38615
38632
38649
38665
38681
38700
38716
38732
38751
38770
38788
38809
38825
38840
38857
38872
38890
38907
38923
38940
38955
38973
38991
39008
39023
39041
39058
39075
39093
39113
39129
39145
39163
39180
39195
39210
39226
39243
39260
39277
39293
39311
39334
39352
39370
39389
39408
39423
39443
39458
39474
39490
39506
39525
39544
39560
39577
39596
39613
39629
39645
39662
39680
39704
39720
39739
39756
39773
39790
39806
39822
39841
39859
39876
39895
39911
39929
39944
39964
39980
39997
40014
40034
40053
40068
40087
40103
40121
40137
40155
40170
40188
40205
40221
40239
40255
40273
40290
40306
40325
40343
40362
40380
40396
40413
40429
40444
40460
40477
40495
40512
40530
40548
40568
40583
40604
40621
40640
40656
40671
40686
40702
40720
40738
40757
40779
40800
40815
40830
40848
40863
40881
40899
40917
40934
40952
40967
40983
41001
41016
41032
41048
41064
41079
41097
41113
41130
41145
41161
41179
41195
41210
41227
41244
41260
41278
41293
41310
41327
41344
41362
41378
41395
41414
41432
41448
41467
41484
41499
41516
41533
41550
41567
41585
41602
41617
41636
41652
41672
41690
41709
41727
41743
41762
41778
41794
41811
41827
41843
41861
41877
41894
41911
41931
41949
41967
41985
42001
42018
42033
42050
42067
42085
42102
42119
42136
42152
42168
42188
42208
42228
42245
42262
42277
42292
42310
42327
42343
42359
42377
42395
42411
42426
42441
42462
42477
42494
42512
42527
42545
42561
42579
42596
42615
42634
42652
42669
42684
42703
42722
42739
42754
42779
42795
42813
42831
42850
42866
42883
42898
42915
42930
42947
42963
42979
42995
43011
43027
43046
43064
43079
43097
43114
43130
43147
43168
43188
43206
43224
43239
43257
43274
43289
43307
43325
43341
43357
43375
43392
43409
43426
43442
43457
43472
43489
43509
43529
43547
43564
43580
43598
43615
43634
43650
43668
43684
43703
43721
43736
43755
43774
43791
43807
43825
43840
43856
43874
43892
43910
43927
43947
43963
43982
44000
44020
44038
44054
44073
44088
44103
44119
44139
44157
44173
44189
44208
44225
44241
44259
44276
44291
44306
44322
44338
44354
44375
44393
44408
44427
44445
44463
44478
44497
44513
44531
44546
44563
44581
44598
44615
44633
44649
44668
44685
44703
44720
44736
44753
44770
44786
44802
44820
44839
44854
44870
44885
44902
44921
44937
44957
44977
44992
45012
45027
45043
45059
45077
45092
45110
45126
45141
45158
45176
45193
45210
45228
45245
45260
45276
45292
45309
45325
45341
45358
45374
45391
45407
45423
45438
45455
45470
45487
45507
45523
45541
45557
45573
45591
45608
45624
45641
45660
45676
45693
45709
45727
45745
45760
45779
45794
45809
45826
45843
45859
45877
45896
45913
45930
45946
45962
45979
45994
46011
46028
46045
46065
46082
46100
46116
46134
46151
46169
46184
46200
46216
46233
46254
46270
46288
46304
46321
46336
46352
46372
46387
46407
46424
46442
46459
46475
46492
46508
46523
46541
46558
46576
46593
46608
46625
46643
46660
46675
46690
46707
46722
46739
46756
46771
46790
46807
46824
46840
46859
46876
46894
46910
46926
46946
46962
46980
46995
47011
47028
47044
47060
47077
47092
47112
47128
47146
47163
47178
47193
47210
47228
47246
47264
47280
47295
47311
47326
47342
47360
47379
47394
47412
47429
47444
47461
47478
47495
47511
47527
47542
47558
47574
47591
47607
47625
47643
47659
47675
47690
47707
47723
47739
47755
47771
47788
47805
47822
47838
47856
47873
47892
47909
47927
47943
47959
47975
47992
48009
48024
48039
48055
48070
48087
48105
48122
48139
48154
48172
48188
48204
48220
48235
48251
48267
48283
48298
48315
48333
48349
48366
48383
48399
48414
48429
48447
48465
48481
48499
48516
48531
48548
48565
48582
48597
48613
48629
48648
48666
48682
48697
48712
48727
48742
48760
48777
48794
48810
48829
48844
48861
48879
48897
48913
48929
48946
48964
48980
48997
49012
49029
49047
49063
49079
49095
49111
49126
49143
49159
49176
49193
49208
49223
49240
49258
49274
49291
49306
49322
49337
49353
49370
49386
49401
49416
49432
49449
49467
49482
49498
49513
49529
49546
49561
49577
49593
49610
49626
49641
49657
49675
49694
49709
49727
49744
49762
49778
49797
49817
49833
49849
49864
49881
49897
49912
49929
49946
49963
49982
50000
50016
50032
50049
50069
50087
50102
50120
50136
50152
50170
50186
50202
50218
50235
50252
50267
50282
50298
50314
50330
50348
50364
50381
50398
50415
50431
50447
50465
50484
50502
50517
50533
50548
50565
50580
50596
50612
50628
50644
50663
50681
50697
50712
50728
50744
50761
50778
50793
50809
50825
50843
50859
50875
50891
50906
50922
50940
50958
50974
50991
51008
51023
51038
51054
51071
51086
51102
51123
51139
51155
51172
51188
51204
51220
51236
51252
51268
51284
51299
51316
51332
51347
51363
51380
51395
51410
51426
51442
51458
51474
51493
51509
51525
51543
51561
51577
51593
51609
51626
51642
51658
51674
51691
51707
51724
51740
51756
51772
51788
51804
51820
51836
51853
51868
51884
51900
51916
51934
51949
51965
51981
51998
52013
52030
52047
52063
52078
52095
52110
52125
52141
52156
52172
52188
52204
52219
52234
52250
52266
52281
52297
52313
52328
52343
52359
52375
52390
52407
52424
52441
52457
52472
52489
52505
52521
52536
52553
52569
52584
52600
52616
52631
52646
52661
52678
52694
52710
52727
52743
52759
52774
52791
52810
52825
52840
52856
52871
52888
52903
52920
52937
52954
52969
52986
53003
53020
53037
53054
53070
53085
53101
53118
53133
53150
53166
53184
53201
53217
53233
53250
53265
53280
53296
53311
53329
53344
53359
53374
53389
53404
53420
53435
53450
53467
53483
53499
53514
53530
53548
53564
53581
53596
53612
53629
53644
53662
53677
53694
53710
53726
53742
53758
53775
53792
53808
53824
53839
53855
53871
53886
53903
53919
53935
53951
53966
53981
53996
54011
54026
54041
54057
54073
54088
54105
54120
54135
54150
54166
54186
54203
54219
54236
54251
54268
54286
54302
54318
54335
54350
54367
54382
54397
54415
54432
54448
54463
54478
54494
54510
54526
54541
54557
54573
54588
54605
54620
54636
54653
54672
54687
54702
54717
54732
54747
54764
54780
54796
54812
54827
54843
54858
54874
54890
54905
54922
54938
54953
54969
54985
55004
55020
55035
55051
55070
55085
55101
55116
55131
55146
55161
55177
55193
55208
55224
55240
55256
55271
55287
55302
55318
55334
55349
55364
55380
55396
55412
55428
55443
55458
55475
55491
55506
55521
55539
55558
55574
55589
55604
55620
55635
55650
55665
55682
55697
55714
55730
55745
55761
55778
55793
55808
55825
55840
55855
55870
55886
55901
55917
55932
55948
55963
55978
55993
56009
56025
56041
56059
56075
56091
56106
56121
56137
56152
56169
56184
56200
56216
56232
56248
56263
56278
56293
56308
56323
56338
56353
56368
56384
56400
56415
56431
56446
56461
56476
56491
56510
56526
56541
56557
56573
56588
56603
56618
56633
56648
56663
56679
56694
56710
56725
56740
56755
56771
56786
56802
56818
56835
56853
56871
56887
56905
56920
56937
56953
56968
56983
56998
57013
57030
57046
57062
57077
57093
57111
57126
57141
57158
57173
57188
57203
57218
57235
57251
57267
57282
57299
57314
57330
57346
57361
57380
57395
57412
57428
57444
57461
57476
57491
57507
57524
57540
57559
57575
57591
57608
57625
57641
57656
57671
57688
57704
57721
57736
57754
57771
57786
57803
57818
57835
57850
57865
57882
57898
57913
57928
57944
57960
57975
57990
58006
58021
58037
58053
58069
58084
58099
58114
58129
58146
58165
58181
58196
58212
58227
58244
58259
58274
58290
58306
58321
58336
58352
58367
58384
58399
58415
58430
58446
58461
58476
58492
58508
58524
58540
58556
58572
58589
58604
58619
58635
58654
58670
58685
58700
58715
58730
58745
58760
58776
58791
58808
58823
58839
58854
58872
58887
58904
58919
58934
58950
58966
58981
58996
59013
59028
59043
59061
59076
59091
59106
59123
59138
59153
59169
59185
59201
59216
59231
59246
59261
59277
59293
59309
59324
59339
59356
59374
59389
59404
59420
59435
59450
59466
59481
59497
59512
59527
59542
59557
59573
59588
59604
59620
59636
59652
59668
59683
59699
59714
59729
59745
59761
59777
59794
59810
59825
59840
59856
59871
59887
59904
59919
59935
59950
59966
59981
59996
60011
60026
60041
60057
60075
60091
60108
60123
60138
60153
60171
60187
60203
60219
60235
60250
60267
60283
60298
60313
60329
60344
60361
60377
60393
60408
60424
60439
60455
60471
60486
60502
60517
60532
60549
60564
60580
60596
60611
60627
60642
60660
60678
60695
60713
60728
60745
60762
60778
60794
60810
60826
60841
60856
60872
60887
60903
60919
60934
60949
60967
60982
60998
61013
61028
61043
61058
61073
61090
61107
61123
61139
61155
61171
61186
61201
61216
61231
61247
61263
61278
61294
61310
61326
61341
61356
61371
61386
61401
61418
61434
61449
61465
61480
61496
61511
61527
61544
61560
61576
61592
61607
61624
61640
61656
61672
61689
61705
61722
61738
61755
61770
61786
61802
61817
61832
61848
61864
61879
61894
61909
61925
61943
61959
61977
61993
62010
62026
62041
62059
62074
62089
62104
62120
62137
62152
62168
62183
62199
62214
62230
62247
62262
62277
62292
62307
62323
62340
62356
62371
62387
62404
62420
62437
62452
62467
62485
62501
62518
62533
62549
62565
62580
62596
62611
62627
62643
62659
62676
62691
62706
62722
62737
62753
62768
62783
62798
62815
62831
62846
62862
62877
62892
62908
62923
62939
62957
62973
62988
63003
63021
63037
63052
63069
63084
63100
63116
63131
63147
63162
63177
63193
63209
63225
63242
63258
63274
63289
63305
63321
63337
63352
63368
63383
63398
63416
63433
63449
63466
63482
63498
63514
63532
63548
63566
63581
63597
63613
63628
63644
63660
63675
63692
63708
63724
63739
63755
63771
63787
63802
63817
63832
63850
63866
63882
63898
63915
63931
63946
63963
63978
63993
64009
64024
64039
64056
64071
64086
64102
64119
64135
64150
64165
64182
64198
64214
64229
64244
64260
64276
64291
64308
64324
64339
64354
64370
64385
64403
64418
64433
64451
64466
64482
64498
64514
64530
64546
64562
64579
64596
64613
64630
64647
64663
64680
64696
64711
64727
64743
64760
64776
64792
64809
64825
64841
64856
64874
64890
64905
64922
64940
64955
64970
64986
65001
65017
65032
65048
65064
65080
65096
65112
65128
65146
65162
65178
65193
65210
65226
65242
65257
65273
65288
65305
65322
65337
65353
65371
65386
65401
65416
65431
65447
65463
65479
65494
65512
65528
65543
65558
65573
65589
65604
65619
65635
65650
65667
65682
65697
65713
65730
65747
65762
65778
65793
65809
65824
65840
65860
65876
65892
65907
65923
65938
65953
65968
65983
66000
66015
66031
66046
66061
66076
66091
66108
66125
66140
66155
66171
66188
66203
66218
66234
66249
66264
66281
66296
66314
66329
66344
66359
66375
66391
66408
66424
66439
66455
66471
66486
66501
66516
66531
66546
66561
66577
66592
66607
66624
66641
66656
66671
66688
66704
66719
66736
66751
66766
66782
66798
66813
66829
66844
66859
66875
66891
66907
66923
66939
66954
66969
66986
67001
67017
67032
67048
67064
67080
67096
67113
67129
67144
67160
67177
67193
67208
67224
67239
67254
67270
67286
67301
67316
67332
67349
67364
67380
67395
67411
67428
67443
67460
67475
67490
67506
67522
67538
67553
67568
67583
67598
67614
67632
67647
67663
67678
67694
67710
67727
67742
67759
67774
67790
67805
67822
67839
67855
67872
67888
67903
67919
67936
67951
67966
67983
68000
68015
68030
68046
68062
68077
68093
68109
68124
68140
68156
68172
68189
68205
68222
68238
68255
68271
68286
68304
68319
68334
68349
68365
68381
68397
68413
68428
68443
68460
68476
68492
68507
68522
68539
68556
68571
68587
68602
68617
68636
68652
68669
68684
68700
68717
68732
68748
68763
68781
68796
68811
68826
68841
68857
68872
68887
68902
68919
68937
68952
68968
68984
69000
69017
69033
69048
69063
69078
69094
69111
69126
69144
69160
69175
69192
69207
69222
69239
69254
69270
69285
69301
69316
69335
69350
69367
69383
69400
69417
69432
69447
69463
69479
69494
69509
69524
69540
69557
69572
69587
69602
69618
69633
69648
69664
69680
69696
69711
69727
69742
69759
69774
69791
69806
69821
69837
69852
69868
69883
69899
69914
69929
69945
69960
69975
69990
70005
70022
70039
70054
70069
70085
70101
70117
70133
70148
70163
70179
70194
70210
70225
70241
70256
70274
70290
70305
70321
70336
70352
70369
70384
70400
70416
70431
70447
70464
70479
70494
70509
70524
70540
70560
70576
70592
70608
70623
70639
70656
70673
70690
70706
70721
70736
70752
70767
70783
70800
70816
70832
70847
70862
70878
70894
70909
70925
70941
70957
70973
70990
71005
71020
71036
71051
71066
71081
71097
71113
71128
71143
71160
71175
71191
71207
71223
71240
71255
71270
71285
71302
71317
71332
71348
71365
71381
71398
71413
71428
71444
71460
71475
71492
71507
71522
71539
71554
71569
71586
71603
71621
71637
71653
71668
71683
71699
71714
71729
71744
71760
71776
71791
71806
71821
71836
71852
71867
71883
71900
71915
71932
71948
71963
71981
71996
72011
72026
72041
72058
72075
72090
72106
72122
72139
72154
72171
72186
72201
72217
72232
72247
72262
72278
72293
72309
72324
72340
72355
72370
72387
72402
72418
72433
72451
72466
72481
72496
72511
72526
72541
72557
72572
72589
72604
72619
72634
72650
72665
72680
72695
72711
72727
72742
72758
72773
72790
72806
72821
72836
72851
72867
72882
72898
72913
72929
72945
72960
72975
72990
73006
73021
73036
73051
73066
73081
73096
73111
73127
73142
73160
73175
73193
73208
73223
73239
73254
73269
73284
73302
73317
73332
73347
73363
73378
73396
73413
73429
73445
73462
73478
73493
73509
73525
73546
73562
73577
73592
73609
73626
73642
73657
73672
73688
73704
73719
73734
73749
73764
73779
73794
73809
73826
73841
73856
73872
73887
73902
73919
73934
73950
73966
73982
73997
74013
74029
74045
74060
74076
74091
74107
74123
74138
74153
74168
74184
74200
74215
74232
74248
74263
74278
74294
74309
74325
74340
74355
74370
74385
74401
74416
74432
74447
74462
74477
74494
74509
74524
74539
74554
74569
74586
74601
74616
74631
74646
74663
74678
74693
74709
74725
74740
74756
74773
74789
74804
74819
74834
74849
74865
74882
74897
74912
74928
74943
74959
74975
74993
75008
75023
75039
75055
75072
75089
75104
75119
75134
75149
75165
75180
75196
75211
75227
75243
75259
75274
75290
75305
75320
75335
75350
75365
75380
75395
75411
75427
75443
75459
75476
75491
75506
75521
75536
75552
75568
75584
75599
75614
75630
75645
75660
75676
75692
75709
75725
75740
75755
75770
75785
75801
75816
75831
75848
75863
75879
75894
75911
75927
75942
75958
75973
75989
76004
76020
76036
76051
76066
76081
76096
76111
76128
76144
76160
76175
76192
76211
76227
76243
76258
76273
76291
76308
76325
76340
76355
76371
76387
76402
76417
76432
76447
76463
76478
76493
76508
76525
76542
76558
76573
76588
76603
76619
76634
76650
76666
76681
76697
76713
76729
76744
76760
76775
76791
76808
76823
76840
76855
76870
76886
76902
76917
76933
76949
76965
76982
76997
77014
77029
77045
77060
77075
77090
77106
77122
77138
77153
77168
77183
77201
77216
77232
77250
77265
77280
77296
77311
77326
77341
77358
77375
77392
77407
77422
77439
77455
77471
77487
77502
77518
77535
77551
77566
77582
77599
77614
77629
77644
77659
77674
77690
77705
77721
77736
77751
77768
77785
77800
77817
77832
77848
77864
77879
77895
77910
77926
77942
77960
77976
77991
78006
78022
78037
78054
78069
78084
78099
78114
78129
78144
78160
78175
78190
78207
78225
78240
78256
78271
78286
78301
78316
78331
78346
78361
78376
78393
78408
78423
78438
78454
78470
78486
78501
78518
78534
78549
78565
78580
78598
78613
78629
78644
78659
78674
78690
78707
78723
78738
78755
78771
78786
78801
78816
78831
78846
78861
78876
78894
78910
78926
78943
78959
78975
78990
79006
79022
79037
79052
79067
79082
79097
79113
79129
79144
79159
79174
79190
79205
79221
79237
79253
79269
79284
79299
79314
79329
79344
79359
79377
79393
79409
79425
79441
79457
79472
79487
79502
79518
79534
79550
79566
79581
79597
79612
79628
79644
79659
79675
79691
79707
79722
79738
79753
79769
79785
79800
79815
79830
79846
79863
79878
79893
79909
79924
79939
79954
79969
79984
79999
80014
80029
80045
80061
80076
80091
80106
80121
80136
80151
80166
80183
80199
80214
80229
80244
80260
80276
80291
80306
80321
80336
80352
80368
80384
80400
80417
80432
80448
80463
80478
80493
80508
80523
80538
80554
80569
80585
80600
80616
80632
80647
80662
80677
80692
80707
80722
80738
80754
80769
80784
80800
80815
80830
80846
80861
80876
80892
80907
80923
80938
80953
80969
80984
81000
81015
81030
81045
81060
81075
81090
81106
81121
81136
81151
81166
81182
81197
81212
81228
81244
81259
81275
81290
81305
81321
81337
81352
81368
81384
81399
81415
81430
81445
81462
81477
81493
81508
81523
81538
81554
81569
81585
81600
81615
81630
81646
81661
81676
81692
81708
81723
81739
81756
81772
81788
81803
81818
81833
81848
81863
81879
81895
81911
81927
81942
81958
81977
81992
82008
82024
82040
82055
82071
82086
82101
82116
82131
82147
82162
82178
82195
82210
82225
82240
82255
82271
82287
82302
82317
82332
82347
82362
82377
82392
82407
82422
82437
82452
82468
82484
82501
82517
82533
82548
82565
82580
82595
82611
82627
82642
82658
82676
82693
82708
82723
82738
82754
82769
82785
82801
82816
82832
82848
82864
82880
82896
82911
82926
82941
82957
82972
82987
83004
83020
83035
83051
83067
83082
83098
83113
83129
83144
83159
83174
83189
83204
83219
83235
83250
83266
83281
83297
83313
83329
83345
83360
83377
83393
83409
83425
83440
83457
83474
83489
83504
83520
83536
83551
83567
83582
83597
83612
83627
83643
83658
83673
83688
83704
83719
83735
83750
83765
83780
83795
83811
83826
83841
83857
83873
83889
83905
83921
83937
83952
83967
83983
83998
84013
84028
84043
84058
84073
84088
84103
84118
84133
84148
84163
84178
84193
84208
84223
84238
84254
84270
84285
84300
84315
84331
84347
84363
84379
84394
84409
84426
84442
84457
84473
84489
84504
84519
84534
84549
84564
84579
84595
84610
84626
84641
84657
84673
84689
84706
84721
84736
84753
84771
84786
84801
84816
84831
84846
84861
84876
84891
84907
84924
84939
84954
84970
84986
85002
85017
85032
85047
85063
85079
85097
85112
85127
85142
85157
85172
85187
85203
85219
85235
85251
85266
85282
85297
85313
85328
85343
85359
85374
85389
85404
85419
85436
85452
85468
85483
85498
85513
85530
85545
85560
85576
85592
85608
85623
85639
85655
85671
85688
85703
85718
85734
85749
85764
85781
85796
85811
85826
85841
85856
85871
85886
85902
85917
85932
85947
85963
85978
85994
86009
86024
86039
86054
86069
86086
86101
86117
86132
86147
86163
86178
86193
86208
86223
86238
86254
86269
86284
86299
86314
86329
86344
86359
86374
86389
86404
86419
86434
86449
86464
86482
86498
86513
86528
86543
86559
86575
86590
86605
86622
86637
86653
86668
86683
86698
86713
86728
86744
86759
86775
86791
86806
86821
86837
86852
86870
86886
86901
86916
86931
86946
86961
86976
86991
87008
87025
87040
87056
87072
87087
87102
87118
87133
87148
87163
87179
87194
87209
87224
87240
87255
87271
87288
87303
87318
87333
87348
87364
87379
87395
87410
87425
87440
87455
87470
87486
87502
87517
87532
87547
87562
87579
87594
87610
87625
87641
87656
87671
87687
87702
87717
87732
87748
87763
87779
87795
87812
87827
87842
87857
87872
87888
87903
87918
87933
87949
87964
87979
87994
88010
88026
88043
88058
88073
88088
88103
88119
88135
88150
88165
88180
88195
88210
88225
88240
88256
88273
88290
88305
88321
88336
88352
88369
88385
88401
88416
88431
88446
88461
88476
88492
88508
88523
88539
88555
88570
88585
88603
88619
88634
88649
88665
88680
88695
88710
88726
88741
88756
88771
88787
88802
88817
88832
88847
88862
88877
88892
88909
88925
88940
88956
88972
88987
89004
89019
89034
89049
89064
89079
89094
89110
89126
89142
89157
89172
89187
89202
89217
89232
89247
89262
89277
89293
89309
89324
89339
89355
89371
89387
89402
89418
89433
89448
89463
89478
89494
89509
89525
89540
89556
89571
89586
89601
89616
89631
89646
89661
89676
89691
89706
89723
89738
89753
89768
89783
89798
89813
89829
89844
89859
89874
89890
89906
89921
89936
89952
89968
89984
90001
90017
90032
90047
90062
90078
90093
90108
90124
90139
90155
90172
90188
90203
90218
90234
90251
90267
90283
90298
90313
90329
90344
90359
90374
90389
90404
90420
90435
90450
90465
90480
90495
90510
90525
90540
90555
90570
90585
90600
90615
90630
90646
90661
90676
90692
90707
90723
90738
90753
90768
90783
90798
90813
90828
90843
90859
90875
90890
90906
90921
90937
90952
90967
90982
90998
91014
91029
91044
91060
91076
91091
91106
91121
91138
91153
91168
91183
91198
91213
91228
91243
91258
91274
91290
91305
91320
91335
91350
91365
91380
91395
91410
91425
91440
91455
91470
91487
91502
91517
91534
91549
91564
91580
91597
91612
91628
91643
91658
91673
91688
91704
91719
91734
91750
91765
91780
91795
91810
91825
91840
91856
91871
91887
91902
91917
91933
91948
91963
91978
91993
92008
92023
92038
92054
92069
92085
92100
92115
92130
92146
92161
92176
92191
92208
92223
92238
92253
92268
92284
92300
92315
92330
92345
92360
92375
92390
92405
92420
92436
92451
92466
92481
92496
92514
92529
92544
92559
92574
92589
92604
92620
92635
92650
92666
92681
92696
92711
92727
92742
92757
92772
92787
92802
92818
92833
92848
92863
92879
92894
92910
92926
92941
92956
92971
92987
93003
93018
93033
93049
93064
93079
93094
93109
93124
93139
93154
93169
93185
93200
93215
93230
93245
93260
93275
93290
93305
93321
93336
93352
93367
93383
93398
93413
93428
93444
93459
93475
93492
93508
93524
93539
93554
93569
93585
93600
93616
93631
93646
93661
93676
93691
93707
93722
93737
93752
93767
93782
93797
93812
93827
93842
93858
93873
93888
93904
93919
93935
93950
93965
93982
93997
94012
94027
94042
94059
94074
94089
94105
94120
94135
94150
94166
94181
94197
94212
94227
94242
94257
94273
94289
94304
94319
94336
94352
94368
94385
94400
94415
94431
94447
94462
94477
94492
94507
94523
94538
94553
94569
94584
94601
94617
94632
94647
94663
94679
94694
94709
94726
94741
94758
94775
94791
94806
94822
94837
94852
94869
94884
94899
94914
94930
94946
94961
94976
94991
95008
95023
95040
95056
95071
95086
95101
95116
95131
95147
95163
95179
95195
95210
95225
95240
95255
95270
95286
95301
95316
95331
95346
95362
95377
95392
95407
95422
95437
95452
95467
95482
95497
95512
95528
95543
95558
95573
95588
95604
95620
95636
95652
95667
95683
95700
95715
95731
95747
95762
95777
95792
95807
95822
95837
95853
95868
95883
95898
95913
95929
95944
95959
95974
95989
96004
96019
96034
96049
96064
96079
96094
96109
96124
96139
96154
96171
96187
96202
96218
96233
96248
96263
96278
96293
96308
96323
96338
96353
96368
96383
96399
96414
96429
96445
96460
96475
96492
96507
96522
96538
96553
96568
96584
96599
96614
96629
96645
96660
96675
96692
96707
96722
96739
96755
96770
96787
96803
96818
96833
96848
96863
96878
96893
96908
96924
96939
96954
96969
96984
96999
97014
97029
97044
97061
97077
97092
97109
97124
97140
97155
97170
97185
97200
97215
97230
97245
97260
97275
97290
97305
97322
97337
97352
97367
97383
97398
97413
97428
97444
97459
97474
97489
97504
97519
97535
97551
97566
97581
97596
97612
97627
97642
97657
97672
97687
97702
97717
97732
97747
97764
97779
97794
97809
97824
97839
97854
97869
97884
97899
97914
97929
97945
97960
97977
97992
98008
98023
98038
98054
98069
98084
98099
98114
98129
98144
98160
98177
98192
98207
98222
98238
98253
98268
98283
98298
98314
98329
98344
98359
98374
98389
98404
98420
98435
98450
98465
98480
98495
98510
98525
98540
98555
98570
98585
98600
98615
98630
98645
98660
98676
98691
98706
98721
98736
98752
98767
98782
98797
98813
98828
98843
98858
98873
98888
98903
98918
98933
98948
98964
98980
98996
99011
99026
99041
99056
99071
99086
99101
99116
99131
99146
99161
99176
99191
99208
99223
99238
99253
99270
99285
99300
99315
99332
99348
99363
99378
99394
99409
99426
99441
99456
99471
99486
99502
99517
99534
99549
99564
99580
99595
99611
99626
99641
99656
99671
99686
99703
99718
99733
99748
99763
99779
99795
99810
99826
99841
99856
99871
99886
99901
99916
99931
99946
99961
99977
99992
100007
100022
100037
100053
100068
100084
100099
100115
100130
100145
100160
100175
100190
100205
100220
100235
100250
100265
100280
100295
100310
100326
100342
100358
100373
100388
100403
100419
100436
100451
100466
100481
100496
100512
100527
100542
100557
100572
100588
100603
100618
100634
100650
100667
100682
100698
100713
100728
100745
100760
100775
100790
100805
100820
100835
100851
100866
100881
100897
100913
100928
100943
100958
100974
100989
101004
101022
101037
101052
101067
101083
101098
101114
101129
101146
101161
101176
101192
101209
101224
101239
101254
101269
101284
101299
101316
101331
101346
101361
101376
101391
101407
101422
101438
101454
101472
101487
101504
101520
101535
101550
101567
101582
101597
101613
101628
101644
101659
101674
101689
101704
101720
101735
101750
101765
101780
101795
101810
101826
101841
101856
101871
101886
101902
101917
101932
101948
101965
101980
101995
102011
102027
102042
102057
102072
102088
102103
102118
102133
102148
102163
102178
102193
102208
102223
102238
102254
102270
102286
102301
102316
102331
102346
102361
102377
102392
102409
102424
102439
102454
102469
102484
102499
102514
102529
102545
102560
102575
102591
102606
102621
102636
102651
102666
102681
102696
102711
102726
102742
102758
102775
102790
102805
102820
102835
102851
102867
102882
102897
102912
102927
102942
102957
102973
102988
103003
103018
103034
103050
103069
103084
103099
103114
103129
103144
103159
103174
103189
103204
103219
103235
103250
103265
103280
103297
103312
103327
103342
103358
103373
103388
103403
103418
103433
103448
103463
103478
103495
103511
103526
103541
103556
103571
103587
103603
103618
103633
103648
103663
103679
103694
103709
103725
103742
103757
103772
103787
103803
103819
103835
103851
103867
103882
103897
103912
103928
103943
103958
103973
103988
104003
104020
104035
104050
104066
104081
104096
104111
104126
104141
104156
104172
104187
104203
104218
104234
104249
104264
104279
104294
104310
104325
104340
104355
104370
104385
104401
104417
104433
104449
104465
104481
104496
104511
104526
104542
104557
104572
104587
104602
104617
104632
104648
104663
104678
104693
104708
104723
104738
104753
104768
104783
104798
104813
104828
104843
104858
104873
104889
104904
104919
104935
104950
104965
104981
104997
105012
105028
105043
105058
105074
105090
105105
105120
105137
105152
105167
105182
105197
105212
105227
105242
105257
105272
105287
105303
105318
105335
105350
105365
105380
105395
105410
105425
105441
105457
105473
105489
105504
105519
105534
105549
105564
105579
105594
105610
105625
105640
105655
105670
105685
105700
105715
105730
105745
105760
105775
105791
105806
105821
105837
105852
105867
105883
105898
105915
105931
105946
105962
105978
105993
106008
106023
106038
106053
106068
106084
106100
106115
106130
106145
106160
106175
106190
106205
106220
106235
106250
106265
106281
106296
106312
106327
106342
106357
106372
106388
106403
106418
106433
106449
106465
106481
106496
106511
106526
106541
106556
106571
106588
106603
106618
106633
106648
106663
106678
106693
106708
106723
106738
106754
106770
106785
106800
106815
106830
106845
106862
106877
106892
106907
106922
106937
106953
106968
106984
107001
107017
107032
107047
107062
107078
107093
107108
107123
107139
107154
107169
107184
107200
107217
107232
107247
107262
107277
107292
107310
107325
107340
107355
107370
107387
107403
107418
107433
107451
107467
107482
107498
107514
107529
107544
107559
107574
107589
107605
107621
107636
107651
107667
107683
107699
107716
107732
107747
107763
107779
107795
107811
107826
107841
107856
107871
107886
107902
107917
107933
107948
107963
107979
107994
108009
108024
108039
108055
108070
108085
108101
108116
108131
108146
108161
108176
108191
108207
108224
108239
108254
108270
108285
108300
108315
108330
108345
108361
108376
108392
108407
108422
108437
108453
108469
108484
108499
108514
108529
108544
108559
108574
108590
108606
108621
108637
108652
108667
108683
108698
108713
108728
108743
108758
108773
108788
108803
108818
108833
108848
108864
108880
108895
108910
108925
108941
108957
108972
108987
109003
109018
109033
109048
109063
109078
109093
109108
109124
109140
109156
109171
109186
109201
109216
109232
109248
109263
109278
109293
109308
109323
109339
109354
109369
109384
109399
109414
109429
109445
109460
109475
109491
109506
109521
109537
109552
109568
109583
109598
109613
109628
109643
109658
109673
109689
109704
109719
109735
109750
109765
109780
109795
109810
109825
109841
109856
109871
109886
109901
109916
109932
109948
109963
109979
109995
110010
110025
110040
110055
110071
110088
110103
110118
110133
110148
110164
110179
110194
110210
110225
110241
110256
110271
110286
110301
110316
110331
110346
110361
110376
110391
110406
110422
110438
110454
110469
110485
110500
110515
110530
110545
110560
110575
110590
110605
110620
110635
110650
110665
110680
110695
110710
110725
110740
110755
110770
110786
110801
110816
110831
110847
110862
110877
110893
110908
110923
110938
110953
110968
110983
110998
111013
111029
111044
111060
111075
111090
111106
111121
111136
111152
111167
111182
111197
111212
111227
111243
111258
111273
111288
111303
111318
111334
111349
111365
111380
111395
111410
111425
111440
111457
111472
111487
111502
111518
111534
111549
111565
111581
111597
111612
111627
111642
111657
111672
111687
111702
111717
111732
111747
111762
111777
111792
111808
111824
111839
111854
111869
111884
111899
111914
111929
111944
111959
111974
111989
112004
112019
112034
112049
112064
112079
112094
112109
112125
112140
112155
112170
112187
112203
112218
112233
112248
112263
112278
112293
112308
112323
112338
112355
112370
112385
112400
112415
112430
112447
112462
112477
112492
112507
112522
112537
112553
112568
112584
112599
112615
112630
112645
112660
112675
112690
112705
112721
112736
112751
112767
112782
112797
112812
112827
112842
112857
112872
112887
112902
112917
112932
112947
112962
112977
112992
113007
113022
113037
113052
113069
113084
113100
113115
113131
113146
113161
113176
113191
113206
113221
113236
113251
113267
113282
113297
113312
113328
113344
113359
113374
113389
113404
113419
113434
113449
113464
113479
113494
113510
113525
113540
113557
113572
113587
113602
113617
113632
113647
113662
113677
113693
113708
113724
113739
113754
113769
113784
113799
113815
113830
113846
113862
113877
113892
113907
113922
113937
113952
113968
113983
113999
114014
114029
114044
114060
114075
114090
114105
114121
114136
114152
114167
114182
114197
114212
114227
114242
114258
114273
114288
114304
114319
114334
114349
114364
114380
114395
114410
114426
114442
114457
114473
114488
114503
114518
114533
114548
114563
114579
114594
114609
114624
114639
114654
114669
114684
114700
114715
114730
114745
114761
114776
114792
114807
114822
114837
114853
114868
114883
114898
114915
114930
114945
114962
114977
114992
115007
115023
115038
115053
115068
115083
115098
115113
115128
115143
115158
115174
115189
115204
115219
115234
115249
115264
115279
115294
115309
115324
115339
115355
115370
115385
115400
115415
115430
115445
115460
115475
115490
115505
115520
115535
115551
115566
115582
115597
115612
115627
115643
115658
115673
115688
115703
115718
115733
115748
115763
115779
115794
115810
115825
115840
115855
115871
115886
115901
115916
115932
115947
115963
115979
115994
116009
116024
116039
116054
116069
116086
116101
116116
116133
116148
116163
116178
116193
116209
116224
116239
116254
116269
116284
116299
116314
116330
116345
116360
116375
116390
116405
116420
116435
116450
116465
116481
116496
116511
116527
116543
116558
116573
116588
116604
116619
116634
116649
116664
116679
116694
116709
116724
116739
116755
116770
116785
116800
116815
116830
116845
116860
116875
116890
116905
116920
116935
116950
116965
116981
116997
117013
117028
117043
117058
117073
117088
117103
117118
117134
117149
117164
117179
117194
117211
117226
117242
117257
117272
117287
117302
117317
117332
117348
117364
117379
117394
117409
117424
117439
117454
117469
117484
117499
117514
117529
117544
117559
117574
117589
117605
117620
117635
117650
117665
117680
117695
117710
117725
117740
117755
117770
117785
117801
117817
117833
117848
117863
117878
117893
117908
117923
117938
117954
117969
117984
118000
118015
118030
118045
118061
118077
118092
118108
118123
118139
118156
118171
118186
118201
118216
118231
118246
118261
118276
118291
118306
118321
118336
118351
118366
118382
118397
118412
118427
118443
118458
118473
118488
118503
118518
118533
118548
118563
118578
118593
118608
118623
118638
118653
118668
118683
118698
118713
118728
118743
118758
118774
118790
118805
118820
118835
118850
118865
118880
118895
118910
118925
118941
118956
118971
118986
119001
119016
119032
119047
119063
119078
119093
119108
119125
119140
119155
119170
119186
119201
119216
119231
119246
119261
119276
119292
119307
119322
119337
119352
119367
119382
119397
119412
119427
119442
119458
119473
119488
119503
119518
119533
119548
119563
119579
119594
119609
119624
119639
119654
119669
119684
119699
119714
119729
119744
119759
119774
119789
119804
119819
119834
119849
119864
119879
119894
119909
119924
119939
119954
119969
119984
119999
120014
120029
120044
120059
120074
120089
120104
120119
120134
120149
120164
120179
120194
120209
120224
120239
120255
120270
120286
120301
120316
120331
120346
120361
120377
120392
120408
120423
120439
120454
120469
120484
120499
120515
120530
120545
120560
120575
120590
120605
120620
120636
120653
120668
120683
120698
120713
120728
120743
120760
120775
120790
120805
120820
