9.767671954231643694e-02
2.048158387520530588e-01
1.512462791471847479e-01
1.512462791471847201e-01
1.512462791471847201e-01
-1.810445859804633850e-01
-1.810445859804633850e-01
-1.133861962320549532e-04
-1.133861962320549532e-04
1.512462791471847756e-01
1.512462791471847756e-01
5.392053517710820865e-02
1.069140582450214400e-01
-1.862419694084317123e-01
-2.895477206923585123e-01
-5.575830492317616210e-02
-5.575830492317617598e-02
1.164256117898045811e-01
1.164256102911404023e-01
1.164256102911404023e-01
-4.487033323388633227e-03
-1.173637734168564428e-01
-1.173637710148476843e-01
-3.788969067315117178e-01
-1.008207654588126889e-01
-1.008207654588126889e-01
-3.788969067315117178e-01
-3.378985491024764642e-01
-3.654032519956259550e-01
-2.980683072966251457e-01
-3.106045691956028088e-01
9.818571472446767368e-03
7.199689944489798821e-01
7.199689944489798821e-01
7.199689944489798821e-01
5.642005637906950533e-01
-1.879159249218308181e-01
-1.879159249218308181e-01
-1.030246448086999944e+00
-9.265899248619215989e-01
-9.265899277006758306e-01
-9.265899361064725559e-01
-9.265899361064725559e-01
-4.854555574678944829e-01
-4.854555574678944829e-01
-2.444320338031411577e-01
-7.281691996219836760e-01
-3.126584073303776412e-01
-3.662312708386815663e-01
-3.662312651648962358e-01
-3.662312703127580948e-01
-3.662312703127580948e-01
-4.040557036790408674e-01
-4.040556928919407098e-01
-4.040556928919407098e-01
2.023721172545000779e-01
2.023721172545000779e-01
-4.788055907492293484e-01
-4.689307509037773936e-01
-1.757657310448756671e-01
-1.757657328323637413e-01
-1.757657310448756671e-01
2.480729871678378773e-01
3.666438903418254291e-01
-5.246155553643468972e-01
-5.246155553643468972e-01
-5.246155553643470082e-01
-5.246155553643470082e-01
-5.246155553643470082e-01
-5.246155553643470082e-01
-5.246155553643470082e-01
-5.246155553643470082e-01
7.199689944489798821e-01
7.199689944489798821e-01
4.840209908084088797e-01
4.840209908084088797e-01
4.840209946139908959e-01
6.019949976414540327e-01
6.316377221754204685e-01
5.104703079350954020e-01
5.104703111464260479e-01
5.096685347321934234e-01
-1.416778318438007694e-02
3.640414009930315054e-01
2.480729871678378773e-01
-1.441485456932161124e-01
-1.441485456932161124e-01
-1.087340516916250194e-01
-1.045782003496229379e-01
5.810637419872323461e-02
3.945568647949806995e-02
8.160494653080792304e-02
8.160494653080793692e-02
8.160494653080790917e-02
8.160494653080790917e-02
-3.163324783123717676e-01
-4.357822839396997550e-01
-3.346746193649837720e-01
-3.506667854494899261e-01
-2.904810543470723871e-01
-2.584966375453153220e-01
-2.563698566722974470e-01
-2.563698596379215822e-01
-1.311749830008308582e-01
4.982565125966442743e-02
3.383342039563033005e-02
1.810444306909672618e-02
2.444451228108118074e-02
-3.251513710845307936e-02
-2.147329938197385657e-01
-2.182459974847796302e-01
-2.182459974847795747e-01
3.708799378725570473e-02
-6.275908210528757802e-03
-1.466278886641355084e-01
-9.498641275184052657e-02
-9.498644240613662859e-02
-4.225283672506902066e-02
7.199689944489797711e-01
7.199689944489797711e-01
2.480729871678378773e-01
4.840209908084088797e-01
4.015705415226837882e-01
4.015705418164825513e-01
4.015705418164825513e-01
4.015705437469959671e-01
4.015705477955207048e-01
3.464611697322317330e-03
3.464607611507741769e-03
6.176588278168093638e-02
3.432692866603656023e-01
3.104924810762512699e-01
3.497754413651490979e-01
3.176736314434616126e-01
3.176736404353119325e-01
-1.984104940233365477e-01
-1.952050700399517169e-01
-1.537112478677662986e-01
-1.342495201277668082e-01
-1.361896856024243929e-01
2.103120600526640349e-01
2.103120600526640349e-01
8.115665697610427443e-02
8.115665697610427443e-02
7.338536204999215884e-02
5.973515630606855698e-02
2.474099012219603544e-02
-4.467796671984974877e-01
-4.406405219056677147e-01
-4.406405216679211700e-01
-1.760374141121311409e-01
-1.758365033955022194e-01
-1.819756477958114904e-01
-1.870026364431607024e-01
-4.516057408055968447e-01
7.199689944489797711e-01
7.199689944489797711e-01
7.199689944489797711e-01
5.377038025353465533e-01
5.377037930380017539e-01
3.920425041708154867e-01
3.731365949934176696e-01
3.731365949934176696e-01
4.621702046707191203e-01
-1.556465583820553777e-01
-1.556465539092151407e-01
1.872525217633606021e-01
1.872525217633606021e-01
1.872525276569309283e-01
1.073188595497229642e-01
-3.562236193873233314e-01
1.073188456610513625e-01
-3.562236193873233314e-01
-3.562236193873233314e-01
-3.471394071954374549e-01
-3.471394068909282593e-01
-7.036863766087372851e-02
-5.378794364949007756e-04
-5.378775075901426339e-04
4.542663394442277291e-01
4.542663490322270126e-01
-1.747322777712116415e-01
-1.747323117423423278e-01
-5.246155553643468972e-01
-5.363700785542701022e-01
-1.441485456932160014e-01
-1.441485456932160292e-01
-1.945800526974871547e-01
-1.369687461992352140e-01
3.117344284376522695e-02
4.054146352642386958e-02
2.180542727667738115e-02
2.180542503856658723e-02
2.454924853905596227e-02
2.454924853905596227e-02
2.454925336211975784e-02
-2.568349950334566367e-01
-2.595788232597308065e-01
-1.813549498498880919e-01
-1.813549536142847196e-01
4.501424487954751308e-02
4.501425411149972966e-02
4.501425411149972966e-02
3.514881965272592668e-02
9.601181291881907831e-02
-1.208657021159401657e-01
-9.893522398611674651e-02
-2.935756390929814552e-01
-1.219139147260941969e-02
-3.763134257424052831e-02
2.657565722099800021e-01
1.233458432752023853e-01
1.233458432752023853e-01
-9.138286977431173130e-02
6.319910018960132880e-02
3.218477363970427552e-02
-3.330614058965757074e-02
-3.534990892534888712e-02
-2.121422294488098936e-01
-1.058076911943314075e-01
-1.058076911943314491e-01
-1.058076911943314491e-01
4.840209908084088797e-01
4.840209908084088797e-01
-5.304928169593086107e-01
-5.304928169593086107e-01
-3.819206935100585287e-01
-3.819206651014716014e-01
-3.819206651014716569e-01
-3.819206651014716569e-01
-3.323928509761002181e-01
-3.323928514852430571e-01
-3.323928373224276367e-01
-3.323928353353582943e-01
1.495553092132576034e-01
1.990831225884491795e-01
1.653477098945229928e-01
6.428841170044791165e-02
6.428841170044791165e-02
6.428842679030292995e-02
-1.962025105207441666e-01
2.111450465525777642e-01
2.111450465525777642e-01
2.111450465525777642e-01
-1.962025004729551769e-01
-1.962025026810388928e-01
-1.962024996228959317e-01
-1.580544774488800430e-01
1.656441581297141141e-01
1.656441913756287743e-01
1.896384083360966866e-01
2.052526625969592899e-01
2.085647447959946554e-01
2.087656552395579512e-01
1.795506898804282159e-01
2.106843261269466250e-01
5.642005639299686459e-01
6.682257296642338806e-01
6.682257269680327294e-01
6.682257269680327294e-01
4.953386622368975423e-01
-2.459237218468163511e-01
-4.136550183221389121e-01
-3.191266431621802568e-01
-1.838445381455393324e-01
-1.939642695617507240e-01
-1.939642695617507240e-01
-4.564520454684337647e-01
-4.317058439840771866e-01
-4.895128843548752218e-01
-4.895128834742240032e-01
-4.582234636996498356e-01
-4.977081694258302380e-01
-5.167550986235674992e-01
-4.094983627312977492e-01
-4.252057478385325995e-01
-4.252057474349292265e-01
-4.386739635384542257e-01
-4.386739635384541702e-01
1.594345689092400153e-01
1.594345748063860646e-01
1.543485534462255560e-01
7.199689944489797711e-01
4.840209908084088797e-01
-2.323591307544983775e-02
-2.323591307544983775e-02
-2.323594715267632282e-02
-2.323593522363501251e-02
2.303925538967848408e-01
1.970123809355169009e-01
3.583882382617430140e-02
3.583884158384346291e-02
3.583882554939240433e-02
3.583882554939241127e-02
-1.651507715680793908e-01
3.184234017287854157e-01
-4.224401832989142513e-01
-2.905753828577485320e-01
-6.863836287610483589e-02
-1.138711648801523924e-01
-2.559922740106134742e-01
2.890752738933541344e-02
-2.990764339845772279e-01
2.289590739523361673e-02
-1.968803649070117179e-01
-2.022693646779075705e-01
-1.907441810199448362e-01
-1.601428804689677965e-01
-1.554588756123613802e-01
-1.796462556510556585e-01
-1.796462681793596361e-01
7.199689944489797711e-01
7.199689944489797711e-01
7.199689944489797711e-01
7.199689944489798821e-01
7.199689944489798821e-01
7.199689944489797711e-01
5.642005483552914313e-01
5.642005483552914313e-01
3.920425075127563774e-01
2.629446660994024243e-01
-4.263512687609422036e-01
-4.263512687609422036e-01
-4.263512687609422036e-01
-4.263512717010723430e-01
-4.263512731865682914e-01
-4.263512884739505404e-01
-3.938841211034406764e-01
-3.938841181407162773e-01
-3.938841181407162773e-01
-1.171177899778464843e-01
7.858552713794295097e-02
1.683816075103950483e-01
1.683816090760292539e-01
1.683816090760292539e-01
1.650695069297523909e-01
1.636975895606475051e-01
1.650695089760945700e-01
1.650695089760945700e-01
1.361753595289640351e-01
1.361753595289640351e-01
1.414276434192489607e-01
6.146674135408985301e-02
-1.385449360327113411e-01
-2.683665006302380363e-01
-1.682825678591249319e-01
-1.682825678591249319e-01
2.197065092603814329e-02
1.881423194344322425e-01
1.881423194344322425e-01
1.881423194344322425e-01
-2.493242637281634089e-02
-2.493242637281634089e-02
-2.493242637281634089e-02
-4.341499554722312304e-01
6.553317351929946466e-02
6.553317351929943690e-02
7.024048686320673307e-02
7.024048686320673307e-02
-2.615752746021053898e-01
6.905284250379326028e-02
6.905284250379326028e-02
-9.057898314154516628e-02
-9.057898903515024247e-02
-5.859456946123825505e-02
-5.859456946123825505e-02
-1.225634086090622299e-01
-5.859456946123825505e-02
-5.859456265082926829e-02
-5.859456265082926829e-02
-9.057898995195423630e-02
-9.057898222474131122e-02
-9.057898015540978565e-02
-9.057898608834780152e-02
-9.057898608834780152e-02
-9.057898608834780152e-02
-5.246155553643468972e-01
-5.246155553643470082e-01
-5.263369656173064737e-01
7.328963067911805629e-01
-2.393118172315117642e-01
-2.393118172315117642e-01
-2.825629209486302251e-01
-2.048648396053926179e-01
-2.048648407976303987e-01
-2.048648407976303987e-01
4.328590210793024085e-01
4.328589975175528015e-01
4.226014307697366634e-01
-3.378828315583142228e-01
-3.378828432771652235e-01
-2.832819960394565850e-01
-2.935395429585385130e-01
-3.875205657593238651e-01
-3.836402152631838702e-01
-4.046184592730433516e-01
1.613769128943241260e-01
1.613769128943241260e-01
1.481285310562492075e-01
1.937026893216015622e-01
1.937026864857992192e-01
2.220613603478127918e-01
1.945539106516395167e-01
2.123370018140751936e-01
-3.825303036367410092e-01
2.089292370055692849e-01
7.199689944489797711e-01
-5.246155553643468972e-01
-5.246155553643468972e-01
-3.940936282354597919e-01
-5.123209503868938475e-01
8.511236458273379046e-01
-3.224354211573504103e-01
-3.224354211573504103e-01
-4.214910484870854068e-01
-3.224354211573504103e-01
-3.224354211573504103e-01
-3.224354211573504103e-01
2.484165681903914846e-01
1.331939571006530709e-01
1.331939569979391225e-01
1.331939569979391225e-01
1.472099720965309999e-01
1.472099720965309999e-01
2.344005529860918591e-01
1.503108741082468391e-01
7.063030993149663206e-02
-4.194802963685372310e-01
7.199689944489797711e-01
7.199689944489797711e-01
7.199689944489797711e-01
7.199689944489797711e-01
7.199689944489797711e-01
7.199689944489797711e-01
-5.246155553643468972e-01
-7.898583251126074789e-02
-7.898586244840871684e-02
-7.898586244840871684e-02
-7.898586244840871684e-02
2.467922909626643624e-01
1.329615037136839817e-01
1.329615037136839817e-01
1.329615037136839817e-01
-9.484882127490215642e-02
-1.803469777220210457e-01
1.010372474206592264e-01
1.170294571614392681e-01
1.170294571614392681e-01
1.170294585172325375e-01
-2.717745485051126231e-01
-2.717745485051125676e-01
-1.482830146953918460e-01
-1.482830146953918737e-01
-2.123313995785624519e-01
-2.123314060465352482e-01
-1.926631644057981152e-01
-1.476304107446692049e-01
-1.476304107446692049e-01
-2.057115024282067384e-01
7.199689944489798821e-01
-3.436843555801154526e-01
-3.436843555801153416e-01
-3.436843555801153416e-01
-1.116998996754003937e+00
-3.436843555801157857e-01
-5.363700785542701022e-01
-5.363700785542701022e-01
-5.363700785542702132e-01
2.480729871678380993e-01
1.331939544802961672e-01
1.331939550784282111e-01
1.331939550784282111e-01
1.331939550784282111e-01
1.331939550784282111e-01
1.331939550784282111e-01
1.331939550784282111e-01
-4.214910464648602417e-01
-4.214910464648602417e-01
-4.041267389888856809e-01
-4.178915630117021607e-01
-4.178915666247453031e-01
-4.178915533082165346e-01
-6.568165131643738386e-02
-6.568165131643738386e-02
-6.568165131643738386e-02
-7.227557359920593061e-02
-2.057072285951096202e-01
-2.189556082626105127e-01
-1.179809840889218947e-01
-1.179809887466442969e-01
-1.166090712712032074e-01
-1.422476905083330245e-01
-2.170408281627536073e-01
-4.482712884177164625e-02
-5.000987650871798612e-02
7.199689944489797711e-01
7.199689944489797711e-01
7.199689944489797711e-01
-3.436843555801153416e-01
3.666438903418256512e-01
3.666438903418256512e-01
3.666438903418257622e-01
3.492795831559908359e-01
3.824757668562746571e-01
3.824757668562746571e-01
3.462213837948395767e-01
3.462213837948395767e-01
1.026654583296351259e-01
3.462213848020181950e-01
1.711697640220538608e-01
3.359749313164673845e-01
2.752046752072641600e-01
3.359749313164673845e-01
3.359749313164673845e-01
3.359749313164673845e-01
2.463082975096683724e-01
3.846390634502024064e-02
-1.695382284945622653e-01
-1.695382284945622653e-01
-1.695382284945622930e-01
-1.695382241414443436e-01
-7.441283757579419955e-02
-7.441283757579418567e-02
-1.325154919658630415e-01
-1.325154919658630415e-01
-6.796258595709372963e-02
-4.493317985873063192e-02
-4.493317985873063192e-02
-4.493318012686675633e-02
-5.246155553643468972e-01
9.342472328684530147e-01
-5.246155553643468972e-01
-3.423503634507136795e-01
-3.423503634507136795e-01
-3.423503634507136795e-01
-4.214910484870854068e-01
-3.423503634507136795e-01
-3.819206935100585287e-01
-3.819206935100585287e-01
-3.819206935100585287e-01
-3.819206935100585287e-01
-2.968346769307094735e-01
-9.141877744884674417e-02
-9.141877744884677193e-02
1.520860705076837183e-01
1.520860705076837183e-01
1.520860705076837183e-01
1.520860705076837183e-01
1.520860745844377637e-01
1.520860745844377637e-01
-1.292981809127489168e-01
-1.292981809127489168e-01
-1.292981809127489168e-01
-3.711234461482813551e-01
-3.711234537802503564e-01
-2.175006178301635840e-01
-2.054826339054302564e-01
-2.175006178301635840e-01
2.713077786770909938e-01
5.377038025353465533e-01
5.377038025353465533e-01
5.377038025353465533e-01
5.377038025353465533e-01
4.088228451329132818e-01
4.088228451329132818e-01
-1.598998444010230890e-01
5.695315219051291233e-01
-1.598998444010230890e-01
-1.598998444010230890e-01
-5.246155553643467861e-01
8.806776712211954461e-01
6.826379636434660725e-01
7.201100435946190537e-01
7.201100435946190537e-01
7.201100435946190537e-01
5.534666400937409136e-01
2.603555012896687781e-01
2.603554955631216528e-01
-1.988207315055057212e-03
-1.988202186755640144e-03
-2.101964924688806968e-01
-2.111801112907330524e-01
-9.173031583431487390e-02
-9.173031623755939501e-02
-9.173031623755939501e-02
-1.532404714458379669e-01
-9.829338217400032662e-02
-1.142855861108354742e-01
-1.142855831450340920e-01
-1.707239454052378869e-01
-1.640997406101059597e-01
-3.436843555801153416e-01
-3.436843555801153416e-01
-1.116998996754003937e+00
-3.436843555801157857e-01
-3.436843555801157857e-01
-3.436843555801157857e-01
6.553317351929924262e-02
6.553317351929924262e-02
3.482599335736538682e-02
3.482599356155184622e-02
3.482598657067806358e-02
6.905282765442666282e-02
6.905282765442666282e-02
1.351745061356761368e-01
1.351745061356761368e-01
2.198328566403293383e-01
6.662228549839583902e-01
5.354782450419748319e-01
7.586732453764755135e-01
7.586732339045233475e-01
7.586732339045233475e-01
7.586732420810824440e-01
7.586732346582748532e-01
7.586732352632019616e-01
7.586732352632019616e-01
7.586732458745513163e-01
7.586732477040165623e-01
5.823125577582871637e-01
-2.692322763854845813e-01
-2.692322763854845813e-01
-2.692322891157896692e-01
-4.309042643576505571e-01
-4.214893860175321638e-01
-4.068690909083255147e-01
-4.330600373116649804e-01
1.408880088166783173e-01
1.408880080852105976e-01
1.408880057807374575e-01
2.114414372736856951e-01
2.480729871678378773e-01
2.480729871678378773e-01
2.480729871678378773e-01
2.480729871678378773e-01
2.480729871678378773e-01
2.654372947195980381e-01
1.472099699710018583e-01
1.331939545770445266e-01
1.472099699710018306e-01
-5.363700785542699911e-01
-3.397997261119482526e-01
-5.363700785542699911e-01
1.472099699710019971e-01
2.569269317505606942e-01
2.569269317505606942e-01
2.569269325020487882e-01
2.569269325020487882e-01
2.569269387099566981e-01
2.318851082441633904e-01
-1.106547399883965610e-01
-1.161633753549205922e-01
-1.092636900120246696e-01
-5.246155553643468972e-01
-5.246155553643468972e-01
-5.363700785542701022e-01
-5.363700785542701022e-01
-5.223540634682102279e-01
-5.223540634682102279e-01
-5.223540634682102279e-01
-4.546787583948445621e-01
-4.546787583948445621e-01
-4.546787583948445621e-01
3.492795831715163057e-01
3.492795831715163057e-01
-3.423503634507136795e-01
-3.423503632877493708e-01
-2.410635081931253587e-01
-1.254366730174215350e-01
3.748516076573306099e-01
4.327779907015797400e-01
4.327779907015797400e-01
1.307083192241597358e-01
2.903185484956001192e-02
2.903185484956001539e-02
2.903185484956001539e-02
1.547157789340267708e-01
1.547157756474844270e-01
-4.116325414336018951e-01
-4.229407315784950994e-01
1.434075595417091953e-01
2.090038524513141149e-01
1.928169803711413666e-01
-3.436843555801153416e-01
3.666438903418256512e-01
-3.436843555801153416e-01
6.553317351929946466e-02
6.553317351929946466e-02
1.009476675208905438e-01
1.009476675208905438e-01
-3.057808552861164264e-01
-3.057808552861164264e-01
6.918788617449689315e-01
6.918788617449689315e-01
6.918788702249789591e-01
6.918788737499956820e-01
6.918788737499956820e-01
6.918788799521047306e-01
1.158317861778191404e-01
1.158317861778191404e-01
5.537546853457576967e-02
8.041729259832472443e-02
5.537546427797783444e-02
5.537547983966945725e-02
5.537547170649186057e-02
5.683913810131355770e-01
1.913417038472739473e-02
-4.528947120057046083e-03
1.334315527909213928e-01
1.334315527909213650e-01
1.442881897145780745e-01
1.442881853916994639e-01
-4.898294179256330871e-02
-5.092312461042362848e-02
-4.562577586662125428e-02
-8.423702388049716938e-02
9.767671954231643694e-02
9.767671954231643694e-02
9.767671954231643694e-02
9.767671954231643694e-02
6.226222554072535775e-02
-2.323591307544983775e-02
1.864458061370656561e-01
1.864458061370656838e-01
1.864458091314818988e-01
1.864458091314818988e-01
1.864458091314818988e-01
6.272612844080642514e-02
6.272612844080642514e-02
6.272612399004337536e-02
6.272612214647689532e-02
6.272613289157048799e-02
-7.292142334642103263e-01
-7.292142334642103263e-01
6.272613044252621506e-02
-3.392530389095432808e-01
-3.374930445745100149e-01
-3.289950460116553566e-01
-9.398819133524234648e-02
7.897564784958169271e-02
-7.506263727734059643e-03
-7.506264944388829630e-03
-1.736517058487438703e-01
-2.996531376595613083e-01
-1.750427589871024758e-01
-6.584112515180526315e-02
-1.430583462930452576e-01
-1.430583462930453131e-01
-1.044497359753129434e-01
-7.000435434082503960e-02
-4.270394801536574192e-02
-1.943279162069924404e-01
-1.943279162069924404e-01
6.508614224939245352e-01
4.840209908084088797e-01
2.025175791485739896e-01
-1.474049396114926191e-01
-1.474049396114926191e-01
-4.852600170132506108e-01
-5.214002836785233130e-01
-4.491197503479780750e-01
5.872253894289121146e-01
-4.491197503479780750e-01
-4.102272523883031541e-01
-2.224377042364402701e-01
5.975204357733854277e-03
5.975204357733854277e-03
5.975213522321387583e-03
1.335559200587493889e-02
3.768704634380634633e-02
2.465983166823572381e-02
2.465983166823570993e-02
5.664425654855888281e-02
1.454302600759082020e-01
1.454302600759085629e-01
1.134458339633438728e-01
2.202283660133659560e-01
-6.909552571451935132e-02
-9.171190287772015837e-02
-4.244011374118877855e-01
-1.530882589961600482e-01
-1.530882589961600204e-01
-3.881752147148044285e-01
7.199689944489797711e-01
7.199689944489797711e-01
7.199689944489797711e-01
9.767671954231643694e-02
9.767671954231643694e-02
9.767671954231643694e-02
9.767671954231643694e-02
9.767671954231643694e-02
9.767671954231643694e-02
9.767671954231643694e-02
1.133668808494451008e-01
5.377037872510982419e-01
5.377037872510982419e-01
4.134183902111136510e-01
3.824619153546980899e-01
1.810244054183662576e-01
1.007516414223435658e-01
1.235644409951552058e-01
1.235644409951552058e-01
1.235644759414480098e-01
-3.638782198367718212e-04
-3.638621916402101641e-04
7.402587933760411409e-02
7.199689944489798821e-01
7.199689944489798821e-01
9.767671954231643694e-02
-3.163324783123714345e-01
-3.163324783123714345e-01
-2.502108160738986120e-01
-2.502108160738986120e-01
-2.502108160738986120e-01
-5.725185220940453013e-01
-4.284135328354153893e-01
-4.751686272727683180e-01
5.196422853073305592e-02
5.196422853073305592e-02
5.196422853073305592e-02
4.065603036243840146e-02
6.582151228391300291e-02
6.582151228391300291e-02
9.103726800119837925e-02
1.265623388981229336e-01
1.265623357854074593e-01
1.265623298111260842e-01
1.265623274312614177e-01
-1.355363618347224797e-01
8.509532584546389278e-02
-1.355363467437495917e-01
-1.776938909089824659e-01
-2.778737914623742311e-01
-2.298971578104814506e-01
-3.084756219289395140e-01
-2.215511022983255862e-01
4.799755903272160951e-01
5.582751460747346073e-01
5.193058914818494687e-01
6.508614224939245352e-01
4.784647045579188962e-01
1.247074700293653166e-01
1.247074700293653166e-01
5.291056710034341970e-02
5.291056710034341970e-02
5.291056710034341970e-02
5.291056710034341970e-02
5.291056386427467340e-02
5.291056386427468727e-02
5.291056386427468727e-02
6.425115277872922581e-02
6.425115134137859840e-02
6.425115134137859840e-02
6.901337114700335784e-02
9.162976848752230064e-02
9.162975447141705199e-02
9.162975447141705199e-02
1.564563675976834989e-02
1.564567038956511322e-02
1.564566804582198656e-02
2.226982920542112943e-02
2.226982920542113636e-02
2.226982925388033829e-02
5.425425228773252118e-02
5.425425233619177862e-02
3.357805728028422088e-02
6.556245301890623045e-02
1.012229122706404111e-01
1.692671703063198807e-01
1.130562311891217114e-01
-3.436843555801153416e-01
-4.569336655641755840e-01
-4.569336655641755840e-01
-4.569336655641755840e-01
-3.112723761725482152e-01
2.573801715627367370e-01
3.897143279127491811e-01
3.897143296221256548e-01
3.395399088329156267e-01
3.395399084392027866e-01
2.184081597970009281e-01
-3.910263853178144178e-01
-3.910263853178144178e-01
-3.077229495982007346e-01
-2.964147504272038325e-01
1.144169896560111865e-01
1.144169890109008603e-01
4.304602350224047413e-02
4.304602338640221848e-02
1.142070071248440233e-01
1.142070071248439678e-01
1.142070081438783247e-01
9.504008637206054488e-02
4.957068174761478097e-02
4.957068085362753562e-02
5.460195546583634929e-02
8.793988011663773918e-02
7.197095892612187518e-02
7.197094691771399599e-02
2.872571376278405531e-01
4.664352903631025504e-01
4.664352472997470023e-01
6.037600298346532668e-01
4.492226958510083246e-01
5.377038025353465533e-01
5.377038025353465533e-01
5.377038025353465533e-01
6.682257296642338806e-01
-5.123209503868938475e-01
-5.123209503868938475e-01
3.266754888809265123e-01
1.614121286038821546e-01
9.076403986903171239e-02
-3.718795284248360700e-02
2.125008983003576768e-01
2.125009108167184579e-01
1.423685073502736487e-01
1.423685073502736487e-01
1.560328082761041069e-01
1.560328082761041069e-01
-3.473675914435428447e-01
1.560328082761041069e-01
1.557684995241673809e-01
1.397763169270608841e-01
-2.660806777252583410e-01
-2.660806777252583410e-01
-2.660806777252583410e-01
-2.797449790441446371e-01
-4.054744611373598540e-01
-3.602416683521869611e-01
-3.828580572657140912e-01
-2.797449777589097186e-01
-2.797449779857124619e-01
-2.981576194378541822e-01
-2.305509061233541324e-01
-2.145587122978912520e-01
-2.867479123329776391e-01
7.199689944489797711e-01
5.377038025353465533e-01
5.377038025353465533e-01
5.359823924267396178e-01
-2.570234970161595078e-01
4.589188261184207196e-01
1.614121286038822101e-01
2.626187246075605275e-01
1.147976738085518256e-02
3.614118448932762129e-01
3.614118448932762129e-01
3.614118448932760463e-01
3.614118448932760463e-01
3.614118448932760463e-01
3.614118555478225137e-01
3.101654858656314184e-01
6.272610285785212847e-02
1.990875087318201841e-01
1.990875087318201841e-01
1.990875046667052173e-01
1.990875256414591787e-01
1.990874971857150566e-01
1.990874971857150566e-01
-3.802455183990952614e-01
-3.802455216985879405e-01
-3.436843555801153416e-01
-2.238273133455565000e-01
-2.238273133455565000e-01
-2.238273133455565000e-01
1.569382419782087146e-01
1.569382419782087146e-01
1.569382419782087146e-01
8.160494653080795080e-02
8.160494653080795080e-02
8.160494653080795080e-02
8.160494653080795080e-02
9.296940658769181631e-02
-2.402413679634781696e-01
-2.402413679634781696e-01
2.527846570150661942e-01
2.527846570150661942e-01
2.527846570150661942e-01
2.527846632995124354e-01
-2.411846288361985113e-01
-2.411846288361985113e-01
-2.411846288361985113e-01
-1.712435572410947460e-01
-1.712435583521023374e-01
4.584496250475899592e-01
4.584496250475899592e-01
2.050428176998927432e-01
2.050428176998927432e-01
2.050428176998927432e-01
4.584496250475899592e-01
4.707280440094057661e-01
9.767671954231643694e-02
6.553317351929946466e-02
-4.780568420613866276e-02
2.199688687060809278e-02
2.199688218131159653e-02
-6.546618550517369073e-01
-3.163324803817031405e-01
-3.163324803817031405e-01
-9.057898401901615104e-02
-9.057898815767931322e-02
-9.057898608834773213e-02
-9.057898608834773213e-02
-9.057898608834771825e-02
-9.057898608834774601e-02
-9.057898746733863971e-02
-9.057898884632946401e-02
-5.859457127365453460e-02
-1.225634087579710596e-01
-5.859456961014712639e-02
-4.534618786852472050e-02
-4.534618786852472050e-02
-4.534618786852472050e-02
-1.358117898241342214e-01
-2.034557268676915887e-01
2.229776020696044858e-02
2.229776020696044858e-02
2.229776020696044858e-02
-3.186265290569673114e-04
4.135402818204328423e-02
4.135402291408836473e-02
-2.677448084088491220e-01
-2.587962842533550467e-02
1.582527260645077427e-01
1.582527191348663820e-01
-2.587961930991868054e-02
-2.587961930991868054e-02
7.199689944489797711e-01
6.508614224939245352e-01
-2.396591898458502179e-01
-2.396591898458502179e-01
-3.536375127883951697e-01
1.451204152076471243e-01
1.451204211506595954e-01
-3.536375096564239873e-01
-1.042585441260697326e-01
4.015705586059383214e-01
3.930601963537916910e-01
1.076342019591764454e-01
1.076342019591764454e-01
3.823831589425293054e-02
-2.150763201241412403e-02
2.270741277787576284e-01
2.445021862987860339e-02
1.718740281081077709e-02
2.639858706382607750e-02
-3.671884038777878390e-01
-3.445720126157970631e-01
-1.479481929272859486e-01
-1.479481987981818014e-01
-2.073954339329826535e-01
-1.479481987981818014e-01
-1.323457977420149367e-01
-1.356578552053586406e-01
-1.356578552053587239e-01
-1.356578393681165673e-01
-1.790661705252920566e-01
7.199689944489797711e-01
-5.246155553643468972e-01
4.747507026187142709e-01
-3.436843555801153416e-01
-7.303416761670598056e-01
-7.303416761670596946e-01
9.767671954231643694e-02
9.767671954231643694e-02
9.767671954231646470e-02
9.767671954231646470e-02
9.767671954231646470e-02
9.767671954231646470e-02
3.073584387548317087e-01
3.073584387548315977e-01
3.073584387548315977e-01
2.766512585928979084e-01
2.766512640158980685e-01
1.283839491108210162e-01
-2.502107602255777552e-01
-2.034556696499879580e-01
-2.034556696499879580e-01
2.229780506941734380e-02
-2.034556696499879580e-01
-2.034557318831274886e-01
-2.034557318831274886e-01
-7.506268088513297354e-03
-1.736516869893895421e-01
-1.736516869893895421e-01
9.767671954231643694e-02
-1.441485456932161124e-01
-1.441485456932161124e-01
-1.441485456932161124e-01
-1.441485456932161124e-01
2.480729871678379050e-01
2.480729871678379050e-01
3.666438903418254847e-01
-4.406627433087845214e-01
3.666438903418256512e-01
3.666438903418256512e-01
3.666438903418256512e-01
3.666438903418256512e-01
3.666438903418256512e-01
3.666438903418256512e-01
3.073584387548317642e-01
8.160494653080788141e-02
3.117344185272712467e-02
3.117344185272712467e-02
3.117344185272712467e-02
-2.123314140294225993e-01
-2.123314140294225993e-01
-2.123314140294226826e-01
-2.123314167712146983e-01
-2.123314167712146983e-01
-1.677962087265310598e-01
-1.451798124611340668e-01
-1.131953832157390483e-01
-1.131953780487400529e-01
-5.231917033075104279e-02
-7.086371707530070285e-03
-1.288388016892398624e-01
7.199689944489797711e-01
7.199689944489797711e-01
9.767671954231643694e-02
9.767671954231643694e-02
-7.303416761670598056e-01
-7.303416761670598056e-01
6.553317351929924262e-02
-2.238273292799192460e-01
-7.417261862741177936e-01
7.691765972636846471e-02
7.691766827689541786e-02
3.944558159694333543e-02
-5.233228857190752592e-01
1.844183556286519421e-01
1.844183556286519421e-01
1.844183556286519421e-01
-2.358377758290453041e-02
8.593064464508358424e-02
8.593065524514353903e-02
8.593063808461470776e-02
2.465982667695623340e-02
-1.014135524905937225e-01
-1.014135488636680599e-01
-1.014135437509974813e-01
-3.787560341128275443e-01
-1.235146036613615772e-01
-1.235146036613615772e-01
-7.813242651549544282e-02
-7.813241364663948973e-02
1.401910817369501072e-01
1.854238886368046457e-01
1.854238886368046457e-01
2.610059617308422286e-01
-9.259981841755293708e-02
6.508614224939245352e-01
3.171805591228933352e-01
3.171805591846825201e-01
-3.523834763675265935e-01
-3.523834763675265935e-01
-3.523834763675265935e-01
-2.810202209890513836e-01
-1.800046543188717485e-01
4.189761998970944479e-01
-3.047393343356655793e-01
-2.144438108087483308e-01
-1.372028365059547172e-01
3.150113720511844573e-01
-2.737563193054314281e-01
-4.273791509497208985e-01
-4.593635611852137646e-01
-1.499063675570830312e-03
-1.351224114221721284e-01
-1.351224114221721284e-01
-2.305771746454885474e-01
-2.305771746454885474e-01
-2.305771710191618640e-01
-2.305771696700524287e-01
2.154856542866192548e-01
1.265658800367072678e-01
-2.034603202291069279e-01
-2.034603202291069279e-01
-5.980679976660087105e-01
-4.426852157860394765e-01
-3.207507220838819451e-01
-5.246155553643468972e-01
-5.246155553643470082e-01
-5.304928169593086107e-01
-5.304928169593086107e-01
-5.304928169593086107e-01
-5.304928169593086107e-01
4.840209908084088797e-01
4.840209908084088797e-01
4.840209908084088797e-01
4.840209908084088797e-01
4.015705502059385701e-01
4.015705502059385701e-01
4.015705502059385701e-01
4.015705542025836960e-01
4.015705542025836960e-01
2.817431579248615425e-01
-2.968346522691450717e-01
-2.189468339603688474e-01
3.006364279591471345e-01
1.759013899362633360e-01
-3.836402196766284800e-01
-2.709231659543656634e-01
-1.678566416936180805e-01
-1.678566416936180805e-01
-3.596603127179470727e-01
-3.698575724092665884e-01
-3.482112714291133448e-01
-1.472896541644195811e-01
-1.472896541644195811e-01
5.377038025353465533e-01
5.377038025353465533e-01
4.978312914981097848e-01
3.748516218090200969e-01
-2.546302310172761652e-01
-1.624447495186922552e-01
-2.152485471542870399e-01
-1.278374810177907717e-01
-6.445608842418398821e-02
-6.445608705462721466e-02
-6.445607519396998053e-02
-1.463573147374687133e-01
-2.425825612427358335e-01
-2.885013236935478620e-01
-3.181070128636158123e-01
-3.852989995637779441e-01
-3.852989990747844873e-01
-4.328109354088371941e-01
-4.290296689977747824e-01
-2.326078295154230396e-02
-1.778700916425373091e-01
-2.150444566104871280e-01
-2.191180146139798390e-01
-1.512759253032020246e-01
-1.669651875662662710e-01
-1.667642753384816490e-01
-1.431486420398940806e-01
-1.242100364659240314e-01
-1.172322909874813357e-01
-1.900470691378277066e-01
-1.899552326721598849e-01
-3.688208488042222788e-01
4.840209908084088797e-01
4.840209908084088797e-01
4.840209908084088797e-01
4.840209908084088797e-01
4.015705415226837882e-01
4.015705418164825513e-01
-7.545753461254921940e-03
-7.545749061157264181e-03
-7.545748547957333713e-03
1.520860742809038990e-01
5.554939879987432633e-02
-1.542914615420635793e-01
-1.549137342873615486e-01
-1.582265090334261659e-01
-1.582265090334261659e-01
-6.918975621089937245e-02
-3.720533709328013861e-02
8.050304395701093907e-02
4.522592594603105920e-02
-1.287201048280486593e-01
-9.947952371675487793e-02
-8.445739040781330420e-02
-1.051336042521908709e-01
-5.173399516039881713e-02
-8.550981362225831828e-02
-8.550979945095860124e-02
-1.656795352687307765e-01
-1.656795352687307765e-01
7.199689944489797711e-01
7.199689944489797711e-01
-3.436843555801153416e-01
-3.436843555801153416e-01
-3.436843555801153416e-01
-3.436843555801153416e-01
4.747507026187142709e-01
4.747507026187142709e-01
2.480729871678380438e-01
2.480729871678380438e-01
4.747507026187142709e-01
3.548936603841554849e-01
2.527846301019388009e-01
2.527846429351914836e-01
2.088117980254543538e-01
1.557386316471955079e-01
2.161949425127904778e-01
2.161949425127904778e-01
-4.474365683314165398e-01
-4.323436400898930110e-01
-4.323436400898930110e-01
-4.625294926481862134e-01
-4.625295026080394889e-01
-3.002701554884564805e-01
4.250665928431166529e-01
4.250665928431166529e-01
-1.613985142155759667e-01
-9.365488644839498056e-02
-6.657982360874726835e-01
-5.866408383930121762e-01
7.199689944489797711e-01
7.199689944489797711e-01
7.199689944489798821e-01
9.767671954231643694e-02
9.767671954231643694e-02
9.767671954231643694e-02
9.767671954231643694e-02
9.767671954231643694e-02
3.073584387548317087e-01
3.073584387548317087e-01
2.766512618268192059e-01
2.479927101615002627e-01
2.479927101615002627e-01
2.766512525590738569e-01
1.283839314221188466e-01
1.283839314221188466e-01
1.749611126606540057e-02
2.158470814395535009e-01
-7.774138889732808144e-02
-7.774138564814343788e-02
-7.774138564814343788e-02
1.342207278492774103e-02
1.342207278492774103e-02
1.342207330242442542e-02
1.342207330242442542e-02
1.342206981187482606e-02
-3.404834539764701740e-01
-1.167080852439635053e-02
1.628037156503922001e-01
1.628037156503922001e-01
-1.167080852439639216e-02
7.199689944489797711e-01
6.508614224939245352e-01
6.226222554072531612e-02
6.226223065371194049e-02
1.694013498634485415e-01
-6.949271872784553716e-01
-6.698853608928423409e-01
-9.479149245952793734e-01
-1.661022848600605673e-01
-9.479149245952793734e-01
-7.460882556816141875e-01
-7.460882556816142985e-01
-5.387658284082930127e-01
-5.387658233635579386e-01
-5.387658233635579386e-01
1.318543781667687875e-01
1.318543781667687875e-01
1.318543781667687875e-01
-5.387658233635580496e-01
-5.387658233635580496e-01
-5.387658472587859571e-01
-2.635942197536242371e-01
-5.473645621315462173e-02
-5.473645694898779390e-02
-6.248578087601324160e-01
-6.248578087601324160e-01
-5.893421097052247148e-01
2.485523089947535014e-01
1.989355402912736936e-01
-2.764583169489783637e-02
-1.201375669715976230e-01
-1.201375676021296246e-01
-4.343510337573527891e-01
7.642709957339335891e-02
7.642711442095478924e-02
-1.726807530249255263e-01
-1.726807530249255263e-01
6.508614224939245352e-01
4.840209908084088797e-01
4.840209908084088797e-01
4.148189233309669266e-01
4.567400662915293563e-01
4.567400662915293563e-01
3.955284046456520874e-01
-4.557737491951087683e-01
-4.557737464517837567e-01
-4.557737464517837567e-01
-4.557737464517837567e-01
-4.020429601050087842e-01
-4.557737464517837567e-01
-2.959151617278109603e-01
1.031246499900736330e-01
-5.922328874192365339e-02
-5.922326897340966789e-02
-5.922326897340966789e-02
-5.521523443985405094e-02
-5.521523443985405094e-02
-1.259427356113115570e-01
-1.259427367491555150e-01
-1.485394475457626762e-01
-1.388873106759824227e-01
-1.410117833536596033e-01
-1.410117833536596033e-01
-2.193987308663050972e-01
-2.185349354585499615e-01
6.508614224939245352e-01
5.359823924267396178e-01
5.359823924267396178e-01
5.377038025353465533e-01
5.377038025353465533e-01
-3.109700411943443488e-01
-3.109700411943443488e-01
-2.290497618404987445e-01
-2.290497618404987445e-01
-4.134602150589503644e-01
-4.146774358583231734e-01
-4.175353819583477177e-01
-4.175353819583477177e-01
-4.175353856946979469e-01
-6.371735867546524101e-01
-6.051891665170116008e-01
-6.051891583021203891e-01
-2.123314496203202451e-01
-2.123313987973461381e-01
-2.123313987973459160e-01
7.199689944489798821e-01
7.199689944489798821e-01
7.199689944489797711e-01
7.199689944489797711e-01
7.199689944489797711e-01
7.199689944489797711e-01
7.199689944489797711e-01
7.199689944489797711e-01
7.199689944489797711e-01
7.199689944489797711e-01
7.199689944489797711e-01
5.377037843113616766e-01
-3.109700198327635667e-01
-3.109700198327635667e-01
-3.109700198327635667e-01
-1.866846244628473372e-01
-1.866846244628473372e-01
-3.588004872843958415e-01
-3.588004872843958415e-01
-3.588004763130920316e-01
-3.588004700933347668e-01
-3.588004700933347113e-01
-3.588004700933347668e-01
-3.687112898481128553e-01
7.199689944489797711e-01
5.377038025353465533e-01
5.377038023723822446e-01
5.377038023723822446e-01
5.377038023723822446e-01
5.377038023723822446e-01
5.377037843113616766e-01
5.377037843113616766e-01
5.377038170771869519e-01
7.513493142017027004e-01
7.513493142017027004e-01
6.628751519625259991e-01
6.628751519625259991e-01
5.204985800473835855e-01
4.811278629207664248e-01
3.486972573191994829e-01
3.486972541506317413e-01
-1.449108386727754327e-02
3.486972541506317413e-01
3.486972541506317969e-01
3.486972541506317969e-01
3.203517513198351763e-01
9.162974432009721171e-02
9.162974432009723946e-02
9.162974742610863199e-02
9.162974508880247781e-02
-3.012268084544839075e-02
-3.012268084544833524e-02
-3.012266133658270811e-02
-9.057899038974050188e-02
-9.057898827746531378e-02
7.199689944489797711e-01
5.642005639299686459e-01
5.642005558132980880e-01
5.642005558132980880e-01
5.642005558132980880e-01
2.660264748475583141e-01
2.127000448328443538e-01
2.127000448328443261e-01
2.127000448328443538e-01
2.636782942990019696e-01
2.109491186756728698e-01
2.109491186756728698e-01
2.715244171379031513e-01
2.715244171379031513e-01
2.030263288951259515e-01
-5.118029114581400946e-02
-5.118029267220979006e-02
-5.118027743521294526e-02
4.636079963550282512e-03
4.636086789716345469e-03
4.636086789716345469e-03
4.636086789716345469e-03
4.636086789716345469e-03
-6.438987501976094208e-02
-4.287860517679034644e-01
-7.466858799977840189e-01
-7.466858799977840189e-01
-6.478223576402903916e-01
-6.972541077943638088e-01
-6.478223555007122103e-01
-6.478223734180873494e-01
-6.478223685985460278e-01
-7.040714652977898558e-01
-7.040714355089172649e-01
6.508614224939245352e-01
6.508614224321348507e-01
4.784647137807281903e-01
-1.398977553660418205e-01
-6.935574422988804999e-02
-6.935575455160002123e-02
-3.113286327218254268e-01
-3.113286317217789367e-01
4.938812445085337122e-01
4.120630445092968719e-01
5.821546901261788476e-02
-4.457842391428910589e-01
-4.284135674114371017e-01
-4.284135674114371017e-01
-1.171618982271082077e-01
-1.171619057087720656e-01
-2.693000748328594485e-02
-2.693000355183544636e-02
-6.503191353092366289e-02
5.891057510326842134e-02
5.891057510326838664e-02
-9.895651114753623023e-02
-1.017657497525338156e-01
-4.990905224564508302e-02
-1.727933649331133553e-02
-1.727934134074615713e-02
-1.727930081130015297e-02
2.367131259831690981e-02
2.367131149408936014e-02
1.598810942106105443e-02
-1.526819451596983790e-01
-1.366897364486374389e-01
-6.959006674629354683e-02
-6.959011860452962717e-02
-6.793406325471620932e-02
2.603849544463061536e-02
3.734669198916253097e-02
2.480729871678378773e-01
7.199689944489797711e-01
5.377038025353465533e-01
5.377038025353465533e-01
4.261801452990824912e-01
4.261801452990824912e-01
4.261801559296840569e-01
-4.124252764000590488e-01
-4.124252815529671490e-01
5.481556606440592949e-01
7.470984759818763976e-01
-4.546787587027414923e-01
-4.546787587027414923e-01
-4.546787587027414923e-01
-4.214910459634766404e-01
-3.998764103652514001e-01
-3.998763891579986129e-01
-2.805670216953182750e-01
-2.805670216953182750e-01
9.822140869785052353e-02
9.822140667847831241e-02
9.822141851536261847e-02
9.822141851536261847e-02
4.743315288142526537e-02
2.266924295643026055e-02
5.266211591841762213e-02
5.266209271700151434e-02
1.543346002333037537e-03
1.543345383121542957e-03
-5.356743793735188608e-02
-7.509042485107081388e-02
5.377038025353465533e-01
5.377038025353465533e-01
-3.423503634507136795e-01
5.377038025353465533e-01
-3.109700411943443488e-01
7.206017186984505773e-01
5.481556481909163336e-01
-4.124252722965251472e-01
4.261801452990825467e-01
4.261801421592316119e-01
4.261801421592316119e-01
3.033692341730313546e-01
3.033692341730313546e-01
1.619996149075356162e-01
1.619996083526528130e-01
1.619996083526528130e-01
7.858553186028424675e-02
-2.178077178162929339e-03
1.702946448870455987e-01
1.702946448870455987e-01
1.450365962362650807e-01
7.745548541641363027e-02
7.608361248034280211e-02
7.608361140692559976e-02
7.608361140692559976e-02
6.540611631680098847e-03
-1.837662512386434854e-01
5.377038025353465533e-01
5.377038025353465533e-01
7.513493167053493238e-01
-5.246155553643470082e-01
-4.123993840238943664e-01
-4.123993840238943664e-01
-2.465174049572433357e-01
-2.465174049572433357e-01
-2.465174049572433357e-01
-2.597657756401379747e-01
-1.452133295220913167e-01
-1.452133295220913167e-01
1.237078854123897925e-01
1.237078854123897925e-01
4.700884421239557437e-02
-8.530302436017517254e-02
8.056061330076225158e-02
-3.253530628961808779e-01
-4.955676244710567890e-01
-3.450587918799667420e-01
-3.251861962239923631e-01
-3.251861962239923631e-01
-3.720311398481602749e-01
7.199689944489797711e-01
7.199689944489797711e-01
7.199689944489797711e-01
7.199689944489797711e-01
7.199689944489797711e-01
7.199689944489797711e-01
7.199689944489798821e-01
5.377038023723822446e-01
9.767671954231643694e-02
1.283838927331735491e-01
-1.835452198537235180e-01
-1.835452198537235180e-01
-1.835452198537235180e-01
-1.835452198537235180e-01
-3.163324844889202070e-01
1.351745072161381622e-01
1.351745072161381622e-01
1.351745072161381622e-01
1.445202024905879040e-02
1.445201891930918137e-02
3.238440467609391554e-02
4.506452933595696264e-02
9.304115660913547803e-02
4.506452933595696264e-02
5.209054086819878832e-02
5.705869008415189597e-02
6.553983708485199011e-02
-9.554713914353366033e-02
-9.057899327112181598e-02
-8.355297053270294150e-02
-8.355295994653277880e-02
-8.355295994653277880e-02
-9.760494632614978572e-02
-9.457697587583778487e-02
-9.057892935715777805e-02
9.767671954231643694e-02
9.767671954231643694e-02
6.226222554072535775e-02
-2.323591307544983775e-02
3.033364652941850093e-02
3.033364652941850093e-02
3.033364652941850093e-02
3.033364652941850093e-02
-2.323591307544983775e-02
4.840209908084088797e-01
5.433064423954028221e-01
2.025175791485741561e-01
-1.418502860897371265e-01
-9.141877629851900833e-02
-3.972128825409725339e-01
-2.443158267984997245e-01
-2.443158267984997245e-01
-2.443158267984997245e-01
-3.524303665815705089e-01
-3.364381611052443821e-01
-2.978295491089880676e-01
-2.978295414134476959e-01
-1.268332680683899594e-01
-2.996531122393310542e-01
-1.250096993343828844e-01
-2.996531122393310542e-01
-2.996531139683479839e-01
-1.250097010633998695e-01
7.199689944489798821e-01
7.199689944489798821e-01
7.199689944489798821e-01
1.881423194344322425e-01
2.477503790946319062e-01
-8.454048603301615727e-02
-1.266897504343816039e-01
-1.266897504343816039e-01
-1.266897504343816039e-01
-4.239122163165075230e-02
-1.266897504343816039e-01
-4.654707327879689660e-02
-4.654707782151194795e-02
-6.314092823641750951e-02
-1.198402305920284322e-01
-1.198401957608911522e-01
-1.198401957608911522e-01
-5.347007846485313243e-02
2.360175757290904064e-01
2.542748107317976403e-01
2.542747861766611606e-01
2.542748011176347855e-01
1.335567608582798049e-01
1.005379647087418782e-01
1.005379647087418782e-01
1.767722902459220313e-01
-2.724320938777465839e-01
-2.724320938777465839e-01
-3.199416649301060067e-01
-3.199416649301060622e-01
2.327428126277130138e-01
7.199689944489797711e-01
-5.246155553643468972e-01
-5.246155553643468972e-01
-5.246155553643468972e-01
-5.246155553643470082e-01
-5.246155553643470082e-01
-1.116998996754004159e+00
-1.030246440889740489e+00
-1.565355871109651298e-01
-1.030246440889740489e+00
-9.689031294584360410e-01
-9.689031300155479531e-01
-9.689031300155479531e-01
-6.038695929461862510e-01
-5.547298457529677984e-01
-5.547298279464298876e-01
3.922542077594177307e-02
-5.547298279464298876e-01
-2.598881236996725130e-01
-3.586437370058844221e-01
-2.626904750554163726e-01
-3.235666741686180625e-01
-4.195199361190861120e-01
-2.769676481133341861e-01
-2.769676481133341861e-01
-5.751205612906823417e-01
-5.751205404637048657e-01
-5.751205404637048657e-01
-1.955352188062567387e-01
-5.751205404637048657e-01
9.767671954231643694e-02
2.025175791485740451e-01
2.025175791485740451e-01
3.033364652941847317e-02
3.033364652941851480e-02
-9.057898608834774601e-02
8.160494653080785366e-02
8.160494653080782590e-02
-2.123314100666129911e-01
-2.123314100666129633e-01
-2.123313968819415254e-01
-2.283236019819788465e-01
-2.236396014802142507e-01
-2.615189946184730552e-01
-1.284583689705315612e-01
-1.125761821621574094e-01
-1.191040516136790406e-02
1.734328148599905695e-01
1.734328060460957888e-01
1.734328006770073372e-01
1.734328093218753808e-01
1.734328101043685622e-01
9.038868621543466597e-02
9.038868621543466597e-02
1.076721066768756840e-01
7.532815201721899945e-02
7.946828515349063649e-02
-7.602392982624452122e-02
-1.355014578423270610e-01
-1.355014578423270610e-01
7.199689944489797711e-01
7.199689944489798821e-01
7.199689944489798821e-01
5.377038023723822446e-01
5.377038023723822446e-01
5.377037977359433452e-01
-2.238273101894834582e-01
1.569382447994837615e-01
1.569382447994837615e-01
1.569382447994837615e-01
1.569382447994837615e-01
1.569382397347218738e-01
1.569382426506762129e-01
1.569382360116537423e-01
1.569382484157279545e-01
2.412367521218909683e-01
2.288915127038790576e-01
2.288915127038790576e-01
-1.842960357684297890e-01
-1.842960346413188288e-01
-2.416882819210037781e-01
-4.208279161466838558e-01
-2.785452098713534497e-01
-2.423753712907764368e-01
-2.831505091408887398e-01
-1.415123138889069487e-01
-1.415123199293725487e-01
-2.831505049525301354e-01
-2.423753755921928543e-01
4.899121504110087733e-02
4.899120627423690644e-02
4.899121492086984386e-02
6.508614224939245352e-01
-5.263369654729539437e-01
-5.275541862738656329e-01
5.905197257192144056e-01
4.267816052186440001e-01
4.267816052186440001e-01
-2.732432486437073593e-01
-2.732432526082553270e-01
-3.554770111772878605e-01
-3.554770131765043750e-01
-3.554770131765043750e-01
-3.229282873614262028e-01
-3.229282810491670985e-01
-2.959410178135505887e-01
-3.595047995126235407e-01
-3.191364362501128427e-01
-2.373337378444996815e-01
-2.373337364902716462e-01
-2.712496741155713265e-01
-2.818548541785030337e-01
-2.818548310595775375e-01
-2.818548315937743354e-01
-2.349049886801009290e-01
-1.215580062085168667e-01
-1.023490871713087780e-01
-2.585632923507352188e-01
-3.549096374245263585e-01
-3.549096374245263585e-01
-2.585632923507352188e-01
-1.339833595380333642e-01
-1.339833610283138188e-01
-1.339833595380333919e-01
-1.339833589341362374e-01
7.199689944489797711e-01
-5.246155553643468972e-01
-5.246155553643468972e-01
-5.246155553643470082e-01
-5.246155553643470082e-01
2.048158387520530588e-01
2.048158387520530588e-01
-3.700942648347943509e-02
-4.885164109315274228e-01
-4.885164109315272563e-01
-3.921735494444500980e-01
-6.094290435492936142e-01
-6.094290435492936142e-01
-6.094290435492936142e-01
-6.094290435492936142e-01
-6.094290435492936142e-01
-6.094290414799619082e-01
-6.094290414799619082e-01
-6.094290575245996378e-01
-2.726783753641859320e-01
-2.782425661928374927e-01
4.358202795628492859e-02
-9.057898608834775989e-02
-9.057899197954574766e-02
-9.057899197954574766e-02
-9.057899197954574766e-02
-9.057899197954573378e-02
-9.057899197954577541e-02
-9.057899040484335140e-02
-9.057899650860963547e-02
-4.680115070090459795e-02
-5.616916762004725561e-02
7.199689944489797711e-01
5.642005639299686459e-01
5.204476923334099281e-01
5.204476923334099281e-01
-1.092454596541158618e-01
-1.092454596541158618e-01
-1.092454596541158618e-01
-9.265899208982997237e-01
-1.092454596541158618e-01
5.204476923334099281e-01
5.204476923334099281e-01
5.204477025113150024e-01
6.202091376762802755e-01
-4.843539767238157490e-01
4.722068048682722674e-01
4.722068048682722674e-01
4.702045224177556770e-01
4.702045222169705108e-01
-3.805029122883313297e-01
-3.805029107531531229e-01
-3.805029107531531229e-01
-7.561954970254072261e-01
-4.897045514742661143e-01
-4.897045518939233677e-01
-7.561954971964495176e-01
-7.561954732550255631e-01
-7.561954732550255631e-01
-7.011765904661335647e-01
-6.233623562007658547e-01
-2.476419748783159069e-01
-7.190622857592235961e-01
5.642005639299686459e-01
5.642005639299686459e-01
5.642005639299686459e-01
2.654372943381472782e-01
5.642005639299686459e-01
5.642005639299686459e-01
5.642005639299686459e-01
5.642005639299686459e-01
5.642005639299686459e-01
5.642005639299686459e-01
5.642005639299686459e-01
6.682257296642338806e-01
6.682257296642338806e-01
6.682257296642338806e-01
5.642005639299686459e-01
5.642005639299686459e-01
5.642005639299686459e-01
5.642005639299686459e-01
4.540556468035135129e-01
4.540556468035135129e-01
4.540556468035135129e-01
4.282312732574947156e-01
4.282312732574947156e-01
2.849641021516942652e-01
-6.091347016357407523e-02
1.728520400521040834e-01
1.728520405966683660e-01
5.642005639299686459e-01
5.642005639299686459e-01
5.642005639299686459e-01
5.642005639299686459e-01
-1.879159250611041609e-01
3.492795831715164168e-01
-1.879159250611041609e-01
-1.879159250611041609e-01
-1.879159250611041609e-01
-1.092454596541158618e-01
-1.092454596541158618e-01
2.998100886916442720e-01
-2.101084747254230445e-01
-2.101084856222881214e-01
-2.101084856222881214e-01
-1.354326338981299838e-01
-2.559350947200508819e-01
-2.559350679720521771e-01
-2.559350534010619294e-01
-2.739660956085133714e-01
-2.739660989299101401e-01
-2.819622123072873521e-01
-2.592964881103190788e-01
-1.007455863220146075e-01
-1.342858271686725447e-01
1.480820533292337149e-01
1.254656505859198523e-01
-1.304505881718729388e-01
-1.304505856624232629e-01
-4.133937242833238268e-02
-4.505330514504990447e-02
-4.411617932931218011e-02
1.556798562651829920e-01
-3.690241424614634225e-01
-3.658541079017605946e-01
5.642005639299686459e-01
5.642005639299686459e-01
5.642005396683443808e-01
4.261801591808379586e-01
4.261801591808379586e-01
4.261801591808379586e-01
4.261801591808379586e-01
4.198493753533265593e-01
4.198493704066602605e-01
3.063613852170645191e-01
3.063613852170645191e-01
3.063613852170644636e-01
-4.036125885559531667e-01
-4.362621032726656800e-01
-3.461084883665278000e-01
-4.142378621528395310e-01
-4.142378589040523473e-01
-3.970027659064879755e-01
-3.970027659064879755e-01
-3.970027652916042760e-01
-3.970027652916042760e-01
-3.970027655990461257e-01
-3.970027655990461257e-01
-2.576360165453492890e-01
-2.576360430255372758e-01
-2.576360361397767584e-01
1.384719192971864410e-01
1.384719167471565315e-01
1.045963205413762975e-01
4.697673899912907514e-02
2.001582351990167652e-01
2.244418650355579359e-01
1.538167520696515633e-01
7.716211283389363962e-02
5.377038025353465533e-01
5.377038025353465533e-01
5.377038025353465533e-01
5.377038025353465533e-01
1.133668819862340693e-01
1.133668803338273579e-01
1.133668803338273579e-01
1.133669336598144284e-01
1.891256127299629219e-01
1.891256127299629219e-01
1.891256286420666122e-01
1.891256380587658936e-01
1.069560793699091961e-01
-1.234921217728757042e-01
-1.234921039068054005e-01
-1.234921174425871737e-01
-2.115286785905579614e-01
2.381902978892209144e-01
-2.115287357378946020e-01
-2.115287002291022511e-01
-2.115287357378946020e-01
-2.115287357378946020e-01
4.180880725918827423e-01
4.180880725918827423e-01
4.180880397399139303e-01
3.374043226874067769e-01
7.509205163081639212e-02
1.266055927619283428e-02
-6.455666267959694893e-02
-6.455666540564380940e-02
1.266055711557966673e-02
2.065668062720139864e-02
2.065666945949598543e-02
2.065666945949598543e-02
2.065667966165345149e-02
2.065667966165343761e-02
3.030881248397727934e-02
-2.346690099682213759e-01
7.199689944489797711e-01
5.642005639299686459e-01
-3.782617517351660186e-01
-2.402413331126976859e-01
-3.208927177066473457e-01
-3.208927253898835597e-01
-3.208927196367789558e-01
-3.208927196367789558e-01
-3.254062126690042689e-01
