25
53
82
114
139
170
199
229
260
289
323
356
385
418
442
467
500
528
561
597
617
650
686
712
741
781
804
837
865
895
923
951
986
1016
1043
1072
1107
1140
1164
1195
1223
1250
1286
1312
1342
1365
1405
1432
1456
1491
1517
1547
1580
1601
1627
1658
1683
1713
1744
1774
1806
1836
1867
1896
1921
1965
1994
2027
2057
2082
2118
2151
2189
2223
2252
2279
2316
2339
2366
2404
2438
2470
2497
2528
2561
2591
2618
2653
2686
2713
2748
2769
2808
2836
2862
2891
2921
2948
2979
3016
3044
3086
3117
3148
3181
3208
3233
3263
3284
3314
3344
3379
3409
3440
3477
3507
3540
3564
3601
3628
3665
3695
3723
3751
3776
3803
3836
3872
3896
3928
3958
3981
4012
4038
4075
4095
4128
4157
4189
4216
4243
4279
4318
4344
4378
4409
4442
4477
4503
4539
4566
4593
4620
4649
4672
4707
4733
4765
4796
4822
4851
4874
4907
4934
4972
4998
5027
5055
5083
5111
5136
5164
5192
5222
5252
5272
5305
5340
5371
5399
5434
5465
5497
5523
5562
5593
5628
5660
5689
5715
5741
5769
5798
5829
5864
5888
5916
5949
5978
6018
6047
6083
6119
6154
6188
6219
6251
6284
6308
6338
6361
6389
6417
6438
6466
6494
6531
6555
6574
6600
6631
6666
6689
6718
6748
6771
6802
6828
6850
6878
6908
6939
6974
7005
7035
7061
7088
7118
7145
7180
7208
7238
7269
7306
7330
7355
7389
7420
7454
7486
7519
7550
7578
7609
7634
7665
7696
7742
7771
7809
7840
7870
7900
7936
7959
7985
8007
8032
8057
8079
8108
8133
8159
8184
8211
8234
8262
8294
8318
8344
8372
8393
8422
8451
8478
8503
8528
8553
8579
8608
8626
8667
8699
8719
8749
8780
8805
8835
8870
8899
8929
8958
8984
9013
9038
9064
9093
9123
9149
9182
9204
9231
9254
9283
9312
9337
9362
9386
9415
9441
9470
9503
9532
9562
9587
9617
9636
9663
9691
9718
9746
9767
9797
9824
9860
9896
9927
9957
9989
10021
10058
10086
10112
10133
10164
10191
10224
10255
10286
10309
10335
10368
10397
10423
10456
10484
10509
10533
10559
10580
10612
10637
10666
10694
10719
10738
10766
10793
10822
10852
10871
10890
10914
10940
10971
10990
11023
11061
11087
11120
11144
11169
11200
11226
11255
11287
11319
11342
11367
11393
11422
11450
11468
11502
11527
11558
11596
11619
11645
11669
11707
11734
11760
11787
11812
11841
11870
11905
11933
11964
11992
12019
12042
12065
12095
12119
12154
12185
12217
12241
12274
12304
12328
12359
12389
12416
12443
12468
12495
12519
12545
12568
12598
12623
12648
12673
12700
12728
12759
12786
12814
12840
12866
12893
12926
12948
12977
13008
13033
13055
13084
13109
13143
13172
13201
13231
13256
13288
13313
13343
13369
13397
13420
13445
13465
13492
13520
13552
13576
13602
13625
13651
13670
13698
13727
13761
13790
13814
13842
13869
13893
13914
13945
13974
14004
14030
14057
14081
14105
14128
14153
14178
14215
14239
14259
14278
14307
14342
14368
14390
14416
14440
14467
14490
14518
14546
14571
14599
14624
14644
14665
14690
14712
14746
14775
14810
14832
14860
14890
14915
14945
14976
15007
15030
15057
15089
15118
15145
15174
15199
15227
15248
15277
15308
15332
15352
15376
15411
15440
15460
15491
15516
15541
15570
15595
15629
15657
15677
15703
15727
15754
15784
15810
15838
15860
15888
15913
15943
15972
15998
16031
16059
16083
16109
16142
16167
16198
16223
16247
16269
16296
16319
16345
16373
16405
16434
16467
16491
16510
16531
16553
16575
16599
16629
16649
16680
16708
16739
16762
16790
16811
16833
16861
16883
16908
16935
16960
16988
17015
17044
17071
17094
17122
17146
17178
17207
17237
17258
17280
17305
17328
17355
17383
17407
17432
17460
17489
17513
17537
17560
17589
17622
17646
17670
17701
17728
17760
17790
17815
17842
17865
17887
17910
17939
17961
17983
18006
18031
18054
18078
18110
18135
18162
18191
18218
18240
18264
18290
18318
18341
18366
18392
18418
18442
18462
18486
18509
18532
18557
18582
18607
18630
18656
18684
18708
18736
18760
18783
18811
18833
18858
18882
18902
18927
18953
18982
19004
19023
19044
19065
19085
19105
19129
19158
19185
19208
19239
19257
19278
19304
19330
19352
19374
19392
19416
19442
19462
19494
19520
19544
19567
19592
19619
19638
19662
19685
19706
19733
19756
19777
19798
19825
19854
19885
19911
19932
19960
19982
20008
20037
20071
20096
20122
20146
20169
20191
20213
20233
20258
20284
20308
20331
20355
20377
20400
20429
20455
20480
20503
20526
20545
20570
20594
20624
20644
20670
20695
20720
20743
20767
20789
20812
20832
20853
20881
20906
20936
20963
20986
21011
21032
21057
21076
21096
21123
21150
21169
21191
21215
21237
21264
21288
21313
21332
21358
21380
21411
21431
21461
21487
21514
21535
21560
21589
21619
21645
21668
21692
21714
21738
21759
21779
21804
21830
21853
21874
21902
21925
21950
21978
21998
22019
22043
22070
22097
22122
22143
22170
22203
22225
22251
22274
22297
22322
22348
22371
22395
22418
22439
22461
22487
22509
22532
22551
22571
22590
22616
22640
22668
22694
22717
22737
22764
22783
22810
22831
22853
22880
22903
22925
22949
22969
22994
23014
23036
23059
23082
23102
23128
23151
23176
23197
23220
23242
23263
23282
23306
23329
23353
23376
23399
23426
23447
23474
23497
23519
23538
23564
23588
23613
23634
23658
23677
23703
23730
23757
23780
23803
23825
23845
23869
23892
23915
23937
23960
23983
24006
24029
24055
24079
24100
24124
24147
24171
24193
24215
24235
24258
24279
24302
24324
24351
24372
24396
24417
24449
24472
24497
24521
24546
24563
24584
24608
24632
24658
24677
24696
24720
24743
24768
24787
24812
24833
24852
24877
24901
24926
24947
24972
24998
25031
25050
25079
25103
25121
25137
25159
25181
25203
25224
25243
25269
25286
25309
25328
25353
25374
25398
25425
25446
25471
25496
25526
25551
25573
25593
25620
25639
25660
25686
25703
25723
25747
25771
25795
25817
25838
25856
25880
25902
25926
25952
25974
25996
26016
26039
26063
26084
26107
26130
26152
26174
26199
26220
26241
26265
26289
26312
26335
26358
26382
26406
26435
26458
26481
26497
26520
26546
26571
26595
26619
26643
26668
26694
26716
26737
26755
26774
26795
26813
26834
26854
26879
26900
26921
26944
26967
26988
27011
27030
27054
27079
27102
27125
27149
27164
27188
27210
27233
27249
27271
27296
27314
27338
27357
27376
27400
27420
27444
27466
27485
27504
27526
27549
27566
27586
27607
27628
27655
27675
27700
27722
27745
27767
27790
27810
27831
27854
27882
27903
27922
27941
27961
27984
28004
28024
28042
28065
28088
28108
28131
28151
28173
28197
28218
28240
28263
28285
28306
28327
28350
28375
28396
28419
28437
28462
28478
28499
28517
28542
28562
28582
28604
28627
28645
28666
28689
28707
28734
28757
28776
28799
28819
28847
28867
28889
28913
28933
28951
28970
28988
29013
29036
29058
29078
29100
29123
29150
29172
29195
29221
29249
29270
29295
29320
29340
29358
29377
29399
29419
29438
29458
29477
29501
29525
29541
29558
29577
29597
29623
29648
29669
29688
29706
29729
29752
29772
29797
29822
29843
29863
29888
29910
29932
29955
29974
29993
30015
30038
30060
30080
30097
30115
30139
30162
30180
30200
30218
30240
30260
30280
30300
30328
30352
30378
30400
30421
30444
30470
30491
30515
30537
30556
30573
30593
30614
30633
30656
30675
30694
30715
30733
30755
30777
30802
30820
30837
30857
30880
30898
30920
30948
30971
30995
31014
31035
31057
31073
31096
31118
31140
31165
31183
31204
31223
31242
31260
31281
31302
31320
31338
31359
31383
31404
31424
31449
31473
31495
31517
31538
31556
31581
31604
31623
31642
31661
31679
31699
31726
31746
31769
31789
31812
31830
31850
31875
31900
31925
31942
31964
31985
32009
32028
32047
32068
32086
32110
32132
32159
32181
32204
32226
32250
32270
32289
32307
32330
32353
32376
32395
32412
32430
32452
32474
32500
32523
32545
32564
32588
32609
32631
32651
32676
32696
32716
32734
32752
32778
32799
32821
32844
32863
32888
32907
32930
32949
32969
32990
33011
33027
33047
33063
33083
33098
33123
33143
33166
33185
33202
33222
33240
33258
33285
33309
33330
33349
33370
33394
33415
33435
33456
33473
33490
33511
33532
33557
33577
33595
33616
33638
33660
33680
33705
33722
33747
33770
33788
33803
33822
33845
33865
33887
33907
33927
33947
33967
33988
34010
34030
34049
34068
34085
34107
34129
34145
34166
34185
34204
34222
34244
34261
34281
34304
34322
34343
34363
34384
34407
34426
34445
34465
34486
34508
34526
34550
34577
34595
34618
34643
34664
34683
34704
34722
34739
34765
34785
34808
34831
34849
34868
34889
34908
34932
34952
34975
34995
35011
35031
35048
35064
35085
35103
35122
35142
35164
35181
35204
35225
35244
35264
35280
35299
35323
35345
35364
35385
35405
35424
35447
35463
35481
35502
35525
35549
35567
35587
35608
35625
35644
35664
35685
35703
35723
35740
35759
35779
35796
35815
35835
35855
35874
35896
35922
35947
35964
35985
36007
36031
36054
36075
36096
36120
36137
36158
36177
36194
36213
36233
36253
36269
36290
36309
36325
36344
36364
36383
36404
36424
36445
36466
36486
36504
36526
36545
36567
36590
36609
36628
36646
36668
36688
36706
36724
36744
36763
36786
36805
36826
36847
36862
36878
36896
36918
36939
36962
36982
37002
37020
37038
37059
37077
37096
37116
37135
37155
37179
37201
37220
37240
37260
37278
37303
37324
37341
37362
37380
37401
37420
37443
37463
37481
37501
37520
37537
37556
37581
37601
37621
37637
37656
37675
37695
37716
37737
37754
37774
37795
37817
37838
37857
37877
37897
37913
37932
37954
37971
37991
38009
38028
38046
38067
38090
38109
38132
38149
38168
38189
38205
38222
38242
38261
38282
38299
38319
38340
38362
38382
38403
38422
38442
38461
38483
38508
38531
38552
38570
38591
38613
38632
38655
38675
38696
38720
38742
38763
38783
38802
38823
38844
38867
38888
38911
38933
38957
38977
38997
39015
39035
39052
39072
39088
39104
39123
39142
39161
39182
39201
39225
39246
39265
39286
39305
39326
39344
39363
39381
39398
39419
39438
39461
39482
39503
39520
39540
39558
39579
39600
39622
39643
39663
39682
39703
39725
39742
39759
39778
39796
39819
39842
39862
39880
39895
39915
39932
39950
39970
39988
40005
40022
40045
40067
40083
40106
40130
40148
40170
40189
40209
40230
40251
40267
40283
40305
40322
40339
40356
40375
40392
40408
40431
40449
40469
40486
40503
40525
40546
40566
40583
40601
40623
40646
40663
40683
40703
40723
40741
40762
40779
40799
40817
40836
40856
40879
40897
40918
40937
40957
40976
40993
41013
41036
41056
41075
41092
41115
41134
41155
41171
41189
41209
41225
41242
41261
41280
41298
41317
41338
41358
41376
41398
41415
41432
41453
41472
41490
41507
41523
41539
41556
41578
41596
41613
41634
41652
41670
41690
41708
41727
41746
41766
41782
41804
41822
41839
41855
41871
41887
41908
41926
41945
41964
41986
42005
42022
42041
42059
42074
42096
42115
42132
42152
42172
42189
42208
42226
42247
42265
42282
42300
42320
42341
42362
42380
42400
42418
42435
42454
42471
42489
42505
42524
42543
42559
42580
42600
42619
42642
42658
42678
42698
42716
42731
42757
42776
42795
42814
42834
42852
42873
42894
42915
42933
42951
42970
42988
43007
43024
43040
43058
43077
43095
43115
43134
43154
43175
43192
43212
43234
43253
43271
43288
43307
43324
43342
43360
43378
43396
43413
43430
43449
43467
43484
43503
43522
43540
43557
43577
43593
43608
43628
43646
43664
43683
43699
43717
43736
43755
43773
43792
43809
43831
43847
43865
43884
43901
43917
43937
43953
43969
43985
44003
44023
44040
44059
44076
44096
44111
44131
44150
44171
44190
44208
44227
44246
44264
44280
44295
44313
44332
44352
44372
44391
44415
44434
44453
44470
44488
44506
44526
44542
44560
44578
44596
44613
44632
44651
44669
44685
44703
44721
44738
44758
44780
44798
44816
44836
44852
44869
44887
44910
44928
44948
44965
44980
45000
45019
45035
45054
45070
45087
45102
45124
45143
45165
45183
45202
45218
45233
45252
45270
45292
45308
45327
45347
45366
45384
45401
45419
45438
45456
45476
45497
45519
45537
45556
45574
45591
45611
45630
45649
45671
45690
45709
45725
45741
45757
45775
45795
45812
45831
45850
45871
45888
45906
45924
45942
45961
45977
45993
46009
46028
46045
46064
46081
46099
46118
46136
46153
46172
46192
46209
46231
46250
46267
46283
46304
46322
46341
46361
46379
46396
46412
46431
46448
46466
46486
46504
46522
46540
46561
46578
46596
46617
46633
46653
46671
46689
46707
46730
46745
46761
46777
46797
46813
46829
46844
46861
46883
46900
46918
46938
46957
46976
46994
47014
47030
47047
47068
47085
47106
47123
47143
47162
47178
47196
47216
47232
47248
47266
47288
47305
47323
47341
47357
47374
47393
47409
47428
47446
47463
47479
47495
47513
47531
47549
47566
47582
47602
47621
47638
47655
47672
47688
47707
47725
47742
47761
47777
47793
47812
47832
47850
47868
47887
47905
47925
47941
47959
47977
47997
48016
48032
48048
48064
48087
48107
48128
48145
48162
48180
48197
48215
48234
48252
48270
48288
48304
48321
48340
48356
48376
48392
48410
48426
48443
48459
48477
48494
48510
48528
48546
48564
48583
48599
48616
48634
48652
48669
48685
48706
48727
48746
48763
48781
48800
48820
48838
48854
48872
48888
48908
48924
48945
48963
48980
48999
49020
49037
49057
49074
49090
49106
49124
49144
49163
49179
49197
49214
49230
49252
49270
49288
49307
49324
49341
49363
49384
49405
49422
49441
49463
49481
49498
49514
49532
49550
49568
49584
49604
49620
49638
49656
49674
49690
49708
49727
49743
49759
49776
49791
49808
49825
49843
49859
49877
49892
49912
49932
49952
49970
49989
50005
50022
50041
50059
50077
50095
50111
50130
50149
50167
50185
50205
50221
50240
50257
50274
50291
50309
50325
50341
50359
50374
50393
50410
50428
50446
50461
50479
50497
50517
50540
50557
50573
50589
50608
50623
50639
50657
50675
50694
50710
50727
50744
50760
50776
50793
50809
50826
50843
50864
50880
50898
50915
50932
50948
50965
50981
50997
51014
51031
51047
51062
51078
51094
51113
51131
51147
51167
51184
51202
51218
51233
51250
51266
51285
51301
51320
51336
51352
51368
51384
51401
51418
51439
51456
51474
51489
51505
51522
51537
51553
51570
51585
51601
51618
51634
51651
51668
51684
51701
51720
51736
51752
51767
51783
51800
51818
51835
51851
51872
51888
51904
51922
51937
51952
51969
51984
52000
52015
52030
52046
52063
52080
52099
52121
52137
52154
52172
52187
52204
52222
52239
52256
52273
52293
52309
52328
52348
52365
52381
52399
52415
52430
52446
52464
52481
52500
52516
52535
52552
52568
52586
52605
52621
52638
52654
52670
52688
52704
52721
52737
52756
52772
52789
52807
52823
52839
52859
52880
52896
52912
52927
52943
52960
52977
52994
53012
53030
53047
53066
53082
53099
53120
53136
53153
53171
53187
53203
53221
53238
53254
53269
53287
53303
53318
53334
53351
53369
53386
53402
53419
53437
53455
53470
53487
53503
53521
53537
53556
53571
53587
53604
53621
53636
53653
53670
53686
53702
53718
53734
53750
53766
53784
53800
53819
53835
53853
53869
53886
53902
53919
53934
53953
53969
53987
54005
54025
54040
54056
54075
54093
54110
54128
54144
54160
54180
54196
54215
54231
54250
54267
54284
54301
54317
54333
54350
54366
54381
54401
54418
54436
54455
54471
54489
54504
54524
54540
54559
54574
54594
54612
54627
54643
54661
54677
54695
54713
54730
54747
54764
54782
54799
54816
54832
54847
54862
54877
54893
54911
54926
54941
54956
54974
54990
55007
55022
55037
55053
55069
55086
55104
55119
55135
55150
55168
55184
55203
55218
55238
55254
55270
55286
55304
55320
55338
55356
55373
55389
55404
55423
55440
55457
55475
55492
55513
55529
55544
55562
55579
55597
55613
55629
55647
55663
55679
55696
55712
55727
55744
55762
55777
55793
55811
55826
55841
55858
55874
55892
55909
55925
55943
55960
55976
55993
56010
56026
56041
56056
56073
56089
56105
56124
56141
56158
56175
56194
56212
56231
56248
56264
56280
56297
56315
56334
56350
56365
56382
56400
56417
56432
56448
56467
56484
56500
56515
56534
56550
56566
56583
56602
56619
56634
56651
56669
56684
56700
56715
56732
56749
56765
56780
56795
56810
56828
56844
56860
56876
56891
56907
56923
56938
56953
56970
56987
57009
57028
57043
57059
57076
57094
57110
57126
57141
57157
57174
57190
57206
57222
57238
57257
57274
57291
57306
57322
57339
57355
57373
57390
57407
57423
57439
57454
57469
57484
57502
57517
57534
57549
57565
57580
57595
57611
57628
57644
57660
57676
57691
57706
57721
57736
57752
57768
57783
57799
57817
57834
57850
57865
57881
57896
57911
57926
57942
57958
57974
57989
58006
58024
58041
58057
58074
58091
58106
58125
58143
58160
58176
58192
58208
58226
58243
58259
58274
58291
58308
58326
58341
58357
58372
58389
58405
58422
58437
58453
58468
58483
58501
58516
58532
58547
58562
58579
58595
58610
58625
58642
58660
58675
58691
58707
58722
58738
58753
58770
58788
58805
58822
58838
58856
58873
58889
58905
58920
58935
58950
58966
58981
58997
59015
59032
59049
59065
59085
59102
59118
59136
59152
59167
59184
59199
59214
59233
59249
59264
59280
59295
59313
59331
59347
59364
59380
59395
59411
59427
59442
59457
59473
59488
59503
59519
59536
59551
59567
59584
59600
59616
59633
59652
59670
59685
59701
59716
59732
59747
59763
59778
59795
59810
59826
59841
59857
59873
59888
59904
59920
59936
59952
59968
59984
59999
60015
60033
60048
60066
60081
60096
60112
60129
60144
60161
60177
60195
60210
60226
60242
60258
60275
60290
60308
60324
60341
60357
60372
60389
60405
60420
60439
60455
60470
60488
60505
60520
60536
60551
60567
60585
60602
60617
60632
60650
60666
60682
60698
60716
60731
60746
60763
60778
60794
60810
60826
60842
60857
60874
60892
60907
60925
60942
60957
60974
60989
61005
61021
61038
61053
61071
61086
61102
61121
61137
61153
61169
61185
61200
61216
61233
61252
61270
61286
61301
61320
61336
61353
61370
61386
61402
61419
61436
