0.006864678114652633
0.49999997019767756
0.07611430808901785
0.4999999999999999
0.08917350834235548
0.04725073836743831
0.10747924749739467
0.1106984233483672
0.10898231885390451
0.16539778932929033
0.04497935422487463
0.7285533472895621
0.13107934221625325
0.11383631173521279
0.16400476917624468
0.06807202333584426
0.10803451389074323
0.05563528276979922
0.02544809528626501
0.053347053006291376
0.13336758129298684
0.21378082036972043
0.06021170970052479
0.026673523476347324
0.0921192243695259
0.02343746763654053
0.8535532653331754
0.0021781541872769586
0.08007805794477461
0.05829922296106814
0.02667348831892013
0.15794912353157994
