0.018305804580450058
0.13013154640793798
0.004969024099409581
0.01830585300922393
0.1433056779205799
0.05491743236780166
0.21338816545903677
1.5959455978986623e-16
-1.782007819084441e-09
0.0899586472660303
0.21338817577314234
0.0
0.03393077757209539
0.12499988079071042
0.29877036204561586
0.057598237297497676
0.31249979138374323
0.06249992279383586
0.15624982118606565
0.027458723634481416
0.062499942211326584
0.1791320666670799
0.010723298881202934
0.12231904733926055
0.16004100162535903
0.09106911346316336
0.1223189756274223
0.14330565370619294
0.32008235901594156
0.010723292827606205
0.1848189570009708
0.4267763793468474
0.2812498658895492
0.00536164827644825
0.14330572448670864
0.10179238766431807
0.34754090523347253
0.03527119755744933
0.16958649456501004
0.10669404268264768
0.02386375842615962
0.07812490686774252
0.0
0.07812492921948432
0.138729196973145
0.17377036437392232
0.07812492642551659
0.05491742183206605
0.21495851967483753
0.044979324564337717
0.2160689979791641
-2.7277806680103814e-09
0.18749975215752188
0.06518081203103064
0.2316939420998096
0.19776307977735996
0.0624999883584678
0.10669405665248631
0.23169399425387377
0.05334703849989896
0.010723295155912641
0.0678616017103195
-3.441715953235645e-09
0.0732232529914472
0.2316939011216163
0.10179241187870501
0.04118803516030312
0.12499997019767758
0.16004117950797078
0.17076439782977101
0.018305804580450044
0.34374985388674195
0.05491740629076956
0.00915290042757988
0.21338814310729498
0.15356902126222846
0.1874998054830006
0.06249994784593581
0.062499962747097
0.01830581249669194
0.18749979468828065
0.05491741746664047
0.3642761670053005
0.01562500186264515
0.14330571517348287
0.062499941982235394
0.18749979138374326
0.05491744354367255
0.15624983608722684
0.0716528259217739
0.031249987534672636
0.05491744408379378
0.18213823065161702
0.12499988105544711
0.0624999813735485
0.09374997578561305
0.12231905851513145
0.05720562860369681
0.07165283383801578
0.057923473417758914
0.031249966472387307
0.15356917679309842
0.18749980255961415
0.18749972619116304
0.0915290415287018
0.051566379144787775
0.054917439818382256
0.00915290508419276
0.03124996274709702
0.03661163151264191
0.0026808227412402634
0.03661164455115794
0.08593740733340381
0.062499970197677605
0.067861583034014
0.018305804580450055
0.18213817011564967
0.0937499329447746
0.0937498603016138
0.019646211527287957
0.006702080368995677
0.005361663177609435
0.06249993667006492
0.060211725533008555
0.01830582693219185
3.4617951649767814e-25
0.058038433082401725
0.22254100535064933
0.13222339143976566
0.031249993480741964
0.053347035311162465
0.3475410118699073
0.12499985843896864
0.1158469710499048
0.07165288552641866
0.031249961815774427
0.124999925494194
0.054917469620704665
0.02288224408403039
0.0
0.06786159705370663
0.15356907807290554
0.18481899410311706
0.053739638999104486
0.3642764296382665
0.18213818315416572
0.10597619600594042
0.15624986030161378
0.21338821947574643
0.019090995192527768
0.30256164073944086
0.18749981932342052
0.07322324782381072
0.01830581855028867
0.12499989569187164
0.1265701912343502
0.19665271695703268
0.12499988429002326
0.08995867427438496
0.0
0.21338816918432707
0.22254103422164914
0.2966447621583938
0.022327069193124768
0.12499991059303281
0.21338825672864908
0.005361635237932217
0.041973254643380635
0.053347040200605975
0.06328514963388442
0.13660361804068086
0.009152903454378246
0.041973292827606194
0.1874998323619365
0.2316939830780029
0.07165286783128977
0.12499990494785115
0.010723299423597897
0.0937499590218067
0.35646393150091166
0.0026808260008692767
0.1535689979791641
0.3041319618932902
0.3566939160227775
0.23169394116848702
0.24882188439369196
0.23169395327568051
0.041973276995122426
0.23169393464922905
0.18749978020787234
0.1874998232021778
0.06249990873038769
9.81307769882992e-18
0.02745872363448143
0.10669408738613127
0.010723315179347995
0.015624979510903358
0.0624999478459358
0.10669410228729247
0.30713811144232744
0.13036155328154564
0.11584697291254994
0.10669410740956663
0.14023210108280182
0.17377052269876
0.031249960884451863
0.0183058138936758
0.18749988079071042
0.2446381617337465
0.03929243981838225
0.09374990442302077
0.1600411161780357
0.019876195585985298
0.21338813887797656
0.03582642180845141
0.15546467341482637
0.19665266945958135
0.15624990873038766
0.14330575615167615
0.0312499850988388
0.12499982118606565
0.1158469896763563
0.04687491804361342
0.30713820457458485
0.18481907248497007
0.009152902736770272
0.009152914397418499
0.006864678114652639
0.1249998810742814
0.3955264091491698
0.18213816732168195
0.10368806414771824
0.06249998509883879
0.5205258578062056
0.0
0.14330568909645078
0.027688676025718444
0.11584703624248502
0.04687496973201632
0.3200822696089744
0.061274528503417955
0.05491741374135016
0.26065576716791833
0.06249993775314554
0.24999988479957164
0.06249993770216976
0.0078124925494194135
0.2667351812124251
0.036611612886190414
0.18213821202516553
0.16004104167222974
0.24463805396370525
0.1562498621642589
0.027458729222416864
0.39552633429411793
0.15624989010393617
0.2772285267710685
0.06786158774048089
0.3642763550856577
0.1249999403953552
0.01830578967928886
0.46338775753974903
0.01830581063404679
0.21338820457458493
0.05334702320396899
0.06249993790619567
0.130131509155035
0.07165282219648361
0.3200821999195711
0.04687495436519384
0.0
0.18213821947574613
0.11584696173667905
9.31322574622823e-10
0.12499993975619358
0.010723295621573927
0.24463807418942446
0.10747922956943509
0.3200823105871677
0.10669403336942195
0.15546466037631032
0.06249998323619364
0.041973263025283813
0.2477115076035261
0.01830581203103065
0.2667351439595222
0.10669407993555066
0.4442969411611556
0.06786158867180347
0.03661162540460971
0.09374987334012984
0.10669408366084097
0.3200823597874744
0.07165285199880599
0.06249995902180671
0.09374989941716191
0.0366116538643837
0.05648784991353749
0.07322320342063902
0.027458717580884688
0.009152906481176613
0.14330567978322503
0.0419732704758644
0.0624999850885568
0.3642763753379867
0.0
0.0282439012080431
0.05334705486893653
0.16004109056666493
0.28124976903200144
0.27320736646652216
0.03661159425973891
0.031249985098838782
0.3642762526869774
0.0419732704758644
0.010723296552896498
0.036611648276448576
0.09106907900422809
0.03661163151264191
0.24999978020787236
0.05792350415140389
0.010723281876122035
0.10669406296263914
0.031249987892806516
0.010723299346864222
0.0937499292194843
0.035826440900564194
0.3200823065422979
0.0624999701976776
0.10826446162536738
0.02634827769361436
0.3437497561099007
0.09374991012737154
0.7285525500774382
0.1249999180436134
0.23169399239122865
0.5464148670434952
0.06786157266111838
0.02745870687067508
0.0937499040737748
0.24999971315264696
0.06289248075336215
0.031249978579580777
0.053347042761743055
0.21338814869523046
0.3200823366641998
0.020986631512641903
0.3098187427967786
0.21338820457458493
0.10669410601258275
0.10669410973787305
0.06249994598329067
0.062499977648258195
0.1249998919665813
1.4203838160763398e-09
0.1562498435378074
0.031249977648258202
0.3124997653067111
0.06249993853271006
0.05491741374135016
0.06249993294477463
0.062499981126406416
0.18749987555917683
0.09374991338700056
0.1874999105930328
0.00536164695035704
0.04576453194022177
0.06249993108212949
0.2133881654590368
0.04576451238244771
0.10669410880655048
0.06249994039535522
0.031249936232430994
0.21338824927806854
0.20005145395407448
0.05334702872570273
0.018305797129869458
0.21338814543560147
0.12499988311901686
0.3475409243255853
0.42677635699510563
0.18749983608722684
0.12499988824129102
0.09374991431832312
0.06518076267093419
0.24999979510903356
0.2316940524615347
0.07812494784593581
0.1249998985547671
0.21338816825300452
1.862645149245646e-09
0.3200822472572326
0.0312499813735485
-1.4901161174339012e-08
0.06249991059303282
0.015624981373548515
0.026673508808016774
0.14330573379993436
0.15624986216425893
0.03124996414408087
0.0
0.12499989955894784
0.05491744447499512
0.43213799595832825
0.24999974668025965
0.031249957159161564
0.04576453194022176
0.49999960511922825
0.06249997206032269
0.0
0.07165283244103192
0.09374990296888307
0.005361639894545076
0.11986820399761197
0.031249964609742165
0.3025616463273763
0.06707635335624215
0.3955264054238795
0.062499977648258195
0.36427643895149225
0.2850410982500761
0.005361642688512794
0.124999925494194
0.21338816080242393
0.022882264107465744
7.902527632275279e-09
0.062499944120645516
0.12499995529651639
0.15356905944645402
0.36427649855613703
0.04197324905544518
0.12499990686774251
0.06249994412064553
0.4359292462468146
0.36427649483084673
0.18749987147748468
0.06786160741467027
0.06249991059303285
0.10669409390538928
0.20067396759986872
0.12499993294477461
0.1600411348044872
0.03124994039535521
0.02098664036020636
0.027458712458610528
0.14330577384680507
0.21338829612776816
0.10669409111142156
0.35267257690429676
0.04576450958847998
0.1966527802869677
0.12499992363154887
0.0312499850988388
0.01830581575632095
0.19776309654116628
0.0366116315126419
0.2915129140019416
0.054917448200285435
0.03124997369013726
0.031249953666701906
-8.381903172832041e-09
1.490116119396517e-08
0.18213820603844366
0.0678616166114807
0.24084693077020344
0.018305808305740353
0.11127051338553426
0.16004114039242265
0.013729341095313426
0.12499988824129106
-7.450580587169507e-09
0.09106908086687325
0.01830580085515975
0.46338799595832814
0.10669408552348611
0.01562497450504452
0.03210252639837562
0.18213816732168195
0.1821381341878654
0.2133882492780685
0.28124976158142084
0.09374990314245223
0.3955264203250407
0.11584699898958205
0.03125002095475793
0.1249998933635652
0.053347072564065456
0.10669406317174432
0.10669407621026038
0.05334705673158168
0.4892764091491699
0.033930778503417955
0.03661162592470646
0.05792351253330707
0.3071379922330379
0.42677627410739655
0.11584693938493726
0.2499997879420252
0.10669413208961485
0.04687493853271006
0.2316939611919224
0.07322327792644501
0.1600411017425358
0.21495856344699854
0.10669408738613126
0.27320738695561886
0.18213820643723005
0.062499948035831907
0.009152931161224842
0.02500784024596214
0.0910690971650183
0.1066941078752279
0.010723299346864222
0.21338811889290807
-1.1175870900380414e-08
0.062499932944774614
0.24463812075555322
0.10669407993555069
0.09374993196665148
0.18213816359639165
0.21338817076340175
0.2133881859481334
0.062499970663338886
0.1600410624822037
0.22254104539752007
0.37499973177909846
0.1425204239785671
0.3200823329389095
2.260707621104529e-09
0.374999564141035
0.07812493853271006
0.14330570958554742
0.062499949566795485
0.15624986216425893
0.07322325743734835
0.4267763495445251
0.39552640914916987
0.12042342592030761
0.1249999403953552
0.3749997951090336
0.04687494691461324
0.02098664920777082
0.025170476641505957
0.06786160729825497
0.09497531317174435
0.18749986961483955
0.20312486588954923
0.06249996621890773
0.32008237577974796
0.018305817618966106
0.03661161381751298
0.01072330587869341
0.0
0.21495858393609518
0.14330570492893457
0.06249991495748207
0.015624985098838813
0.12499990643070456
0.10669409483671186
0.10669410880655048
0.10669404268264768
0.10669411195107933
0.031249973922967904
0.03124998696148394
0.18749988079071042
0.010723307728767398
0.12499988387684088
0.124999925494194
0.5692969486117362
0.005361646413803099
0.21338823437690732
-7.450580606795661e-09
0.018305813893675797
0.3696378916501998
0.0
0.07165285572409628
0.0366116352379322
0.036611635237932205
0.0
0.018305823206901547
0.24999983236193654
0.010723295621573927
0.12231908388681775
0.031249984167516225
0.36427631787955755
0.01830582320690155
0.4999995231628417
-5.587935447736938e-09
0.18347866088151926
0.0366116277873516
0.03661162933041628
0.03393080085515976
0.3475410751998424
0.10669410228729247
0.009152919054031369
0.5624998584389685
0.018305826466530555
0.031249964609742165
0.031249962747097022
0.12499990966171023
0.21338820457458493
0.13281239802017805
0.07054234202951191
0.23169389599934215
0.2850410491228103
0.062499957385487186
0.3200822509825229
0.18749987421495826
0.01562496647238732
0.03661164082586765
0.2133881971240043
0.3566939830780029
0.24999976530671114
0.07165280263870953
0.05491741560399532
0.0366116315126419
0.11584699526429174
0.0732232667505741
0.32008236646652216
0.19776318222284314
0.03661157935857772
0.0
0.01830581203103065
0.005361653864383696
0.09374996088445185
0.0
0.24463814496994013
0.23169404268264768
0.12499991431832311
0.1433057468384504
0.019091002643108364
0.18749997019767758
0.01830581109970808
5.960464477586068e-08
0.018305818550288674
0.013729350641369816
0.1600411273539066
0.11584699526429176
0.0366116352379322
0.10669409297406673
0.015624992549419407
0.3955264069424131
0.010723322259122979
0.06249994820039982
0.10669413488358256
0.10669404932255647
0.13336762739345429
0.0732232481241226
0.06249995837599297
0.09374993480741976
0.009152906015515334
0.05334703531116246
0.0366116277873516
0.031249975785613053
0.009152904152870176
0.03661162871867417
0.11584697221405801
0.03393080458045005
0.0312499871943146
0.12499984033625598
0.24999979138374323
5.587935003603661e-09
0.06249993294477463
0.06786161055788396
0.06249996833503245
0.12499995529651639
0.36427649855613703
0.03661163457938776
0.031249981373548504
0.09374992502853273
0.33381155133247364
0.018305812802563323
0.06249995902180671
0.06249995157122611
0.018305819481611252
0.04001029580831526
0.307138031348586
0.4633880928158759
0.21338817104697225
0.10669410228729247
0.12499989569187162
0.0678616091609001
0.4267765097320079
0.0
0.18749986402690405
0.18749984353780746
0.12499993294477456
0.37499979138374323
0.2133882343769073
0.1874999329447746
0.12499996833503245
0.0366116389632225
0.09374992549419402
0.06786163151264189
0.2866112887859344
0.0457645319402218
0.1249999776482582
0.23169396817684168
0.24463830515742296
0.18213814962655303
0.10898230411112307
0.18213822226971385
0.0183058213442564
0.036611646413803094
0.24463808536529535
0.01830581249669194
0.18749989569187162
0.18749983608722684
0.0716528531629592
0.10440586321055886
0.07098271325230596
0.021446585655212395
0.2133882436901335
0.0
-1.8626450826175752e-08
0.1928616054356098
0.09374994906860822
0.09106906689703465
0.320082277059555
0.26562469825148577
0.10669409240028041
0.03661160729825497
0.093749918974936
0.05334706045687198
0.2133882939815521
0.005361672490835193
0.32008218765258784
0.12499987334012984
0.0
0.06249992549419401
0.010723301209509371
0.12499994784593581
0.03661164361983537
0.1874999403953552
0.23169408831745386
0.12231908924877641
0.036611639984132076
0.06786161800846456
0.062499962747097015
-4.33674118838212e-09
0.0811983086168766
-8.993641054111377e-09
0.12499999627470967
0.18749986216425893
0.21338830888271326
0.031250014901161194
0.17834703228436405
0.0366116240620613
0.06786163151264189
0.10669417679309842
0.12499989569187162
0.12499993060478641
0.36427649719167926
0.05334704648703334
0.2408467940986156
0.03582643147092312
0.12499996460974215
0.12499991804361342
0.10669407248497008
0.1249999292194843
0.28504097461700434
5.639694433678954e-09
0.06249994132667778
0.42677642405033106
0.21338822365298954
0.053347043693065636
0.1249999073334038
0.19554239138960838
0.031249983701854948
0.01072329329326749
0.10669412707269745
0.36427646130323404
0.09374993853271006
0.18749985613928527
0.07054243935272096
0.18749986588954923
0.24999985797330732
0.1249999590218067
9.31322574622823e-10
0.010723295621573923
0.32008242607116694
0.10669410042464733
0.20881161517741395
0.32008238881826395
0.062499927356839166
0.0339308138936758
0.15624987147748468
0.124999962747097
0.07322324253618716
0.18213821016252038
0.12499991604859773
0.18749987520277497
0.15624989569187162
0.12499992613804244
0.3642763867974281
0.0366116315126419
0.10669414140284059
0.2499998956918716
0.02745872689411044
0.20730873104184863
0.12499991059303281
0.728553209453821
0.320082205347717
0.018305810826930058
0.019876207225024697
0.06249995968035105
0.1433057063259184
0.156249925494194
0.18481901381164786
0.21338827908039087
0.01830579340457916
0.12499996961885448
0.11584705393761394
0.05491745471954345
0.026673546060919758
1.4901161213591323e-08
0.062499960714918194
0.06249996872079832
0.1406249338760972
0.018305806443095207
0.12499985905071219
0.01830581264391717
0.06249995157122611
0.13493794300580003
0.18749986588954923
0.0366116315126419
0.07322323322296141
0.21338826017036847
0.046874975785613046
0.018305816687643528
0.32008229754865164
0.16004113480448717
0.036611629437801156
0.062499962747097
0.3642763793468475
0.320082351565361
0.10669404602194496
0.7285528108477591
0.15356904268264768
0.36427649855613703
0.1303615430369973
0.4267766177654265
0.10669407807290554
0.04197329003363847
0.1600411534309387
0.22254114598035807
0.24999983888119456
0.37499976158142084
0.0937499180436134
0.2133882790803909
0.0
0.0
0.0651807473041117
0.12499989555008616
0.35669394582509995
0.2446381971240043
0.14330573379993436
0.06249998509883879
0.0366116105472648
0.03124996647238732
0.036611657589673996
0.073223277926445
0.036611642688512795
0.01830581575632095
0.2133882492780685
0.23169406224042174
0.18749991553515463
0.24999994039535517
0.12499998509883878
0.12499995529651639
0.3124998174607754
0.031249976716935628
0.031249988824129098
0.018305804580450055
0.018305815756320946
0.8535528182983397
0.1249999403953552
0.2133881896734237
0.2499998845160007
0.4633881989866495
0.14330570399761197
0.18749994598329062
0.2499998807907104
0.0
0.36427654957591743
0.0
8.99652030650344e-09
0.4999996721744537
0.24999982502584794
0.23169392533600328
0.2133882939815521
0.12499990686774254
0.06249995715916154
0.12499996274709699
0.06249997764825821
0.03661162685602903
0.06249999254941939
6.537527376273509e-09
0.24999983608722684
0.4267764464020728
0.10669414885342118
0.4267766773700713
0.018305814359337088
0.12499993294477461
0.01830580085515976
0.21338823437690732
0.6401646062731742
0.01830578595399857
0.24999982118606562
0.17377055472711708
0.12499989941716191
0.1783470073714852
0.06249996274709701
0.0
0.49999973177909846
0.42677640914916987
0.0
0.32008229754865164
0.4267764128744601
0.0
0.24999993294477457
0.10669406130909917
0.21338830888271326
0.09129907283931968
0.4999999105930328
0.14330570865422487
0.0899586295709014
0.09374991990625856
0.49999973177909846
0.2133882939815521
0.15490948408842084
0.2850410602986812
0.12499993108212945
0.062499965541064725
0.005361651070415973
0.062499956227838986
0.031249982770532366
0.12499989569187162
0.1249999403953552
0.18749995157122612
0.2499998584389686
0.21338826141267786
0.036611642688512795
0.03661164082586764
0.1249999403953552
0.1249999403953552
0.0
0.3437498994171619
0.12499995529651639
0.49999988079071034
0.0
0.06249995902180671
0.21338827908039087
0.2133882939815521
0.24999997019767756
0.2446382213383913
0.031249976716935628
0.09374991990625857
0.1249999441206455
0.2133882232010364
0.06249993130810605
0.06249995902180671
0.018305834382772446
0.2667353488504886
0.0
0.21338818967342374
-1.490116119396517e-08
0.0
0.0
0.12499990615493893
0.0
0.124999962747097
0.07322330400347707
0.4267766363918781
0.24999990314245218
0.14330580318346617
-1.868486088074661e-09
0.0
0.09374995715916155
0.062499977648258195
0.07812494970858096
0.21338830888271326
0.1249999329447746
0.03661162438593712
0.0624999756258231
0.1249999403953552
0.0
0.1249999403953552
0.14330572960898275
0.2499998807907104
0.12499995529651646
0.14330574870109555
0.3955264836549758
0.0366116352379322
7.381320554777909e-10
0.0366116352379322
0.21338827908039087
0.249999925494194
0.12499997019767758
0.1249999776482582
0.06249996833503246
0.124999925494194
0.09374994505196808
0.14330578502267596
0.062499955296516405
0.062499985098838806
0.2133882641792297
0.1874998584389686
0.10669411160051821
0.24999994039535517
0.4736514091491698
0.10669408738613127
0.031249979510903355
0.19665281940251586
0.062499973922967904
0.12499996756350004
0.2133882641792297
0.0366116315126419
0.09374998509883879
0.4633881747722625
0.0
0.14330577850341794
0.03661162452772259
0.023437459021806707
0.12499992735683917
0.12657031975686547
0.12499992642551658
0.0624999664723873
0.5334705635905266
0.062499989755451686
0.21338821761310098
0.06786163710057734
0.15624990873038766
0.0
0.005361609160900104
0.18213820693735536
0.21338826045393938
0.4267765283584594
0.12499997206032273
0.018305824138224125
0.499999850988388
2.1420419217551565e-08
0.062499979510903345
0.03661162592470645
0.249999850988388
0.2446381729096174
0.24999989569187162
0.03661162778735161
0.4267765879631042
-3.94574602158304e-09
0.0
0.3642764315009116
0.36427658853024614
0.21338816359639162
0.2133882939815521
0.3642765413969754
0.24999994039535517
0.0732232853770256
0.062499962747097
0.22901320597156877
0.0624999701976776
7.450580601889122e-09
0.036611642688512795
0.16004112921655175
0.062499994955789166
0.22254113666713235
0.0624999888241291
0.23169410228729242
0.21338824927806851
0.2133882269263267
0.036611638963222504
0.09374995622783898
0.12499996724392014
0.2133882604539394
0.21338826045393938
0.7285529896616935
0.12499996274709699
2.1073423894790718e-08
0.0366116128861904
0.12499995529651642
0.06249998882412912
0.37499990314245224
0.17076447978615758
0.036611642688512795
0.09374991059303282
0.06249994784593581
0.04197326779831201
0.1249999403953552
0.12499997655714588
0.12499994340897656
0.2446382343769073
0.1249999441206455
0.1249999292194843
0.0366116277873516
0.21338829211890692
0.0
0.1066941078752279
0.21338832378387448
0.0
0.0
0.036611646413803094
0.0
0.1249999776482582
0.12499993294477461
0.3780057653784752
0.016084949485957612
0.12499990459870934
0.3642766438424586
0.06249998509883878
0.24463811516761774
0.3642765879631042
0.24463814169660303
0.10669414326548574
0.0
0.4999997615814208
0.05334706604480742
0.03661164055513954
0.10669419541954991
0.426776498556137
0.003140762448310857
0.1772365011274814
0.12499988963827488
0.12499985529799493
0.10669409483671186
0.0624999813735485
0.10669413595669061
0.10669412743300197
0.4633882082998752
0.06249996888058898
0.23169412091374392
0.0
0.4267765283584594
0.2133882641792297
0.24463832378387446
0.4267765879631042
0.31092952191829676
0.0624999701976776
0.4999999105930328
0.31092938967049116
0.49999982118606556
0.4267766177654265
0.1874999552965164
0.1874998621642589
0.03661163472025763
0.18749991245567796
0.03661166969686745
0.12499989569187162
0.5464148670434951
0.2133881896734237
0.04687497299164533
0.21338826790452
0.005361652001738548
0.0
0.12231908645480868
0.4999997615814208
0.2133882902562618
0.036611620336771004
0.0624999888241291
0.32008242607116694
0.1874999734573066
0.01830581203103065
-1.490116119396517e-08
0.6401645317673682
0.21338824369013307
0.06249998509883879
0.1874999068677425
0.06249998044222592
0.21338830888271326
0.23169410228729245
0.24999989569187162
0.36427670717239374
0.4267765879631042
0.062499996274709695
0.13036159984767434
0.37499996274709696
0.07322328537702559
0.041973257204517715
0.124999962747097
0.06249998882412909
0.4267766177654265
0.018305823206901547
0.05491745145991444
0.14330576360225675
0.2499999552965164
0.1249999776482582
0.4999999105930328
0.031249998262331928
0.2499999552965164
0.10669416934251783
0.21338833123445508
0.1874999105930328
0.2133882828056812
0.4999999105930328
-1.0080563050962608e-09
0.4267765879631042
0.25000002142041916
0.0366116315126419
0.0624999888241291
0.36427649855613703
0.4267765283584594
0.0732232481241226
0.21338830888271323
0.12499995529651639
0.05491744261234997
0.21338833868503565
0.36427664756774897
0.1562499217689037
0.4267765879631042
0.24999998137354845
0.07322329282760619
0.073223277926445
0.06249996499550857
0.21338826790451998
0.2133882492780685
0.10669412091374395
0.18749993108212945
0.21338833868503565
0.0
0.0624999664723873
0.24999984382137838
0.0
0.0
0.12499993294477461
0.4267766177654265
0.21338823623955244
0.21338827908039087
0.1821382641792297
0.8535531759262084
0.019876200007274743
0.24463823623955244
0.24999994039535517
0.0
0.0
0.018305830657482147
0.2133883256465196
-1.7693436184988066e-24
0.036611638963222504
0.12499993974760358
0.4267766028642653
0.14330575289204714
0.036611633800643674
0.010723300278186796
0.0732232555747032
0.12499995529651636
-2.952527944355409e-10
0.28661156818270683
0.24999994039535517
0.21338832378387448
0.18749993667006487
0.7285529859364032
0.0624999701976776
0.0
0.21338833868503565
0.24999991059303278
0.18213821202516556
0.3955265339463949
0.009152910672128197
0.06249994412064552
0.0080424752086401
0.0366116389632225
0.19665285199880594
0.0
0.12499995529651639
0.0366116389632225
0.24999997019767756
0.6089147329330442
0.3749999217689036
0.06249997019767762
0.07322326377706244
0.42677652463316906
0.010723304003477093
0.12499997392296788
0.16004119813442227
0.23169415490701792
0.24999994039535517
0.06249996460974215
0.06249998509883879
0.1821382455527782
0.0366116389632225
0.24999991059303278
0.03661164082586709
0.2850410416722297
0.036611612886190414
0.23169404314830896
0.2133882939815521
0.1249999403953552
0.0624999701976776
0.3200824316591024
0.41762345284223557
0.249999925494194
0.0366116352379322
0.2133882939815521
0.036611642688512795
0.2499999552965164
0.1066941558383405
0.36427649855613703
0.010723300278186795
0.062499973922967904
0.1249999515712261
0.14330575894564387
0.21338830888271326
0.1249999403953552
0.2499999795109033
0.1874998435378074
0.0
0.0366116352379322
0.036611642688512795
0.14330574870109555
0.04687492456287144
0.2499998956918716
0.018305825069546696
0.06249999068677424
0.4267765283584594
0.005361653864383706
0.12499994225800035
0.2133882269263267
0.14330577850341794
0.1249999776482582
0.1874998621642589
0.21338830888271326
0.07322328537702559
0.010723298415541647
0.7285531647503374
0.03661164641380309
0.31249986030161375
0.07322329282760619
0.09106913208961485
0.2316940128803253
0.0366116315126419
0.2499998807907104
0.07165286829695104
0.42677646875381464
0.0
0.17991744354367253
0.0
0.21338823437690732
0.2499999292194843
0.4999999105930328
0.036611645482480526
0.3642765879631042
0.249999925494194
0.21338826790452
0.49999988079071034
0.4267765283584594
0.3749998249113559
0.010723298881202936
0.062499985027946056
0.12499997019767758
0.0
0.28504111897200346
0.031249987892806523
0.4267765103711668
0.21338822692632672
0.10669413208961485
0.062499985098838806
0.12499997019767758
0.37499995902180666
0.10669410973787305
0.2499999143183231
0.0
0.3642764819889699
0.24999991059303278
0.0366116315126419
0.036611627787351594
0.1249999366700649
0.14330574870109555
0.3200824722297965
0.2133882232010364
0.21338827908039087
0.12499997019767758
0.0
2.2351741790947753e-08
0.2499999552965164
0.8535531163215635
0.26673526316881174
0.21338827908039087
0.06249997019767762
0.0
0.0366116389632225
0.1249999403953552
0.1874999552965164
0.2133882641792297
0.21338830888271326
-1.0372567959682797e-23
0.10669415816664693
0.03661163896322249
0.36427664756774897
0.0366116277873516
0.06249996213535402
0.12499997019767758
0.07322330027818678
0.0
0.24999994039535517
0.036611642688512795
0.3749998211860656
0.249999925494194
0.32008240744471544
0.2499999552965164
0.036611646413803094
1.962615539765984e-17
0.42677655816078175
0.0
0.21338824927806851
0.36963810026645655
0.0
0.0624999888241291
0.24999991059303278
0.24999989569187162
0.036611646413803094
0.09374997555278239
0.2499999552965164
0.062499962747097
0.0
0.4176236446946859
0.24999997019767756
0.4999999403953551
0.0
0.4999999403953551
0.10669412650167943
0.7285532951354979
0.0015703868120908763
0.0366116352379322
0.4267764872628098
0.21338833868503565
0.124999962747097
0.07322328537702559
0.010723318904638304
0.12499991431832311
0.036611646413803094
0.03661167512743257
0.05491741746664047
0.4267766773700713
0.49999988079071034
0.32008236646652216
0.06249999254941939
0.24999997019767756
0.4999999105930328
0.36427664756774897
0.2499999552965164
0.24999994039535517
0.4267765879631042
0.2812498286366462
0.0
0.21338820457458493
0.01830581400001496
0.0
0.03661165013909339
0.2499999627470974
2.8512137095759722e-09
0.036611642688512795
0.12499995529651639
0.4999999403953551
0.24999997019767756
0.49999997019767756
0.12499993294477461
0.4999999105930328
0.0366116352379322
0.2499998375050811
0.031249989755451672
0.2499999552965164
0.4267766363918781
0.12499995179720279
0.0678616240620613
0.24999997019767756
0.07322329282760619
0.0
0.21338827908039087
0.0624999813735485
0.21338833868503565
0.11584702692925927
0.062499951571226106
0.06249999254941939
0.10669413441792128
0.2133882641792297
0.062499996274709695
0.06249998882412909
0.18749991245567796
0.0
0.49999997019767756
0.49999997019767756
0.2400617809034884
0.036611642688512795
0.24999995157122606
0.07322328537702559
0.07322328537702559
0.249999925494194
0.12499997019767758
0.0
0.0
0.24463829211890692
0.3124998472630977
0.1249999776482582
0.21338830888271326
0.4267766773700713
0.22254116088151926
0.4267766773700713
0.42677664756774897
0.2133882641792297
0.4267766773700713
0.036611646413803094
0.21338820457458493
0.07322330027818678
0.24999997019767756
0.0366116352379322
0.2133882939815521
0.0
0.2133882939815521
0.018305821344256398
0.7499998435378072
0.0
0.124999962747097
0.4999999105930328
0.21338831274978906
0.03661162334925786
0.021446615457534783
0.4999999403953551
0.0
0.03124998416751623
0.24999997019767756
0.2133882939815521
0.21338833868503565
0.21338822320103643
0.10669414699077605
0.42677661776542664
0.21338830888271326
0.05491745471954344
0.1066941656172275
0.12499998323619363
0.320082277059555
0.4999999403953551
0.36427664756774897
0.21338827349245543
0.499999850988388
0.06249996965212067
0.3642765355254677
0.2133881859481334
0.06249999254941939
0.3642765544354915
0.24999991059303278
0.4999999105930328
0.0624999701976776
0.0419732853770256
0.036611646413803094
0.06249998509883879
0.2499999552965164
0.0
0.4999999403953551
0.0
0.21338827908039087
0.4267765879631042
0.24999997019767756
0.12499997019767758
0.4999999403953551
0.49999997019767756
0.4999999999999999
0.49999982118606556
0.0
0.24999991059303278
0.0
0.23169409856200215
0.4999999403953551
0.9999999403953551
0.062499973922967904
0.4999999403953551
0.4999999403953551
0.05491745737433451
0.036611646413803094
0.062499981373548494
0.4267766773700713
0.0
0.06249999254941939
0.2133882939815521
0.0
0.24999988177927876
0.1874999850988388
0.4267765693366527
0.46338796615600575
0.12499996424553447
0.31249990873038763
0.06249996460974215
0.49999997019767756
0.14330582087859509
0.36427664756774897
0.0366116389632225
0.073223277926445
0.4999999105930328
0.36427667737007136
0.1249999776482582
0.14330577850341794
0.2499999552965164
0.4999999403953551
0.499999850988388
0.07322329282760619
0.2499999217689037
0.2133882939815521
0.2499999552965164
0.07322330027818678
0.21338827908039087
0.463388293981552
0.1249999776482582
0.4267766177654265
0.21338830888271326
0.42677664756774897
0.24463825300335879
0.10669413208961485
0.21338827908039087
0.49999994039535517
0.21338830888271326
0.24999995529651634
0.4999999105930328
0.12499994132667779
0.3642765991389751
0.24999997019767756
0.0732232965528965
0.07322326775278941
0.42677655816078175
0.42677660472691054
0.4267765879631042
0.7285532057285307
0.24999997019767756
0.49999997019767756
0.42677664756774897
0.0
0.0732232630252838
0.24999997019767756
0.18749995343387124
0.2499999925494193
0.009152903221547602
0.49999997019767756
0.49999982118606556
0.07322330027818678
0.49999997019767756
0.49999989569187153
0.2133882194757461
0.2133882939815521
0.3749998994171619
0.0
0.24999997019767756
0.0
0.2499998807907104
0.42677655816078175
0.10669415630400178
0.24999994039535517
0.07322330027818678
0.37499993294477457
0.07322328537702559
0.06249998712127346
0.036611642688512795
0.42677655816078175
0.0
0.46338816639035935
0.21338830888271326
0.2866115495562553
0.4267766028642654
0.36427667737007136
0.0
0.4999999105930328
0.24999998509883878
0.9999999403953551
0.49999984410494924
0.21338826790451998
0.37499994039535517
0.3642766624689102
0.07322328537702559
0.2133882939815521
0.0
0.4999999105930328
0.21338833868503565
0.0
0.42677666991949076
0.2866115309298038
0.24999998509883878
0.4999999403953551
0.42677655816078175
0.49999994039535517
0.24463826604187483
0.3642765581607818
0.21338830888271326
0.12499997592739841
0.28661158680915827
0.1249999776482582
0.24999993294477457
-5.2683559736976796e-09
0.2499999552965164
0.4267766177654265
0.21338830329477784
0.49999997019767756
0.2133882939815521
0.4999999105930328
0.249999925494194
0.0366116389632225
0.21338830888271326
0.0366116315126419
0.10669413954019544
0.4801236316561698
0.42677664756774897
0.12499998509883878
0.1249999776482582
0.07322328537702559
0.24999994039535517
0.12499995529651639
0.07322328537702559
0.24999997764825815
0.124999962747097
0.36427660286426533
0.42677655816078175
0.14330577850341794
0.4267766773700713
0.49999997019767756
0.0
0.2133882790803909
0.12499998509883878
0.5624997913837432
0.4999999403953551
0.2499999552965164
0.005361657589674003
0.1249999776482582
0.49999997019767756
0.4267766773700713
0.24999994039535517
0.7285533174872397
0.4267766177654265
0.499999850988388
1.3457671220231e-26
0.12499997019767756
0.12499997578561303
0.073223277926445
0.07322329282760619
0.4999999403953551
0.24999997019767756
0.2133882939815521
0.4267766773700713
0.4999999999999999
0.1433058059774339
0.499999850988388
0.24999994039535517
0.4999999701976775
0.4267766177654265
0.06249999534338712
0.0
0.07322330027818678
0.426776498556137
0.0
0.49999988079071034
0.249999925494194
0.0
0.0
0.18749997019767758
5.7024274191519445e-09
0.4267765283584594
0.018305814824998372
0.24999997019767756
-1.4901161213591323e-08
0.0
0.24999997019767756
0.21338833868503565
0.06249998509883879
0.10669416189193723
0.2133882939815521
0.4267766773700713
0.24999997019767756
0.0
0.24999997019767756
0.4999999999999999
0.426776498556137
0.4267766177654265
0.0
0.073223277926445
0.12499997019767758
0.2499999552965164
0.18749994551762936
0.03661164082586764
0.005361651070415971
0.4999999403953551
0.42677655816078175
0.0732232881709933
0.12499994592604466
0.2499999552965164
0.4999999403953551
0.0
0.2499999552965164
0.36427667737007136
0.07322329282760619
0.42677664756774897
0.4999999403953551
0.4267766177654265
0.4267766773700713
0.1249999776482582
0.9999998211860656
0.4267766773700713
0.49999997019767756
0.4999999403953551
0.21338827908039087
0.0732232704758644
0.0
0.49999981466680765
0.4267766773700713
0.42677664756774897
0.41762359440326685
0.10669415257871148
0.0
0.3642765581607818
0.1249999776482582
0.49999997019767756
0.07322329282760619
0.426776636391878
0.12499997951090333
0.07322328537702559
0.4267765879631042
0.0
0.4999999105930328
0.18749995157122612
0.054917469155043364
0.24999997019767756
0.49999988079071034
0.1821382828056812
0.36427664756774897
0.21338830888271326
0.4999999403953551
0.2133882641792297
0.4267766773700713
0.4999999999999999
0.24999991059303278
0.03661165013909339
0.37499994039535517
0.4999999403953551
0.2499999552965164
0.01072330307215452
0.2499999552965164
0.24999995157122606
0.24999997019767756
0.4267766773700713
0.062499981373548494
0.4999999999999999
0.1249999776482582
0.24999991059303278
0.0366116352379322
0.073223277926445
0.42677664756774897
0.07322332635521886
0.4267766177654265
0.12499995529651639
0.4999997615814208
0.4999999403953551
0.49999988079071034
0.42677655816078175
0.03661163710057735
0.010723300278186795
0.4999999105930328
0.4999999999999999
0.21338831173392706
0.4999999403953551
0.0624999813735485
0.49999989569187153
0.07322329282760619
0.21338828288557604
0.12499996833503245
0.2499999441206455
0.07322330027818678
0.2866115272045135
0.2133882939815521
0.426776610314846
0.4999999403953551
0.124999962747097
0.42677664756774897
0.24999997019767756
0.8535532653331754
0.24999998137354845
0.4267765879631042
0.06249998509883879
0.7285531610250472
0.21338830888271326
0.4267765879631042
0.1249999776482582
0.07322330772876738
0.4999999403953551
0.062499996274709695
0.3955266093835234
0.213388318195939
0.4999999403953551
0.0
0.0
0.24999997019767756
0.4999999999999999
0.0
0.036611642688512795
0.4999999403953551
0.42677651345729817
0.036611642688512795
0.24999997019767756
0.24999997019767756
0.2499999552965164
0.24999997019767756
0.4267766177654265
0.2499999552965164
0.21338830888271326
0.0
0.24999994039535517
0.2499999403953552
0.4267766773700713
0.7285533174872398
-7.450580606795661e-09
0.4999999403953551
0.0
0.23169411346316338
0.49999997019767756
0.42677667364478106
0.07322330027818678
0.21338824182748792
0.36427664756774897
0.24999997019767756
0.07322327047586441
0.2133882213383913
0.2499999552965164
0.2499999552965164
0.21338830888271326
0.21338832378387448
0.24999997019767756
0.24999998509883878
0.49999997019767756
0.24999997019767756
0.062499973922967904
0.0
0.2133882939815521
0.24999997019767756
0.8535531982779502
0.12499997578561303
0.24999997019767756
0.07322331890463826
0.2499999552965164
0.4999999105930328
0.4999999403953551
0.12499995529651639
0.4999999403953551
0.07322334498167035
0.12499998509883878
0.14644658565521237
0.4999998537823557
0.4267765283584594
0.24999997019767756
0.0
0.249999925494194
0.499999850988388
0.4267766177654265
0.0
0.4267765879631042
0.0
0.4267766177654265
0.49999997019767756
0.4267766177654265
0.4267765283584594
0.4999999999999999
0.24999998509883878
0.21338830888271326
0.1249999776482582
0.0
0.24999998509883878
0.4267766773700713
0.07322329282760619
0.853553272783756
0.4999999403953551
0.49999997019767756
0.4267765879631042
0.0
0.0624999888241291
0.24999994039535517
0.49999988079071034
0.06249997764825821
0.0
0.062499977648258195
0.12499993122391538
1.4762638333998265e-10
0.0
0.0
0.4267766326665878
0.21338832005858419
0.4267765879631042
0.4267766773700713
0.0
0.07322328537702559
0.42677664756774897
0.499999850988388
0.0624999888241291
0.0
0.49999997019767756
0.1464465707540512
0.4267766773700713
0.26830572634935373
0.24999998509883878
0.24999997019767756
0.21338830888271326
0.24999997019767756
0.24999997019767756
0.0
0.24999994039535517
0.0
0.2499999552965164
0.07322328537702559
0.49999997019767756
0.036611637100577354
0.1874999403953552
0.49999997019767756
0.4999999403953551
0.24999994039535517
0.24999997019767756
0.4999999999999999
0.07322329282760619
0.49999997019767756
0.42677655816078175
0.42677664756774897
0.4267765879631042
0.49999997019767756
0.42677655816078175
0.4999999403953551
0.36427649855613703
0.10669414140284059
0.4267766177654265
0.24999997019767756
0.4267766773700713
0.49999997019767756
0.2499999552965164
0.24999997019767756
0.4267765629999042
0.062499996274709695
0.49999997019767756
0.4267765879631042
0.49999997019767756
0.2499999552965164
0.3642765879631042
0.0
0.49999997019767756
0.36427664756774897
0.42677664756774897
0.49999997019767756
0.0624999717424015
0.4999999403953551
0.0
0.4999999105930328
0.07322329282760617
0.4999999403953551
0.4999999776482581
0.0
0.4267765879631042
0.213388331234455
0.062499996274709695
0.0366116389632225
0.0
0.49999997019767756
0.4999999999999999
0.12499998509883878
0.4267765879631042
0.4999998807907104
0.24999998509883878
0.12499994289715932
0.49999997019767756
0.24999997019767756
0.2499999552965164
0.4267766773700713
0.4267766773700713
0.4267766773700713
0.4267766773700713
0.24999997019767756
0.24999997019767756
0.4267766773700713
0.12499993996999857
0.42677664756774897
0.24999997019767756
0.0
0.4999999403953551
0.42677664756774897
0.07322328537702559
0.42677666991949076
0.49999988079071084
0.07322329282760617
0.12499998509883878
0.4999999403953551
0.09374996647238729
0.12499995529651639
0.49999997019767756
0.03661164548248052
0.24999997019767756
0.0
0.21338830888271326
0.4267766177654265
0.24999997019767756
0.24999991059303278
0.21338833868503565
0.4267766773700713
0.1249999441206455
0.4999999105930328
0.24999991832718432
0.4267765224830774
0.1249999776482582
0.24999998509883878
0.7499998807907103
0.1464465260505676
0.49999997019767756
0.4267766773700713
0.4999999403953551
0.21338830888271326
0.24999997019767756
0.7499998807907103
0.49999997019767756
0.24999997019767756
0.4999999403953551
0.0
0.0366116315126419
0.4267766773700713
0.0
0.37499994412064547
0.2499999552965164
0.249999925494194
0.07322329282760619
0.24999998509883878
0.4999999478459359
0.24999997019767756
0.0
0.3642765581607818
0.4267766177654265
0.24999994039535517
0.4999999105930328
0.21338830888271326
0.9999998807907102
0.4999999403953551
0.4999999999999999
0.1250000149011612
0.10669416561722753
0.24999998137354845
0.1249999776482582
0.4999999105930328
0.24999993351191602
0.24999997019767756
0.4999999403953551
0.0
0.07322329282760619
0.2133882492780685
0.42677664756774897
0.07322329282760619
0.21338832378387448
0.4999999403953551
0.24999998509883878
0.4267766326665878
0.0
0.21338830888271326
0.4999999403953551
0.24999998509883878
0.4999999403953551
0.4999999999999999
0.4999999403953551
0.12499997019767756
0.4999999403953551
0.4267766773700713
0.49999997019767756
0.4999999999999999
0.249999925494194
0.4999999403953551
0.124999962747097
0.24999997392296788
0.21338833868503565
0.21338827162981028
0.24999998509883878
0.07322330027818678
0.0366116426885128
0.2499999552965164
0.4267766773700713
0.07322330027818678
0.9999999403953551
0.4267766773700713
0.2499999552965164
0.24999998509883878
0.07322329282760619
0.4267766177654265
0.37499987334012974
0.21338832378387448
0.4267765879631042
0.4267766773700713
0.0
0.12499998509883878
0.03661163710057734
0.0
0.12499999441206452
0.036611646413803094
0.4267766773700713
0.4999999999999999
0.1464466005563736
0.12499998509883878
0.0
0.24999997392296788
0.36427652835845936
0.24999998509883878
0.12499999813735482
0.36427664756774897
0.21338828839361662
0.0
0.4999999999999999
0.4999999105930328
0.24999997019767756
0.06249999254941939
0.4999999105930328
0.3749999292194843
0.0732232768787071
0.42677664756774897
0.9999998807907102
0.0
0.4267765879631042
0.4999999403953551
0.4633882045745849
0.14644657075405118
0.24999998509883878
0.24999997019767756
0.06249999813735482
0.0
0.12499998509883878
0.12499997019767758
0.49999997019767756
0.07322329282760619
0.49999997019767756
0.4999999403953551
0.4267766177654265
0.4999998962590135
0.42677664756774897
0.4999999403953551
0.24999997019767756
0.2499999552965164
0.0
0.49999997019767756
0.42677664756774897
0.4267766773700713
0.21338833868503565
0.12499998509883878
0.4999999999999999
0.36427667737007136
0.49999997019767756
0.4267766773700713
0.24999997019767756
0.4999999403953551
0.49999997019767756
0.4267766773700713
0.4999999403953551
0.49999997019767756
0.07322329282760619
0.2133882939815521
0.0
0.12499998509883878
0.4267766177654265
0.49999997019767756
0.07322328208293281
0.4999999403953551
0.2499999552965164
0.42677661776542664
0.24999997019767756
0.28661158680915827
0.4999999403953551
0.0
0.23169407248497007
0.36427664756774897
0.24999997019767756
0.4999999403953551
0.4267766773700713
0.0
0.9999999403953551
0.4999999403953551
0.24999997019767756
0.4999999105930328
0.49999997019767756
0.4999999403953551
0.4999999403953551
0.4999999729916453
0.4999999999999999
0.0
0.24999997019767756
0.12499998509883878
0.0
0.4267766773700713
0.4999999484130776
0.4999999403953551
0.49999997019767756
0.4999999999999999
0.1249999776482582
0.24999997019767756
0.49999997019767756
0.4999999403953551
0.49999997019767756
0.24999998509883878
0.42677664756774897
0.12499997019767758
0.49999997019767756
0.24999991059303278
0.4999999403953551
0.32008239626884455
0.4267766773700713
0.6218590289354323
0.4267766773700713
0.42677664756774897
0.39552663732320065
0.49999997019767756
0.1249999776482582
0.0937499590218067
0.4267765283584594
0.4999999403953551
0.4999999403953551
0.0
0.4999999403953551
0.03661165013909339
0.0
0.49999997019767756
0.4999999403953551
0.1249999776482582
0.4999999403953551
0.21338833868503565
0.4999999403953551
0.2499999552965164
0.4267766773700713
0.4999999999999999
0.4999999999999999
0.4999999776482581
0.49999988079071034
0.0549174710176885
0.4267766177654265
0.24999998509883878
0.4267765879631042
0.1249999776482582
0.4999999403953551
0.03661164350342005
0.0
0.0624999888241291
0.49999988079071034
0.21338830888271326
0.03661165013909339
0.4999999999999999
0.0
0.3749999105930328
0.12499998509883878
0.4999999403953551
0.07322329282760619
0.24999997019767756
0.0
0.4999999105930328
0.24999997392296788
0.42677664756774897
0.24999998509883878
0.21338830888271326
5.7024274191519445e-09
0.4267766177654265
0.2499999552965164
0.2499999552965164
0.4999999403953551
0.4267766773700713
0.07322330027818678
0.49999997019767756
0.21338833868503565
0.21338832378387448
0.37499998214508135
0.07322330027818678
0.49999997019767756
0.49999997019767756
0.24999997019767756
0.4267766773700713
0.0
0.4267766773700713
0.0
0.062499996274709695
0.49999997019767756
0.14644657820463175
0.4999999999999999
0.7285532504320144
0.03661165013909339
0.49999997019767756
0.0
0.24999998509883878
-3.441719353958205e-09
0.4267766773700713
0.24999997019767756
0.3749999552965163
0.21338833868503565
0.0
0.49999997019767756
0.4999999999999999
0.4999999999999999
0.9999999403953551
0.2499999552965164
0.24999994039535517
0.4999999776482581
0.1249999776482582
0.0
0.4267766326665878
0.4267766773700713
0.1249999776482582
0.4267766773700713
0.4267766773700713
0.24999998509883878
0.4999999999999999
0.0624999888241291
0.4999999999999999
0.2499999552965164
0.49999997019767756
0.49999997019767756
0.21338827908039087
0.4999999403953551
0.4999999403953551
0.49999997019767756
0.24999997019767756
0.24999998509883878
0.4999999999999999
0.24999998509883878
0.07322330027818678
0.49999997019767756
0.21338830888271326
0.07322330027818678
0.12500000745058057
0.2499999552965164
0.49999997019767756
0.4267766773700713
0.0
0.24999997019767756
0.4999999999999999
0.4999999999999999
0.07322330027818678
0.42677664756774897
0.3642766382545232
0.0
0.24999997019767756
0.4999999999999999
0.0
0.24999998509883878
0.24999998509883878
0.9999999403953551
0.4999999403953551
0.07322328165173528
0.2499999999999999
0.031249999999999993
0.42677666991949076
0.24999998509883878
0.24999995157122606
0.4999999999999999
0.4999999105930328
0.4999999999999999
0.4999999403953551
0.42677664756774897
0.0
0.036611646413803094
0.49999997019767756
0.21338830888271326
0.24999995529651636
0.12499995529651639
0.4267766177654265
0.0
0.32008243538439274
-6.88343870791641e-09
0.4999999403953551
0.8535533323884008
0.4267766773700713
0.24999998509883878
0.3200824167579412
0.2499999552965164
0.24999997019767756
0.24999998509883878
0.21338833868503565
0.4999999999999999
0.36427667737007136
0.24999999999999994
0.24999998509883878
0.49999997019767756
0.062499996274709695
0.49999997019767756
0.0
0.24999997019767756
0.4999999999999999
0.21338830888271326
0.24999997019767756
0.24999997019767756
0.4999999776482581
0.24999998509883878
0.49999997019767756
0.4267765805125236
0.2133882795106058
0.12499998509883878
0.1249999776482582
0.9999998807907102
0.4999999999999999
0.46338828839361657
0.24999997019767756
0.8535533547401426
0.4267765879631042
0.24999994039535517
0.24999997019767756
0.49999997019767756
0.21338830888271326
0.4999999403953551
0.426776498556137
0.3642765879631042
0.4267766177654265
0.4267766773700713
0.49999997019767756
0.2133882939815521
0.24999997019767756
0.24999997019767756
0.49999997019767756
0.24999997019767756
0.07322329282760619
0.0
0.036611642688512795
0.4999999403953551
0.4999998807907112
0.24999997019767756
0.2499999552965164
0.4999999403953551
0.07322328537702559
0.49999997019767756
0.49999997019767756
0.7499998658895491
0.21338830888271326
0.24999997019767756
0.4999999776482581
0.2499999552965164
0.4267766773700713
0.249999925494194
0.8535533547401426
0.24999994039535517
0.24999998509883878
0.24999997019767756
0.49999997019767756
0.4999999999999999
0.4999999999999999
0.07322329282760619
0.8535533547401426
0.36427664756774897
0.4267766773700713
0.12499998509883878
0.4267766773700713
0.4999999999999999
0.07322330027818678
0.36427667737007136
0.4999999403953551
0.12499998509883878
0.49999997019767756
0.07322330027818678
0.4267766773700713
0.4999999403953551
0.07322330027818678
0.4999999403953551
0.21338833868503565
0.213388318195939
0.24999997019767756
0.24999997392296788
0.24999998137354845
0.4267766177654265
0.1249999746945005
0.06249999254941939
0.24999994039535517
0.4267766773700713
0.24999997392296788
0.24999997019767756
0.0
0.21338833868503565
0.07322330027818678
0.12499998509883878
0.4267766773700713
0.03661165013909339
0.21338830888271326
0.21338830888271326
0.0
0.42677664756774897
0.49999997019767756
0.4267766773700713
0.1464465856552124
0.4267766773700713
0.49999997019767756
0.49999997019767756
0.24999998509883878
0.24999998509883878
0.24999997019767756
0.42677664756774897
0.49999997019767756
0.24999997019767756
0.4999999999999999
0.4267766773700713
0.0
0.03661165013909339
0.24999997019767756
0.0
0.4999999999999999
0.4999999776482581
0.21338832378387448
0.49999997019767756
0.4999999105930328
0.0
0.4999999403953551
0.24999995529651636
0.9999998807907102
0.24999997019767756
0.49999997019767756
0.4999999105930328
0.7499999403953551
0.2499999552965164
0.21338833868503565
0.49999997019767756
0.426776573061943
0.4999999403953551
0.49999997019767756
0.4267766773700713
0.37499996274709696
0.24999997019767756
0.3749999180436134
0.07322329282760619
0.4999999403953551
0.4267766773700713
0.2499999552965164
0.18749996088445184
0.4999999403953551
0.21338833868503565
0.24999998509883878
0.24999997019767756
0.4267766773700713
0.2499999552965164
0.06249997112900017
0.49999997019767756
0.36427664756774897
0.4999999999999999
0.062499973922967904
0.49999997019767756
0.124999962747097
0.24999998509883878
0.4267766773700713
0.4999999403953551
0.24999997019767756
0.4999999105930328
0.0366116389632225
0.49999997019767756
0.12499998509883878
0.12499999068677423
0.4999999999999999
0.49999997019767756
0.0
0.853553235530853
-1.7588525635936488e-09
0.4999999999999999
0.036611646413803094
0.062499957159161554
0.12499998509883878
0.3642765879631042
0.49999997019767756
0.4999999999999999
0.0
0.0
0.4267766773700713
0.12499998509883878
0.036611642688512795
0.4999999403953551
0.42677664756774897
0.0
0.49999997019767756
0.1249999776482582
0.24999998509883878
0.36427664756774897
0.24999998509883878
0.4999999999999999
0.036611646413803094
0.4999999999999999
0.12499998509883878
0.24999998509883878
0.24999997019767756
0.36427667737007136
0.4999999403953551
0.24999997392296788
0.4267766177654265
0.4999999403953551
0.4999999403953551
0.24999998509883878
0.24999997019767756
0.4999999403953551
0.018305827863514423
0.4999999105930328
0.4267766773700713
0.4999999403953551
0.24999997019767758
0.0
0.24999997019767756
0.4999999105930326
0.4267766773700713
0.010723302140831946
0.0732232481241226
0.426776498556137
0.4999999403953551
0.4267766773700713
0.24999998509883878
0.24999997019767756
0.24999997019767756
0.4999999999999999
0.49999997019767756
0.24999997019767756
0.12499998509883878
0.1249999776482582
0.42677664011716837
0.2499999552965164
0.4999999999999999
0.9999998807907102
0.9999998807907102
0.4267766773700713
0.4999999999999999
0.24999998509883878
0.4267766177654265
0.2133882939815521
0.24999998509883878
-1.8626451467923765e-09
0.4999999999999999
0.0
0.24999997019767756
0.24999997019767756
0.4999999403953551
0.2499999552965164
-7.450580587169506e-09
0.2499999403953552
0.4999999999999999
0.4999999776482581
0.4999999999999999
0.07322330027818678
0.2499999552965164
0.12499998509883878
0.49999997019767756
0.426776636391878
0.036611642688512795
0.24999994039535517
0.24999997019767756
0.0
0.24999998509883878
0.4999999403953551
0.2499999552965164
0.24999997019767756
0.49999997019767756
0.12499998509883878
0.0
0.24999997019767756
0.24999998509883878
0.4999999999999999
0.0
0.0
0.4267765879631042
0.12499998509883878
0.12499998509883878
0.12499998509883878
0.14330579340457913
0.12499998509883878
0.21338833868503565
0.9999998807907102
0.4267766773700713
0.24999997019767756
0.49999997019767756
0.4999999999999999
0.036611642688512795
0.12499998509883878
0.12499999999999997
0.036611652001738534
0.036611646413803094
0.21338832937180993
0.0
0.21338830888271326
0.49999997019767756
0.4999999999999999
0.320082489401102
0.21338833868503565
0.36427664756774897
0.12499997019767758
0.4999999999999999
0.2499999552965164
0.4999999999999999
0.24999993885228997
0.4999999403953551
0.24999997019767756
0.6401649229228495
0.4267766773700713
0.24999997019767756
0.24999997019767756
0.06249998882412909
0.0
0.24999998509883878
0.49999997019767756
0.3749999739229678
0.49999997019767756
0.24999998509883878
0.4999999999999999
0.24999998509883878
0.4267766773700713
0.49999997019767756
0.4999999403953551
0.24999997019767756
0.12499998509883878
0.42677664756774897
0.24999997019767756
0.12499998509883878
0.24999994039535517
0.4999999999999999
0.4267766773700713
0.0
0.21338832378387448
0.0
0.4999999403953551
0.4999999999999999
0.4267766773700713
0.24999997019767756
0.0
0.24999998509883878
0.0
0.4999999105930328
0.1874999850988388
0.24999998509883878
0.4999999105930328
0.24999997019767756
0.4999999999999999
0.21338833868503565
0.1249999776482582
0.24999994039535517
0.12499998509883878
0.24999997019767756
0.49999997019767756
0.4999999999999999
0.2499999552965164
5.702426975062735e-09
0.4999999105930328
0.21338830888271326
0.0
0.124999962747097
0.4999999105930328
0.42677664756774897
0.42677664756774897
0.24999997019767756
0.4999999999999999
0.4999999999999999
0.12499998509883878
0.0
0.24999997019767756
0.249999925494194
0.4267766773700713
0.4267766773700713
0.0
0.4999999999999999
0.4267766177654265
0.4999999999999999
0.0
0.05491746449843053
0.0
0.0
0.24999997019767756
0.24999997019767756
0.010723304003477095
0.8535533547401426
0.24999998509883878
0.4999999999999999
0.0
0.49999997019767756
0.4267765879631042
0.12499998509883878
0.4999999999999999
0.4267766401171682
0.24999995157122606
0.24999998509883878
0.0
0.24999997019767756
0.49999997019767756
0.49999997019767756
0.24999998509883878
0.12499998509883878
0.4999999999999999
0.49999997019767756
0.46338828932493914
0.0366116352379322
0.24999997019767756
0.24999997019767756
0.12499998509883878
0.21338832378387448
0.9999998807907102
0.4999999105930328
0.4999999403953551
0.8535531759262084
0.24999998509883878
0.24999997019767756
0.4999999105930328
0.4267765879631042
0.07322330027818678
0.2499999552965164
0.4267765879631042
0.2499999552965164
0.8535533547401426
0.21338832378387448
0.24999998137354845
0.0
0.10669414812113008
0.2499999552965164
0.24999997019767756
0.4267766773700713
0.4999999999999999
0.24999998509883878
0.4267766177654265
0.24999997019767756
0.4999999999999999
0.9999999403953551
0.49999997019767756
0.2133882939815521
0.4267766773700713
0.21338833868503565
0.4267766773700713
0.4999999999999999
0.2499999552965164
0.4999999999999999
0.0
0.24999998509883878
0.4999999999999999
0.24999998882412905
0.0
0.4267766773700713
0.12499997951090333
0.4999999403953551
0.4999999403953551
0.24999997019767756
0.24999997019767756
0.0
0.24999997019767756
0.12499998509883878
0.0
0.4267766177654265
0.0
0.4267766773700713
0.06250000372529028
0.49999997019767756
0.49999997019767756
0.124999962747097
0.0
0.4267766773700713
0.12499998509883878
0.07322330027818678
0.2499999552965164
0.4999999999999999
0.06249999254941939
0.4999999105930328
0.24999998509883878
0.49999997019767756
0.12499998509883878
0.249999925494194
0.24999997019767756
0.24999997019767756
0.21338830888271326
0.4267765879631042
0.24999997019767756
0.4999999999999999
0.4267766773700713
0.9999998807907102
0.49999997019767756
0.49999997019767756
0.4999999999999999
0.42677664756774897
0.2499999552965164
0.4267766177654265
0.24999998509883878
0.4999999403953551
0.24999998882412905
0.24999997019767756
0.2499999552965164
0.24999998509883878
0.4999999999999999
0.4999999403953551
0.24999998509883878
0.0
0.4999999776482581
0.1249999776482582
0.4999999999999999
0.24999997019767756
0.49999997019767756
0.9999998807907102
0.49999997019767756
0.2499999552965164
0.24999997019767756
0.24999998509883878
0.49999997019767756
0.49999997019767756
0.24999997019767756
0.4267766773700713
0.49999997019767756
0.2499999552965164
0.24999998509883878
0.4267765879631042
0.4999999403953551
0.03661165013909339
0.249999925494194
0.9999999403953551
0.24999997019767756
0.24999998509883878
0.24999997019767756
0.24999998509883878
0.4267766326665878
0.4267766773700713
0.21338830888271326
0.4999999403953551
0.0
0.0
0.49999997019767756
0.49999997019767756
0.1874999403953552
0.12499998509883878
0.12499998509883878
0.4267766326665878
0.0
0.1249999776482582
0.036611642688512795
0.24999998509883878
0.12499998509883878
0.24999997019767756
0.24999998509883878
0.24999998509883878
0.07322330027818678
0.49999997019767756
0.24999998509883878
0.1249999776482582
0.2133882939815521
0.24999994039535517
0.21338828932493922
0.24999997019767756
0.12499998509883878
0.21338833868503565
0.3642765991389751
0.21338832378387448
