29
58
93
121
149
179
211
244
270
299
333
352
383
410
441
473
500
532
558
590
614
650
675
702
740
764
800
832
856
885
912
936
959
987
1013
1041
1070
1102
1134
1162
1190
1223
1244
1270
1296
1333
1357
1389
1420
1452
1476
1497
1523
1549
1576
1608
1635
1667
1695
1724
1756
1787
1816
1840
1878
1904
1937
1960
1989
2019
2049
2074
2102
2127
2156
2185
2214
2242
2264
2292
2322
2353
2382
2407
2436
2461
2494
2517
2547
2582
2603
2632
2658
2689
2717
2746
2776
2811
2836
2868
2895
2924
2953
2985
3014
3039
3072
3098
3122
3150
3176
3199
3226
3255
3288
3317
3347
3378
3410
3444
3472
3509
3535
3562
3586
3611
3643
3671
3710
3739
3762
3786
3815
3845
3876
3911
3937
3968
4007
4031
4059
4086
4118
4152
4179
4207
4241
4269
4290
4317
4346
4369
4392
4418
4440
4477
4504
4537
4570
4597
4629
4654
4679
4705
4730
4751
4776
4805
4835
4863
4894
4925
4953
4980
5007
5034
5061
5089
5111
5147
5173
5203
5235
5264
5294
5329
5358
5387
5419
5449
5474
5510
5548
5582
5611
5637
5661
5695
5720
5748
5775
5796
5825
5866
5889
5925
5954
5976
6002
6028
6057
6085
6112
6143
6171
6197
6228
6255
6278
6307
6338
6366
6401
6429
6461
6484
6513
6547
6578
6601
6632
6660
6681
6719
6742
6769
6806
6828
6850
6878
6906
6938
6968
6999
7024
7060
7086
7112
7142
7168
7197
7232
7264
7287
7318
7344
7373
7404
7426
7452
7476
7500
7528
7551
7574
7603
7636
7669
7699
7725
7748
7776
7803
7827
7856
7881
7908
7935
7962
7998
8027
8049
8080
8114
8144
8174
8200
8224
8248
8270
8300
8327
8356
8385
8412
8441
8468
8489
8518
8547
8574
8601
8629
8651
8678
8707
8743
8770
8801
8830
8855
8893
8922
8951
8984
9013
9034
9063
9091
9121
9152
9181
9211
9239
9264
9290
9324
9348
9369
9398
9435
9463
9491
9523
9550
9573
9591
9613
9639
9665
9699
9729
9755
9778
9803
9830
9857
9891
9914
9939
9964
9990
10011
10043
10075
10103
10130
10157
10186
10215
10244
10271
10298
10323
10341
10369
10397
10425
10454
10484
10509
10535
10563
10582
10609
10639
10667
10696
10723
10750
10777
10800
10823
10851
10886
10911
10935
10959
10986
11010
11037
11063
11093
11117
11146
11181
11213
11237
11262
11286
11309
11329
11352
11380
11412
11437
11463
11487
11514
11538
11563
11594
11621
11652
11676
11703
11734
11761
11782
11805
11829
11858
11882
11915
11940
11974
12002
12025
12054
12075
12103
12132
12158
12188
12213
12237
12264
12293
12321
12348
12370
12396
12431
12460
12486
12508
12527
12553
12584
12616
12644
12663
12684
12719
12752
12772
12806
12824
12855
12884
12909
12942
12966
12994
13021
13043
13071
13097
13123
13151
13178
13204
13235
13264
13291
13322
13354
13384
13415
13440
13469
13503
13525
13552
13582
13609
13634
13660
13686
13720
13741
13770
13801
13829
13858
13886
13913
13944
13969
13994
14018
14040
14078
14104
14123
14146
14177
14208
14241
14271
14296
14326
14348
14376
14401
14426
14448
14473
14495
14525
14556
14585
14611
14644
14679
14703
14736
14759
14778
14806
14834
14860
14892
14923
14944
14975
14995
15020
15047
15072
15098
15128
15155
15178
15208
15232
15256
15277
15298
15327
15356
15388
15411
15439
15464
15500
15530
15554
15574
15602
15626
15653
15674
15698
15726
15749
15778
15802
15824
15853
15874
15897
15917
15950
15977
16001
16022
16046
16074
16102
16126
16153
16180
16209
16241
16270
16299
16318
16344
16369
16398
16427
16450
16480
16505
16526
16557
16587
16617
16644
16667
16691
16721
16745
16772
16799
16822
16846
16871
16896
16922
16947
16971
17005
17030
17052
17076
17096
17116
17142
17172
17199
17223
17249
17273
17295
17318
17339
17363
17386
17408
17431
17459
17477
17503
17535
17563
17588
17609
17633
17656
17682
17704
17726
17748
17779
17803
17827
17845
17865
17885
17914
17932
17957
17987
18012
18040
18064
18088
18115
18147
18176
18204
18227
18250
18272
18295
18316
18342
18368
18401
18429
18453
18477
18502
18529
18555
18580
18604
18628
18652
18672
18696
18714
18739
18765
18791
18810
18840
18868
18888
18912
18936
18958
18988
19016
19034
19057
19080
19105
19130
19154
19174
19194
19220
19245
19267
19294
19323
19350
19376
19403
19424
19444
19465
19486
19510
19538
19563
19590
19613
19642
19669
19691
19711
19740
19765
19790
19820
19845
19866
19886
19908
19929
19948
19974
19999
20026
20046
20069
20101
20129
20150
20170
20187
20210
20237
20256
20278
20299
20325
20347
20371
20392
20422
20448
20467
20491
20518
20536
20559
20584
20612
20639
20657
20680
20706
20728
20753
20784
20806
20828
20850
20872
20890
20916
20936
20957
20982
21004
21022
21043
21072
21094
21125
21146
21172
21194
21220
21245
21267
21289
21315
21340
21370
21392
21410
21431
21455
21483
21502
21521
21550
21574
21598
21619
21644
21665
21693
21714
21740
21760
21781
21803
21830
21849
21872
21894
21917
21949
21977
22002
22025
22054
22083
22103
22123
22144
22172
22194
22217
22240
22264
22287
22308
22331
22361
22384
22412
22436
22464
22480
22505
22528
22549
22572
22593
22612
22634
22656
22675
22695
22719
22742
22765
22784
22804
22827
22857
22878
22897
22920
22937
22956
22981
22998
23018
23036
23056
23076
23098
23119
23141
23171
23195
23221
23242
23263
23283
23304
23329
23350
23370
23387
23409
23433
23456
23480
23499
23521
23541
23565
23585
23604
23627
23651
23668
23688
23711
23731
23756
23778
23799
23826
23851
23873
23896
23923
23947
23973
24005
24030
24050
24072
24093
24113
24132
24158
24178
24197
24216
24246
24267
24295
24313
24335
24360
24386
24409
24426
24453
24475
24499
24520
24544
24569
24587
24606
24627
24646
24672
24697
24718
24740
24760
24777
24797
24818
24838
24857
24878
24896
24917
24940
24957
24977
24997
25025
25050
25072
25100
25121
25142
25162
25184
25208
25233
25252
25275
25297
25317
25340
25362
25380
25401
25426
25446
25466
25491
25508
25532
25551
25570
25593
25615
25637
25659
25678
25702
25721
25741
25762
25786
25808
25831
25852
25872
25891
25912
25930
25955
25978
26000
26022
26042
26066
26084
26108
26132
26149
26174
26198
26226
26250
26271
26293
26313
26330
26353
26373
26391
26415
26437
26461
26488
26507
26528
26552
26580
26602
26626
26648
26670
26686
26714
26735
26754
26773
26793
26813
26832
26855
26878
26898
26918
26941
26961
26983
27004
27028
27047
27071
27098
27125
27141
27160
27177
27197
27217
27243
27261
27282
27302
27326
27345
27367
27389
27408
27429
27449
27466
27485
27503
27523
27542
27566
27587
27610
27636
27653
27670
27688
27714
27734
27758
27781
27806
27824
27843
27867
27888
27910
27934
27958
27978
27995
28016
28035
28057
28081
28097
28118
28137
28161
28182
28203
28226
28244
28263
28289
28309
28336
28357
28380
28406
28430
28452
28474
28497
28518
28542
28567
28600
28627
28648
28668
28688
28709
28728
28747
28768
28787
28804
28826
28847
28869
28887
28905
28924
28945
28966
28986
29010
29033
29054
29078
29103
29125
29149
29173
29195
29218
29236
29258
29278
29298
29321
29341
29362
29380
29398
29422
29443
29467
29484
29508
29526
29542
29561
29578
29594
29613
29631
29656
29673
29693
29715
29733
29749
29765
29788
29807
29824
29842
29860
29877
29899
29918
29935
29953
29976
29994
30014
30033
30053
30074
30094
30112
30129
30150
30173
30196
30215
30238
30257
30276
30299
30318
30336
30353
30373
30393
30412
30433
30455
30472
30491
30512
30531
30550
30574
30592
30611
30629
30652
30673
30697
30715
30740
30757
30777
30797
30815
30836
30852
30874
30896
30917
30933
30954
30974
30994
31013
31033
31054
31073
31090
31110
31127
31146
31164
31181
31200
31218
31238
31259
31279
31306
31327
31346
31364
31385
31408
31429
31446
31469
31486
31509
31530
31551
31568
31587
31607
31624
31640
31662
31680
31704
31722
31739
31774
31798
31824
31846
31867
31889
31912
31930
31951
31970
31990
32008
32025
32045
32066
32085
32104
32127
32148
32175
32194
32215
32233
32257
32277
32298
32316
32334
32364
32386
32404
32425
32443
32471
32498
32519
32538
32558
32583
32600
32618
32636
32654
32674
32693
32710
32732
32756
32777
32796
32818
32838
32856
32874
32896
32917
32936
32954
32973
32989
33007
33027
33045
33065
33085
33105
33122
33139
33158
33177
33196
33222
33241
33262
33280
33300
33317
33339
33355
33376
33400
33419
33440
33457
33478
33498
33516
33539
33557
33575
33591
33612
33630
33648
33669
33689
33709
33727
33744
33766
33787
33805
33820
33841
33863
33885
33902
33923
33944
33960
33976
34002
34018
34036
34055
34073
34091
34111
34129
34149
34167
34185
34204
34229
34248
34265
34283
34302
34322
34340
34358
34378
34399
34420
34438
34455
34473
34489
34509
34529
34553
34573
34593
34610
34630
34647
34665
34687
34708
34733
34754
34769
34787
34806
34822
34839
34858
34881
34897
34916
34932
34953
34971
34990
35008
35027
35045
35061
35079
35101
35121
35136
35157
35174
35195
35212
35231
35250
35273
35293
35310
35330
35346
35362
35382
35400
35420
35444
35460
35482
35503
35523
35542
35561
35583
35602
35622
35643
35659
35674
35694
35715
35733
35751
35769
35788
35807
35825
35845
35866
35888
35908
35926
35943
35962
35981
35998
36017
36036
36053
36076
36092
36109
36126
36143
36161
36179
36198
36216
36233
36249
36267
36285
36307
36324
36340
36360
36380
36398
36415
36432
36455
36472
36490
36506
36528
36547
36567
36587
36604
36622
36645
36663
36685
36706
36726
36746
36763
36785
36801
36822
36844
36865
36880
36896
36916
36932
36951
36970
36989
37006
37024
37039
37055
37071
37088
37106
37125
37142
37162
37177
37193
37213
37231
37248
37267
37287
37307
37323
37341
37358
37376
37396
37415
37433
37451
37469
37487
37505
37524
37539
37559
37577
37593
37610
37629
37647
37666
37688
37704
37720
37736
37753
37772
37791
37806
37823
37842
37857
37875
37893
37910
37928
37946
37963
37985
38000
38019
38036
38053
38074
38095
38112
38129
38150
38166
38184
38200
38217
38235
38252
38267
38284
38303
38320
38339
38355
38380
38395
38413
38429
38444
38463
38480
38498
38515
38533
38548
38565
38589
38609
38625
38643
38658
38675
38691
38711
38732
38748
38765
38785
38804
38823
38841
38861
38883
38900
38916
38931
38948
38968
38987
39007
39024
39042
39058
39075
39092
39108
39125
39140
39155
39170
39191
39209
39227
39245
39262
39281
39299
39317
39335
39354
39370
39386
39405
39421
39439
39455
39474
39494
39514
39532
39549
39571
39587
39603
39619
39635
39652
39672
39689
39705
39723
39745
39763
39785
39800
39815
39830
39851
39867
39888
39904
39922
39941
39958
39975
39992
40008
40026
40043
40061
40078
40096
40115
40134
40152
40168
40184
40202
40218
40233
40251
40269
40288
40304
40325
40343
40359
40378
40397
40413
40431
40450
40467
40483
40503
40521
40538
40556
40574
40595
40611
40626
40643
40660
40680
40698
40713
40730
40747
40764
40780
40797
40814
40830
40848
40867
40884
40903
40920
40940
40956
40975
40991
41009
41026
41042
41059
41078
41094
41111
41127
41146
41163
41180
41198
41216
41234
41250
41265
41285
41304
41319
41339
41356
41371
41391
41409
41425
41445
41464
41480
41496
41513
41530
41547
41563
41580
41598
41617
41635
41653
41670
41687
41702
41719
41736
41756
41772
41788
41804
41820
41840
41857
41872
41890
41906
41922
41938
41954
41972
41987
42005
42026
42046
42062
42080
42100
42118
42135
42156
42173
42190
42209
42228
42248
42264
42280
42299
42314
42331
42346
42361
42385
42401
42416
42432
42448
42465
42482
42500
42516
42532
42547
42565
42581
42599
42618
42636
42653
42669
42686
42706
42724
42740
42758
42776
42792
42809
42828
42845
42860
42877
42895
42910
42929
42945
42961
42977
42994
43010
43028
43046
43063
43080
43098
43114
43130
43146
43166
43182
43201
43223
43239
43254
43270
43289
43307
43324
43345
43368
43385
43403
43419
43435
43451
43466
43482
43500
43519
43537
43553
43568
43586
43604
43619
43634
43652
43669
43686
43704
43721
43741
43758
43776
43793
43811
43826
43844
43863
43879
43894
43909
43926
43942
43958
43973
43989
44008
44024
44040
44057
44074
44089
44104
44120
44136
44152
44168
44183
44199
44216
44234
44253
44271
44290
44308
44328
44350
44366
44382
44399
44417
44433
44450
44465
44482
44501
44516
44534
44555
44572
44587
44603
44623
44644
44659
44675
44693
44710
44725
44741
44761
44779
44795
44812
44827
44846
44863
44879
44897
44912
44927
44942
44957
44973
44990
45006
45023
45038
45055
45071
45089
45109
45126
45142
45159
45174
45190
45209
45227
45242
45257
45274
45290
45307
45325
45341
45356
45371
45386
45401
45419
45434
45451
45466
45482
45497
45512
45528
45546
45562
45577
45593
45609
45625
45640
45657
45673
45688
45703
45723
45738
45754
45770
45785
45802
45818
45834
45849
45866
45881
45899
45917
45934
45951
45966
45982
45997
46013
46031
46047
46063
46080
46100
46118
46133
46150
46167
46184
46201
46217
46233
46253
46269
46285
46302
46320
46339
46354
46374
46390
46406
46423
46439
46455
46471
46486
46503
46518
46534
46550
46566
46582
46600
46617
46636
46653
46672
46691
46707
46722
46739
46755
46772
46789
46804
46825
46844
46859
46875
46890
46905
46921
46940
46956
46975
46992
47008
47023
47038
47056
47071
47088
47104
47121
47138
47153
47169
47185
47201
47219
47236
47252
47269
47284
47301
47319
47334
47351
47367
47382
47398
47413
47432
47448
47466
47484
47501
47517
47535
47552
47568
47584
47600
47615
47633
47648
47665
47681
47698
47716
47735
47751
47769
47785
47802
47817
47836
47854
47869
47884
47902
47919
47935
47951
47970
47986
48006
48023
48044
48061
48076
48092
48108
48124
48141
48159
48178
48195
48211
48227
48244
48260
48276
48292
48308
48325
48341
48357
48373
48391
48407
48422
48437
48454
48470
48488
48507
48524
48540
48557
48574
48590
48608
48623
48639
48655
48670
48687
48702
48719
48735
48750
48766
48782
48799
48815
48832
48850
48866
48882
48898
48914
48933
48949
48965
48983
49000
49018
49033
49050
49066
49087
49104
49119
49136
49151
49166
49181
49199
49217
49232
49249
49266
49284
49299
49315
49331
49346
49361
49376
49392
49409
49425
49441
49459
49475
49490
49505
49522
49537
49553
49570
49585
49603
49620
49639
49656
49674
49690
49707
49725
49740
49756
49777
49795
49811
49826
49842
49858
49874
49891
49907
49924
49944
49961
49977
49993
50010
50026
50041
50056
50071
50088
50104
50120
50135
50151
50167
50183
50202
50220
50237
50253
50269
50284
50300
50318
50334
50350
50365
50381
50397
50412
50430
50445
50461
50476
50493
50510
50527
50544
50560
50578
50594
50609
50624
50642
50660
50677
50692
50707
50722
50738
50753
50768
50785
50804
50820
50836
50852
50868
50883
50899
50915
50930
50945
50964
50980
50995
51011
51027
51044
51059
51074
51089
51104
51120
51139
51154
51170
51188
51206
51223
51241
51257
51272
51287
51302
51320
51335
51350
51365
51381
51397
51413
51429
51444
51459
51474
51490
51506
51521
51536
51553
51568
51584
51601
51616
51631
51647
51664
51679
51695
51713
51728
51747
51763
51781
51796
51812
51827
51842
51857
51874
51891
51907
51925
51940
51956
51973
51988
52004
52019
52034
52050
52065
52081
52097
52112
52128
52147
52164
52181
52199
52215
52231
52246
52262
52277
52294
52311
52326
52341
52358
52373
52389
52405
52422
52438
52454
52470
52486
52502
52517
52533
52549
52565
52582
52597
52613
52630
52648
52665
52684
52700
52715
52734
52751
52768
52786
52805
52820
52835
52852
52869
52890
52908
52924
52941
52956
52975
52991
53006
53021
53036
53052
53067
53085
53104
53121
53138
53154
53171
53188
53203
53218
53233
53249
53264
53280
53296
53313
53331
53346
53364
53379
53396
53411
53426
53441
53457
53473
53490
53506
53522
53538
53553
53568
53583
53598
53616
53632
53649
53665
53680
53695
53712
53728
53745
53763
53778
53796
53813
53832
53849
53867
53882
53897
53913
53931
53947
53962
53977
53992
54009
54028
54046
54064
54081
54097
54112
54128
54144
54160
54175
54190
54205
54220
54235
54251
54268
54283
54298
54315
54333
54348
54366
54381
54396
54412
54427
54444
54459
54474
54490
54508
54524
54539
54556
54572
54589
54605
54620
54637
54654
54669
54685
54701
54717
54734
54750
54767
54782
54799
54815
54831
54848
54863
54879
54895
54911
54930
54945
54961
54976
54995
55011
55028
55044
55060
55078
55093
55109
55126
55142
55158
55175
55190
55205
55223
55238
55255
55270
55286
55304
55320
55336
55351
55366
55382
55398
55413
55429
55446
55462
55477
55493
55508
55524
55539
55556
55571
55586
55603
55618
55635
55650
55666
55682
55699
55716
55733
55750
55765
55780
55797
55812
55833
55848
55864
55879
55895
55911
55927
55944
55959
55976
55997
56014
56031
56046
56061
56076
56091
56106
56122
56137
56155
56172
56190
56207
56222
56238
56256
56272
56287
56302
56318
56334
56350
56367
56382
56399
56416
56431
56449
56467
56486
56504
56519
56535
56550
56566
56581
56596
56611
56627
56645
56662
56679
56695
56710
56725
56742
56757
56772
56787
56802
56818
56834
56849
56864
56880
56896
56912
56929
56946
56963
56980
56996
57011
57027
57042
57059
57074
57092
57109
57125
57142
57160
57177
57195
57211
57226
57241
57258
57273
57291
57307
57324
57340
57355
57372
57388
57403
57420
57435
57452
57467
57486
57501
57518
57534
57550
57566
57582
57597
57612
57627
57643
57658
57673
57691
57708
57724
57740
57757
57772
57788
57806
57821
57838
57856
57871
57887
57903
57919
57934
57950
57967
57984
58000
58015
58030
58045
58062
58079
58095
58112
58128
58143
58158
58175
58193
58210
58227
58244
58262
58278
58294
58310
58326
58341
58358
58375
58391
58409
58426
58442
58459
58475
58490
58508
58523
58543
58560
58576
58591
58607
58623
58638
58653
58668
58683
58699
58714
58730
58746
58763
58781
58797
58812
58829
58844
58859
58874
58890
58905
58920
58935
58952
58970
58985
59001
59017
59033
59049
59066
59082
59099
59114
59130
59146
59167
59184
59203
59220
59236
59253
59269
59285
59301
59317
59333
59350
59365
59380
59395
59411
59427
59443
59459
59474
59491
59507
59522
59537
59552
59568
59583
59599
59614
59629
59645
59661
59678
59695
59712
59728
59744
59759
59776
59791
59806
59823
59839
59855
59872
59889
59904
59919
59937
59952
59967
59982
59998
60013
60028
60043
60059
60075
60091
60108
60124
60141
60157
60173
60190
60206
60221
60236
60252
60267
60282
60297
60312
60330
60348
60364
60379
60395
60411
60426
60441
60456
60473
60488
60505
60521
60537
60552
60568
60584
60600
60616
60632
60648
60663
60678
60693
60709
60725
60741
60757
60772
60790
60806
60822
60838
60854
60870
60885
60902
60917
60932
60949
60967
60982
61000
61017
61032
61047
61065
61080
61095
61112
61128
61144
61160
61175
61191
61209
61224
61240
61255
61270
61285
61300
61316
61332
61352
61369
61385
61403
61420
61435
