24
54
79
108
134
160
179
209
235
258
287
313
337
358
390
417
448
482
510
534
555
577
611
635
665
695
718
748
780
811
839
870
900
931
955
985
1009
1034
1060
1088
1120
1152
1177
1210
1233
1253
1280
1306
1325
1354
1380
1401
1430
1456
1491
1515
1542
1568
1601
1628
1657
1684
1708
1741
1775
1803
1831
1860
1890
1914
1941
1965
1994
2021
2060
2081
2110
2135
2160
2188
2220
2246
2266
2294
2325
2349
2378
2410
2442
2468
2496
2521
2553
2576
2607
2635
2665
2699
2722
2747
2775
2801
2829
2856
2880
2917
2952
2984
3011
3042
3068
3091
3116
3145
3172
3200
3235
3269
3298
3331
3362
3398
3427
3457
3484
3508
3535
3560
3584
3611
3636
3660
3689
3717
3746
3778
3810
3843
3871
3901
3926
3952
3979
4003
4031
4054
4088
4122
4156
4187
4220
4248
4275
4299
4333
4359
4387
4419
4442
4476
4507
4535
4566
4600
4624
4654
4679
4705
4732
4760
4791
4819
4854
4881
4909
4937
4968
5002
5034
5063
5089
5111
5137
5166
5195
5221
5248
5282
5312
5336
5371
5395
5424
5454
5478
5508
5538
5569
5600
5628
5664
5700
5728
5753
5784
5810
5834
5863
5896
5926
5953
5982
6010
6038
6069
6091
6121
6156
6183
6209
6239
6272
6301
6325
6352
6377
6404
6438
6463
6487
6514
6545
6574
6613
6640
6670
6691
6727
6756
6782
6805
6833
6863
6890
6921
6948
6969
6993
7024
7057
7084
7107
7136
7160
7196
7226
7262
7285
7309
7340
7365
7392
7421
7449
7476
7509
7535
7568
7602
7632
7666
7692
7713
7738
7766
7798
7823
7854
7887
7921
7948
7978
8004
8044
8068
8103
8129
8148
8181
8209
8236
8264
8292
8319
8344
8371
8396
8416
8446
8472
8498
8530
8553
8579
8602
8624
8648
8677
8703
8734
8762
8783
8810
8839
8860
8890
8917
8946
8967
8994
9027
9059
9084
9111
9135
9159
9185
9211
9242
9260
9278
9304
9329
9364
9385
9411
9441
9470
9502
9537
9562
9592
9610
9637
9666
9702
9733
9757
9783
9810
9835
9864
9890
9922
9946
9980
10009
10037
10068
10097
10122
10154
10181
10210
10240
10268
10289
10316
10346
10374
10400
10435
10462
10491
10522
10550
10577
10601
10623
10656
10683
10715
10742
10773
10794
10822
10852
10875
10902
10923
10948
10979
11005
11035
11056
11083
11102
11133
11159
11184
11216
11239
11267
11293
11325
11358
11378
11406
11426
11456
11482
11507
11535
11556
11582
11605
11629
11658
11684
11708
11735
11757
11785
11806
11833
11862
11890
11915
11934
11962
11987
12012
12036
12060
12090
12120
12141
12162
12187
12212
12242
12271
12294
12319
12344
12367
12394
12424
12447
12480
12507
12530
12551
12580
12606
12638
12663
12684
12715
12741
12762
12788
12815
12843
12871
12900
12924
12950
12977
12999
13021
13049
13072
13102
13136
13159
13185
13210
13240
13261
13287
13316
13338
13362
13390
13413
13449
13475
13496
13528
13555
13580
13610
13634
13665
13687
13707
13731
13752
13780
13803
13832
13857
13878
13902
13928
13953
13977
14005
14031
14050
14068
14095
14121
14142
14170
14198
14234
14263
14288
14311
14336
14360
14384
14409
14436
14463
14490
14515
14539
14568
14599
14621
14645
14673
14695
14720
14742
14760
14784
14812
14833
14859
14886
14912
14937
14957
14977
15002
15030
15051
15077
15104
15128
15152
15175
15199
15224
15256
15278
15313
15339
15360
15382
15407
15432
15464
15487
15518
15545
15564
15590
15617
15643
15672
15693
15714
15733
15759
15779
15807
15834
15859
15884
15906
15932
15951
15980
16009
16032
16058
16078
16107
16131
16165
16187
16205
16225
16247
16277
16303
16327
16353
16374
16400
16424
16456
16482
16506
16531
16552
16576
16608
16629
16652
16679
16706
16735
16764
16788
16813
16837
16864
16881
16909
16930
16950
16979
17000
17031
17060
17083
17104
17129
17153
17181
17203
17226
17250
17281
17310
17332
17351
17376
17394
17414
17446
17466
17491
17520
17545
17564
17582
17611
17635
17664
17679
17698
17722
17747
17771
17796
17823
17848
17871
17901
17926
17959
17982
18004
18028
18052
18076
18096
18122
18148
18174
18200
18223
18240
18260
18278
18304
18326
18345
18366
18392
18417
18441
18467
18489
18512
18537
18567
18590
18616
18643
18666
18695
18713
18737
18756
18778
18808
18830
18851
18873
18892
18915
18936
18960
18986
19011
19035
19053
19082
19101
19123
19146
19170
19191
19212
19234
19259
19275
19301
19326
19350
19375
19404
19425
19456
19481
19505
19536
19562
19585
19609
19630
19651
19671
19691
19713
19734
19764
19786
19810
19832
19856
19881
19905
19935
19961
19982
20007
20031
20052
20078
20104
20125
20149
20168
20189
20214
20232
20254
20276
20299
20322
20346
20371
20389
20415
20435
20460
20487
20507
20526
20550
20572
20592
20621
20640
20661
20681
20698
20721
20742
20761
20781
20807
20835
20858
20883
20911
20931
20954
20976
20998
21021
21044
21068
21096
21115
21137
21166
21185
21207
21230
21259
21281
21300
21322
21348
21369
21391
21414
21434
21457
21484
21504
21521
21540
21563
21586
21604
21629
21649
21676
21701
21726
21744
21764
21787
21815
21836
21861
21885
21909
21927
21950
21974
22001
22022
22043
22067
22098
22117
22140
22166
22185
22209
22230
22250
22276
22295
22313
22333
22351
22373
22392
22414
22439
22468
22493
22516
22535
22555
22577
22601
22623
22644
22669
22690
22716
22735
22762
22786
22807
22830
22848
22869
22889
22912
22939
22963
22989
23016
23039
23061
23084
23108
23131
23153
23174
23195
23217
23244
23265
23290
23313
23332
23360
23377
23396
23417
23440
23458
23480
23503
23525
23541
23562
23580
23598
23619
23640
23660
23680
23704
23732
23755
23776
23795
23815
23838
23861
23883
23906
23924
23944
23963
23982
24004
24027
24050
24078
24101
24128
24154
24179
24209
24233
24255
24277
24296
24315
24338
24358
24376
24396
24417
24437
24464
24484
24504
24527
24551
24576
24598
24621
24645
24664
24685
24706
24725
24745
24765
24785
24808
24833
24853
24876
24899
24917
24940
24959
24977
24999
25018
25042
25063
25083
25106
25133
25152
25173
25197
25221
25240
25262
25286
25308
25333
25351
25375
25395
25415
25440
25460
25482
25499
25520
25542
25562
25588
25607
25629
25650
25677
25697
25723
25743
25771
25789
25812
25833
25856
25878
25896
25917
25941
25961
25981
26010
26033
26054
26075
26101
26124
26144
26167
26191
26215
26239
26260
26284
26308
26331
26351
26373
26398
26418
26439
26456
26476
26494
26515
26536
26553
26578
26603
26624
26647
26666
26693
26713
26736
26755
26778
26797
26817
26839
26861
26878
26901
26919
26938
26957
26976
26996
27016
27036
27052
27071
27089
27110
27130
27152
27176
27198
27220
27239
27257
27274
27296
27315
27334
27358
27378
27400
27417
27436
27457
27476
27497
27515
27537
27562
27580
27599
27621
27641
27667
27687
27706
27727
27746
27767
27786
27808
27830
27850
27869
27888
27911
27927
27949
27971
27991
28018
28037
28056
28076
28098
28118
28137
28152
28171
28193
28212
28232
28253
28275
28294
28312
28331
28347
28370
28392
28410
28432
28452
28478
28500
28527
28545
28569
28588
28604
28630
28649
28672
28691
28707
28731
28750
28767
28786
28806
28822
28843
28862
28881
28898
28920
28944
28961
28981
29006
29030
29050
29068
29086
29110
29130
29149
29168
29186
29209
29225
29245
29262
29287
29312
29333
29351
29373
29393
29411
29433
29453
29469
29487
29509
29526
29546
29565
29585
29603
29627
29648
29664
29688
29705
29729
29748
29769
29792
29809
29827
29845
29864
29884
29905
29929
29951
29975
29996
30015
30032
30054
30072
30090
30112
30132
30148
30170
30193
30212
30231
30249
30265
30285
30307
30322
30339
30356
30377
30400
30421
30443
30464
30488
30507
30525
30543
30564
30581
30601
30618
30641
30660
30677
30695
30714
30734
30755
30774
30793
30811
30829
30848
30869
30888
30905
30927
30951
30968
30987
31006
31026
31046
31065
31082
31101
31119
31139
31158
31176
31194
31213
31233
31253
31270
31289
31307
31325
31346
31363
31379
31396
31414
31437
31460
31479
31498
31517
31534
31554
31571
31595
31612
31631
31649
31666
31690
31710
31727
31743
31760
31776
31798
31814
31834
31857
31878
31897
31913
31929
31950
31967
31984
32003
32021
32041
32058
32076
32092
32111
32126
32144
32161
32181
32201
32218
32234
32251
32269
32286
32306
32323
32338
32358
32376
32394
32414
32429
32448
32469
32487
32507
32523
32548
32568
32589
32606
32625
32645
32660
32681
32696
32714
32730
32749
32767
32791
32809
32825
32842
32862
32880
32896
32918
32937
32956
32972
32991
33009
33027
33046
33064
33081
33099
33117
33133
33153
33170
33188
33205
33224
33241
33263
33281
33300
33317
33333
33350
33368
33386
33404
33423
33440
33456
33474
33492
33509
33524
33545
33563
33580
33599
33617
33633
33651
33668
33684
33701
33718
33739
33755
33772
33790
33810
33827
33844
33862
33881
33899
33918
33936
33957
33974
33992
34010
34025
34042
34061
34083
34101
34120
34135
34155
34172
34189
34207
34226
34243
34262
34279
34297
34315
34332
34348
34372
34390
34408
34429
34448
34464
34481
34501
34523
34541
34558
34574
34594
34614
34635
34650
34666
34683
34702
34718
34736
34760
34777
34796
34814
34833
34848
34866
34886
34904
34922
34940
34956
34973
34990
35007
35026
35045
35061
35077
35095
35114
35129
35149
35166
35184
35201
35217
35239
35254
35272
35292
35308
35326
35343
35362
35381
35398
35414
35432
35450
35467
35485
35502
35521
35537
35554
35574
35590
35606
35625
35644
35661
35680
35700
35716
35733
35753
35769
35786
35805
35822
35839
35854
35870
35890
35908
35933
35951
35972
35992
36007
36023
36041
36059
36079
36096
36116
36132
36148
36164
36182
36202
36219
36240
36259
36278
36296
36312
36332
36347
36365
36382
36399
36414
36429
36445
36462
36483
36504
36526
36543
36560
36577
36593
36614
36629
36649
36664
36680
36700
36716
36731
36747
36764
36784
36801
36817
36837
36856
36874
36891
36908
36928
36944
36963
36984
37004
37021
37037
37053
37069
37087
37103
37120
37137
37153
37172
37190
37207
37224
37240
37256
37277
37294
37311
37328
37345
37362
37377
37393
37411
37428
37446
37464
37485
37502
37522
37539
37556
37573
37590
37606
37624
37644
37663
37681
37701
37718
37735
37751
37766
37786
37802
37817
37833
37853
37870
37886
37902
37918
37936
37953
37970
37986
38003
38020
38039
38057
38074
38089
38110
38130
38149
38165
38184
38200
38220
38236
38254
38272
38289
38306
38328
38346
38368
38385
38401
38418
38435
38453
38470
38488
38504
38522
38540
38557
38577
38598
38613
38633
38650
38673
38691
38707
38724
38741
38758
38776
38793
38811
38829
38847
38866
38882
38899
38918
38934
38953
38971
38988
39004
39020
39036
39054
39074
39092
39108
39126
39144
39161
39181
39200
39218
39239
39256
39273
39288
39306
39324
39340
39357
39374
39392
39408
39423
39440
39458
39477
39494
39515
39530
39547
39563
39581
39601
39619
39636
39652
39668
39684
39700
39718
39736
39752
39767
39788
39805
39822
39841
39856
39872
39888
39904
39921
39937
39956
39973
39991
40007
40025
40043
40058
40073
40093
40109
40126
40142
40158
40176
40192
40207
40226
40242
40257
40276
40293
40309
40327
40346
40362
40381
40399
40416
40434
40450
40466
40483
40502
40518
40536
40551
40572
40589
40608
40625
40644
40661
40679
40695
40711
40727
40742
40757
40773
40789
40805
40821
40840
40856
40875
40892
40913
40930
40946
40963
40980
41000
41018
41035
41051
41070
41088
41104
41120
41139
41155
41170
41188
41203
41220
41237
41253
41272
41290
41312
41329
41348
41364
41379
41397
41416
41433
41449
41464
41483
41500
41517
41534
41554
41569
41590
41606
41623
41641
41656
41673
41691
41707
41723
41739
41756
41774
41790
41809
41826
41843
41858
41874
41894
41911
41931
41949
41966
41981
41996
42013
42030
42048
42063
42080
42096
42114
42133
42148
42165
42181
42203
42222
42238
42254
42271
42287
42308
42329
42345
42366
42381
42397
42412
42428
42443
42459
42475
42493
42511
42528
42545
42564
42579
42596
42613
42632
42649
42665
42684
42702
42721
42740
42757
42774
42791
42808
42825
42841
42857
42876
42892
42910
42927
42945
42965
42985
43001
43017
43034
43053
43069
43085
43102
43118
43136
43152
43169
43186
43203
43224
43241
43256
43272
43288
43305
43324
43339
43354
43371
43388
43405
43424
43439
43455
43472
43489
43504
43520
43536
43552
43571
43590
43605
43621
43637
43653
43669
43686
43704
43719
43736
43751
43767
43785
43803
43820
43837
43856
43874
43891
43907
43924
43941
43956
43972
43987
44003
44019
44036
44054
44071
44087
44106
44122
44139
44156
44172
44190
44209
44226
44244
44260
44277
44296
44313
44330
44345
44360
44376
44393
44410
44427
44445
44463
44479
44497
44513
44532
44551
44566
44583
44601
44617
44633
44652
44668
44685
44701
44719
44734
44752
44769
44785
44802
44820
44837
44854
44874
44889
44904
44923
44938
44953
44968
44985
45001
45016
45035
45051
45067
45083
45100
45116
45131
45149
45164
45183
45199
45214
45229
45246
45264
45280
45297
45312
45328
45343
45360
45378
45394
45409
45426
45442
45459
45474
45489
45505
45521
45537
45554
45571
45587
45605
45620
45635
45652
45669
45684
45701
45717
45734
45750
45765
45782
45797
45815
45832
45849
45867
45883
45899
45918
45934
45951
45967
45984
45999
46015
46032
46048
46064
46079
46094
46109
46126
46144
46162
46181
46196
46214
46233
46249
46264
46280
46299
46314
46330
46348
46367
46382
46398
46418
46435
46452
46468
46483
46500
46515
46530
46546
46562
46579
46598
46614
46629
46645
46663
46680
46697
46712
46733
46752
46770
46786
46802
46817
46833
46848
46863
46880
46897
46915
46931
46946
46964
46981
46998
47017
47034
47051
47067
47083
47099
47116
47132
47149
47164
47181
47198
47213
47228
47243
47260
47279
47296
47314
47330
47350
47366
47381
47398
47415
47430
47447
47464
47479
47496
47513
47530
47546
47561
47578
47595
47612
47629
47645
47661
47678
47697
47713
47731
47746
47761
47778
47797
47814
47829
47845
47861
47880
47897
47914
47932
47947
47962
47979
47995
48011
48028
48044
48060
48076
48092
48107
48123
48138
48154
48170
48186
48202
48218
48233
48249
48266
48283
48300
48319
48334
48353
48371
48386
48406
48423
48438
48455
48473
48489
48505
48522
48538
48554
48570
48588
48604
48623
48640
48656
48671
48686
48701
48718
48733
48751
48766
48783
48801
48816
48833
48850
48867
48885
48901
48916
48933
48950
48965
48981
48997
49015
49031
49049
49066
49082
49098
49114
49129
49147
49162
49177
49193
49210
49226
49242
49257
49273
49289
49304
49321
49337
49352
49369
49385
49400
49415
49430
49445
49462
49478
49494
49509
49524
49540
49557
49574
49589
49605
49624
49642
49657
49672
49688
49704
49720
49737
49752
49768
49785
49801
49816
49832
49848
49866
49881
49897
49913
49928
49944
49961
49976
49991
50006
50023
50039
50056
50072
50089
50104
50122
50137
50153
50168
50184
50200
50218
50235
50255
50271
50286
50302
50317
50333
50351
50368
50383
50399
50414
50429
50445
50461
50477
50492
50507
50524
50539
50556
50572
50588
50604
50622
50639
50655
50674
50690
50708
50723
50739
50757
50773
50789
50807
50822
50839
50855
50872
50887
50903
50920
50936
50953
50969
50986
51001
51016
51033
51049
51064
51079
51096
51111
51128
51146
51164
51181
51197
51217
51233
51248
51266
51284
51301
51318
51335
51354
51371
51388
51405
51422
51439
51455
51471
51486
51503
51520
51535
51550
51566
51582
51602
51618
51635
51651
51668
51685
51702
51719
51734
51750
51765
51781
51797
51812
51829
51848
51863
51879
51897
51915
51932
51949
51964
51983
52000
52016
52031
52049
52064
52080
52097
52113
52130
52146
52161
52178
52194
52209
52224
52239
52254
52272
52289
52304
52319
52335
52352
52369
52384
52400
52416
52432
52448
52463
52478
52494
52510
52525
52540
52557
52572
52588
52603
52619
52634
52652
52668
52683
52699
52716
52731
52746
52762
52779
52795
52811
52827
52842
52860
52877
52893
52908
52924
52939
52956
52972
52988
53003
53018
53033
53051
53070
53086
53103
53119
53134
53151
53167
53183
53199
53216
53233
53248
53263
53278
53293
53308
53323
53339
53356
53373
53389
53404
53419
53434
53451
53467
53482
53497
53513
53528
53544
53559
53574
53589
53604
53619
53636
53652
53669
53685
53701
53717
53733
53748
53763
53778
53794
53811
53827
53843
53858
53873
53888
53903
53918
53934
53949
53966
53982
53998
54018
54034
54051
54066
54082
54097
54114
54130
54147
54163
54180
54198
54213
54228
54246
54262
54279
54295
54310
54327
54344
54361
54379
54394
54411
54427
54446
54465
54480
54495
54510
54526
54542
54558
54574
54591
54607
54622
54637
54654
54671
54687
54704
54720
54736
54752
54767
54785
54801
54816
54833
54849
54864
54880
54895
54912
54928
54945
54961
54977
54993
55008
55025
55040
55059
55077
55094
55109
55125
55141
55156
55171
55187
55202
55218
55234
55251
55267
55283
55300
55316
55332
55349
55364
55380
55396
55412
55427
55442
55458
55474
55489
55504
55520
55535
55551
55567
55582
55598
55615
55630
55645
55661
55676
55692
55707
55723
55738
55754
55771
55786
55801
55817
55833
55848
55864
55880
55895
55910
55926
55942
55957
55972
55988
56004
56019
56035
56052
56068
56084
56101
56118
56133
56149
56166
56181
56196
56211
56230
56246
56261
56279
56296
56313
56328
56345
56362
56378
56394
56411
56428
56445
56460
56475
56491
56507
56524
56539
56554
56570
56586
56601
56618
56633
56649
56665
56680
56696
56713
56730
56745
56760
56776
56791
56809
56824
56839
56854
56869
56885
56901
56918
56934
56950
56965
56980
56996
57011
57027
57044
57060
57075
57093
57111
57128
57143
57159
57174
57189
57204
57221
57237
57252
57268
57283
57299
57315
57331
57347
57364
57381
57399
57415
57432
57447
57462
57477
57492
57508
57525
57540
57556
57571
57586
57602
57618
57633
57648
57663
57679
57696
57712
57727
57743
57759
57774
57790
57805
57821
57838
57853
57869
57886
57902
57917
57932
57947
57962
57977
57992
58009
58025
58041
58057
58075
58091
58107
58124
58139
58155
58171
58187
58202
58217
58232
58248
58263
58280
58297
58315
58333
58349
58367
58383
58398
58417
58433
58449
58468
58483
58499
58516
58531
58547
58562
58577
58596
58611
58627
58642
58657
58672
58688
58704
58719
58735
58751
58766
58783
58798
58813
58830
58847
58862
58878
58894
58909
58924
58940
58955
58971
58986
59003
59018
59033
59048
59064
59080
59096
59112
59128
59144
59159
59174
59189
59205
59220
59236
59251
59266
59282
59298
59313
59330
59346
59364
59380
59395
59410
59426
59441
59458
59473
59488
59503
59518
59534
59550
59565
59580
59596
59611
59627
59642
59657
59673
59689
59704
59719
59734
59749
59764
59779
59794
59811
59827
59842
59857
59872
59887
59903
59919
59934
59949
59965
59980
59995
60010
60025
60040
60057
60072
60089
60104
60120
60135
60153
60168
60183
60199
60215
60230
60247
60263
60278
60296
60311
60326
60341
60357
60372
60387
60403
60418
60433
60448
60463
60479
60497
60512
60528
60543
60559
60575
60591
60606
60622
60638
60653
60668
60684
60700
60718
60734
60752
60771
60787
60802
60817
60833
60851
60866
60882
60898
60913
60928
60944
60960
60977
60993
61009
61024
61040
61055
61070
61085
61100
61115
61131
61148
61164
61180
61195
61211
61228
61244
61259
61274
61290
61305
61320
61335
61350
61367
61382
61399
61414
61429
