0.05223664734512566
4.276815790404952e-09
0.04687494259897295
0.24999975040554998
0.01072329666931182
0.21338818995699466
0.0
0.019090977031737563
0.1433056737296283
0.34754101000726223
0.010723299346864222
0.018305860459804525
0.12499988265335558
0.24999991059303278
0.06249991431832344
0.009152909740805624
0.20312480628490445
0.25781218707561493
0.018305807496100373
0.1158469938673079
0.08002056553959845
-1.600225596476434e-08
0.10669400170445441
0.10669410973787305
-1.9728718658740263e-09
0.01830579340457916
0.347540907561779
0.06249994970858096
0.03582637012004851
0.3467558263801037
0.1066940929740667
0.062499936574679324
0.07322323322296141
0.2316939383745193
0.1821381952613592
0.1874997857958078
0.19286151602864263
0.36427634954452504
0.08482703566551207
0.06249992549419402
-1.6170863315068115e-08
0.07165281567722558
0.1874999105930328
0.036611642688512795
0.031249955296516425
0.1249999403953552
0.2667351902928203
0.10669402710228602
0.0
0.027458732947707166
0.005361673422157764
0.0366116389632225
0.11127052968367933
0.21338814496994016
0.16769100399687883
0.03661162033677101
0.18213821947574613
0.09374991524964568
0.08002056227996944
0.23169393092393875
0.09374990127980708
0.22254102677106857
0.21338816173374647
0.06249990966171025
0.147882055491209
0.0015703868120908735
0.3155057895928621
0.21338815987110132
0.062499942258000374
0.18749986216425893
7.450580587169506e-09
0.21338816359639165
0.1406248788088015
0.018305802484974265
0.060407953336834894
0.4999996215634525
3.5542869758486956e-09
0.24999981373548505
0.05334704928100109
0.12042343616485593
0.009152909849208688
0.09374995063990352
0.05334705766290426
0.16004115063697097
0.213388145840087
0.06249994039535521
0.007812481373548511
0.036611639863957095
0.10669409669935703
0.14062488637864587
0.03661160604305657
0.29340878687798977
0.03661161952186375
0.05491741001605987
0.07812487613409756
0.03661162033677101
0.12499990686774251
0.062499927356839166
0.0390624813735485
0.2408468583598733
0.0
0.031249976716935628
0.06249993294477463
0.22254108451306814
0.036611642688512795
0.36427634954452504
0.0
0.010723293293267487
0.00536165852099657
0.2812498062849045
0.222540981369093
0.3749996994224944
0.12499988079071042
0.0080424640327692
0.062499951571226106
0.18749986581367087
0.11127048917114732
0.16004103422164911
0.0937499077990651
0.06249994039535521
0.04687496600672602
0.08995864167809484
0.3642764687538146
0.23169402545318002
6.692082971104794e-09
0.21338820716559143
0.053347057662904256
0.21338818576465177
0.3467558436095714
0.3563012853264808
-3.4417184657797853e-09
0.3227630257606506
0.01987618824932724
0.018305810168385506
0.018305845558643338
0.0366116277873516
0.07165282871574162
0.036611628027749525
0.06249994784593582
0.015624977997504171
0.21338814124464986
0.062499960225905746
0.10669408924877641
0.0781249366700649
0.062499944120645516
0.14330571144819257
0.14330562669783828
0.031249988824129094
0.12499982979429833
0.18347852677106855
0.33570715785026545
0.10669407993555069
0.009152908152058823
0.24999988079071064
0.09374985098838805
0.005361643619835376
0.03661160171031952
0.6218586415052414
0.0
0.004576450213789937
0.06249994473238861
0.21338814496994016
0.009152872487902648
0.03661158308386802
0.04576452076435088
0.3749996274709701
0.07165288366377352
0.12499991059303281
0.046874947845935815
0.11127052269876
0.02745870128273964
1.339129307442732e-09
0.06786155886948107
0.45802630484104145
0.015624989639036357
0.10669409273235961
0.1433056592941284
0.11127049475908277
0.04497935436666011
0.2408468965440988
0.14062485098838803
0.37499976158142084
0.06249992549419402
0.06249989569187166
0.15245862677693364
0.03661161424772796
0.18749987034320087
0.1524585811421275
0.07165284454822539
0.19665276166051623
0.010723301227101521
1.1175870895473877e-08
0.24463808365493872
0.0937499217689037
0.018305802717804895
0.21338817477226252
0.08593739103525874
0.1158469719812274
0.10669406037777662
0.7818996906280515
0.10669404361397027
0.15356891229748723
0.3955262871459126
0.05334705114364623
0.12499987706542012
0.062499951571226106
0.03661163151264191
0.09832641482353208
0.10669407434761521
0.03661160916090011
0.21338821016252035
0.3155058585107326
0.036611625684606734
0.10669409856200217
0.015624985098838803
0.1821382604539394
0.0013404116034507777
0.23169384105131025
0.14598655235022304
0.01830579084344208
0.06249994326267815
0.23169386014342302
0.07165286131203173
0.0
0.09374992549419402
0.11127055063843727
0.09374996460974191
0.020986644551157948
0.1276807244867086
0.12499994225800037
0.031249957159161564
0.0091529032215476
0.035826420411467545
0.2133879996836185
0.03661162964999676
0.02634828153531998
0.2667353972792625
0.08348657470196484
0.19586751610040662
0.2812498249113559
0.36427644920236263
0.010723304003477093
-2.5201363218485534e-10
0.187499850988388
0.14330568350851533
0.5197410881519317
0.009152904152870183
0.09374994598329064
0.12499981559813023
0.16004106402397153
0.1066940557211637
0.07165284547954796
0.10826447792351242
0.18213824555277824
0.39173487946391095
0.06518074744034114
0.09374989941716193
0.26673526689410204
0.1562498697526978
0.0312499813735485
0.1874998630955815
0.01830584555864334
3.725290303397831e-09
0.187499837949872
0.19586758688092226
0.12499987147748468
0.018305815290659663
0.11450649984180925
0.20502028986811635
0.0026808232069015633
0.05491742119193075
0.09374991059303278
0.15356903243809936
0.09374993428355081
0.0026808176189661035
0.12499988079071042
0.07678451947867868
0.13036152860149738
0.20557566918432707
0.04197324602905022
0.1066940929740667
0.07165284511032809
0.03124997019767761
0.013729357626289126
0.036611605435609824
0.21338812834792065
6.05359673504835e-09
0.18749992363154888
0.10669405944645403
0.04687497392296791
0.031249966399556538
0.053347036242485026
0.1158469524234533
1.490116118415209e-08
0.07165285642258822
0.19776313006877896
0.24999977648258206
0.09374998509883878
0.4788977578282355
0.04197326116263866
0.1082644825801253
0.03124995157122611
0.10669408738613127
0.0026808232069015442
0.1600411720573902
0.10669409202970169
0.37499972432851786
0.07165284454822539
0.28929229825735087
0.0
0.07567407190799712
0.24999979138374323
0.3200822621583938
0.018305828794836998
0.12499990314245223
7.450580606795661e-09
0.0183058213442564
0.06786159612238406
0.2683057524263858
0.12499988265335557
0.21338821761310098
0.07165286503732202
0.06786159425973891
0.018305802717804902
0.0732232555747032
0.010723292827606198
3.7252902984619132e-09
0.03582642599940299
0.15624985378235579
0.187499925494194
0.0366116389632225
0.09106910321861506
0.10826447047293183
0.07031237147748468
0.10669413488358256
0.053347052540630095
0.0535770016722381
0.05491741420701145
0.21796454302966592
0.07812492176890372
0.10669408924877642
0.3200821969658136
0.2133882492780685
0.09374993108212948
0.12231906969100236
0.06249991338700056
-1.4901161203778244e-08
0.21338817849755282
0.03124994505196809
0.062499945672322976
0.18749985285103318
0.0
0.213388143107295
0.018305802717804902
0.249999850988388
0.05491745378822087
0.10669408878311513
0.062499962747097
0.07165282033383846
0.18749987147748465
0.028243918437510722
0.04576451238244771
3.0771351724489913e-16
0.13036152161657807
0.09832630306482315
0.24463813006877894
0.062499966472387314
0.24006162956356997
0.1874997559934854
0.34374973550438875
0.19665267597883937
0.0491631575860083
0.0
0.04687494644895196
0.05334702041000128
0.1223190128803253
0.1249999292194843
0.16004113852977753
0.0183058213442564
0.031249925494194024
0.03661165758967398
0.3642763151661992
0.24084690958261484
0.018305882811546298
0.06249995063990354
0.12499990927594416
0.0013404116034507769
0.34296458959579457
0.04687495622783898
0.12499992067779032
0.11584696918725965
0.054917408153414726
0.03661162522621452
0.022882231976836916
0.24463817477226252
0.0891734305769205
0.062499973922967904
0.1927464250475168
0.0263482816517353
0.2732072994112968
0.12499985053643667
0.062499977648258195
0.25039234757423395
0.10669410596069849
0.0891734343022108
0.12499985378235509
0.0366116240620613
0.0732232630252838
0.26673524081706995
-4.406533582468341e-09
0.0
-4.4587272673718015e-09
9.3132257486815e-09
0.10669408738613126
0.01562498556450009
0.3642764687538146
0.062499964172699755
0.10826448444277045
0.10669408847724336
0.09374991990625857
0.15624984912574288
0.062499962747097
0.2225410491228103
0.036611620336771
0.10983482562005517
0.18749983653917998
0.045764551497995846
0.005361644085496663
0.41004108637571324
0.0624999813735485
0.062499956009319776
0.23169403895735735
0.24463821062818167
0.3749998211860656
0.0
0.04576454404741525
0.1874998519197106
0.01830579340457916
0.26673516631126404
0.02745870649070106
0.0038585895672440538
0.008042474277317519
8.074947858784636e-26
0.14330578176304695
0.015624990686774254
0.09374994848397031
0.21338814869523043
0.06249995715916157
0.268305578501895
0.018305782228708253
0.06249996683876917
0.027458716882392757
0.018305817618966103
0.11339613096788523
0.031249973922967904
0.10669402312487361
0.23437479138374323
-1.4256068547879857e-09
0.21338814496994016
0.05334699991044011
0.42677649280698216
0.3200822509825229
0.054917443543672555
0.033930798526853316
0.31249983608722676
0.04687495157122612
0.21338815460274535
0.1433057188987732
0.009152896848953594
0.015624988358467814
-3.4417191319136005e-09
0.06249994039535521
0.10669413208961484
0.09106901660561559
0.32008223980665207
0.08995868894271551
0.062499955296516405
0.036611646413803094
0.0705423904582858
0.0183058138936758
0.18749986588954923
0.14023226313292977
0.0624999301508069
0.1066941041499376
0.04118807800114155
0.12499987334012982
0.10251017357222734
0.0678615894433363
0.0366116277873516
0.015624955296516425
0.06328513473272325
0.12499992456287143
0.032590385526418686
0.3200822994112968
0.09374994412064551
0.0
0.09643076686188577
0.05334705859422682
0.06249995902180671
0.1821381915360689
0.04687496903352439
0.3642764911055564
0.09374993294477461
0.010723296552896498
0.027458734810352322
0.5312494374811648
0.036611632816022414
0.24999983841027368
0.031249973922967904
0.18749989569187162
0.010723301209509371
0.24999996756349935
0.2499997613524369
0.018305813893675804
0.007812520489096643
0.06249994039535521
0.031249979045242064
0.018305830657482147
0.054917419329285615
0.11127053201198576
0.062499951507786415
0.124999925494194
-6.883438263827201e-09
0.031249972991645333
0.05491743609309195
0.16461755894124508
0.17076442204415795
0.06249994877725839
0.320082301604885
0.062499935738742345
0.09374991804361343
0.08538219705224036
0.0
0.18749989569187162
0.23169399984180925
0.05491743609309195
0.06249996460974215
0.07322325371205805
0.24999990314245218
0.18749986216425893
0.08002050966024399
0.1433057393878698
3.725290303397831e-09
0.21338819991797206
1.0536711947395359e-08
0.018305815732439053
0.8535531759262084
0.3642765879631042
0.14330575358010342
0.009152918122708794
0.08002062048763035
0.01830581865984673
0.2160689271986484
0.04197327129077165
0.03661162592470645
0.0366116389632225
0.1433057654649019
0.05491744307801127
0.027458705008029934
0.036611645041539014
0.004021205008029938
0.11584695614874362
0.05334705486893653
0.10669412463903424
0.0800205562263727
0.09374992828816173
0.12499990490955099
0.999999403953552
0.06786161661148069
0.2866113856434821
0.32008236646652216
0.23169409856200213
0.21338815614581103
0.10669409483671186
0.018305806443095204
0.6142763569951056
0.018305823206901547
0.1249999403953552
0.015624945983290669
0.21338832378387448
0.21338814496994013
0.046874962747097
0.18749986216425893
0.06249993802868086
0.009152907878160484
0.05491741001605986
0.3642764687538146
0.062499936670064926
0.01372934132814406
0.01696539297699928
0.09374995615300195
0.12500001816079018
0.2133881896734237
0.0366116315126419
0.010723287239670752
0.2732073497027158
0.0366116315126419
0.364276573061943
0.05491744095362527
0.09106908366084096
0.015299733728170388
0.027458723634481423
0.1977633070200681
0.05357703636400401
0.09374991990625857
0.231694052927196
0.13281238079071042
0.24999977430035789
0.03661160171031951
0.16004116833209986
0.054917449131607995
0.06249999441206455
0.14330566348507998
0.2133882687785964
0.10669409483671186
0.21472861804068086
0.062499957159161554
0.05334705114364624
4.656612873114115e-09
0.031249992549419396
0.06249994598329066
0.18213822320103643
0.21338812775418156
0.10669414699077605
0.4267764054238796
0.12499993158615795
0.03124998323619365
0.1646175347268581
7.450580606795661e-09
0.21338813379406923
0.06786158448085186
0.2683057421818375
0.07165288552641866
0.2012291848659515
0.22254117112606758
0.3124996833503246
0.026673533953726288
0.10669408366084093
0.32008243724703783
0.231693971902132
0.3200822472572326
0.1874999403953552
-1.7295510856829685e-10
0.18749987147748468
0.062499955296516405
0.06249996647238731
0.11584696918725965
0.2499998538857042
0.06864681653678416
0.018305806443095207
0.18063512351363895
0.054917449131607995
0.1874999105930328
0.1357231698930263
0.1874998710118234
0.16004113294184205
-6.88343870791641e-09
0.08995869522914289
0.12499993480741976
0.16004118323326108
0.0
0.036611605435609804
0.04497934598475694
0.06249995389953254
0.3749996963888406
0.3955263793468474
0.11584701389074323
0.04576453566551208
0.14330574870109555
0.0
0.1821382716298103
0.09374994970858097
0.244638193398714
0.2133882623165846
0.002680812031030659
0.005361652933061121
0.10669408924877642
0.2446381980553269
0.0026808083057403495
0.24999991059303278
0.10669413954019547
0.23169413208961484
0.062499944586306797
-7.4505805871695075e-09
0.2133882641792297
0.089958663797006
0.010723310522735115
0.06249995157122611
0.062499956693500267
0.12499990314245221
0.03661163710057736
0.1249999329447746
0.2225410754326731
0.23169404268264765
0.32008235156536097
0.48927648365497584
0.04063281044363975
0.14330572448670864
0.01830580923706293
0.07322328537702559
0.32008238136768336
0.06249994598329066
0.018305818550288674
0.010723298415541645
-1.1175870895473877e-08
0.21338826790452003
0.21338819339871407
0.0
0.0781249701976776
0.06249996833503248
0.03661162126809358
0.5334706157445906
0.062499973922967904
0.18749977648258206
0.2316941362805664
0.1607113145291805
0.21338827908039087
0.3955266391858458
0.09374995296820997
0.06518075801432133
0.4267764389514922
0.031249990686774247
0.018305815756320946
0.12499995250254867
0.249999925494194
0.2499998481371754
0.4176235385239123
0.0366116277873516
0.18749989382922644
0.2316939528100192
0.21338820457458493
0.2732072439976036
0.31249977275729174
0.0366116389632225
0.05334704276174306
0.09374990686774252
0.0
0.37499981591770964
1.3374654272979566e-08
0.124999962747097
0.0366116352379322
0.18749986775219427
0.2290132511407137
0.0624999813735485
0.2499998472630977
0.027458749711513512
0.3955265507102012
0.0
0.0366116091609001
0.21338826889308857
0.09374994318932293
0.14062482118606567
0.36427649855613703
0.0366116315126419
0.0
0.31092935010298994
0.10669411346316336
0.3749996423721313
0.18749984167516226
0.37499975040554995
0.2812498174607754
0.0533470744267106
0.2133882492780685
0.05792351253330706
0.21338823437690732
0.3749998621642589
0.2133882120251655
0.062499966472387314
0.12499995529651639
-1.5120835694659714e-09
0.09374999999999999
0.4267766773700713
0.36427643336355686
0.10669412277638911
0.06249994784593581
0.12499991059303281
0.32008243352174753
0.23169410601258275
0.4267763830721377
0.1874999068677425
0.1357232183218002
0.12499988637864587
0.49999988079071034
0.32008236646652216
0.2133882939815521
0.0
0.21338820457458493
0.0
0.10669413208961485
0.0366116315126419
0.3642764091491698
0.031249970197677605
0.4267762938077347
0.12499993294477461
0.018305810168385506
0.2133882641792297
0.18749984726309774
0.1874998323619365
-1.05367092828601e-08
0.062499968335032456
0.21338823623955244
0.03124998183920979
3.736972620238532e-09
0.03661163337528705
0.09374992921948432
0.12499988035367203
0.10669413208961485
0.24999991059303278
0.0366116240620613
0.04576453566551207
0.003140807151794434
0.24999989802017805
0.23169405758380884
0.0366116240620613
0.03661161661148069
0.010723300278186796
0.19286153605207795
0.06249997951090335
0.036611620336771004
0.09374994691461322
0.32008230127394194
0.062499987892806516
0.10669416189193724
0.06786157749593257
0.00536165153607726
0.03661164838375619
0.14330570073798296
0.0366116277873516
0.24999977042898533
0.21338814496994016
0.0
0.2499998807907104
0.0366116352379322
0.29340872913599003
0.0419732704758644
0.14330574870109555
0.08041315106675027
0.06786162964999674
0.24463829398155207
0.24999991059303284
0.0
0.21338815242052075
0.009152902221651436
0.0624999813735485
0.3642764091491698
0.12231909483671186
0.0811983561143279
0.187499875202775
0.24999984633177513
0.018305810885093306
0.12499993294477461
0.009152971208095537
0.49999977834522724
0.4267765283584594
0.0
0.1821382753551006
0.054917466361075626
0.0
0.0732232704758644
0.07812496228143571
0.21338826790451998
0.3642764687538146
0.01072329515591264
0.34106888994574547
-5.587935447736938e-09
0.10669410787522791
0.21338827721774575
0.06249997392296791
0.0366116352379322
0.1249999403953552
0.21338820457458493
0.2133882381021976
0.4267762881917267
0.0937499552965164
0.06249991431832312
0.2133882939815521
0.21338821653805573
0.09374987706542016
0.0
0.04197326395660638
0.1249999813735486
0.18749995343387124
0.32008239626884455
0.2499998575882558
0.23169400729238981
0.3566938415169715
0.21338817104697222
0.14330571144819257
0.031249966472387314
0.16004117019474504
0.2133882530033588
0.23169399797916407
0.12499994302953386
0.05491744354367256
0.0
0.01830582320690156
3.086131794560742e-09
0.35211739689111704
0.18213824927806851
1.1175870895473877e-08
0.0
0.062499977648258195
0.28124969452619547
0.42677651718258847
0.18749993294477457
0.06249996647238731
1.490116118415209e-08
0.42677650600671757
0.320082314312458
0.1874999366700649
0.04576454451307654
0.4999999403953551
0.24999991216558062
0.18749993111522298
0.031249988824129105
0.309819022193551
0.10669416747987265
0.4267766140401362
0.2499998547136783
0.12499993151916787
0.12499990314245223
0.062499962747097
0.036611642688512795
0.05491747613996267
0.12499993667006491
0.3200823571532964
0.14330570399761197
0.12499995157122609
0.21338823251426217
3.9512669802732595e-09
0.42677646875381464
0.0
0.124999962747097
0.062499972765318816
0.10669414512813089
0.06249998696148394
0.0
0.0366116464138031
0.12499996833503241
0.01830582087859511
0.06249996088445185
0.21338816732168192
0.031249980442225926
0.07322327150340846
0.426776498556137
0.24999994039535517
0.12499998509883878
0.0366116277873516
0.32008239626884455
0.0053616492077708236
0.12499995529651636
0.031249994412064545
0.3749998249113559
0.3200822249054909
0.32008245812190056
0.4999997615814208
0.23169404268264768
0.008042469620704651
0.045764520764350884
0.36427657678723324
0.21338813006877894
0.32008224525476686
0.03661162208300083
0.24999981905064234
0.018305810168385506
0.062499996274709695
0.12499991059303281
0.0
0.0732232704758644
0.036611616611480706
0.10669409576803446
0.0
0.0366116501390934
0.4267765134572982
0.4267766177654265
0.22254119813442225
0.12499997019767758
0.010723299812525507
0.06786163989454505
0.2499999552965164
0.0
0.12499993201345205
0.42677655816078175
0.1249999403953552
0.1433057435788214
0.2133882939815521
0.18749997578561292
0.18749992153607306
0.39552641380578274
0.10669412836432456
0.2316939830780029
0.1821382567286491
0.14330577664077282
0.12499998305543246
0.2656248584389686
0.12499992549419398
0.09374994412064551
0.62185899913311
0.2133882368105697
0.018305821344256398
0.2850410789251327
0.12499997764825818
0.18749992113915787
0.3124998807907104
0.12499992522967648
0.036611642688512795
0.0
0.036611631512641914
0.32008240744471544
0.1562498621642589
0.0
0.05334703810513017
0.1249999403953552
0.010723298801308399
0.4999998742714524
0.18213819339871407
0.0
0.14330576593056318
0.12499987439814861
0.0678616166114807
-1.3038516044719523e-08
0.09374996274709699
0.18749991245567793
0.07322330772876738
0.18749980814754957
0.10669411718845366
0.18213818222284311
0.18213829584419725
0.06249995529651641
0.0
0.42677657678723324
0.09374994318932292
0.018305816003463145
0.18749986402690405
0.12499992176890418
-7.14915486390842e-10
0.018305810168385506
0.24999989569187162
0.21338823473330903
0.05334706883877515
0.42677646875381464
0.12499989802017802
0.2133882939815521
0.09374994784593578
0.4999999105930328
0.062499977648258195
0.0624999701976776
0.010723296552896498
0.0
0.0366116426885128
0.0624999701976776
0.12500010058283806
0.12499994412064551
0.3200823906809091
0.249999925494194
0.018305823206901533
0.010723277926445002
0.3200823795050382
0.21338830329477781
0.05491744129526087
0.1249999217689037
0.0366116352379322
0.2133882530033588
0.249999850988388
0.24999997019767756
0.213388305157423
0.0
0.3642765283584594
0.12499991431832314
0.06249998509883879
9.31322574377496e-09
0.10983488615602252
0.3749998807907104
0.24999997019767756
0.14330579340457913
0.21338830888271326
0.12499992130324244
0.12499998137354848
0.0
0.24463817477226252
0.0
0.03661162033677101
0.6401649229228495
0.4267764575779437
0.4267765879631042
0.03929245611652731
0.1249999776482582
0.12499995529651652
0.03661162964999676
0.156249925494194
0.0183058138936758
0.10669413208961484
0.0
0.06786163186188787
0.036611642688512795
0.2316940501332283
0.28661166783422226
0.14330574125051496
0.12499986588954923
0.3749999137065804
0.2133882828056812
0.05491741746664046
0.1249999366700649
0.2133882269263267
0.073223277926445
0.1874999590218067
0.07322327047586441
0.0366116352379322
0.0678616240620613
0.06249998509883879
0.0
0.06249996482242048
0.0732232257723808
0.0366116389632225
0.10669412836432454
0.21338828624740053
0.0
0.10669411718845366
0.12499994784593581
0.010723300278186796
0.21495864726603028
0.0312500149011612
0.4267765283584594
0.21338825114071364
0.32008235156536097
0.0
0.018305826932191842
0.07322330027818678
0.1249999515712261
0.2133882492780685
0.3642765879631042
0.010723299346864222
0.24999990141218095
0.0
0.0366116352379322
0.21338830888271326
0.018305808305740356
0.2499999552965164
0.0732232630252838
0.21338824182748792
0.0
0.23169405758380884
0.18749991990625856
0.21338815987110132
0.06249995529651652
0.031249996274709695
0.14330575941130513
0.03393077850341797
0.42677655816078175
0.06249999254941939
0.1066940929740667
0.0
0.14330573379993436
0.07322329282760619
0.07322329282760619
0.18749985843896863
0.2133882939815521
0.4267766177654265
0.21338833868503565
-1.0080559720293534e-09
0.07322329282760619
0.05491744866594672
0.23169413674622769
0.06249999254941939
0.036611642688512795
0.0
0.24999986588954923
0.2133882939815521
0.2732074428349733
0.01830580644309522
0.09374990686774252
0.03661163151264191
0.21338825300335879
0.06249998509883879
0.06786164268851279
0.12499994132667777
0.03125000838190317
0.0366116389632225
0.0
0.2133882865309715
0.0
0.4999997382983565
0.03661163710057734
0.24999983867823292
0.4267765106633305
0.49999981466680765
0.0366116426885128
0.12499990314244933
0.2133882939815521
0.07322328537702559
0.010723298415541647
0.2133882641792297
0.4999999403953551
0.12499998509883878
0.374999850988388
0.1874999320933469
0.1821382455527782
5.702426975062735e-09
0.4999997895210981
0.3642766475677491
0.09374993853271006
0.37499979510903353
0.24999994039535517
0.2133881896734237
0.07322327420115468
0.010723294690251349
0.24999995157122606
0.4267766773700713
0.42677640914916987
0.12499998509883878
0.124999962747097
0.1249999776482582
0.24999989569187162
0.2499999552965164
0.0
4.602044422926694e-25
0.7285530269145964
0.06249995902180671
0.36427664756774897
0.010723304003477091
0.07322330027818678
0.9999995082616804
0.36427664756774897
0.12499996002986301
0.12499992377333433
0.12499995529651639
0.21338829025626177
0.0366116315126419
0.18749992176890368
0.03661163710057734
0.0
0.12499998509883878
0.4267766475677489
0.18749990686774248
0.018305817618966103
0.21338830888271326
0.07322328537702559
0.0
0.2499999552965164
0.124999925494194
0.05491744494065641
1.4901161203778244e-08
0.07322329282760619
0.018305812373120896
0.364276610314846
0.0732232853770256
0.0937499701976776
0.36427664756774897
0.42677664756774897
0.036611646413803094
0.0
0.01830582320690155
0.05334706045687197
0.062499962747097015
0.073223277926445
0.2499999292194843
0.7285532653331755
0.36695735901594156
0.03661163523793219
0.21338826673126007
0.49999982118606556
0.39552660193294287
0.2499999552965164
0.03661163151264191
0.062499977648258195
0.2499999552965164
0.10669412463903424
0.01072333753108978
0.12499997019767758
0.2499999552965164
0.010723304003477095
0.18749997259687684
0.0
0.031249988824129105
0.062499984167516225
0.18749998509883878
0.07322329282760619
0.036611635237932205
0.0
0.32008242607116694
0.036611642688512795
0.24999991059303278
0.09374997951090334
0.24999991059303278
0.02144660428166389
0.0
0.10983493924140927
0.03661165013909339
0.1874998714774847
0.0
0.4999999999999999
0.42677664756774897
0.426776644933571
0.062499973922967904
0.14330573379993433
0.12499994784593581
0.031249992549419396
0.07322328817099331
0.24999997019767756
0.4267766177654265
0.4267766773700713
0.10669409297406672
0.24999994039535517
0.49999988079071034
0.36427664756774897
0.24999995529651636
0.09374993760138749
0.0366116389632225
0.2133882939815521
0.6401649266481398
0.0
0.0
0.24999986961483953
0.42677666991949076
0.14330578921362752
0.18749991901126845
0.3200824558734893
1.9645466578500672e-25
0.03661165013909339
0.0
0.06249998831426009
0.12499997578561303
0.2133882939815521
0.2133883163332939
0.426776498556137
0.0
0.2499999403953552
0.0
0.0
0.06249998509883879
0.4999999999999999
0.0
0.4267765879631042
0.2316940557211637
0.06249995902180671
0.124999962747097
0.24999997019767756
0.24999997019767756
0.24463832378387446
0.21338830143213264
0.0
-1.1810108703180633e-09
0.2499999552965164
0.0
0.249999925494194
0.36427667737007136
0.4999998172317914
0.06249998509883881
0.2133882939815521
0.0624999813735485
0.0
0.24999995902180666
0.4999999403953551
0.12499995529651639
0.24999991059303278
0.2499998807907104
0.24999997019767756
0.7285531759262084
0.0366116315126419
0.49999994784593565
0.21338825672864908
0.4999999403953551
0.4267766177654265
0.4267766177654265
0.2499999552965164
0.1249999776482582
0.24999991059303278
0.3749999031424522
0.24999997019767756
0.2499999552965164
0.2133882641792297
0.0366116501390934
0.49999997019767756
0.24999986588954923
7.128034273939931e-10
0.036611642688512795
0.24999998509883878
0.49999988079071034
-4.90653884941496e-18
0.37499990314245224
0.0
0.0
0.24999998509883878
0.0
0.1874999403953552
0.07322330027818678
0.0
0.49999988079071034
0.2133882939815521
0.2133882641792297
0.1928615681827068
0.12499998509883878
0.062499977648258195
0.24999997019767756
0.21338827908039087
0.0
0.2133882939815521
0.21338830888271326
0.0
0.06249998509883879
0.036611642688512795
0.231694083660841
0.14644656330347056
0.07322328537702559
0.2133882790803909
0.0624999813735485
0.0624999813735485
0.4267766773700713
0.21338829025626183
0.09374995343387126
0.0
0.12499995809048413
0.06249999254941939
0.4999999403953551
0.6218590289354323
0.4267765879631042
0.4267766773700713
0.0
-1.1175870890567337e-08
0.12499995529651639
0.4267766773700713
0.0
0.14644655585289
0.0
0.24999997019767756
0.49999988079071034
0.10983494110405442
0.0
0.0
0.23169412091374392
0.4999999999999999
0.02144660055637359
0.24999997019767756
0.4999999105930328
0.42677655816078175
0.21338833868503565
0.24999994039535517
0.3642766177654266
3.7252898299163228e-09
0.21338827908039087
0.07322329282760619
0.4999999403953551
0.4267765879631042
0.036611642688512795
0.0
0.4267766177654265
0.12499997019767758
0.06249999022111295
0.073223277926445
0.7499998882412908
0.1433058097027242
0.10983494576066731
0.12499998509883878
0.4267766773700713
0.2812499105930328
0.249999925494194
0.21338830888271326
0.005361650139093398
0.0
0.07322328537702559
0.2499999552965164
0.12499998509883878
0.21338833868503565
0.4267766177654265
0.07322328537702559
0.2499999552965164
0.12499995923597872
0.12499998509883878
0.4267765879631042
0.2499999552965164
0.24999995902180663
0.24999997019767756
0.24999991059303278
0.036611646413803094
0.4267766140401362
0.1249999403953552
0.07322330027818678
0.12499995529651639
-7.450580601889122e-09
0.0
0.24999997019767756
0.49999988079071034
-6.88343870791641e-09
0.21338830888271326
0.21338826045393938
0.18749995529651642
0.4999999403953551
0.21338833495974538
0.2499999552965164
0.0
0.24999995902180666
2.980232238793034e-08
0.4267766177654265
0.01072330307215452
0.018305819481611252
0.018305825069546696
0.07322328817099331
0.07322329282760619
0.24999998509883878
0.2316941213794052
0.24999997019767756
0.12499997299164532
0.3749998249113559
0.07322330027818678
0.3749999105930328
0.24999991804361338
0.4999999999999999
0.21338833868503565
0.12499998509883878
0.07322329282760619
0.24999997907386534
0.4267766773700713
0.24999994039535517
0.3749999806020156
0.3642765283584594
0.12499999627470965
0.4267766177654265
0.2133882939815521
0.0
0.49999997019767756
0.4999999105930328
0.24999993620440364
0.14330582320690152
0.07322329282760619
0.0
0.4267765879631042
0.4267766177654265
0.124999962747097
0.3642765302211045
0.4267766177654265
0.4999999403953551
0.0
0.49999997019767756
0.07322328537702559
1.8626451467923769e-09
0.4999999403953551
0.0732232928276062
0.4999999403953551
0.07322328537702559
0.10669415816664693
0.499999850988388
0.06249994784593581
0.3200824279338121
0.031249988824129098
0.0
0.0
0.0
0.0
0.0
0.0
0.49999997019767756
0.0625000074505806
0.4999999403953551
0.24999994551762936
0.4267766177654265
0.0
0.2133882604539394
0.49999997019767756
0.0678616091609001
0.10669414699077605
0.6218590848147869
0.2133882641792297
0.42677664756774897
0.2499999552965164
0.2133883260679454
0.0624999701976776
0.24999998509883878
0.4267766177654265
0.0
0.07322330027818678
0.9999999403953551
0.24999997019767756
0.12499993294477506
0.7285532653331755
0.031249992549419396
0.4267766177654265
0.0
0.21338833123445505
0.36427667737007136
3.925231079531968e-17
0.4999999999999999
0.3200824707746505
0.49999997019767756
0.24999997019767756
0.2866115858778357
0.0
0.4267766773700713
0.36427664756774897
0.4999999105930328
0.0366116352379322
0.24999997019767756
0.24999999999999994
0.0
0.2446383005008101
0.0732233002781868
0.036611646413803094
0.124999962747097
0.1249999776482582
0.21338830888271326
0.14644661545753476
0.2133882939815521
0.12499996274709699
0.0
0.499999850988388
0.4999999105930327
0.4267766773700713
0.2499999552965164
0.2133882939815521
0.1249999701976776
0.0
0.49999994784593565
0.036611642688512795
0.31249997019767756
0.18749995343387127
0.4999999105930328
0.4999999105930328
0.24999998509883875
0.124999962747097
0.4267766773700713
0.4267766177654265
0.036611646413803094
0.03661163942888378
0.0
0.24999994039535517
0.36427667737007136
0.1249999217689037
0.42677664756774897
0.12499995529651642
3.725290303397831e-09
0.249999888241291
0.24999997019767756
0.06249997112900017
0.0
0.0
0.07322328165173528
0.36427664756774897
0.3642766177654266
0.21338830888271326
0.0
0.24999989569187162
0.24999994039535517
0.26673525571823115
0.4267766773700713
0.42677664756774897
0.06249998509883879
0.49999997019767756
0.3642766326665878
0.031249992549419396
0.4999999403953551
0.3124999580904841
0.03661164827644823
0.124999962747097
0.24463832378387446
0.24999997019767756
0.062499999999999986
0.07322330027818678
0.07322330027818678
0.12499998509883878
0.06249999254941939
0.0
0.0
0.249999925494194
0.3749998584389686
0.49999997019767756
0.4999999999999999
0.03661162743094992
0.0624999813735485
0.0
0.49999988079071034
0.4267766773700713
0.4999999403953551
0.21338827908039087
0.49999994784593593
0.14644651859998697
0.01072330307215452
0.2499999487772584
0.0
0.14330575242638588
-1.8626451467923765e-09
0.49999988079071034
0.2499999552965164
0.4267766177654265
0.0
0.4999999813735484
0.2499999552965164
0.0
0.21338827908039087
0.4999999403953551
0.24999994039535517
0.2499999552965164
0.24999996647238726
3.355241778857376e-09
0.4999997615814208
0.36427667737007136
0.249999925494194
0.1249999478459358
0.10179244261234997
0.036611646413803094
0.0
0.0
0.4267766401171682
0.12499997019767758
0.2499999552965164
0.24999997019767756
0.073223277926445
0.3749998845160007
0.21338830888271326
0.24999994039535517
0.49999997019767756
0.4999999105930328
0.3642765395343303
0.4999999403953551
0.0
0.06249998230487107
-1.1175870890567337e-08
0.2499999552965164
0.32008244469761843
0.4999999105930328
0.42677664169236657
0.036611642688512795
0.28661161009222264
0.3749998807907104
0.18749998928979036
0.23169410228729245
0.7499999403953551
0.06249997206032275
0.036611642688512795
0.06249997392296791
0.12499995157122609
0.4267766177654265
0.249999925494194
0.07322329282760619
0.42677664756774897
0.036611645482480526
0.0
0.42677664104849095
0.312499925494194
0.06786162650678305
0.4267766773700713
0.8535533323884008
0.4267766773700713
0.1249999403953552
0.07322328436896945
0.4267766773700713
-3.441718909868995e-09
0.36427664756774897
0.49999988079071084
0.42677664756774897
0.4267766773700713
0.0
0.24999994039535517
0.21338830888271326
0.062499973922967904
0.4999999776482581
0.42677664756774897
0.4999999999999999
0.0
0.21338829770684242
0.062499992549419396
0.4999999403953551
0.187499925494194
0.4267765879631042
0.49999988079071034
0.24999997019767756
0.0
0.4267766773700713
0.4999999403953551
0.036611646413803094
0.6401649862527846
0.21338833868503565
0.24999993667006495
0.4267766773700713
0.36427664756774897
0.49999997019767756
0.3642766177654266
0.4999999105930327
0.49999997019767756
0.49999997019767756
0.062499977648258195
0.4267766177654265
0.24999997019767756
0.9999999403953551
0.4267766773700713
0.07322328537702559
0.21338833868503565
0.2499999552965164
0.4999999105930328
0.49999994039535517
0.24999998509883878
0.2133882641792297
0.4999999403953551
0.0
0.21338833868503565
0.36427664011716837
0.36427664756774897
0.2133882828056812
0.073223277926445
0.4633883023634552
0.12499997578561292
0.4267766773700713
0.42677664756774897
0.42677661776542664
0.06249999254941939
0.49999997019767756
0.49999988079071034
0.07322330027818678
0.12499995529651639
0.24999997019767756
0.21338829053983233
0.21338830888271326
0.4999999105930328
0.21338832378387448
0.249999925494194
0.4267766773700713
0.21338833868503565
0.07322330027818678
0.21338833868503565
0.4999999999999999
0.9999999403953551
0.0
0.24999998509883878
0.49999997019767756
0.07322330027818647
0.8535532057285308
0.42677655816078175
0.24999997019767756
0.18749996460974214
0.0
0.4999998658895492
0.0366116389632225
0.4999999403953551
0.21338824555277822
0.0
0.42677655816078175
0.42677664756774897
0.010723300278186793
0.4267766177654265
0.49999997019767756
0.4999999403953551
0.426776573061943
0.4999999403953551
0.4267766773700713
0.0
0.0
0.4267766773700713
0.42677655816078175
0.4999999105930328
0.2133882790803909
0.12499998509883878
0.0
0.4267766773700713
0.3642766419798135
0.21338833868503565
0.4999999999999999
0.42677664756774897
0.7285532951354978
0.24999997019767756
0.42677666991949076
0.49999997019767756
0.07054242491722106
0.0624999813735485
0.49999997019767756
0.213388230651617
0.0
0.4999999999999999
0.24463829398155207
0.3200824558734893
0.21338832378387448
0.3642765767872333
0.0
0.5464149639010428
0.499999850988388
0.0
0.2499999552965164
0.4999999701976775
0.49999997019767756
0.12499998509883878
0.4267766773700713
0.06249998509883879
0.4999999403953551
0.36427667737007136
0.4999999403953551
0.3642766438424586
0.7910531759262084
0.4999999403953551
0.1874999552965164
0.249999925494194
0.3200824856758117
0.4267766773700713
0.24999999999999994
0.4999999105930328
0.4999999105930328
0.21338830888271326
0.24999994039535517
0.4267766773700713
0.49999997019767756
0.14644656330347056
0.49999990314245213
0.49999997019767756
0.4267766773700713
0.1464466005563736
0.036611642688512795
0.37499994784593577
0.49999997019767756
0.06249998509883879
0.4267766363918781
0.4267766773700713
5.702427362008886e-09
0.0624999888241291
0.4999999403953551
0.1249999728318558
0.42677664756774897
0.4999999403953551
0.42677664756774897
0.42677664756774897
0.4267766177654265
0.07322328537702559
0.2133882939815521
0.4999999264255165
0.31249997019767756
0.2866114815697074
0.21338830888271326
0.28661164641380305
0.4267766773700713
0.9999998807907102
0.7499998658895491
0.12499997019767757
0.7285532504320144
0.9999998807907102
0.18749996066593286
0.0624999813735485
0.18213829584419725
0.4999999105930328
0.4267766773700713
0.24999997019767756
0.36427667737007136
0.0
0.0
0.4999999999999999
0.4999999999999999
0.12499997019767757
0.4267765879631042
1.3457671220231e-26
0.49999988079071034
0.010723304003477095
0.3642765283584594
0.0
0.4999999105930328
0.0
0.24999997019767756
0.3749998807907104
0.49999997019767756
0.24999998509883878
0.0
0.0732232928276062
0.49999988079071034
0.24999998137354845
0.42677664756774897
0.9999998807907102
0.4267765879631042
0.18749994318932292
0.21338833868503565
0.49999997019767756
0.4999999403953551
0.4267766177654265
0.3642766177654266
0.37499995014561927
0.24999998509883878
0.4999999999999999
0.4999999478459356
0.28661161661148066
0.2499999403953552
0.36427664663642645
0.4267766177654265
0.4999999105930328
0.24999998509883878
0.42677664756774897
0.2499999552965164
0.07322330027818678
0.24999998509883878
0.49999997019767756
0.06250000558793543
0.062499964115458044
0.4999999403953551
0.21338830888271326
0.4999999999999999
0.21338833868503565
0.3642766177654266
0.42677664756774897
0.12499996274709696
0.0
0.07322329655289649
0.4999999999999999
0.07322329282760619
0.4999999403953551
0.0
0.06249998509883879
0.24999997019767756
0.0
0.2133882939815521
0.24999995902180666
0.24999998509883878
0.0
0.4999999403953551
0.4999999403953551
0.42677664756774897
0.24999997019767756
0.4267766773700713
0.4999999403953551
0.036611642688512795
0.21338827908039087
0.0
0.24999997019767756
0.036611642688512795
0.7499999329447745
0.12499997764825818
0.0
0.4267766773700713
0.07322328537702559
0.12499997019767758
0.24999998509883878
0.3642766177654266
0.2499999552965164
0.07322329282760619
0.4999999105930328
0.21338830888271326
0.07322330027818678
0.07322329282760619
0.42677664756774897
0.24999997019767756
0.42677664011716837
0.0366116315126419
0.4999999403953551
0.2499999552965164
0.7285532504320144
0.06249999627470969
0.2499999552965164
0.07322330027818678
0.49999988079071034
0.21338833868503565
0.49999997019767756
0.21338830888271326
0.031249988824129105
0.24999997019767756
0.8535532653331755
0.42677655816078175
0.21338830888271326
0.36427667737007136
0.49999997019767756
0.0
0.49999997019767756
0.3749999181853989
0.24999997019767756
0.49999997019767756
0.07322329282760619
0.07322328537702559
0.07322330027818678
0.8535531759262084
0.21338830143213267
0.49999997019767756
0.07322329282760619
0.4999999105930328
0.4999999999999999
0.3642766177654266
0.4999999999999999
0.07322329282760619
0.49999997019767756
0.49999997019767756
0.12499998509883878
0.1249999776482582
0.24999995902180666
0.2499999552965163
0.07322330027818678
0.0
0.21338833868503565
0.0
0.4999999999999999
0.36427664756774897
0.24999998509883878
0.49999994784593565
0.4999999999999999
0.4999999403953551
0.31249997019767756
0.49999997019767756
0.0
0.07322330027818678
0.21338832378387448
0.24999997019767756
0.24999997019767756
0.4999999105930327
0.4267766773700713
0.49999997019767756
0.0
0.07322328537702559
0.12499996647238729
0.12500000745058057
0.4999999999999999
0.0
0.49999997019767756
0.4999999403953551
0.4999999403953551
0.2446382567286491
0.4267766773700713
0.0
0.42677655816078175
0.24999998509883878
0.3642766177654266
0.07322330027818678
0.49999997019767756
0.2133883048738525
0.4267766773700713
0.24999995529651636
0.4267766177654265
0.4999999999999999
0.3124999577412381
0.499999850988388
0.249999925494194
0.21338832378387448
0.0
0.249999925494194
0.42677664756774897
0.36427667737007136
0.124999962747097
0.4999999403953551
0.2499999552965164
0.24999997019767756
0.42677667364478106
0.4999999999999999
0.1464465856552124
0.0624999888241291
0.4267766773700713
0.4267766773700713
0.4267766773700713
0.4267766773700713
0.4999999999999999
0.36427667737007136
0.0624999850988388
0.2499999552965164
0.36427664756774897
0.49999997019767756
0.07322329282760619
0.0
0.4267766773700713
0.4999999999999999
0.4999999105930328
0.0
0.4999999999999999
0.07322329282760619
0.36427664756774897
0.4267766177654265
0.4267766773700713
0.4999999403953551
0.07322328176919467
0.42677664756774897
0.2499999552965164
0.49999988079071034
0.12499998509883878
0.7285531312227248
0.4267766773700713
0.49999997019767756
0.49999997019767756
0.49999997019767756
0.24999997019767756
0.21338832378387448
0.4999999403953551
0.4999999720054901
0.21338833868503565
0.4267766773700713
0.4267766773700713
0.24999998509883878
0.4267766773700713
0.06249997529132877
0.0
0.0
0.4999999999999999
0.0
0.4267766773700713
0.4267766773700713
0.42677664756774897
0.4999999999999999
0.4267766177654265
0.24999997019767756
0.07322330027818678
0.4999999105930327
0.49999997019767756
0.24999995529651636
0.0624999888241291
0.4999999776482581
0.067861626856029
0.4999999403953551
0.4267766177654265
0.4999999999999999
0.0
0.07322330027818678
0.0
0.4999999999999999
0.4267766177654265
0.07322330027818678
0.4999999403953551
0.49999997019767756
0.4999999776482581
0.4999999999999999
0.49999997019767756
0.03661165013909339
0.4267766177654265
0.0
0.2499999552965164
0.1433057985268533
0.2499999552965164
0.21338833868503565
0.4267766773700713
0.49999988079071034
0.4999999403953551
0.07322329282760619
0.010723304003477095
0.36427664742012256
0.4267766177654265
0.0937499776482582
0.4999999403953551
0.07322329282760619
0.49999997019767756
0.49999997019767756
0.4267766773700713
0.4267766773700713
0.24999994039535517
0.12499998509883878
0.062499996274709695
0.49999997019767756
0.1249999776482582
0.36427664756774897
0.36427667737007136
0.4999999403953551
0.2499999552965164
0.4267766773700713
0.7499998658895491
0.42677664756774897
0.4999999403953551
0.24999997019767756
0.36427667737007136
0.4267766773700713
0.12499998509883878
0.07322329282760619
0.4999999403953551
0.36427664756774897
0.4999999999999999
0.49999997019767756
0.4999999105930328
0.42677664756774897
0.07322329282760619
0.4999999105930327
0.24999998509883878
0.0
0.853553235530853
0.24999997019767756
0.49999997019767756
0.0
0.4999999999999999
0.4999999999999999
0.24999998509883878
0.24999996647238726
0.36427667737007136
0.4999999403953551
0.49999997019767756
0.24999997019767756
0.4267766773700713
0.1249999776482582
0.24999997019767756
0.4999999105930327
0.49999997019767756
0.0732232704758644
0.03661165013909339
0.6401649229228495
0.4267766177654265
0.21338832378387448
0.036611646413803094
0.4267766773700713
0.49999997019767756
0.4999999403953551
0.21338833868503565
0.24999997019767756
0.4999999403953551
0.0
0.21338833868503565
0.4267766773700713
0.24999998509883878
0.42677664756774897
0.4999999403953551
0.24999998509883878
0.4999999999999999
0.4999999999999999
0.4267766773700713
0.374999850988388
0.42677666991949076
0.036611646413803094
0.24999997019767756
0.4999999403953551
0.0
0.24999998509883878
0.36427664756774897
0.42677664756774897
0.24999998882412905
0.06249998509883879
0.49999994784593565
0.4999999999999999
0.2499999683350324
0.06249999254941939
0.49999997019767756
0.3200824856758117
0.4267766177654265
0.28661164641380305
0.49999997019767756
0.36427664756774897
0.21338833495974538
0.21338832378387448
0.24999998509883878
0.4267766773700713
0.4267766773700713
0.4999999403953551
0.4999999999999999
0.49999997019767756
0.21338830888271326
0.0
0.0
0.07322330027818678
0.4267766177654265
0.4267766773700713
0.07322330027818678
0.4999999999999999
0.2499999552965164
0.24999998509883878
0.24999997019767756
0.42677664756774897
0.02144660428166389
0.24999998509883878
0.4267766177654265
0.42677664756774897
0.4999999999999999
0.12499998509883878
0.4999999403953551
0.21338833495974538
0.4999999999999999
0.4999999999999999
0.49999997019767756
0.21338832378387448
0.05491747288033365
0.4999999999999999
0.4267766177654265
0.24999994039535517
0.21338830888271326
0.4999999999999999
0.0
0.24999995902180666
0.21338831633329386
0.4999999999999999
0.07322329282760619
0.4999999999999999
0.2866116119548678
0.4999999403953551
0.24999998509883878
0.4267766773700713
0.3749999701976776
0.49999997019767756
0.062499996274709695
0.4999999999999999
0.07322330027818678
0.07322330027818678
0.4999999999999999
0.4999999999999999
0.24999998509883878
-6.883438263827201e-09
0.4267766773700713
0.4999999999999999
0.4999999999999999
0.24999998509883878
0.073223277926445
0.49999997019767756
0.4267766773700713
0.4267766773700713
0.12499997764825818
0.24999998509883878
0.4267766773700713
0.49999997019767756
0.4267766773700713
0.49999997019767756
0.24999997019767756
0.42677664756774897
0.21338830888271326
0.24999998509883878
0.07322329282760619
0.24999998509883878
0.4999999999999999
0.49999997019767756
0.4267766773700713
0.49999997019767756
0.21338830888271326
0.3642766252160072
0.49999997019767756
0.4999999999999999
0.4999999999999999
0.03661164100049063
0.4999999403953551
0.07322329655289649
0.07322330027818678
0.24999998509883878
0.4999999999999999
0.036611642688512795
0.24999997019767756
0.4999999999999999
0.07322330027818678
0.4267765879631042
0.4267766177654265
0.4999999403953551
0.12499996647238729
0.4999999403953551
0.14330579340457913
0.4999999999999999
0.4999999403953551
0.4267766177654265
0.49999997019767756
0.36427667737007136
0.4999999403953551
0.4267766773700713
0.1249999701976776
0.49999997019767756
0.7499999403953551
0.07322330027818678
0.06249997764825822
0.42677664756774897
0.4999999403953551
0.4999999105930328
0.4267766773700713
0.36427667737007136
0.4999999999999999
0.24999997019767756
0.24999997019767756
0.07322329282760619
0.24999998509883878
0.4999999999999999
0.49999997019767756
0.4999999999999999
0.4999999403953551
0.2499999552965164
0.3642765879631042
0.4267765879631042
0.49999997019767756
0.06249998509883879
0.07322329282760619
0.36427664011716837
0.036611642688512795
0.24999995529651636
0.4999999105930328
0.021446600556373593
0.4267765879631042
0.7285532169044017
0.07322331145405767
0.07322330027818678
0.37499993667006487
0.4999999403953551
0.42677664756774897
0.49999997019767756
0.24999998509883878
0.49999997019767756
0.0
0.24999997392296788
0.4999999776482581
0.49999994784593565
0.4267766773700713
0.24999998509883878
0.37499997019767756
0.4999999999999999
0.4999999403953551
0.4999999403953551
0.12499998509883878
0.4267766363918781
0.4267766177654265
0.4999999366700648
0.4999999999999999
0.2133882939815521
0.4999999999999999
0.4999999999999999
0.4999999105930328
0.24999997019767756
0.4999999403953551
0.4267765879631042
0.0
0.0
0.49999988079071034
0.18749995343387127
0.49999997019767756
0.0
0.4999999999999999
0.0
0.0
0.42677664756774897
0.4267766773700713
0.49999997019767756
0.4999999999999999
0.4267766177654265
0.12499997019767758
0.4999999999999999
0.21338832378387448
0.42677664756774897
0.07322330027818678
0.0624999888241291
0.4999999999999999
0.07322330027818678
0.24999997019767756
0.4999999105930328
0.0
0.24999991059303278
0.24999998509883878
0.49999997019767756
0.49999997019767756
0.4267766773700713
0.0
0.37499995200826447
0.4999999776482581
0.4999999478459359
0.4999999105930328
0.07322330027818678
0.4999999403953551
0.24999997019767756
0.0
0.49999997019767756
0.4267766773700713
0.4999999999999999
0.07322330027818678
0.1249999776482582
0.07322329282760619
0.21338833495974538
0.4999999999999999
0.4999999999999999
0.24999997019767756
0.24999997019767756
0.24999997019767756
0.49999997019767756
0.49999997019767756
0.4999999403953551
0.49999997019767756
0.4999999999999999
0.07322329282760619
0.31249997019767756
0.0
0.3200824595987796
0.4267766773700713
0.2499999999999999
0.10983493737876415
0.24999997019767756
0.49999997019767756
0.4999999403953551
0.4999999999999999
0.4999999999999999
0.24999994039535517
0.49999997019767756
0.0732232965528965
0.49999997019767756
0.4999999999999999
0.4267766773700713
0.01072330307215452
0.0624999888241291
0.49999997019767756
0.24999994039535517
0.49999997019767756
0.49999997019767756
0.036611646413803094
0.21338832378387448
0.24999998509883878
0.4267766773700713
0.24999997019767756
0.07322327978909014
0.49999997019767756
0.49999997019767756
0.42677664756774897
0.4999999999999999
0.49999997019767756
0.49999997019767756
0.4267766773700713
0.07322329282760619
0.0
0.4999999999999999
0.4999999403953551
0.4999999105930328
0.24999998509883878
0.2499999552965164
0.4999999403953551
0.49999997019767756
0.49999997019767756
0.4999999105930328
0.49999997019767756
0.21338833868503565
0.49999997019767756
0.07322330027818678
0.4999999999999999
0.4999999999999999
0.49999997019767756
0.14644662290811533
0.0
0.4999999403953551
0.24999997019767756
0.4267766326665878
0.49999997019767756
0.21338830888271326
0.4999999105930328
0.49999997019767756
0.49999997019767756
0.49999997019767756
0.0
0.42677664756774897
0.42677664756774897
0.21338832378387448
0.4999999999999999
0.4999999999999999
0.4267766773700713
0.4999999999999999
0.42677666991949076
0.4999999105930328
0.49999994784593565
0.07322330027818678
0.4999999999999999
0.36427664756774897
0.24999997019767756
0.4999999999999999
0.4999999999999999
0.12499996833503245
0.4999999999999999
0.0
0.03661165013909339
0.03661165013909339
0.2499999552965164
0.24999997019767756
0.21338833868503565
0.24999997019767756
0.4267766773700713
0.4999999105930328
0.24999998509883878
0.0
0.4267766773700713
0.12499998509883878
0.42677664756774897
0.4999999105930328
0.0
0.07322328537702559
0.24999997019767756
0.4999999403953551
0.4267766773700713
0.2499999683350324
0.2499999552965164
0.4267766773700713
0.4999999776482581
0.4999999403953551
0.2499999552965164
0.0
0.07322329282760619
0.49999997019767756
0.21338830888271326
0.0
0.06249998509883879
0.4999999999999999
0.0
0.4999999999999999
0.4999999403953551
0.36427664756774897
0.06249998975545167
0.07322330027818678
0.12499998509883878
0.24999998509883878
0.42677661776542664
0.24999997019767756
0.49999997019767756
0.12499998509883878
0.0
0.49999997019767756
0.49999990314245213
0.42677664756774897
0.0732232965528965
0.0
0.2499999552965164
0.06249999254941939
0.14644658565521237
0.4999999403953551
0.07322330027818678
0.4267766773700713
0.0
0.010723302024416624
0.249999925494194
0.24999997019767756
0.4999999999999999
0.4999999105930328
0.4999999999999999
0.4999999999999999
0.4999999403953551
0.49999997019767756
0.4999999999999999
0.0624999888241291
0.24999997019767756
0.12499998509883878
0.249999925494194
0.03661165013909339
0.24999997019767756
0.42677664756774897
0.4999999999999999
0.4999999403953551
0.49999997019767756
0.24999998509883878
0.4267766773700713
0.07322330027818678
0.4999999403953551
0.49999997019767756
0.07322329748421906
0.49999997019767756
0.4999999999999999
0.49999997019767756
0.49999997019767756
0.4267766773700713
0.49999997019767756
0.4999999999999999
0.4267766773700713
0.49999997019767756
0.4999999105930328
0.49999997019767756
0.4999999999999999
0.4267766773700713
0.49999997019767756
0.0
0.4999999999999999
0.24999998509883878
0.0
0.4267766773700713
0.31249997019767756
0.49999997019767756
0.24999998882412905
0.0
0.24999998509883878
0.4999999999999999
0.0
0.4999999403953551
0.36427667737007136
0.4999999999999999
0.07322330027818678
0.4999999403953551
0.0
0.4999999999999999
0.0
0.4999999403953551
0.4999999999999999
0.4999999105930328
0.0
0.49999997019767756
0.4267766773700713
0.124999962747097
0.2499999552965164
-6.88343870791641e-09
0.0
0.24999999999999994
0.4999999999999999
0.42677664756774897
0.49999997019767756
0.21338835358619687
0.24999998509883878
0.49999997019767756
0.0624999888241291
0.4267766773700713
0.4999999776482581
0.24999998509883878
0.12499999254941939
0.0
0.49999997019767756
0.4999999403953551
0.010723304003477095
0.4267766773700713
0.42677666246891016
0.4267766773700713
0.4999999999999999
0.07322330027818678
0.4999999999999999
0.24999997019767756
0.49999997019767756
0.49999994784593565
0.49999997019767756
0.4999999403953551
0.4999999999999999
0.4999999403953551
0.4999999999999999
0.4999999403953551
0.42677667364478106
0.49999997019767756
0.4267766773700713
0.010723304003477095
0.36427667737007136
0.49999997019767756
0.4999999999999999
0.0
0.42677664756774897
0.07322329282760617
0.0
0.24999998509883878
0.49999997019767756
0.0
0.4999999776482581
0.4999999403953551
0.49999997019767756
0.4267766773700713
0.21338830888271326
0.24999997019767756
0.4999999999999999
0.49999997019767756
0.4999999999999999
0.07322329282760619
0.07322329282760619
0.073223277926445
0.49999997019767756
0.07322330027818678
0.49999997019767756
0.4267766177654265
0.49999997019767756
0.4267766773700713
0.49999997019767756
0.4999999999999999
0.42677664756774897
0.24999997019767756
0.4267766773700713
0.49999997019767756
0.4999999999999999
0.4267766773700713
0.49999997019767756
0.49999997019767756
0.4999999999999999
0.8535532504320144
0.4999999403953551
0.4267766177654265
0.4267765879631042
0.24999998509883878
0.24999997019767756
0.4999999999999999
0.4267766773700713
0.0
0.4999999999999999
0.49999997019767756
0.24999997019767756
0.4999999999999999
0.49999997019767756
0.4999999999999999
0.0
0.12499998509883878
0.49999997019767756
0.4999999999999999
0.42677664756774897
0.07322330027818678
0.4267766773700713
0.124999962747097
0.2499999552965164
0.4999999999999999
0.49999997019767756
0.4999999403953551
0.24999998509883878
0.24999997019767756
0.4999999776482581
0.49999997019767756
0.24999997019767756
0.49999997019767756
0.4999999403953551
0.49999988079071034
0.06249999254941939
0.24999998509883878
0.4999999999999999
0.4999999999999999
0.07322330027818678
0.4999999999999999
0.4999999999999999
0.49999997019767756
0.4999999776482581
0.4267766773700713
0.0
0.4999999105930328
0.07322328537702559
0.24999998509883878
0.07322329282760619
0.4999999999999999
0.24999998509883878
0.036611642688512795
0.4999999999999999
0.4999999999999999
0.7285532504320144
0.07322330027818678
0.49999997019767756
0.4999999999999999
0.8535532802343367
0.0
0.062499999999999986
-1.1175870890567337e-08
0.49999997019767756
0.24999997019767756
0.49999997019767756
0.4999999999999999
0.1249999701976776
0.49999997019767756
0.24999997019767756
0.0
0.4999999999999999
0.0
0.42677664756774897
0.4999999403953551
0.0
0.0
0.24999998509883878
0.249999925494194
0.4999999999999999
0.07322330027818678
0.49999997019767756
0.4999999999999999
0.4999999999999999
0.49999997019767756
0.07322329282760619
0.4267766773700713
0.4267766773700713
0.49999997019767756
0.4999999999999999
0.4999999105930329
0.4999999478459356
0.4999999776482581
0.4999999105930328
0.49999994039535517
0.4267766773700713
0.21338830888271326
0.4267766773700713
0.4999999403953551
0.49999997019767756
0.2133882939815521
0.4999999999999999
0.49999997019767756
0.21338830888271326
0.24999997019767756
0.4999999999999999
0.49999997019767756
0.4999999999999999
0.4267766773700713
0.49999997019767756
0.49999997019767756
0.4267766773700713
0.10983493179082868
0.07322330027818678
0.4999999999999999
0.49999997019767756
0.4999999999999999
0.36427667737007136
0.14644660055637357
0.0
0.0
0.4267766773700713
0.49999997019767756
0.49999997019767756
0.4999999999999999
0.0
0.0
0.054917469155043364
0.4999999776482581
0.036611642688512795
0.4999999999999999
0.4267766512930392
0.21338833868503565
0.4267766177654265
0.07322331145405767
0.24999998509883878
0.4999999999999999
0.4999999999999999
0.4999999776482581
0.21338832005858419
0.21338833868503565
0.4999999999999999
0.4267766773700713
0.4999999999999999
0.24999998509883878
0.4267766773700713
0.4999999999999999
0.24999998509883878
0.24999998509883878
0.49999997019767756
0.4999999999999999
0.24999998509883878
0.4999999999999999
0.49999997019767756
0.24999997019767756
0.4999999999999999
0.07322329469025139
0.4999999999999999
0.4999999999999999
0.24999997019767756
0.49999997019767756
0.49999997019767756
0.49999997019767756
0.10669416561722753
0.4999999999999999
0.4999999999999999
0.4999999999999999
0.49999997019767756
0.4999999999999999
0.4999999999999999
0.4999999999999999
0.4999999999999999
0.4999999701976775
0.4999999999999999
0.2499999552965164
0.49999997019767756
0.24999998509883878
0.24999998509883878
0.24999998509883878
0.4267766773700713
0.12499997764825818
0.4999999403953551
0.07322330027818678
0.4999999999999999
0.24999997019767756
0.4999999403953551
0.4267766773700713
0.9999998807907102
0.4999999999999999
0.9999998807907102
0.4999999999999999
0.0
0.49999997019767756
0.4999999999999999
0.10669414699077605
0.24999998509883878
0.49999997019767756
0.4999999999999999
0.24999998509883878
0.49999997019767756
0.2499999552965164
0.4999999999999999
0.499999903142452
0.4999999999999999
0.24999998509883878
0.49999997019767756
0.4267766773700713
0.0
0.49999997019767756
0.24999998509883878
0.07322330027818678
0.24999998509883878
0.0
0.49999997019767756
0.06249999441206455
0.42677664756774897
0.03661165386438369
0.4267766773700713
0.07322329282760619
0.4999999999999999
0.4267766773700713
0.9999998807907102
0.4999999105930328
0.42677666991949076
0.24999997019767756
0.4999999999999999
0.0
0.0
0.24999997019767756
0.2499999999999999
0.24999998509883878
0.4267766773700713
0.49999997019767756
0.4999999999999999
0.07322330027818678
0.07322330027818678
0.4999999999999999
0.4999999105930328
0.49999997019767756
0.4999999999999999
0.42677664756774897
0.49999997019767756
0.24999998509883878
0.4267766773700713
0.4999999999999999
0.4999999403953551
0.0
0.4999999701976775
0.4999999999999999
0.4999999999999999
0.2499999552965164
0.49999997019767756
0.49999997019767756
0.4267766773700713
0.2499999552965164
0.0624999888241291
0.07322330027818678
0.0
0.4999999999999999
0.4999999999999999
